100 2
239094272 126064423
314127391 487494900
394538569 95296933
588592613 276330765
41307220 706785806
356258540 983978714
35776208 754707668
917965093 920671892
54165570 230571648
694271656 554805894
400590465 57719666
815234274 732403192
100429963 102822642
496404562 170856764
457184485 700484396
962220762 733426521
263063571 668703089
919421241 671768646
156159742 854850412
310804007 855153102
87196416 293850435
807335762 681495292
782434140 367723181
800472477 537708009
545035076 112730061
596765222 249858758
11157488 530031609
172668146 648002939
57650463 528107929
206924479 794725742
885126562 111947148
888594233 466083744
109111638 99000760
630294909 438662675
303756758 1977146
907735352 80733980
597057775 299192925
620831869 399251393
447264932 45371984
568904671 604437168
792242865 668896276
914688102 832644288
312777780 211260873
491322337 599619889
718532439 86098982
806283229 655278562
145157566 83753059
157983133 760098000
216995752 153491675
663500667 211353157
272767906 644886720
459040929 749768508
106325415 52136632
947610033 569362093
25017697 439434603
541799554 889202883
708711928 266201820
749671072 909864223
30927487 170132190
312726712 334282874
279636451 318386334
890818601 434560985
690315738 37761231
975179184 654612791
385547467 741649921
390342119 865433664
21774357 129624302
882100061 751943579
296518992 426365194
352991375 566700026
118178476 666497228
322540778 948532391
272754851 82470424
564952949 96095668
524161328 371371396
613611790 492577199
510486535 109954744
882395942 223296439
252289026 364718126
787036210 816724315
671913770 270771955
780355334 864988553
249067294 400099252
299840944 815609178
375659125 370693914
580040448 502964258
136560952 26468205
918929928 79054605
459580372 633568696
798334313 809277630
430170329 807182306
485599241 964524470
37384176 28103651
439236057 904914129
438047795 299906451
667684726 540592074
693880837 257590193
907696444 850501560
543075430 856166806
927029299 906232831
22734661 903504007
39778684 953578988
327402563 300302169
892769669 567033100
473815981 171362944
803840874 916644742
98444817 179483762
731132763 451237780
482735793 63786016
509026513 874856617
75355785 896837607
338477923 948687375
67515160 50480406
598356408 169507099
245851615 736368272
576169865 792652214
905445865 420068265
981269599 519572018
150011841 526246799
688420975 650093000
487658849 127140229
504262410 492052891
414551049 251523348
603195204 763442350
652889908 201521516
852532278 383067506
508034970 409285475
821892752 569685925
199981112 45665643
438495865 404581026
653599296 168677747
925181243 769254087
367784989 62336998
833842925 118654821
312440343 85368976
563247425 799156031
699906148 981526612
887754298 999458116
738995150 155237368
923017509 232334847
177869763 619075266
659626841 846754271
983336733 72483676
1000000000 1000000000
129381290 60941626
328615847 807366037
365706372 154485711
765032360 537996264
170976647 454664263
438448627 690110538
227895200 210455335
370894846 458364582
106225772 241738922
973613841 525759730
687300941 164267445
749547753 242189523
69794154 131221376
655471626 525364111
879800922 186919731
951212886 453418496
242297791 450094854
266190407 697118699
702953154 184619467
773142792 874532569
213659835 188088407
282197485 553757412
89959474 50016460
490913304 124926784
617899505 132797792
823615553 213657881
55141644 170696913
437125099 902954031
39823900 356817344
589312185 628075513
204628974 188517953
600519016 735817173
54874570 610135428
798709189 982141799
227445120 123209282
632579894 571057050
9530253 141756682
399817719 292939570
468766964 580967405
929074227 830600167
407798456 355724492
865830331 800630613
20079138 2442749
153584163 396346559
0 0
201284717 137987563
58556721 377122817
956082132 812807099
231881095 27116196
848846791 560102060
283923093 166650638
393989727 849176804
339974870 149196741
564716335 843137097
522824396 726084812
684134127 804296718
