200 2
108708222 70660181
184521233 251843246
827382677 207003772
899113262 269058230
680174395 136941507
829541092 259250725
63103657 177852547
126904071 266456188
222675240 97278582
227834875 208761526
227641611 121601718
265214464 333382417
38898740 448143531
125938924 583152930
121174295 75907259
436991204 183301204
29455188 526936792
208999991 770056512
1054093 155997964
167187710 424422470
47805761 458660321
177961399 466869769
48631793 111357724
224807450 703588102
505019662 77406215
565681557 183101763
182848572 93827199
314057247 334852573
610784423 225039394
948594561 330451916
59727995 5029375
644165121 197836774
30545462 121639981
147539832 244095748
31611359 137573260
214246566 794548237
7498923 16647317
278132726 124253819
30628657 634847235
100742282 638355174
248759551 30016222
879491756 43683782
616880307 120593694
666693614 136001091
52286961 280353931
268745519 321931705
492011438 122963628
672491599 272109612
43332832 143924668
974091110 232059679
126464857 839263393
127886915 882654733
355965647 86927547
519135670 192875311
345248459 22067474
376064373 162006972
52269530 310128630
237625724 532767437
558887918 7969171
705118106 57358515
827860263 161581087
999052370 214554270
89704141 76799311
141500730 627586152
31888163 197510758
83441620 519687827
96835275 330864502
934344857 339087757
43653446 160060712
827706964 289486689
318662792 175239869
988313548 314893677
414237631 44512082
565128276 128805402
336015165 61399978
913463179 148710266
65855371 8068
854514361 76008280
12702931 282487726
563765965 294491800
539330813 49265832
683202075 310499278
12795055 536965339
247800872 569914662
374809118 18008969
894444042 290126533
46738216 578836305
82151191 909184778
707553809 123062910
750418546 131172439
248922299 358472835
1000000000 1000000000
88623484 28019125
508666328 202882389
102137469 56082943
616397702 149353121
279878570 236722124
453453573 348115385
258253306 101787681
499834395 324958514
72693491 87944262
225441106 291988532
61634316 168657347
822248721 179883750
95340575 240863500
244880929 640089591
366810243 154288259
781800974 245453209
265266905 72465496
686764299 74133179
702240927 152922002
770656549 349951374
38554870 111335999
149140580 115231459
569901084 200438234
832646269 291538519
75148385 444822527
99498099 462421450
552244098 60637080
849453225 269151825
837157206 103168816
871596730 151599488
65606134 745580449
80975293 923122503
171648849 178861859
727808762 358388927
50633217 515628797
73011354 815384068
51718986 206944787
147091446 352414619
55146235 71854933
434243427 118334119
181002889 63852578
247566319 822447533
4177747 266491857
408879985 305224164
658442626 93506732
849247216 258885108
246486528 215028244
582932635 289246774
0 0
695471496 284638784
647401784 99126472
914169941 150150145
5830881 849571571
148875481 878787594
470331674 293246535
634729305 333974087
36384182 334265575
212291609 415725743
636229045 15705282
744440693 236306586
608139134 207846747
895591031 278387556
106444364 583160671
238960494 896394507
133822812 81409793
174566192 798277780
76205818 84889705
176130708 113703397
193910560 101949292
353783915 124538873
69532238 170538381
618712914 330008824
234167443 44365885
637117329 353299642
203884331 23641229
316865452 108312349
10056408 301267477
538950431 338714982
338875124 250410515
452057392 358088219
228722707 175507258
821838394 306532097
407395503 133391613
484313112 266330213
61360840 197620599
89906971 353832198
115773755 147979005
237667184 803875039
267670501 27278075
625886444 202569619
528593002 70586271
808726452 313451224
318953353 13616388
700341526 35189192
485333302 162958624
764585894 285764546
37897368 354335225
186194569 974491200
173036767 482842040
245083119 558470899
2452839 740955840
122889433 818561476
439674688 71762086
582144238 250710603
213745149 217670802
225365709 406463221
300100689 156811954
985946261 235563883
509707149 108275497
997131166 248269312
227325083 916494042
1000000000 1000000000
404856411 166234678
418638229 331772637
257589517 87917785
651058677 121240662
182892252 291802434
355749981 336299080
352671083 149489239
623431494 196063951
458987774 65597372
847296906 145528194
111813614 19638863
448868647 351829109
145784603 128538461
197642552 445959376
162779958 264459923
369500700 338339406
31462344 34392705
38108550 165655303
99568560 133339121
114547027 859170313
33464027 613236164
203815254 712123410
90347831 291270854
245769925 681900240
701613317 119593414
864098396 256747846
736503658 139778088
815370454 266650247
621857129 330719969
790314486 356843567
85346112 31268400
551540395 266189865
329774004 17142335
970262750 317280278
35032053 79780986
59125901 390940537
124630827 605174429
220677622 776519576
52208695 118565600
147983428 459016212
341964752 18500571
413356908 161778020
11529355 424701273
89570069 742603855
64604628 135357385
911657166 181600561
127616937 151255975
383389189 312027684
218404052 117164438
245121695 139506201
204128664 185334935
700608449 233896944
384622727 45966226
389677136 220468728
89933921 563548751
158791816 821649695
2434069 108488125
947827979 348959731
73038342 235672792
384670990 270452416
411663697 171649954
424985557 328326501
244343868 108668134
957537581 125467708
360414349 80161356
913864334 182807974
17831767 291244978
78358843 562691117
552909954 203352462
680918635 211616099
71811304 157603181
188801462 757610002
262251147 205596406
784847582 302081765
229617949 251104320
540361646 293803577
34463699 155232942
241815702 526053811
615844324 298947811
818512511 330245966
450448009 127104439
757088201 288935244
58845841 38498894
955746291 42227273
148209324 618263877
189162345 834084710
130037022 454802982
152385712 712586306
175638752 386545034
228571627 556481563
51670610 44525351
191196391 841708548
236735641 233928543
243177474 416584387
751039408 179342743
765673745 344482612
269389401 194375580
405404286 308969970
719364898 84795032
954058441 216645641
72877467 32651002
829428960 350361865
99945248 358767781
126573827 496172569
253139743 270798324
511156768 273524675
69214236 20643649
222457110 693362024
216754038 174611411
414121410 224916329
398198850 173556821
710869545 343567142
90008022 133744426
460237156 288217158
175711289 89252757
389082394 173284940
239103999 148920974
809999217 302558898
141058656 62661123
226640022 757291780
119293895 125552150
272890110 226659504
14197315 339878296
142395283 895383167
108929091 3496567
836356511 21041941
106553986 131605571
273921648 182233280
5643002 582312744
78873595 865008259
394828997 95199278
402840375 287904615
82198224 288644555
100840300 950116144
65691954 330626222
131370471 529816132
292932886 238097046
760004566 341117813
28598608 717673057
129415656 942958214
70767587 610784524
222548376 620026466
740533909 75088425
899866408 308028958
52287670 169154530
482063836 236474397
113667719 179447136
130347071 909436721
627473747 6311899
733197239 74093758
56912318 244751686
396700139 274086365
404581644 2814495
716265203 339518225
182145199 666401970
232926241 684767127
80793774 42796074
506382864 85520103
54862283 17261607
272239922 24860948
498551281 19905236
707179761 113794179
151142570 345787482
188533970 786462789
165186937 20505739
974633328 270924502
671354921 208627716
790622743 249069987
645775951 103931736
963809924 143405750
90469762 17842349
487393879 210393352
514523735 52249002
897015862 190848203
51156900 216262619
439181261 251230216
99512263 174349661
812237217 214418349
38958487 25487205
233996750 602415457
24258356 709140865
215178308 842775814
16386781 21229954
459579000 138732302
498006760 100977710
973567090 127772458
249505252 202627349
382016503 208024380
490408142 128748525
786526357 254833119
412168786 38650777
928326722 235730207
330756486 1130299
657221280 259944111
182742289 287295166
202577871 903975199
