1000 2
287463991 116709764
630089222 187359269
219792798 32848789
675505373 50493688
834179631 91880414
940091238 121331934
98732138 469682479
186336217 529705358
111573560 2598419
127368037 736750118
429102281 48442452
666758277 118750852
38366897 42165390
802926472 223385112
11271489 606462691
144491835 700286812
65739020 45454460
80676807 416699245
829720298 76100531
911556022 154430039
250608353 145602518
318712422 194801289
237371634 31268667
764080458 107758366
405647340 74907003
472503317 252322233
94228586 48663117
127212307 284837607
99261772 61346978
293898012 154739860
462792034 82772569
792921112 184950661
52823069 76251696
816023837 218628857
260656905 28082189
615226867 192005857
85860432 217619460
136268589 241753491
34936049 151001674
528686825 237424571
165462601 316183672
189073171 457370070
11139543 10942393
131827802 582468438
107097471 83690400
307055185 187087986
111714394 525564186
152374839 859039652
285282489 79736968
489598608 192410035
71874356 224672043
86720907 858931910
43468401 1732132
79398951 176780121
231547114 42020913
723223063 199991783
11298108 37887642
655084883 133921145
73244948 53174325
157666864 796279556
397064192 188379615
705431100 201885584
12686137 193532631
128045681 419413302
379988616 79853782
408110126 209321282
170005441 19114316
333193223 77273376
44259261 83088519
82154439 723614930
596200530 64139523
693550139 208985986
11088720 766740321
41082287 791310402
37251925 222729615
73789573 826493437
140654268 91645226
146814835 104165224
66585632 117208893
397881896 235592944
22151702 19370598
475533738 182301094
265361388 139485538
336919768 218793288
551008422 93329973
873303175 132088825
75636276 34938225
164230528 509575323
51281602 70280443
133271468 428247946
80959835 114414428
112668228 534775341
688827733 24962088
814648529 67755878
635786802 72751657
664707476 110370401
121685436 480485626
153439721 818163824
4963831 186255427
29877251 531696443
60422830 123199992
156795979 428968798
280041920 195172931
407070287 215266245
212373316 17044132
862374749 20322695
19499075 400993040
41816084 778553943
163148761 106178613
508718556 160220254
51944539 455802145
187384440 551921022
513070046 209640923
825519583 211908413
74688233 292609973
75940580 906582615
71563498 135874603
567031832 145259241
453953860 22833700
933498415 236815774
229402363 34411655
583302382 89963158
101532000 616852859
123853882 799562231
610565749 161254972
733055568 226985419
661250034 112916571
685036673 181746869
34397832 327788503
181776507 402903138
3292440 617235331
89271316 995370495
87230128 14009846
182083288 49552960
117811716 30218003
779929407 88977356
322694818 124366296
348227960 163956232
27333403 36299179
369867551 139040691
190793226 233692251
455401320 251202415
17821042 52819622
809793711 224143713
616232309 125373631
836678143 182512052
336161316 103587984
685687863 220526227
91660866 172564969
196769725 201741130
146645168 44405359
362783837 232117660
209005053 30558096
481685282 61126148
436141996 220382359
939771255 240950889
25277243 333178678
142963079 470628917
548842037 60079929
936030798 187703305
7369942 25623214
123288342 221304870
543180632 57720688
651845689 187032938
585281363 109978822
665364779 188363334
185772804 95479253
745854577 230931143
275940914 5796727
871324495 21095677
45023782 86536860
682129951 142851550
41561083 126870583
850530149 198006249
241280735 44976971
400035129 58813805
221699775 79079523
816426645 203447264
84786269 13520363
494233858 147776558
284906469 104008350
653565709 171450931
364380506 49611310
494459268 246558631
164939031 190348317
464138002 253502931
286911567 32424519
377848387 205602765
437447976 112315772
572076606 165289661
44446901 162734211
73662956 525399955
606045951 86755965
612774834 248237486
46350583 481683506
158171427 546381824
426301201 37149396
785703967 207142436
15905418 42072711
102585224 899791982
95435225 246477086
105394936 281876999
150757069 93189006
180595948 179778281
48609564 181551301
187035041 513076243
305401397 27041930
606729253 107390791
255779393 118570159
857847215 217178944
204089041 5770162
387998102 213926254
393109942 28813409
659027074 184739866
139259348 91048383
312347545 94348709
91796372 99775547
474298933 204556663
56993618 206989178
835326341 233314073
374512918 79202023
646974502 253999796
232305362 42030676
833491632 152534279
28758568 53653160
433604079 56413383
686380741 102482684
741751238 117072738
271770388 40644625
691721358 50554652
187664636 21229091
356375329 241922983
13476483 809560273
141225721 915904808
16050823 399072264
103815206 810875570
15590664 104231002
40976934 802911559
466017495 213731381
942069452 221752434
238535408 23561149
382216095 74523211
744352929 34678729
874472538 238297683
682179520 210061432
726517992 239263801
11353336 257968560
30355367 876328311
9167018 78299255
72054360 495062033
29239024 171189592
526493869 204062054
13994025 151205928
132700331 731546703
565588944 172512851
653304688 204219799
360288171 45647962
438796021 162042319
28959688 604840811
55786553 839060171
428202123 72073335
644621740 73529917
51081813 4562862
105738845 496087427
369001766 123846372
855331479 204561603
253579794 114352307
287968533 153023777
19136345 472535407
98689047 537319647
297071491 106226404
615180024 220805183
12993777 266176865
103269123 518936794
551862338 38759703
587807446 227110463
525951451 32018947
589243219 237735951
131634678 19881551
164902877 445046869
34625431 87117778
151812777 234232369
942853866 17004414
1000000000 1000000000
12978740 129778635
629229022 176972469
445057703 25228557
927838421 43350412
109409031 261736079
157679131 810140069
52856802 15949772
913355072 104954596
26051774 55593748
905807607 151064933
806381435 19716404
924983707 174307484
59807704 591897942
77882095 704131534
76157012 81973798
150562123 786785731
254301643 131893188
517842926 159226759
39824342 586437189
149546375 601109126
126410732 54675745
140231839 492211142
80862960 104588094
189916218 331191436
27126942 422014624
109749263 471419172
70341835 116336672
133441937 503825557
227588564 80932286
549357778 242415464
741754319 10139855
824430484 132281045
612123769 17611866
819006501 194946198
633589691 92009658
750439634 242343836
169807777 49523322
712384166 61555897
475886491 85155559
761708203 247525591
16537013 320114902
134298977 543945255
160152526 554148342
1000000000 1000000000
38331093 363133591
98475033 515598647
22550802 307627050
60639197 398294859
94702255 343940061
104717146 582380762
4429135 74588338
50076233 716623708
231373808 26188977
305914310 84297841
440855055 21780527
770882012 154313535
269080728 52999513
296828641 90561616
22906745 3719999
63367004 976673660
672340581 67201585
784722749 192225218
91476401 168892877
122955929 679174088
114227891 18844035
277580331 245443901
738946725 123568408
825709168 200191402
29178861 8203756
730736067 153877483
564459929 117310656
663578869 150705061
421526955 17627533
733427196 143304088
155604841 26997408
190567975 83591827
199888820 112808117
933603813 200609264
123389642 151782607
707988704 232457848
10370958 54723897
114080659 508973712
190949209 23955623
258081271 183451994
225512134 27632307
866616272 43393339
76327223 247304372
133867403 864007314
850643201 120917925
872821006 232235214
595700603 17820215
759447865 233326570
87676809 153052054
142705003 593013986
293621908 75605272
707050792 191475274
136854535 370516567
150210043 440328370
81289617 629842489
128520435 984035342
66116508 2769808
757781063 127196676
78544001 2059381
400895831 200178348
320346436 30734722
630782686 59641906
45158537 565940504
100182029 799879162
520451563 6835049
575993772 139656149
345663830 3743583
522213374 10074477
2865920 44021629
93765458 380253033
56092921 261890013
157118882 441324095
40871374 216395415
43095770 861366527
229745437 186621802
726842553 251578895
79247176 169821757
699675399 210453520
117768334 145662656
380347566 236482157
414219177 82245159
433400560 203326928
156533621 31778174
293642323 101626712
497811178 1076943
741164958 203089866
194821670 1181101
574919957 7654387
118932380 65021559
741553457 224764077
237742755 24988609
257197952 107443168
38388606 81551328
836419368 148797114
64162797 321966536
146075864 823783928
524781192 4558901
651034028 34944606
298192424 162066638
617811033 207093789
717258694 80088005
845429535 219524551
4887298 258761671
61800899 545700712
103992497 4071718
206225573 161892391
19714007 84547935
169773970 200885272
436111653 192764196
702175408 245773359
667637996 152564741
789861856 215338651
403790520 57619490
539090006 150558804
360240655 243146009
442195152 251439622
724646264 45571537
830562721 113816296
147395514 370835657
155010572 793128948
265979319 202028590
846944994 220436362
453986188 140625949
548089396 229671188
83127295 236269458
214345977 243010460
411859306 167344623
547528541 233637809
165950370 146150494
775588618 168726891
40106780 477261343
160904490 485323249
749879985 42125380
777713139 43329084
231305457 84857009
478638478 188037047
30791378 496815824
77232253 803778795
336824492 158065943
847025855 218693470
402208392 132050835
674120836 241346664
287162670 32923691
398264976 81512044
72942253 211663626
249982950 235505553
67675422 383149278
128059182 459876924
579832027 117784461
711682803 155574452
212952908 221064151
392792188 252133552
185136333 155085235
698333398 249242985
652149275 138873771
861539705 171947553
654765977 88470039
904420654 176356979
45521580 243358894
131498650 405034457
132769891 29810993
301790909 122603539
93824100 36019715
883199298 113938345
202381194 170714688
223525876 230718531
706279278 3374448
715445906 55973801
431009464 29832198
922915643 168064634
68045424 90488322
80650831 177761920
320656519 28316978
680829089 53125148
236176953 17942830
666590032 108327487
37171774 113290838
565147199 181991793
672508383 184635625
879485817 218608150
130924168 703855524
149306392 866967749
263513692 226133906
429093242 250179754
260868340 103945869
636032107 148333124
79347407 20752060
175556915 302813511
88813117 112610828
121150712 183510645
103478634 132827592
220165759 192164464
92026868 202856
419485511 218435808
39012419 33628209
632938369 68727504
71985560 25226719
148808056 745198806
50302188 187232243
79917901 599194610
94109790 21861027
663342780 246139368
19574405 3622508
334229014 152881484
407248594 27453972
725477112 113013358
641145535 38039324
647462845 214328942
50608947 165081733
506704765 233668999
333752212 134046776
536887948 189063372
163476058 112016920
810545292 226171877
743273111 163969007
886063578 197517572
550939487 172512797
693543002 196376649
96171400 260110544
154414317 702230345
28678848 277697963
73805010 889865439
25627543 195070020
531648909 246785956
625611473 52714524
676025646 235035096
344249814 134062103
456940871 205743544
402641928 9719025
929980516 90621802
759697519 8781525
806746897 134516102
721441995 56399297
759392966 146585453
84992230 234997069
109602454 466817902
98223151 51508726
162256367 450145774
323916606 189819884
607317523 222122028
405684063 49091008
616543751 58491792
226635702 104873395
686767407 117719261
470635203 153828465
831950961 232124606
268077075 27485498
426092314 78326662
661067329 169400910
661299675 203248662
752937847 138342352
815718338 222865500
460980661 74843528
486650681 99088008
381564944 41273618
655531622 74087363
48739855 243942884
120137442 658581733
32748039 436895246
72953566 791871870
731629333 50950910
870211709 59683441
48453979 334215398
71301554 742874423
160678426 70450922
431901996 158402905
12701538 14632637
820996662 227537142
622568740 47962069
759175154 49955782
128279040 4850984
868265270 160170545
275760432 4024229
689018212 124569445
324278006 67677294
620789908 223915835
88800826 56408710
395648647 61007871
520835164 2206621
662367071 243521403
159221587 569997354
159706940 905147719
572893352 104867979
833032434 143955122
14247173 251083148
86871247 742592816
59846793 451488707
111698911 544242541
52241018 29701472
332860896 88328637
56315603 471972
153141656 303651793
651633046 11602220
713238184 164572658
11163471 63040211
43044956 420906089
418117915 38620700
616393708 85678439
567819772 71269965
703894793 117967293
296521558 5961093
376629225 121498954
424696793 170402491
539614541 247905809
471213411 168307810
499516438 237561668
605287241 64177214
669246007 111992008
103483895 179358881
117729221 343297548
307196365 48276489
403294814 78116880
2969744 61923534
55221468 939364203
43266090 457748217
125321603 492534529
268663973 148640298
492012520 173539057
38951953 523084106
39631646 606074463
703363490 25793813
936857578 224466805
203397703 72554072
423878563 233661120
3966346 117437479
493793724 155602915
146139145 51017752
318410987 118812374
398029849 100422946
606170427 135841444
137710511 205751435
705368593 211899773
391334469 154980720
647069994 157124571
611462864 141237282
805300758 197642909
7362492 51152772
345819036 54620501
53930883 576521782
142957606 953041819
324486112 84919541
641435199 108969028
725714602 162395910
911505392 240323778
63056336 39483350
191828604 158414221
421982843 86186914
583538579 169990384
159616209 107874002
749450060 176547387
183589942 53987620
401700517 94659458
155568137 157001944
414205441 196466331
368143234 30160404
443961612 52439522
713465954 50443474
878055434 215190223
260255244 23997353
841633462 97080327
135639650 119731415
762241112 238856837
47198178 455907598
145702348 656171410
459197427 39889637
790899069 237729378
64649724 165189988
70546630 172433116
103632144 97306179
460457321 204464634
326163858 28144449
709259205 98754943
292963462 69200688
725105565 108363078
50191887 296244115
70026097 530067188
13406253 572235
322261657 71648189
901490 171172726
11032199 802888316
283691408 79937446
626346300 168565015
260199804 44416845
501353354 80771777
456777898 156264096
885114056 221666438
58248262 580535992
76660881 887187087
129848441 90887020
517965767 121117838
278582849 116471092
322791096 189298089
195534011 1576819
561696667 15350775
67879022 97192528
526024577 105563966
13486999 198926315
174876098 547016617
658420810 135655745
933463027 184580793
27679736 30057424
642439359 95388226
333838258 181469207
454036997 204743753
53995197 393730943
190660635 540292912
66612792 415392023
85532309 458656819
477167431 7792878
803083029 84605826
243102659 47662320
374476502 203843836
491685810 91837515
621486197 146522068
4190472 350299514
106481304 559473431
275626456 1550172
416305020 112891493
27451340 627960704
89231413 723775930
1989835 42540530
303450871 228403060
484214725 39510576
895564057 182025399
47575548 398264213
99424168 589529337
81461238 2791697
481045203 236407378
219723664 3773039
686780894 12692998
310083141 74522293
585929822 106935703
103823806 50951557
379076004 59169624
352993649 143788719
460147428 191776422
91418001 236420924
195213275 335079256
65527736 4388847
739798288 191959036
320666980 30056694
635444951 245501806
34871455 944462863
45444403 962221069
538920994 85498466
749540529 164262577
154118505 94434279
778944252 134910690
67029982 41622115
219714128 57616664
63513649 201036204
75805081 384163301
43450013 118969357
83232756 485102835
56779249 7603565
603189387 169647889
3501018 391407873
18955284 436074970
187324298 444518586
192769741 476638453
290621644 125694790
351499745 147091233
139508996 224517010
186331106 524057044
13543938 237415941
48072308 855627868
80657873 327689011
136101226 554414203
107579583 590690441
148687916 913934503
687214448 36695153
871313192 93218262
70371202 93218427
250523817 153302299
41595041 138147475
348240453 237130491
132375620 303080147
148333580 849193508
304772221 194791036
426942198 203556742
775081025 182748580
869488980 196110466
30987398 135100399
89429859 659856367
546402106 98545001
655606996 151106657
107902648 20657586
403423051 50216943
670215441 14716752
692385128 162407646
369177664 147671585
941968002 216658345
423417382 37089822
716334692 101795827
301000588 54609983
747644488 157114402
7113241 674436623
25549128 851675515
713969864 100375442
813354979 213647971
271397846 115308742
873343485 191795145
31796945 89214325
580936989 208167821
304066682 199528433
509939341 232674745
83948213 613250981
105202763 859908261
111025792 571144100
111708338 887736403
102095657 33171196
839456565 234063034
60681031 699570421
65976275 710241323
38493613 111630705
930241032 148035447
528951293 79517292
692750590 169220105
271622214 190901478
503393917 244455512
292190157 27287770
298454250 178459341
288355977 126596363
447443955 129519427
962887366 597914662
1000000000 1000000000
42119602 12758406
880495986 126250073
263183964 169606262
622174939 242512382
835035345 91779650
865767690 167116358
38502705 41133520
710735593 79489296
69449839 144520006
521805741 162977991
630737508 178603994
841225425 242212330
23597942 399871821
155082685 985591155
696892069 48373529
705291490 241418416
296458960 81794803
553839212 153243176
271042950 95314079
588489032 111065740
650333436 166100177
712753774 181074334
75488517 921710726
127646792 962035095
71335233 89820182
218764981 196396530
395063473 75975537
522881989 232158667
35769864 146860990
151882989 220324752
203320936 214833321
741035949 241731057
560932333 45823619
584031784 123111943
42443339 96506887
81094221 262752911
457396147 186005660
818054014 186328657
195966283 415995354
198788818 506939254
401296964 42896213
479744164 68836932
436177081 50443937
845515831 58717964
650355928 130682000
713891453 182102144
226116869 4186129
486401897 19902120
148761849 38521023
275127252 157086869
149989759 212120176
152687289 369516732
56609327 509764240
103676419 817260569
460842185 29257680
936623969 215557796
18066203 837214862
23479635 943536146
29138758 176041077
78408459 619717816
99763700 28197880
121013581 391290535
122022734 196832556
151773642 678455405
268976138 1248873
449766758 31179648
37126921 35270613
129080834 677262942
378002760 32792300
855959648 226433638
257053368 62550038
348031657 107089423
717073563 111126754
766237558 166846168
124636973 85908089
298644149 243451113
196189487 83063178
750356788 186632073
689071503 72600677
876320515 199838850
323524693 43127003
570868719 213362242
45924182 618805384
94055614 685166288
175301697 210127939
831328898 210841551
439305664 53675511
630714165 150659517
333867966 54996511
756676265 186120364
374331324 55492360
794577133 216611784
50589570 671296018
120025962 791239266
109676468 506801228
130907571 814637625
109829037 384159224
126583311 589590329
78252513 759264787
142731235 771796505
279587526 193638210
601136359 206781361
550904418 170669533
599768707 223552263
56327819 260760917
91720228 807724872
84754415 59442438
508457638 204120566
384766445 45770852
681616441 228570411
664795033 63210283
755837720 150788256
25510240 500950705
121649345 571218935
86478923 20072612
537385969 234506277
11157925 183773778
168618773 267393438
317308899 176649479
504561072 220921433
42755123 322803477
147711248 517904446
44646550 103525799
107538361 674742972
132702096 8429038
781790736 61852724
438592637 142516254
794972775 155331572
166424438 191631443
173048924 310007527
106527089 482548777
136562063 648027514
708578045 47849356
908451711 98210833
620607588 96212764
662560161 130045734
394301964 105409842
608625954 132034156
232425507 80901571
541115170 196445735
424714189 44194936
426940558 218482772
148730583 317807015
156341613 960507223
5270525 149933893
70642905 766329730
77502910 867415713
129895237 960392033
100837545 112686141
168217017 466815228
21319591 124288433
141483316 686388328
78924559 43435280
496217578 171038817
8486013 113592748
567977072 181138043
132122181 115378920
769997524 197440055
136736458 46761363
509176774 53354698
125084836 49842300
878031706 204504284
97327286 115416902
939691040 211871116
198073835 116391051
301657063 247122306
224480176 16458253
792107849 17748561
105432324 97707972
663904970 120689558
234946632 26954084
556837450 230630356
65363209 55267010
377106500 149490670
311173888 83377932
491500231 169640741
92029169 69913357
155284243 896028298
268058316 74473947
881407238 151544345
74975818 150696556
352599890 156196061
84622130 597478
709402802 44811775
84520319 129588601
652911827 167330586
588549928 52203422
829316344 178223101
150761832 197702783
788132167 208663798
2349406 135611305
365489833 139117941
318436137 120869437
709721966 173225125
91364001 483929592
121600923 798652051
156960123 57947689
168932444 398016489
6830194 45023539
240153743 191451934
65348416 502748141
130120772 511189015
20846970 193886724
180115993 265909973
706109929 14427070
884712856 196644395
137021162 246525879
199666140 459533274
19706413 619254331
88393304 624491367
207796362 56594781
217621510 225646694
246846336 17999517
444042687 55826692
93096988 155355051
115247056 269249169
88029059 492207513
116828103 923146761
7128665 93598127
150693170 759530976
522979442 89017807
803593771 185491247
558897532 29635791
733653183 55525533
599843859 55904944
670399298 78583961
203954052 216164482
376147704 240050888
102643472 587366028
128542775 784583542
4772087 46546991
191232531 218583566
106208779 164018354
176086832 238234433
169908090 70282303
469382187 204325326
55352997 682287550
67128077 949870693
395602168 200258821
439906176 239684525
266294947 89323750
488402084 100309940
313466500 242265683
403907799 251299891
25809069 190882582
513911445 210363147
46791636 33940221
106380540 691439772
501179455 122646209
518150584 128439397
94365778 31482185
714393656 63638970
11764092 288369401
123766312 850684679
45905379 333040526
93411853 361115676
626660889 159733169
811346089 206705273
20960255 298938220
107388859 662460569
164959832 39282244
644851882 162195363
13420425 928508928
78327043 944122098
12263784 5724407
93245085 619897695
766790105 42409430
922688218 225871795
196083253 30480212
880841716 233814909
301945332 147594523
414051354 180372345
16445510 157537512
653043950 247944197
347233402 6061699
742673774 141216311
162707272 57184064
664684226 100439098
30580264 65718715
543189362 66148665
159908637 14986324
521871622 163283866
532879713 195245586
699793137 248067140
5906390 347026063
22008032 611880021
349216632 107653186
738120817 196069403
259942017 72531739
888741785 169951028
651295300 407421719
1000000000 1000000000
110500937 470271767
154864118 677044787
64260205 412887984
94397721 512685632
74985733 2161960
910641940 71987986
574863970 185612292
853262307 209685768
843516812 4405539
916688349 45560212
363060126 13016598
940334532 139439078
528548302 44777018
907847019 157910753
54279167 60501069
156876880 186822253
111683655 144625476
158240915 419797506
33474927 92914229
369925805 126418382
33346769 49114023
766820318 180575721
452900610 233067657
823836450 237839996
749159942 92810919
925775776 166618357
347793717 51833584
585470556 104563853
192213498 94005292
540297475 177356965
86104114 28842225
285176330 101170195
19351033 481080162
92559857 970057771
191954431 189929525
605233786 225724646
6381252 85439003
14141625 475297975
52079831 546806908
89637406 723621016
95173372 12283300
324791397 222021495
41767763 396379188
119738533 828227725
123084844 476792036
145346480 755051247
38501034 129072150
261296267 149624403
374684570 38454943
775900151 158638042
114902831 18265721
486290336 147855130
368893035 59073993
749215484 245189120
136772047 15104328
203236784 81793984
64154237 144288991
73026309 330356425
68471081 305040719
144033900 818982420
236792235 140797183
885436900 143316514
285297474 127520428
453369664 206423534
5348324 50058688
673177300 137994877
439900199 402035117
1000000000 1000000000
518240026 64518906
698270885 140549544
110374839 114884366
869663307 140210933
508986705 179675470
789953356 197321921
27967237 85097496
194612406 299790863
287686846 46923705
741446834 244565797
128549800 637690903
140822120 827608433
455098878 39476341
833666947 105596864
406946594 69477490
656897686 88658526
42843704 49514036
112105550 424027436
229881573 70470496
804618283 181586050
615565491 10590974
902655366 146548326
166226839 328831571
190622441 522361641
293333555 28496254
309341113 66275530
38988960 64723869
662349664 165474878
446159286 116587548
833771494 191239685
458261979 236571404
481680460 251112405
1603687 15859642
95636456 173666105
119746965 5648137
234680806 217160645
34495193 265826117
38524001 865908323
132320222 185845878
184555614 249227533
54246883 67171610
907458370 122833865
54633049 705129053
73329546 765630055
23111649 119485948
58768918 210690877
232654164 161706222
852548440 187801051
352563544 125148294
422259641 203069470
677895300 133646365
806853294 174481262
571170098 126919291
823359300 173739404
375829298 44895019
851439317 241206327
173860027 44700029
184754907 388350842
67540693 292116970
128533531 315527540
6281617 91928869
781521851 93418331
63062213 340622804
130530105 427106929
36303636 260907708
62493208 769719181
454794809 15635566
777222448 178556459
147774144 93618292
590499108 200042319
429279678 45743993
681179516 165103075
734508670 210764410
919337172 241122697
104025815 471877574
134280316 685601829
355255298 46634919
812163076 239877876
28769314 23799719
149940322 802344434
649414720 111780402
937125577 219546293
318741414 64526113
410477729 190942624
212159486 1458973
454499583 185836694
39950977 141418818
850753957 147971782
102315076 28633968
132987425 865197707
190826030 179217301
612451780 246777137
335006643 14885232
835031381 224467853
24217245 72564758
773468982 145642804
415074483 72309247
515622917 75834326
8683809 15060689
353741158 20132127
77803553 70158738
460782686 119359087
192050813 40856904
489793658 249814177
478145056 224101354
929595786 236478801
125951832 11999122
139112679 133160067
652289035 159081994
720203171 176662503
190587334 3911235
298177235 203315254
47372568 304695057
148684676 805494431
183020358 3607196
818713547 20272716
249402171 50315175
615556012 168226908
770887566 229240860
907074872 241115484
33592786 618651990
66061124 862472493
149086710 15254256
158847197 39669248
47664558 542435359
147915565 619358233
114227055 23116115
905311322 68494662
55609365 119445405
135413097 193836068
91176638 253308729
115059814 780039490
542454394 160719334
797824479 206878487
123125940 128111641
125613113 567391124
247634808 115091901
514079022 166476759
12088310 52101868
634221199 241374392
183551932 38198775
601857082 133309321
192113786 137850935
518395339 207299486
260258997 76486476
348410614 88934615
124206221 366134524
146440306 913253760
750881937 126696202
861887436 196851256
45993633 216808992
62897652 450429090
97575523 11223912
458821370 204180728
201260952 134901453
678481870 239399011
9440726 644089616
148410900 709760110
235494348 33573380
627542227 91964303
180768378 66709868
262440766 252377115
83624539 35208465
604201250 151500232
120637998 91113257
378631814 251022049
4384310 57797794
439450295 144105056
44557171 825577851
123717715 931671284
107651890 58367365
380808333 193268495
144889610 99542121
554722939 238499066
69901286 207826876
150054827 464519905
185637963 236985763
604074080 242168525
230289385 125307057
403292247 152188335
93776845 132647663
153314890 392978236
621724401 37732230
738480508 178441798
207455209 25879826
338426605 79734026
11711227 322486124
32908664 991564643
215737215 73242250
839284503 218409996
636490230 63345933
889222110 130871547
554922144 4514181
764280209 207396762
514024166 147870490
642711505 193099319
429762532 71791258
553699640 129262418
18077794 18123031
420434257 210022381
45227972 59514878
877418319 171990364
448374797 124491084
847019501 128640841
267162663 21635777
612782937 188498202
124448362 217261599
205621688 323449572
257754139 16640023
586893213 175755155
171252044 14490299
924058368 23973951
720271512 105334612
818450972 202807291
39700230 17330995
141332289 914633758
69585029 211292428
181680228 415496218
551830648 11695878
774711059 236209146
836260883 198009091
876966892 227873419
49969472 491167165
97254198 626274187
365895233 176999094
544023717 178024677
41516977 63304385
91836910 931230341
408249339 77201833
627670267 124146760
105296541 431122494
125633200 996605070
615574821 18854585
818156379 67611074
421752669 53435909
846059034 114102532
32509123 224974730
55190235 766398881
656077218 144031551
778811363 169700812
7860414 168559285
77222072 170536632
83233305 416180939
136391557 540138761
3126446 122515642
298482637 126770965
14953990 56469692
100147544 496742233
288670939 180410101
508023345 242169219
71320576 225953709
163187192 431916886
336643615 65111421
352881108 213627718
212600253 41285476
502410004 160129273
96516915 486334861
152889279 550459907
142077063 154172080
611583014 218522331
205691999 120522343
706370203 159715381
13242978 126220131
578852444 131464524
59831607 529979266
111075864 691000803
680278733 2717077
752676198 200000211
165850435 405486991
189572197 436043709
256777814 37260533
404220113 127003200
81189780 190052342
118097494 827397845
569400155 78145712
717429571 105687153
104776960 29591822
322161644 220886044
36464846 100224633
47883373 628311575
230623196 190805723
803321194 241827924
36990004 25805594
49159038 766103330
71775658 8128376
767972216 38375943
129651833 472504366
143996006 917389130
113522195 138435904
438488637 212969763
764044061 122589356
896563349 202438153
831441634 132554668
917371562 218732819
20886100 1831844
65349494 100081601
284587932 11227150
605004816 76326943
117610878 707515606
123585580 927809858
522442416 5132586
630083263 164779654
24782587 209303849
728385422 216344224
398867390 123974936
643700877 190260234
52920932 254613870
146183867 732788925
894956 106837541
339699131 121050017
30004835 581276498
40241704 804160279
699569430 68242508
752277079 101969251
397175212 184047742
400809876 243114003
448441950 92531613
719903980 127179494
29231011 421184686
98715169 818627307
246032054 98413620
622576980 166482650
304397700 2611960
609762435 139198457
94496589 155094576
714445725 203589337
95609129 140143300
756882135 193736883
305767770 92294448
855865542 241476526
63666434 304059577
123152871 345946930
80901274 757770971
133600257 981657615
814115584 42338595
825717853 202405944
336888766 114243796
531003304 154492106
365658871 123689365
439235146 186089154
466313690 91590896
768854274 103478707
349482718 220232820
763462334 234818095
295308428 147386747
533634160 192567324
17324237 113374195
71549064 837678977
404878901 15531472
494160667 37698877
751119 659683958
13356801 957914910
338127876 63439623
668083574 75893819
18542541 41120968
843727185 161374450
518707714 51361163
910353059 56272414
314543535 79150708
920374569 224112724
125018407 153961223
858256069 200301196
234668086 24169078
305772416 215690350
11262941 588030739
13749038 909865781
611215251 11573445
883279225 181811788
121688230 123427651
123273374 457396489
136904227 24337294
314336568 132582483
18937972 73000320
823248042 159684524
18102533 552866414
147949079 613097994
6992835 449208260
80435540 671944464
102004395 752227518
105482398 895292166
677104562 80657645
853392236 162308063
146519718 12923412
173124544 184996057
242595615 63720014
277307261 212317245
56935981 214461060
109802398 620728852
150671607 152153382
647030949 244019290
81589022 896420623
111645812 951480224
306872136 164007619
878147696 221657018
2766427 393974577
144195258 486506730
334528343 8988267
475299774 152886626
137099865 52329819
940214973 146688369
169882663 221537246
490113925 245580406
82068717 10532903
325782070 205327441
442389574 85167511
886117178 186839271
457554223 104335530
905802400 194335917
62240880 78072800
460653332 133761406
0 0
186043279 440282136
111837178 554476329
137375862 584726999
480338181 143643770
539971256 248251763
77729934 52849376
97918539 649573251
257362104 85078292
909969103 178194877
244917747 6447850
370446144 91469351
17759080 30807820
193052297 147559931
167617295 126082932
412402483 143754453
156587204 95636627
664719648 252115308
12240447 724430610
19386153 811909067
26753172 218982574
283586519 228905049
55460292 32459099
223294999 220453244
85187211 157007046
203190896 364119587
687336804 24454869
728664626 74092436
306994648 27662286
751744116 242712457
40894395 782905032
133902629 829751563
504433090 61222831
724380303 111707927
69798677 146045172
133578569 732362856
281417522 176458426
665343348 193997538
307109267 49965574
465948468 101081116
235286985 115284911
918118798 122208912
42426367 243331618
101042629 562658044
250647695 2139035
591094664 173189880
28944299 243374545
190356352 545297628
58351003 8647290
816227689 241229924
12762511 794430799
96709999 922596566
618300268 9699248
904928614 11661657
740205967 115376477
820892655 183023859
15705178 276201383
121449824 678397114
25001390 66889133
159238214 777383910
152353154 7367743
740589053 167883938
363691010 87340054
538450736 167922124
393081664 126556847
777573551 142293753
1487586 426451247
40972855 954070127
38120119 927716740
92154788 983093721
58119437 19400091
524625289 220571832
415188719 109261637
703837882 115437858
48855300 50300834
450956249 108911662
782690160 115580303
783461930 221693102
61549914 80351098
635856443 101116359
298467829 117181597
584145179 204627170
287094332 124164089
633238783 254114964
351619787 801728211
1000000000 1000000000
39714904 121819923
573132804 237017542
82960639 257259170
200936771 445586233
61806198 42206259
89254655 526539024
136326761 151280483
506573098 162751276
503330480 4173938
545111571 33980274
368719020 11741050
781445405 106366164
180284962 76964565
382629942 130083903
322065110 107612184
543033997 233830744
56536758 42368983
224941975 202266085
103029800 191602866
264215141 228334349
449098516 20869190
771675916 33363720
67742068 13710883
233510960 229556775
12953461 297188330
116047210 416632703
391441212 103905534
836214583 204571133
515811611 102376144
540260854 157481291
146218614 28943804
727975575 179138478
412522530 81910890
616861775 180238355
73656440 334455852
203564707 417978725
367559493 69879777
835138925 170934207
112070597 333132923
145901299 499634916
285853406 63462783
824717686 126854752
1714101 526309339
110633723 862997956
936543272 737728199
1000000000 1000000000
774946567 242278728
1000000000 1000000000
61633762 480719742
110889117 775410676
20217034 273605277
68433838 289935606
476891699 10756533
727319727 230612592
114677785 139126787
807907136 143380428
132882447 253197431
168199557 354258783
68943555 419448852
112445243 555338161
64847815 68519250
130824140 128079114
56310451 231096937
553303565 246212910
193317753 3782316
394308610 245140855
406402465 6279703
686962005 76791500
799478588 64610479
877356098 121401819
56578686 5350963
226988115 194505417
41694058 622622169
139297439 818393592
204776896 161862536
906131882 214849578
204503690 4460730
256075051 217441796
537319063 188570613
869838165 234811883
340714368 150147963
910173963 219272152
60924266 457442974
176173200 499443054
206255227 254353186
1000000000 1000000000
72938567 416929126
155570269 981288528
55665654 221165435
552291389 231822983
232761651 39327774
486162854 124332747
292377989 169867464
776729021 199005820
231941754 62978520
844972017 65407007
406347406 40399534
491683009 204552267
55445446 298741309
122551349 393812930
520757930 184842952
619539470 215302328
358647056 9915520
436495053 131023222
25190562 494637993
107675033 902631493
164104378 47394827
504342118 85015997
5965706 91485518
140848389 416180047
66734774 190151470
96998526 878088331
54013419 54248791
793993777 56794131
83190865 192564421
218235796 212271667
301228652 78142943
334583351 193661263
175519056 47900246
328629327 72633748
428007766 29966628
675778443 240825919
125167379 407109681
159967663 670006869
46668654 704516974
90586781 991758165
130720152 81794731
448914578 133842692
232433567 176059926
916042625 191820700
175287488 47150050
290803644 108755668
252213007 137578392
549196593 232912371
218078046 807986117
1000000000 1000000000
676177020 165380235
757018565 168914633
95035975 165926942
205653667 282522332
409431 263304769
10292768 432121890
55537106 5543119
192528465 385425370
111165580 8355659
464077343 65676061
13032597 179070963
199422436 218982303
286301181 218902269
568591576 249223315
293542432 110266403
573138408 189744417
106825242 166477555
184623951 346296736
13201549 304812935
28989129 687205924
111003682 179930978
124297319 902151748
42772639 165677702
137308757 622360064
115794617 11323877
134687560 449271878
193225529 21109881
742582711 109312711
657742729 38471481
877168911 99691857
134817138 199720790
153378137 913195273
239408916 64522188
612776952 151083206
19452731 80568243
438687283 242064650
81789990 202040618
154463187 253103771
244188487 9756042
445464808 30806462
71550550 482317008
91973038 508194937
77545142 56392981
686307175 82289869
87564507 339633626
100110056 411767477
118086579 223068985
184279443 504099241
143401482 70592148
161672399 476316108
112906632 865388141
159210911 913037510
2564448 74872807
609155787 151095263
151541828 212781440
203734787 518206740
678340245 31939113
722939781 52638622
342181379 212240799
683193181 223411274
4315040 3770208
144733999 285254885
143358531 46349720
623179351 53821089
97742202 3608296
114999893 673606078
147477026 200614619
201016183 282254371
691217973 170692344
878422023 194914891
135041313 193643153
844126256 224574926
241071217 27791892
774737357 213590113
106881908 4624555
143869941 87737231
421753605 38900126
554732083 62571231
408449549 55019956
720034914 115490417
69429028 19220816
584999702 219824038
25922158 291136794
27298344 516299707
14925791 333253170
183200987 488151121
73292996 770476322
119645369 949927609
167583600 104710396
665025991 136873903
544711540 228922342
613575556 253125743
131007640 73220826
149025919 744265244
95252558 96367283
605538372 208475965
112062662 23526736
381868553 170078552
620563997 5474492
675683270 139263987
98934311 25966673
103823087 167658508
467672663 131835111
576505288 168530631
39823280 153027726
896813592 187267137
858339910 29433448
864040503 82170316
289457967 71056791
871231552 186202303
111167646 138464226
681567017 190029586
55791139 179179089
88001635 911127669
76045502 223331857
351953087 238470012
79744239 540360535
96757766 916744045
270280975 63692976
586839439 165222319
68896443 506161908
114599954 573030960
483787460 180226074
542603689 197512041
20372425 181221801
52674090 811500084
69488064 130802770
179137274 322965706
413041191 96873499
845627292 192945373
95153916 20880595
784920440 72370072
744273187 99723441
915021885 241232461
68489833 164712054
123001639 922134556
327205321 50123703
332543995 53739072
62268200 52954236
620639251 89565740
11065569 132077329
163748704 446774385
471041339 222127378
471282860 240074862
134017904 240461421
205410879 430507279
522679975 159459338
583485153 162434285
390768410 58914897
457801599 141919095
219640070 72992122
805435869 110994000
54482368 404604099
111219551 859353247
