1000 2
21141947 36664106
147989083 144219783
164794748 12179177
430453827 94227214
68923891 26498173
294065863 109488749
319293450 114409810
328991303 147143118
428587501 17234777
486100503 73065932
310415408 23925676
379294577 131734267
310302014 4989224
931626553 7648795
231820626 1419023
413321386 115371258
121880781 40640687
229741769 100505353
105234996 123258084
400005261 141880406
139645769 25182191
178901219 47232703
16909065 233976629
52699183 262510193
454587783 9587690
825125902 16838925
6314944 35689464
165392591 118432872
24773798 55381459
113789181 61923316
185091569 12556285
344045618 32401207
314268965 5944436
315379064 88637165
209364787 85643112
242684632 103222513
235472074 29312032
366465062 71393646
890965288 9054898
918984740 22073438
11741572 87380866
128804712 112218543
46216558 63191369
338280661 99386670
436771055 7217394
924806427 11933164
114681026 8604138
187212657 84972141
72986462 43737232
184860757 121261329
95777083 80844226
213776179 118131274
23408436 50930420
44282039 419422147
100649399 10828135
452148419 18226970
391232408 1666941
853680526 27694972
492995533 12231680
751237722 17755560
706695697 4413535
998171820 26023114
243614073 3443913
352555347 36467892
102149957 8774145
329835885 57388443
213554405 4485349
261438707 82377603
239815351 34156262
367665081 99533783
43070971 32843222
210304151 130048574
287743319 116515436
398170675 119727353
96583679 721644
346219926 24211232
164505122 76466372
397764176 106265995
616185580 3760614
986081927 9442216
129742957 97720554
150161401 142629375
206327803 56801657
281816618 138953075
406783370 8382671
701271188 18944737
8656183 60805053
30601793 402051726
275629217 10511407
780840437 25869339
39670153 115261634
95478542 132584131
77685080 34757396
189402836 142058128
372826110 25130521
384817198 43840740
284457163 30327696
463570181 81880296
114508985 48166530
299654824 66625273
21289558 16145118
294926144 124059209
383450504 4914938
856196785 14638170
48070873 42749266
365911866 131033829
349118054 51615472
400147311 58262702
253869180 87360282
373732541 137832969
342897454 65200606
448392430 93379381
113380087 19446454
518471800 47213355
97582710 69012540
414680973 85438822
227994444 297427618
1000000000 1000000000
222247187 7920891
382596308 60388547
52798006 85962880
192004311 147042242
29953407 43660592
147136422 128712525
388828192 21952767
464317533 57020877
312766572 524719
413818175 105519222
11662450 89540364
187475629 136442722
45892353 3398001
244835203 144907067
50425269 91668161
74701810 169238668
78130481 13185647
379025381 105496083
926317606 719428377
1000000000 1000000000
423129149 87131591
497627840 102879371
35800335 245580075
40148131 401571632
12460764 6966697
259212492 91699059
93383921 100232068
207473575 102198624
398593834 63490455
415638261 67598139
607783812 543949403
1000000000 1000000000
181603893 64307609
368598852 91182152
85458308 69643957
360115777 124723864
66979652 44428759
258413361 107135229
296374257 17849649
405814204 97919297
203061813 71757378
284253722 93748219
31329701 19019182
582936108 31155222
53262718 91981283
491837423 106664936
259202247 2008982
993727252 13077766
71965737 29283880
195083909 131736251
16904995 149661183
83377544 206940027
161822517 96634957
220413153 122104865
462376954 763868129
1000000000 1000000000
509136838 11820548
734662747 19161635
151612566 134683070
378334463 143817659
597525 229657921
34504420 268988823
19983525 57082546
34971336 202898064
135098357 40502848
337530319 100170616
126197304 17262534
168526184 98382376
158973710 43918537
430932679 74165540
11626955 3433562
485244367 41610480
48788015 3921610
127011252 100668228
428905782 22850041
518734998 92407848
197013835 4737211
417052723 62091988
408053217 118430510
1000000000 1000000000
43624450 5786258
167022782 101213137
235388405 64499420
516018595 87258627
11269333 35589363
84557470 105509980
41880823 76701023
402828011 134818082
16502252 67409479
52604423 189670664
307880812 27807462
332635353 70108093
8587765 181821427
9780827 247388534
134546801 21755538
506422930 39864341
35089086 14585481
135675730 134212929
44345520 131028383
215557881 142573519
156838033 18775788
306540447 33442185
149972360 19467963
363611472 35503752
110545655 7573825
603236434 32618689
2288447 19283850
50594040 217241147
180968542 88555004
244120618 138825838
61114660 118054108
349348145 139820975
141668727 89431764
344630017 91126310
2316072 231378922
14201505 332477587
245565367 12899772
406353028 87196593
63368123 112828553
134858931 130600604
29235798 11676003
166746392 77454741
69317260 34232615
499995142 69530537
295920836 25880984
399765806 88094617
110179687 10545496
124056047 127821548
6757197 83562012
497217521 95936493
142014882 10287106
437670701 64747916
501594542 912634
800627227 11846445
2928282 127157952
114546989 140460699
120287875 57975903
293035286 95560726
22945716 150583720
32225381 255272714
450109902 29459644
478442382 32300973
185852075 13473075
346825572 131034420
98434063 75538154
158757223 97784307
22914360 114705633
43880339 144610726
150881038 82626272
264539696 91079599
148249205 8551373
150457976 47901840
302153614 736216322
1000000000 1000000000
72332642 4295433
302481762 113868070
186715808 2114003
311805375 32070679
103809137 60810067
428713151 99015210
303099903 8714975
456387717 78349809
29365670 929986
53797095 75030297
211271084 11626604
468848819 98529834
251646670 4962840
428147319 102277441
77377360 77011737
463161840 82020817
67141159 121156862
197797224 121227515
112384104 90429495
425442244 92791943
90052466 20882855
181155813 99739937
107619747 14151025
262062966 70399331
69393270 45978159
213232939 137048290
658520170 13917474
752295048 24361830
356269479 958029
952841167 27652642
65861279 372101534
1000000000 1000000000
107151746 44834539
409078447 114721682
15637549 30607920
297939468 34530561
16545642 69456283
90851090 143334135
24055895 29842603
402644418 115398201
223651268 28825143
492716132 101939028
341370953 59566638
342418822 66349331
183755604 53615979
189626070 105821125
420348644 29030323
536948430 30471436
16397126 88982079
321304219 135384458
25434839 279380433
36476250 334583271
14446429 82037998
192078806 86904787
466004129 25388141
524428482 95979560
15219055 296268400
29549191 439931583
200445305 78382221
484729651 104026867
274281065 119264972
349318366 134888683
35181268 163266362
79219440 206717035
257407818 9081026
725446155 24173084
206935651 5284707
397298284 75319662
174929893 48073460
230197678 85007550
182915796 29447260
491727131 116390076
342070170 1839053
376382554 97252018
339081171 99688707
509736292 101517101
2645130 4101092
256830706 18103038
54022174 127833117
275710677 132350795
177621718 41187740
349236880 147355726
60305111 104415266
312523062 142287681
285675780 50702389
357551656 78673946
72043137 76901251
312542591 90319279
397084284 694540033
1000000000 1000000000
27196347 185044466
67045431 227797473
100452047 7809319
325577638 33590832
215401974 5019278
612339305 6375655
88021517 19485007
297458955 47531882
115813546 17338147
853100918 29752928
63563240 190651406
70565742 232333062
39847738 962032
276023958 91678150
7787475 12141513
268309206 92712991
20905523 42285900
38592833 363628320
691594802 4188324
859683022 15976577
301098370 53565565
477643435 84591566
259017524 88224025
262531726 144923693
110391009 6799203
489962369 8208201
901821148 2171860
909351311 8955429
194012090 30654484
206060426 59173120
333273593 1782948
672734274 14216329
288052581 90348468
330180315 125623547
59450013 76735346
271052453 118733238
270653564 70177990
335549465 105950055
177932730 68602113
228530589 75300666
215750215 66154944
509273841 78819797
486328137 979274263
1000000000 1000000000
2799778 442023410
1000000000 1000000000
108709613 41912924
331268562 136348222
671029095 919447707
1000000000 1000000000
15109083 48108986
37800018 322510632
191011150 98136241
206009113 133452528
13678776 99398151
26321927 211543162
75838174 50827910
370341205 133493571
3174485 317357689
30198462 369269033
261783059 42522205
288955786 94058710
167237774 73147264
168783497 88932818
345377141 18781789
507430935 106352159
391432580 47579896
431528709 53693815
165979418 66739461
176346176 71614763
152294377 58569826
468805999 92212433
51715430 25384231
218364041 79642711
40705959 79569677
74783107 154736576
334694563 116977364
349153310 123160812
180403596 56566671
386950718 142368930
576465828 19529037
632395565 25521943
179410274 25163015
290324189 132575788
33685716 191967157
75953222 265918880
297972353 100605736
407247058 146339646
135214274 55980664
213418441 66971670
34141174 9637809
458633989 32725975
152319039 111701933
155364682 122020673
179836739 62821256
204696526 72878626
30899115 20953401
367438449 89594908
14760913 181884761
36914327 281941437
60690359 24557928
381704544 141097416
239814748 42540182
321181237 97522725
63710596 49705147
96436161 61901422
223030415 17508083
454797085 72588640
23874758 6479656
246262876 130214491
345468989 4359170
384962409 15205794
764791021 3182475
889132013 5668292
886673734 928012579
1000000000 1000000000
330894859 56579178
368816171 101892408
247278067 36033197
472984475 86348924
170721 22832326
264983825 81962349
1279147 68495188
452490362 90345728
15385407 39041257
339655166 124471250
157344148 92278186
197330724 112709318
405783598 364042
826953874 26302656
20324419 144477349
44893617 167367706
268134917 6065739
382512570 29167375
7684021 221999914
33050439 292819074
50826846 24665047
362496123 112324135
254077497 12779222
321589052 84500102
247351195 63847746
332569088 65347780
62738577 67191514
484231156 109483217
309679587 48346047
504584011 58296803
85989018 16828412
429209225 18861675
242456946 83785340
401658544 95432475
344205100 73676890
437848657 85144801
339200001 45793235
374804869 59192309
38993146 11196991
498494992 43750591
126399895 29302922
479624943 36555868
234205725 49431234
370557188 55936530
183335504 65430459
289375193 102696954
106958236 15924228
215649302 145619347
3050514 31834432
85828488 195827903
703350217 4033895
873694819 7292679
159076277 75749526
468246456 105554632
125223505 11278354
875170643 27989180
25454461 389137490
31947312 407206632
232107586 57760797
266293227 92623767
11506511 1307101
423896883 117555379
40146151 55283947
405654223 134431825
33219308 83395101
116993696 97386746
528795671 4674466
606899688 19642521
401467512 56368213
475484148 76097722
519986148 3331301
633752475 29152468
122182911 59246424
230761873 139345948
72425601 13446009
140749880 79688849
26934744 109251767
404884579 131924804
9137133 8157711
566333082 18278460
299357899 3638439
398455120 105757811
19007942 3676400
79163210 38832987
1938960 6016733
64421873 149176890
524520276 17885157
895409609 23248687
82342386 6766272
210794371 84032589
136165912 31180819
199452673 90844156
349001653 1933064
920263304 13280450
244371820 96220712
399428081 109834930
164314675 105364164
251904657 116039549
95253139 25491722
243263922 127725416
95284221 31591472
297772690 79864036
22051274 210071963
25915558 262224392
285312126 11994677
546489259 33969120
308336952 16532911
524200328 21147266
59562524 76164751
209515200 120766862
16009594 84054596
301569858 124432819
281282201 122924858
309018122 140271760
101620392 82220749
223972056 90753738
20781711 230997261
22898384 304789060
47323893 135897082
118824265 144523495
120031459 29414077
316380169 139798110
228221991 17238426
256348744 103838498
59884972 5834754
218203207 96447294
290047676 29432259
485833557 67182752
535227 30117211
336828474 32219088
57662612 15387167
129085180 122992164
104462492 104545541
397774533 112465481
84548690 51478130
244944427 122523009
172949141 1526426
350184805 61201849
258292183 37405784
513959224 80079098
1234578 13520376
56583278 62512471
10111037 18508773
50130959 156072436
58190364 131503071
152653859 145842374
9103272 220059490
68413281 241124043
153373608 34617436
360117801 121040438
153986790 36584849
199119711 102459448
481351245 11659430
504651220 73685432
220884116 8446763
762099166 9897972
87107420 94555452
255778368 124393083
43642917 14732875
360082357 24539581
126880388 97256217
384811073 144857308
33879993 37590573
198949343 114798352
917535607 410323797
1000000000 1000000000
361969441 5651961
453630096 96452058
408660434 21374434
775485093 29020356
162928475 39940725
182078359 89507658
263842345 19924735
459906373 109588521
227404217 43597752
248344555 88664880
517224585 22679436
642544969 23717538
681208242 489175115
1000000000 1000000000
7964211 13837534
143841062 103955330
182693671 24666110
503267047 97325941
168383481 98889058
383278584 102980964
9731439 6060928
82327901 221762654
102748659 36086883
388418299 76456486
3831426 68136867
64048219 115841115
179354912 5346986
501237030 24241936
416523178 17963011
479358651 48987642
90950402 18703681
422791427 75710776
261213150 113747383
300262959 118350685
276339563 81303505
485166267 99428046
148768220 4561053
270428385 9423079
219021242 25346930
219402919 84051640
137536679 79094912
470223227 104630618
225470113 40813091
353312490 125784216
156627258 8402286
363225037 141010630
515361866 12632065
951481356 19749632
4874678 58711724
16605249 407383192
198309570 25261889
371481904 95081271
452975324 7719864
500142358 88750140
41506213 173014493
55811144 193328990
508177786 9756204
741530181 14077665
300148170 43287981
393674258 72908854
359243847 82353290
409768659 89825605
67875349 2316863
806653536 15937915
30698985 79084977
181977525 96799171
797830158 272246157
1000000000 1000000000
23614672 56581629
36242198 192319135
222667728 27567194
223072187 52289975
393744200 8124110
469443117 76569971
243651590 14503521
416481877 21358396
43148426 7769683
470090838 62788104
299579740 14746150
336710091 36134178
200914630 63173210
463723823 108146070
154030890 10818115
490323250 12565540
7353174 134114256
20410183 441238372
67498446 31167298
470144857 110424166
25595356 57671395
414775542 65696176
67790964 15738919
104919760 102623538
188879984 3485071
190893294 118160281
54220157 1731265
455347040 98447650
37802112 29127118
633228409 34590151
46685168 106746403
257155028 112567459
591097200 3727464
716987075 20632411
112842163 7586838
539495295 27348973
273210718 16518852
317334822 31701609
24805664 88549217
146996779 103730931
396949907 7216720
839155144 23313436
92715520 74771539
282454895 147032957
8831981 17814902
446532919 116022191
157162535 289259235
1000000000 1000000000
327658298 117104508
389294731 146219278
167102620 100274811
301163847 143175874
44250501 201623930
83260554 213127967
125745067 71424263
401031591 71857215
155055343 22674269
270382937 130358846
159935561 3087083
385375553 25352606
78863074 25163851
134609778 120902959
42200148 7902619
153370254 134623495
467290773 23841850
499453791 86391505
11026782 144086452
39038316 362188482
176410033 53910764
177833471 96096490
228530469 28030135
440142600 93416964
18435164 161556684
33075236 325172000
47109557 13037123
247152248 95778918
146550759 19078308
921194710 22231408
2140634 300452355
23800465 392154131
153967166 21170825
175899220 63522443
32616323 9871792
78149832 105820501
139525989 35314370
208332113 125700882
684018078 7309432
916362890 10234038
41003510 20723399
70534245 146152398
54449215 41655720
137502628 129520825
272735350 51306500
512513325 82968820
253781500 15944834
454662216 90859429
2926144 70615362
22734345 245087429
355976423 4325955
507734621 73245454
85431377 6299800
395369313 120995289
228841891 47590759
412061724 105680931
299798464 60368238
493802388 64000023
22888546 199264282
25013861 440585363
110063259 77923239
327746850 141003093
260571986 4587840
264937354 141762568
26140841 93153180
46349310 241917535
171115457 21072154
305028891 120978220
215276223 14323366
477466663 38798836
159150639 23339278
377200920 130786870
315622129 16039136
452303307 18295844
158353438 47624852
310638322 103156582
255611656 81691291
461720197 95530192
251180561 30610137
543059564 35589981
318820914 65982888
321260156 134266305
154390315 101380485
186433699 114033547
327382753 19285007
358213789 79670074
218718189 37213038
440376408 86025009
106408254 104016311
113992207 121426187
254985547 138150
413117577 76470049
15627830 44379244
322062672 129390646
436887560 67422398
459625343 102911737
847292869 1708158
871571622 3973196
779728469 9137453
793748220 14272289
275988996 110892186
283576363 139453132
127250 91632245
399670326 102538658
418707830 40355554
511647525 57501295
180923051 35057972
439142921 44047057
21931856 91082243
283315772 96926902
74540412 108833063
250924000 142011328
89017320 136565651
257494875 146207282
1976493 109764657
16616123 352332397
92541882 67620486
352917258 147260826
299223710 72676706
465360040 100270385
620096649 12956981
818299506 17743668
47332348 92280922
190728948 129515849
221945198 83110339
448978304 109711386
91369051 2147837
460378638 78079292
103903179 50325693
275989305 117188144
17674777 338511198
25816846 407670533
40066153 93201804
58924331 162073060
99199933 11329606
499160528 12558487
9078289 56051714
449892054 95806867
31828225 26484716
305012842 121443317
20411855 211803804
45386521 253145612
537089978 2832532
953772763 4291072
32370369 82329462
402092524 109836751
236003344 28379257
333733416 82113463
343850821 75544954
351678813 81045002
57931283 42483332
331480386 91647341
5390967 20702983
189712340 116047464
272454790 19005071
669339635 29553317
104189958 19298515
253900201 115608079
4545330 59122845
314580212 133172540
122609804 108857276
137094331 137919036
233152434 87779762
483692839 102976652
170303671 40434995
309467488 147113940
130883115 15493156
520091513 101378659
332463660 1434982
728871326 2143675
110052771 25098581
218442009 109122756
17442939 47008680
96437771 144471716
124348461 106654923
512251760 114407576
26887200 18946204
450571335 98416830
218296706 32335003
316162810 70189484
296221949 11047803
463802915 100742377
278444175 1410196
760025712 7896496
306699067 8366050
347906230 121253913
65815902 27954904
140928502 146437213
70479290 41902925
250684367 136401416
36493805 156981376
47575919 249625581
190140245 38657616
208043351 78922295
68182120 9354236
444624929 74153956
638775070 4746524
699699262 17231111
20455681 11506085
104193718 124898135
121322437 73826216
502480233 100329842
122340139 460748977
1000000000 1000000000
2517423 241715460
40653434 433685937
334363769 53337671
377564559 127083979
363115236 570032587
1000000000 1000000000
25860048 128205280
263993570 146076199
81933641 37584175
176949576 126705530
90818067 57824732
147998241 106722861
132046002 127094718
375646524 133384506
271928821 25128566
296470095 132736717
46949236 7084934
379072612 80233755
456311278 57534755
471520787 99865048
130179434 31639649
517113118 66275050
538565732 537062459
1000000000 1000000000
63801250 47000898
333532826 126936869
231721766 6284123
393665720 35899025
192131459 1921361
209645267 88753976
282762809 40335136
311320687 98809367
55193615 76202600
516301177 84829399
51563280 31826273
522169669 70666989
449342 322284092
1630334 448173620
973546623 863403702
1000000000 1000000000
83079327 99243081
397401583 124054230
247501951 4901128
502898431 114110178
162762423 1683533
861838953 28478715
125656144 878588288
1000000000 1000000000
14438344 67884465
16497672 220123798
416461869 73041239
424539625 107635016
152647276 24371086
305456406 89058398
571525797 886824459
1000000000 1000000000
570069502 23066570
640799616 36303490
485989589 26149559
492757493 115450484
753746013 145079858
1000000000 1000000000
324765575 81708266
502220923 107977459
736444180 5202180
751287736 20809971
146229647 28265439
489190942 86178328
358396086 45268722
483878276 67736701
308643260 13661393
454246627 109857543
39911772 40487271
412292578 52561899
209745152 29262173
423031545 114597330
355629993 23100681
376273534 69211557
6240113 12248008
146380214 54902676
40879298 86270263
358184390 128277398
128230868 22800551
452883923 23739392
132649335 40588798
487052093 48681049
48544776 88293432
319991756 145335798
263265620 40406657
483278041 81963074
54535364 59586254
339203222 142755775
61222675 69837506
397743325 125854464
374309038 77443840
426424202 108265262
212900394 91645759
397236880 106122803
249123470 86039991
291768721 128735913
339209479 57657878
452584203 115475261
376716437 4261167
889272120 28154008
65170806 134309080
97100465 142686907
121895347 38541708
315260565 75356581
675977395 30489593
1000000000 1000000000
405671839 13910817
572846706 29223545
92179828 77344402
193177387 115148269
85292799 21298635
160278038 102913958
214194993 43091436
360980989 131173155
266455870 75957561
369845134 97375841
8888978 10429058
387775154 126519622
57426632 134786
745407958 4578048
435623690 7245626
487564119 102946559
19946211 12938607
91021222 129038866
156804264 32132150
182240076 113589819
251567919 6857792
520136701 72358535
227029513 181146945
1000000000 1000000000
14776086 37464604
73519654 122549153
258668294 15219124
457568353 65763380
35461635 62044392
243645227 102578064
232600787 88664300
236637973 117865023
7191366 196415898
10050988 376295579
95794131 33574484
289786865 127315853
56427983 50430785
421043356 106776998
48230156 61471385
243678808 77120006
248902562 10621862
441008229 79568252
683944809 814865
769598351 2766901
40002201 76393235
330185964 113709565
275862433 59110105
370216735 143064235
108910319 72156522
362962442 120463800
306158824 52365306
410715034 53436573
615756131 5845918
672263777 26619997
66565709 58513782
311927952 104236386
105074920 10784377
231832583 94535757
186111580 69879772
224366398 132935830
308928477 16785493
482421000 57781058
328371635 29402349
411575026 38648865
7211867 62096373
64366672 75627877
141303914 80098444
225754552 125295113
77637493 28435783
406135648 140085430
376044316 84262885
499682835 97840162
47761051 109504231
337351161 121753451
31436578 14070688
198063950 73872630
11971435 128015459
42537668 171346517
157348365 12001970
178526480 57274713
99853357 15384305
239835323 116018373
400999606 42669414
478052112 64545854
92337127 70365917
307997822 147046720
286205309 498799369
1000000000 1000000000
432423269 65236496
516006644 104915299
143506104 18012429
371107572 47482048
164448109 2671694
368650246 13241879
334552855 19909232
445765124 94140216
59351947 703439704
1000000000 1000000000
236711803 13428025
297698880 95012463
238713742 71332799
464718291 99942544
353048922 73501329
379446309 97470949
77851022 19458414
286425385 77771739
67635707 21863837
72600093 247426529
195383372 860883025
1000000000 1000000000
15548043 4817977
309497844 21180092
132729082 12221960
334975242 78553766
329740077 44702664
335364074 56184947
80347194 246331
148102522 51416631
71315521 119554746
237939372 126356147
227341057 14812698
440241429 80704221
554256244 18511052
686272848 25280142
65689952 49016900
133784295 125758054
280224472 7074053
316067423 136031535
322197584 104313145
330805039 117194515
250985024 53619691
472114825 64037360
511680151 18370513
731296426 22553434
57991512 43886549
297164438 68160985
13209212 12851946
47146135 27924179
321909480 15607583
797390010 16180534
72141311 74213334
228413822 88434537
123153685 13953710
435494727 84782468
53388230 47971456
379989081 131268154
236333249 25395593
398336085 120858747
109314743 22624550
182703229 147283750
148241980 4137487
829075546 17739354
22734236 89958041
524585594 98149160
147448616 23190117
340261885 105802408
87698130 147356843
1000000000 1000000000
443029955 50701004
508481336 62884834
8373744 203774460
52076013 233570968
137949742 31528330
202999452 66899861
599264904 10261084
876002301 20759323
406495923 17392424
664134717 29865422
16471141 167815545
31550957 181866978
156175421 32657902
430949501 106523411
120852157 22060990
336407363 56164971
962152435 816797834
1000000000 1000000000
102604287 8978597
497105617 87560246
241437764 89440734
305409767 100098101
109915470 52683714
466840014 59703735
3514885 70645409
220909850 136210859
194074563 45567996
239762914 103572748
218655605 79650684
500995860 110191223
148153022 20014153
510589310 68375873
58320742 140028301
60144260 171477386
130131676 70354420
439751821 100476069
158265086 42485687
334241904 134012804
751013364 13187621
871930781 28113482
160274193 24197850
460137018 109199134
324871596 93981351
503097604 115329138
23557636 16431707
94323238 78604045
257601990 59511215
312053783 79549894
494353189 689936526
1000000000 1000000000
0 0
191147647 136960864
177732237 23747329
261328129 48073782
7749168 1050417
66085479 121736662
970069513 227900933
1000000000 1000000000
12176275 3623728
298279585 140395396
271373329 30262572
610328024 33348340
758934641 903803784
1000000000 1000000000
229849901 23279307
350985884 145146544
228679499 67605798
475375783 106443128
98233383 1287668
185279487 78372449
100202402 58239274
337308416 79408423
193285957 71950034
341257752 135497034
325292619 21326157
408481692 38714289
32258395 2752692
842356455 15118786
264955622 36346201
369045372 135597871
256652736 2718917
344418708 131570256
197561277 15652188
364518102 37331593
401916569 7686195
983354181 12643248
58743322 51325723
456124454 57068249
259472499 17289296
448074624 114898760
4592937 17283781
392695539 28525315
114530859 87960052
315294519 133924358
12311591 56337193
167636066 119185814
277258269 21189743
508787130 43038338
542029779 17088316
634436788 35398293
21570405 116838126
138888100 140596448
214971816 27299264
333380810 130337145
202464806 2302669
209893510 57034451
53085474 17182366
609989528 33466172
46175714 62060871
419474333 82000960
9144068 55413341
468517300 97717507
139800094 25167697
175629898 100375143
393210847 87941815
406076205 125233380
128279063 40332542
400250637 52397105
95743730 5924094
263050266 41896112
1791312 98887372
44485204 365488224
27685392 84458858
382770348 106994433
4011730 127538448
9261452 172699400
257215833 30751487
367133789 33808408
208591368 108399067
402481882 120658963
9620719 48089854
45484510 424966494
292009954 39408134
509395512 43803274
14294867 28855642
141337700 81626501
155568408 2794350
354297389 63909257
275579254 2954657
395161691 115279803
961208614 962077710
1000000000 1000000000
131267652 53629812
355330628 126118559
161971545 124325153
198672272 140807550
59975321 15271125
413007690 15965272
217333050 3256900
312065038 5467254
348860668 25503265
449036144 55821898
280301014 9669346
353267367 22208932
41877349 482386435
1000000000 1000000000
9937848 189937486
87250583 206117952
316909186 9694868
335071379 49746820
322223808 91130787
353712236 122607051
891179711 137485312
1000000000 1000000000
183118317 96144748
220967401 120436767
714097975 18241363
893726505 28704732
291107588 40470855
360536504 62307183
299336050 671952
365373720 60307369
67343128 96019331
181557216 107276776
42060077 20728649
467974941 47141029
250329600 7027260
935608219 21278800
119209965 15646710
999792385 18431042
420163939 3075354
440045760 67339947
95594951 13417810
377129466 124718882
29546820 119259153
315067543 123180826
384784346 27140201
498430427 109028028
470182739 79441237
490426290 109105107
162333968 9581521
348011493 113633014
154162989 37366946
488376334 71173171
83857414 25333473
289320277 43667111
259292765 19236433
377416255 29243465
180722167 129356356
312804887 145547667
217142639 65945125
491921993 68910753
10386757 101748324
68865940 159009440
348386872 70905564
408155805 110259210
257550367 75850254
258001398 131684160
609184260 2385392
796841425 2784009
827091404 6660154
851862814 23483999
401007695 8908547
493851440 57824664
383239472 45711146
415438263 66643942
184224429 7614304
247143550 49286038
215260116 60739255
333365463 125045553
322341799 76495889
372314141 110006872
296948609 33995081
513264629 98651021
321647292 360813
696049086 23476972
436941618 10393463
555635585 25861981
295037988 28707895
331768685 51870561
136975016 87593548
180178706 88412878
171563832 24886671
381348684 146955404
7721334 70291214
309684716 70947844
68509315 9722225
501698575 75633178
137892406 126445062
405589171 140147643
65344971 33596259
404388302 80451500
230271390 54534491
447230787 114282158
288880179 41247972
436868589 50835948
80885834 69524913
239280450 125548876
256121764 9414697
282907578 75975585
65958517 6328713
829472132 15861366
160885012 79035602
367501033 113501531
11726490 15607419
518944720 93143966
55608684 12044441
716933499 17557044
169821302 9014736
176838476 115260203
405408720 2644660
791967486 21240564
127355895 72556586
244767303 92916157
88526472 27173962
225022723 120162547
519371419 13326077
947955376 15521430
786647780 308655651
1000000000 1000000000
58500941 72893067
173497493 135327722
262914740 20937172
291754530 50787046
71058992 83267552
290105902 124497030
338668970 247202669
1000000000 1000000000
293722587 13321472
374302615 108552594
431017749 9363851
888811508 19662948
375415287 87090810
499366812 89704015
200570344 78906375
325793738 104844027
24620903 56321391
285643362 112540901
275143361 4279328
294000858 21790215
508973840 1015423
535807119 24952864
9109640 53602865
451517948 104249910
720052802 3316777
831691040 18364889
146597606 46140451
319490914 47263030
28720342 82258924
36806566 196698121
385818566 3172256
546800255 19429641
40595173 92334378
66499652 201092312
102345116 100984702
122479849 113926724
192265416 76017795
379519430 94705048
408527622 57497399
448854084 111771259
377893722 22242065
415726918 107916519
286950538 42352981
375274681 77530632
11485177 16493513
182776714 29535131
288221364 32518354
301034107 99828428
90605886 28218825
339801516 124142646
2198298 104997589
16968480 157654017
157203179 103011061
235360008 145407403
134128682 76297050
246812787 143267270
166360827 19770941
801553079 28925570
334955919 87486820
456272457 94445772
115082302 5591257
218125715 12050556
100382691 115962822
235889432 137653744
22851850 15794512
196800532 58227085
364267686 47295321
518096949 69698331
283685804 48561748
412250223 62200043
522856859 19007053
658870560 37495234
126642764 101677490
408716143 105373781
47038166 7232293
790176738 29869706
1957052 34414879
64899485 44855087
21956544 28443929
37595243 212582246
118950522 112210758
395016676 117206166
171377259 40347776
255714510 59054379
156347779 59711749
451925215 91236068
8786932 25440420
125210987 46140123
90919064 16774974
174934076 50096150
182446182 18776105
354842309 139152680
357257798 15693993
517725153 19589608
37558923 85694270
167177992 113967103
129847537 73142192
167526803 145815238
264042974 40444526
512072973 58934068
56322818 2778796
475700985 52089178
49957777 44097628
472463304 111493271
535713 102710198
25140779 220396699
522509843 21222045
597422518 28707251
279485420 82858443
463445212 93724988
409921922 9690723
924433955 18355602
109448211 74373030
191580006 140185290
269213544 70244593
318062174 122464313
494766641 25090439
520328843 88836693
725813600 10714350
821556846 25482463
933950002 345433421
1000000000 1000000000
686840639 6562651
922711395 22853410
306860557 8362440
393419442 105130236
207835238 4518117
463945679 25793053
74970559 49394018
489105119 98130126
96714398 43532209
310157112 64424786
120108420 25640397
448056755 92500062
418106475 54250867
487815726 72056481
12653394 21843339
384137466 133948407
33022330 6204533
58567476 30380887
71858331 29079072
256565525 111299991
1612399 154924901
55996729 231040404
36404314 174411615
58970302 252873546
15158415 310210363
35366547 431257427
202464171 11242780
643856490 26839543
69578411 3375971
873082002 28893323
59579392 151520085
66329320 237316119
13267631 77270612
164501251 135602871
28769821 30125232
124918033 110194926
159802592 6874312
458462489 42906804
31749686 65199241
36980252 253858521
50691428 6840097
299647824 83821467
134990934 66433693
259869563 89835643
53136564 82686270
76467910 118288078
718992135 13490651
977406217 26099168
12476282 54412175
318679709 69374217
33208602 997702849
1000000000 1000000000
37714290 50714455
395988912 51829737
221255528 69135800
346603104 92219152
60641816 61089890
381756498 74218129
525346217 37773487
1000000000 1000000000
19024536 98607526
21496468 280818726
361732404 12629631
649582463 17444944
170913653 19295318
260060675 80036723
48034867 26762269
239079745 119879421
64565163 132229081
406259434 140949415
241647595 19801585
303847718 128129239
375082000 13810436
516705513 51682392
65729942 13556772
71981956 68306059
414868486 29431238
450035138 84609592
46744060 11396967
369402888 49454289
32234669 88204845
233898830 109790493
74525742 6468053
334413440 101013173
253589391 32363189
258611710 143726491
113904355 83806990
196621493 133373826
291300343 27388818
496656843 102936418
42803834 66987010
65453543 162432154
93737314 91031551
249462406 114859888
157884116 25509748
183167779 69782773
31460405 232410736
35798979 364525823
284569683 43534968
295061619 65958177
80045006 51124008
82818338 85685240
252373661 81643914
486860958 105985697
27200332 48366201
207797791 56100471
242334961 15140058
419902702 46861060
786413617 15897622
832130228 18328798
84166842 40417907
357610409 83560675
129121348 64956675
404379187 115612694
207411998 85144124
391009495 125261388
29791891 64806925
262883708 109038097
9952689 40505614
308608303 145819426
100761233 106277945
337917259 124656419
357506229 111184702
427094251 113180829
295668294 8325219
511818324 95126840
71452696 87450713
176810126 131782824
143947752 29816411
398163174 94327929
31162842 10960499
997947205 16043337
218751110 11558238
869867200 21440253
305585242 31305827
355053713 77401754
578555746 884998438
1000000000 1000000000
96647134 60888180
223152833 97726937
192012232 99282676
346649975 144497817
229236401 66065748
331809102 135961625
109497779 10073159
415059788 39230868
14662059 7154330
278851646 23620069
511423 171781030
43082135 230894571
374799820 10403862
992440169 27745051
121663352 22312726
223199491 39164556
359732604 19913005
466776799 79053200
214047567 75783355
241001769 110017534
139871390 70111139
323906033 72168417
175905906 101936195
363751354 123046161
327748741 101973017
405907326 131057776
152400101 43712434
193629760 59590748
58722800 84520630
478757632 106270440
28305364 114612792
31646978 283364312
20810305 188987205
58716051 220228283
158087973 46336943
434780170 107902655
147255716 18754422
277636283 64260798
14363702 115663423
243761654 143547223
158994794 11126538
328979388 89822682
262618030 30694358
421916538 59659605
67513719 99052686
223634657 109637622
687285151 2641700
944411822 23435222
157907428 12521217
457652911 66771970
226181621 22806206
498437405 101357107
869669726 123398235
1000000000 1000000000
31408000 103011472
82155930 265296543
42659331 22716136
337236416 88628765
18574635 786005093
1000000000 1000000000
26852647 9043867
303090564 115062087
153946109 3540683
501098674 78118919
188121320 16881503
342945948 70000187
578582834 7117366
924540309 28710463
254984080 363609522
1000000000 1000000000
330665732 7932285
996036771 29737413
52190289 12034369
429533357 54478221
44264725 49974617
477335743 87309880
89806561 15685275
183268220 70902388
148853199 11027673
508911487 22054696
34000600 284543381
37551499 337856197
462381616 2043456
873339628 25107174
254351575 32926802
256407286 90149890
282312496 11152669
909730826 25604473
2464570 9898865
41929367 325870045
13790128 82779437
116365069 97646331
143645370 115759151
388953016 146265427
26212349 66533366
481216092 104529900
35265062 74949363
40759269 206671513
167111159 71833780
335099348 115501688
123455687 53354948
359978097 115408304
244565640 53796394
503090218 54774737
334547702 65303241
368349852 121055202
148568957 101022160
342831414 137617520
11318492 42858065
402188820 137568017
361095049 40368068
465575973 106016908
14596301 28761348
405337404 116696788
233255643 116930151
287275130 120466244
80809892 106522454
281544871 111340078
632821058 11137824
837000989 19657324
55983507 37947292
442254789 72704999
76209558 14833739
514912369 106682439
49932699 30025802
229517351 144346036
245395610 22193996
508665976 38401352
233420990 5550542
615546681 14566805
386482651 331169
443975607 14936489
10077095 79455456
280730685 102788185
45515390 269476940
1000000000 1000000000
10387530 124120370
72549568 227786705
273762383 11312973
491315504 118387581
69962068 6484931
662360396 28334925
306662797 52862895
428259987 103275317
53774100 2373129
616522312 20286927
79887458 25509030
270541533 63077902
226342717 29679617
293892691 147043812
198441396 12267295
399933726 98148017
116178839 25208164
422522105 35027468
50926301 20577882
425724003 59557693
446501316 14718945
499365541 49890000
198262801 10035681
282912959 127583439
105955365 17749510
202440868 74228104
679928161 276774768
1000000000 1000000000
181859956 20873872
216746897 74871623
45452882 109780209
400506593 143616285
62823295 54223731
489631763 108651096
147663959 127332223
321676974 132643456
181830352 57374198
409021646 65145995
39941230 286729016
44573589 338450007
70053710 114213011
76251326 161092441
59558294 87431794
77006213 208011616
147498706 107895481
316718830 138090741
155366584 44987323
343403409 137464340
407654398 15055044
651329298 15316641
2456687 47676350
265129801 114607636
438140778 74807586
494378688 77740605
820782185 739535738
1000000000 1000000000
328416277 80551901
467880898 117514187
103594503 15968075
129722994 29844271
184718543 16296411
280683523 92204270
43809514 210850498
69799312 252388776
222194562 3799924
378461835 98798765
384674342 16482858
484334015 47726297
2863257 11013349
256909503 71771794
22372515 28645309
407093369 118476042
828875258 696210703
1000000000 1000000000
112335068 1470711
133238366 130660262
197843581 66916201
327036359 76928412
107881970 52354913
245054806 60498480
44961263 1844307
787062859 8125116
27124684 95795672
32219099 296302461
206009684 68526469
408023173 100575104
277221609 20680845
470663542 110579834
870376984 438957360
1000000000 1000000000
66516589 31330121
371838385 90734509
21718701 117749626
77217977 217059777
11253427 168187230
52109935 267341571
365819405 47685299
405949911 127714115
15624864 848506
132696707 19190689
75732180 52421974
440730792 101439603
