1000 2
172277643 36064726
219301099 71308845
125285024 45503187
233020506 80757931
269541074 56481635
294582207 89486738
83517897 86137435
199137980 90401059
241553556 25151898
319586720 80042950
864063176 210183920
1000000000 1000000000
144477070 30223051
192876207 92138488
4455849 713237931
6684889 926987274
51362528 86909619
213061855 91861559
79141620 76185775
251595361 129187055
163318488 105329768
188944568 115106108
26159500 27002708
267681666 151119237
190483 676613668
8528737 800737208
21761 583348
212696376 48255756
92241437 3406792
195749911 69186304
140958264 19306507
395587041 37469717
157305683 53408696
170233073 85911345
25853644 16726655
211643104 60792407
243381748 18595395
292564677 75303561
83127211 41617728
187978403 113915385
80153671 24505270
290523083 67156813
149692145 12566864
247274456 13457550
0 0
324313872 16940928
29512759 67922113
159937850 143018017
55527129 91339252
56598836 140234493
75477643 38966827
89690463 87089515
119657974 9989191
141740086 138196305
43366075 22857532
306948408 103251520
827063441 470790227
1000000000 1000000000
134488748 19507200
250216778 57479531
73234136 38761585
195120004 103657818
217273662 14590924
228087966 116040689
978617392 296835452
1000000000 1000000000
168139476 29807548
179799942 31846219
292625201 545001474
1000000000 1000000000
620068283 230517574
1000000000 1000000000
526257983 48072573
1000000000 1000000000
1871285 32459797
60781743 78516484
8759567 78317132
62954255 93442110
31702886 135669198
55645742 213601068
333442212 235519995
1000000000 1000000000
800120534 71585854
1000000000 1000000000
430777747 412885112
1000000000 1000000000
4740094 83168328
152428902 118700295
219523165 39610361
328166862 66034623
124063775 118737324
169414538 152512459
116911270 69248983
216106908 114437457
9089734 757656054
9199302 895738880
112002158 6330807
283938247 51859978
179065971 59239747
254551169 64847443
47208512 60276997
233331956 142358818
88717825 94811750
176832783 110761142
47826492 96492549
71802879 134986783
97701122 25848952
142112776 154485313
88713447 9249011
259358077 101102806
230870512 101294051
295611934 102217813
15977005 77254283
217500597 104311513
38687402 74299765
131259505 109792002
115386081 17346024
226258125 87657561
24594603 85077081
41844336 187403295
422354497 333503616
1000000000 1000000000
45075504 90946458
88454125 128865809
17076346 66576084
200782295 134883386
84420874 50686303
243935909 127597915
77097710 41248581
158240704 117035774
117890888 14732530
259190255 44013080
95179981 101135975
197762934 151756816
419548114 605079129
1000000000 1000000000
8895895 228158453
56602032 264054644
144888386 32719841
328301801 35062621
148118393 1962248
254985543 88276839
94191289 14694222
253936525 153063640
25981244 60080481
184236050 91648594
28680213 18266098
50403911 87533989
57830793 3952966
85160900 64249562
155297113 4202722
161123154 54670583
10454070 23742222
184916071 104063710
81879154 14781044
129698965 108298428
350141151 14090923
368104578 34503489
41646956 157569893
56614164 182282193
4959262 50848352
95556568 139612733
136930928 58596732
247332875 115277245
790686724 668253701
1000000000 1000000000
20422465 52018488
127681581 69456447
112723645 116126895
117457348 155026835
345144076 38744264
1000000000 1000000000
155994180 33723848
223911183 119362070
109508772 73116864
234057703 107252446
883663801 940538222
1000000000 1000000000
29636464 267355447
49567933 272645197
43839302 27628263
266693868 76206421
1427279 462056029
7775991 537006850
143567895 112807492
250226388 119800288
109848162 32288919
186038227 68469607
183366555 23279131
249172600 153421263
630694881 541049326
1000000000 1000000000
180775706 38263147
335695351 60398469
138153505 82661206
212760214 106568152
60989201 51786120
91876952 113825976
68647241 20947880
269660929 72152150
907099506 827755497
1000000000 1000000000
1526401 65924932
194575213 75846618
360505044 5319692
869587534 6524557
133210604 106887259
257934088 135531694
55479348 102302716
201454480 122282365
21064290 49026831
199411803 59370117
210057768 466361
341802011 75281078
168303004 17242157
259916596 53324902
3886694 45955616
120046581 99716950
5271652 36212748
237719380 97086023
198063916 53795183
235210804 98501215
41332600 24137263
159301640 133954296
147656944 3128144
173889187 30065963
133408925 9444431
146918142 48329602
165934425 39187987
202463367 82858386
93611739 17296281
137968871 57867161
44339969 23509374
56379766 208046091
691356496 836491240
1000000000 1000000000
328816958 92929410
330409945 97237547
334389554 26125168
362621578 30574153
169781666 100823648
211451642 135236963
138351750 25696969
220347651 153269296
30712956 92044171
58520614 264189127
180079175 1698815
231463760 46381491
46527821 39996348
121521686 119011793
175769784 71434906
263820534 72954117
125063161 13997881
188330624 23910234
55315398 47090426
271232092 121943195
130615732 95279577
139127326 139717306
2133019 140832169
9238921 864903811
61420509 52757646
268946451 82796699
61997548 55304955
226448350 144415264
60845669 79572040
160500389 151568772
291307194 68617
311741865 35496711
102912887 48045376
176535103 103449509
202702807 8742114
208750206 11173476
37568149 108003882
248923101 119068135
3192253 820930474
6650406 881632793
4507457 242597567
5404824 438802057
41747764 52568376
114624165 138415471
17688523 64946644
133060149 88635640
37785796 3601053
131659582 48435190
95055037 87594685
131258710 112705852
70789446 109086083
219606243 130912157
179371228 85569114
183044415 113328476
43247647 109548117
219345340 119372324
181804250 105150444
214785213 153014014
39338295 63086058
56230642 268362743
969673638 588614693
1000000000 1000000000
92233657 21378562
227346867 45239668
125473478 39278834
171883937 117957635
37229523 18046475
319540082 37441295
25693610 66205423
129096949 77150581
83064784 34930431
274816414 37383828
54143277 7816280
228799167 33806668
616827494 208848121
1000000000 1000000000
16833456 185973202
38854366 269139716
438179836 18328736
1000000000 1000000000
173736909 38745062
288099984 67200420
233069128 45588199
291595174 50593525
169921429 41425341
245747860 121557432
140351487 25705855
170252922 76445983
4014082 82110957
132887338 116210578
74014109 21310767
76656525 47183740
9774235 6372018
26695872 163864578
131135009 7939213
217308278 71938717
308622064 914086798
1000000000 1000000000
747762565 174402983
1000000000 1000000000
437964056 942151277
1000000000 1000000000
5792737 96776094
113165787 116622755
92923127 31210173
106924133 104523476
38409355 105606719
46073010 214744044
235934695 100803779
262998743 121224859
167349424 118150407
228114268 140748792
2336990 57389502
254732960 137642978
279625094 8513009
390382622 33682513
7203732 147574195
16897808 179084754
191281473 117330805
232305257 154393768
67357511 44643934
146265714 87524229
79194118 3120686
121816467 39021082
130451624 82434945
172384398 113421311
90626266 74494400
250921635 150240989
154645077 50196133
266916152 64550218
89523745 1731479
208290129 10305924
153232693 47756877
164037104 145272314
74744920 133485022
125337056 153989207
141427160 52575027
214188941 153371025
94943839 25513207
214697422 113563031
52768294 19111367
105412987 88609258
117696275 25961281
327551565 100897586
74498237 10440111
303847770 55459150
757912848 896857818
1000000000 1000000000
874566470 239782638
1000000000 1000000000
161235940 87255496
208205687 125559790
2684961 328862596
6596616 567140893
179758014 1895912
222908280 32579465
48137496 32267944
244604759 120936126
31717085 63880233
330403522 96426287
64176717 47723129
198224740 138669305
46422629 143372543
196592772 149365240
71134775 59869437
254988199 144238603
123631242 23023668
147626771 117591506
49771360 34146
140407664 26589744
33218054 9394215
231030281 42169199
11673120 110695587
250743205 121889381
120867796 36101879
155502980 67852666
241874562 31168886
243448516 155829684
291441891 77176710
305635083 90812325
60925399 22288128
182908210 36707464
62034150 132950888
212915196 154290809
2323958 18352878
22295664 104182574
91124246 117539165
216375559 138551872
95981680 4437488
200589554 117825237
53125903 5606972
257939667 63831401
119259923 2196256
189093019 96475510
31690713 10367174
292596381 75502623
177691570 17530579
196861272 26529187
36298501 102874801
189161223 128274861
10428888 415016507
1000000000 1000000000
99410347 81297573
108084418 153632176
45448969 103765100
74668238 120374230
53840427 86596065
104468239 95785991
191449085 51160176
240349783 141325719
170274711 36942360
206977278 147981358
192044012 24428715
226774217 128931998
68055150 25807963
279802913 66957855
165016644 7029078
220496646 51025280
335030799 1673120
382423931 13743919
117631 98408079
251512531 135648160
112575057 17184656
198751793 107429538
265535730 9225046
269031574 154421050
70695662 60640429
74897491 154654412
306548840 34030299
319942206 45042046
138877420 33254975
139320051 119431393
22456647 111472357
52309091 173649886
4234138 276130893
8736025 893081645
115913349 11857248
377501397 27666594
27712885 69724333
317390584 83752917
134024993 28144215
265298020 143527297
341545838 1452719
577355211 7055319
33562314 295298
263966911 138091324
37699923 111210548
203858492 131196773
16414144 29317474
343420906 67346215
58799316 75711631
73269372 152708430
84868688 5472652
93147066 64145200
536994 74149804
113652668 89747407
308394474 654494326
1000000000 1000000000
154451777 72601504
199944047 145294109
192807595 19150833
326760968 61133919
8461533 49331951
46072111 130608384
19846677 24376561
299060784 44122300
203022314 46872524
228331562 155033842
525842331 122009424
1000000000 1000000000
101562357 90963441
165535234 137840023
186492684 29589090
236361586 101693559
31278129 100891995
286637411 104098147
42688452 37742266
133430011 146676996
196432097 71034403
291719112 94873092
499307349 698050037
1000000000 1000000000
156611681 4451387
236192856 63187499
49121701 89984937
84293930 129719386
311118679 58247859
340378336 60575324
170562526 40047243
201343018 134570558
47255517 70417485
185342804 123601941
4164852 149563862
27634586 223879779
179306867 52848476
196816306 73092643
15893612 40951333
29310694 49952981
887440698 445735832
1000000000 1000000000
162318633 64985046
263628265 153966856
6327030 90220181
118925957 134105785
268594065 61431979
268639316 138797676
4349632 331373645
6484101 835386729
155945373 11933794
191412971 13776905
218810164 34333055
289036412 89245853
111916760 117235639
114887189 147374065
8591170 78441271
98109486 149472863
141043542 67953122
264674980 121214060
52758138 4683957
209716848 145227522
51326006 22588716
350992105 35092965
33072557 31387906
222999229 56769881
8106020 56944435
32539980 256633662
11230005 85033679
41109052 164375694
259408414 16952522
304702062 26288960
131453035 40638533
251290712 114037369
54120322 868389183
1000000000 1000000000
417918510 398146783
1000000000 1000000000
33329397 175740416
58625086 253086695
1400694 524848514
7254563 815305094
29983459 54816198
329079575 69517197
133172700 66781396
192292040 148813798
501369 267216792
9069996 714637809
93832682 721852995
1000000000 1000000000
139726816 44530112
213802453 125239928
221306088 4497255
265958913 38571008
23719429 69126577
37601103 254553515
45409074 135021196
51039514 238560755
131997111 124147469
244111935 127573375
280264309 21836800
304910250 57369644
555709 76569910
227827051 142609049
125745784 24861764
338887064 33768545
34293530 125083862
203507023 144371962
114410689 86618862
215254713 125141723
95182852 107118816
171481069 118527399
117281988 151873795
191503688 153581083
93679310 28964220
187161785 123016929
670240178 935723580
1000000000 1000000000
45661514 33158773
56217111 256316221
12880956 5349411
14801782 160867081
2363917 46259556
299456552 83735835
79973754 3317137
436366919 8024143
28670302 34416843
177853472 78504239
965224600 971158732
1000000000 1000000000
160736838 3161843
183082775 98835787
59656535 57489377
94434750 62106942
60597988 91580659
112694199 118283007
898734395 947542330
1000000000 1000000000
142961760 23148482
369400993 23289335
24723544 9889846
114091418 64273463
80334160 6528190
181899694 116420461
209501861 5558250
338485425 74975529
57053509 39460667
84953416 144138544
216915985 21579382
246520275 101799827
54051924 77016591
316681841 78340084
39540492 75778594
261208564 89154953
16647497 11326716
212571125 96403016
226024219 129697645
228689551 156240482
202301931 34768503
236268200 127746432
268796752 82798069
331958635 105274797
27105961 35346245
43369556 194759866
22591398 965381845
1000000000 1000000000
53720352 128251282
196133576 131549685
331373209 17024918
344811065 21756454
188727132 86160092
267756412 156008156
40180653 42714784
200176990 90291043
9919581 46671723
37487825 125732864
29091611 40831875
45091982 58124173
102957476 99402308
219433343 109317378
134361603 44091456
151066175 78625706
31373427 3195055
41920792 49914331
411062302 26785876
427429517 35054456
74342505 52369952
156521581 89615925
764909032 804366482
1000000000 1000000000
586447300 2861934
655622551 4826006
251540503 53856141
254389315 139153350
36409091 120054315
150026248 149607030
145897571 14355741
170653700 104435044
853555357 528402854
1000000000 1000000000
164058424 41503973
262204935 136824140
178496040 53728505
211158786 127658222
139245996 77347276
238728339 136285250
1845762 100327420
4606113 649562943
60069080 42871725
333186456 45690128
5247618 44975291
63800091 65974844
65628149 12713630
397457571 36296000
4178845 15625118
27942447 19822910
148428841 5762869
278927755 88529144
145425122 15149574
266565872 69647517
234333157 7434540
377895872 8030278
256156545 11236477
296711041 39109108
228726894 109849068
264492548 117781869
228963474 15905392
271925509 115974341
5486060 41236739
8385869 354172467
94536004 6906628
252877167 86801295
779531454 483109656
1000000000 1000000000
81864396 68534094
254286285 155354920
4864358 128367687
5489948 992375484
109525268 656182314
1000000000 1000000000
149536975 11583692
430090642 22481377
74811148 61769386
94943066 63395614
11177535 59668028
39036619 152281885
31530387 169122756
44240730 248920882
359656970 818481904
1000000000 1000000000
229080314 108508899
261406585 114106683
39499877 85242263
242952450 143107691
72907326 51293073
105061003 118615355
290555190 3100677
315078618 93651484
46922702 56853834
266914505 91969353
86184657 101592480
229776087 151403911
156078288 40952071
202178286 139628515
231822627 21832456
293916277 96263641
291436511 2341009
804295938 4748984
123300374 131379268
140703218 153669660
40488837 75906217
151766094 111911285
280528443 16397085
329619823 37003495
304948688 32890234
322791006 79344987
360336867 123091102
1000000000 1000000000
22693474 25395670
47678946 210903960
63100091 17065908
249722542 97218135
10848154 96871526
232762180 124351111
4817638 87773473
58546431 106614649
2470991 265133213
5370700 432764004
100137668 8392278
220451924 88772283
151999408 37575563
250986824 84776137
29063050 31622471
318117233 65136072
199448527 17666916
258262796 54526295
633076099 184731846
1000000000 1000000000
13803508 69657559
205329985 102940449
150956001 32888643
254621395 88984839
134255550 51126270
145251501 119944280
69372105 22712528
133784333 88430939
376828006 312557597
1000000000 1000000000
11473077 155315913
53578912 262306491
48369445 205900876
53956719 208734006
59197049 156318442
1000000000 1000000000
627747715 474724303
1000000000 1000000000
124608610 22702834
125153636 135505257
61247476 90220874
241315496 135101396
227566507 6522825
247119768 32146151
127303075 78437779
133956867 136618362
36001799 42587708
320280103 98955937
28818969 32118537
153991258 40739865
124046056 32038881
233974718 90838464
100210585 52925712
207495108 110961065
1473379 62171012
58623140 162704331
66917945 23724784
118899116 118799580
114875867 74517061
268838726 75820978
82830330 14189186
257533105 101620663
157975243 59772349
162941717 76839028
168579614 92771533
226013318 97599721
135015809 43148151
258221114 132426306
17101044 16618642
253460372 23697136
64998993 108770852
134178556 112690921
144110096 36755756
267941886 64819658
7860842 79508296
275919753 88961737
250647954 5594561
300965404 52457295
92528540 53420521
103698339 145529262
112937779 23274205
273530848 23443619
22054389 132086899
95585385 139362072
45310852 23965580
326045487 30696912
180638447 80147251
199604739 147836864
284716950 50499529
303963383 74328741
6313138 48505711
23607439 78778287
37406533 200440829
39661071 249047170
166922754 113508126
242400912 144771866
31526556 103141554
108055175 120086494
109980946 77299802
238978937 147784326
181127435 42918169
275410137 80683214
8321734 61119868
159180363 114072554
185004982 121992876
243186792 128275516
43770712 1414677
86220481 35713514
246742352 38353656
324569956 45768147
36764433 59486514
46057853 180646748
2514484 6842691
331198990 38929573
241953 439275585
7966980 736244319
292879621 30710279
328291785 45200819
270305636 16654603
337781954 24872300
137449531 68454169
174051673 70203117
59892467 28268292
299996823 81618728
52682770 34195604
200354233 93695591
2951063 63166298
43136111 97932451
101214342 21554669
250922110 63026903
43139532 101944865
170584695 130260249
403502612 47512404
1000000000 1000000000
61997280 47491569
234534970 78716855
261684104 58310701
331548257 101254151
183485 2351320
6213500 405197616
30804960 3592770
267299977 38456017
546622503 55436525
1000000000 1000000000
30747235 25859564
231873989 91979465
127143481 139018339
129131406 141247548
231074506 7957275
240985526 16661362
36154346 90986376
40988554 122378160
97952256 76610987
175244284 131254519
4707367 96612822
197373815 116219459
13952902 274305676
1000000000 1000000000
120336418 61140841
182965092 80665228
51562780 10441451
54124153 211975109
155096132 52858250
339997037 59106107
15322959 298891442
1000000000 1000000000
44508117 108109935
157991173 115186772
45332917 82955169
298889028 105297585
147623265 36755372
234836699 88894178
37389525 76069448
200850053 99884562
156838187 8923886
240724106 85873095
98337006 78530196
138533034 115596437
21957275 178407070
25789991 256524346
151087430 77685555
228264818 106224902
104123476 35169826
322171340 61100443
126608441 49662686
255247253 60365971
10408557 20010174
244480887 98162155
27706266 101382987
311449234 102747732
228447 40135813
66618038 146322862
105335112 411714571
1000000000 1000000000
146657581 94320045
214608058 145729466
101033357 69045862
163614025 98602464
11316706 58917973
21499124 221084234
9617584 293578894
11955129 396257597
19260888 97493531
189261827 136386959
997639981 667819584
1000000000 1000000000
22882467 702201
116632839 13662007
106776722 5848249
252668811 56329724
282941005 3785006
435332705 24051385
167779704 112157574
209018036 148006976
56314182 3584142
60114262 42237260
87871746 17922917
230309723 90583065
56294836 18283023
204124024 63587413
41926416 18523764
216102164 70586621
25692668 44055907
174060314 128315061
63958802 94100061
172155616 98104585
6373104 161529640
6893890 278035484
508921088 224783910
1000000000 1000000000
113158346 44786011
188681059 143576239
97278852 38423354
123409568 68917165
36017410 36222151
101731073 112705348
100118489 6682879
160812882 35578802
235437806 29510498
250575230 121258996
148830865 6691264
302008604 80152944
41698696 75853364
116532674 97715325
82290072 2337866
167633095 31687285
623669 264428212
57937871 270091658
23874048 44924673
185192548 99341212
4867305 147830623
6045023 823746412
70170997 72199120
123487880 128224653
187637634 73933149
247126348 108936142
139534876 23934685
214792366 34646214
4770518 54308810
85576519 136641982
72185573 4788782
241622700 103926424
182507448 5930339
294841833 76425073
79916787 6998510
82234857 79622856
596223902 215748878
1000000000 1000000000
30865468 76207886
211394319 151868764
75128777 49147829
230526299 155281578
244558679 45472887
297677694 47133704
15627301 58304215
130717349 135709341
13143225 95823028
79382335 154843738
66775182 74738121
277767354 89044051
156711941 71904528
236378653 121674845
15222196 22172003
247052369 69556131
30104794 19768463
171970060 65414145
15770930 43449924
201639435 74348258
335564427 81709126
1000000000 1000000000
269074380 15693151
308976089 43050768
141425028 108003296
233931786 150116488
4528051 25019716
6993110 78585429
6478053 48926480
38736624 245654450
413507710 272974076
1000000000 1000000000
77271650 33226998
113924975 147364133
7621950 190526439
23121012 252302205
175441855 104059501
244867250 137645698
140988401 91443541
271787565 137724180
142285430 14909949
223969817 79720962
755156943 493214940
1000000000 1000000000
125810806 1382760
303703756 49450085
137904935 1786512
153946806 93888615
696237131 139550947
1000000000 1000000000
42698953 5582037
176819559 120119210
3018521 196218437
58757539 273684793
875449927 46692996
1000000000 1000000000
58802 19443942
70359865 140632316
40418943 58104773
185251826 129412359
150104856 107430245
255570488 116702288
120904493 7416420
321241129 56549035
231671867 1644534
265323717 38029730
83100754 29091621
95167454 119088548
618002164 382763575
1000000000 1000000000
5867055 80779026
41027062 204964117
51055660 40902143
271454952 138047533
278506096 6191449
331918713 54928847
79119153 57478489
224420514 73488988
602928737 542073126
1000000000 1000000000
59530427 110984582
238716926 133120765
5126045 221113807
10281275 698154009
314608963 32173218
335000400 35040486
81622714 114218499
185691229 118920889
202052464 33104248
281667643 60858673
30263405 123223175
160290573 150170367
90356628 7734848
184371827 109493272
217362179 6968291
370767371 13363331
29965873 71195475
243081373 118597981
70634902 68542428
133574350 139566789
148388819 68281509
209009520 75884588
176521339 217187038
1000000000 1000000000
35650386 17225605
236636944 22968942
89748715 42253513
171390863 86851472
1954479 326044944
2780865 816002836
35403013 28023072
78740192 139480221
71773441 14433940
182051695 90229972
243721095 57256134
290851590 78091278
31366051 43413477
219487234 140671694
168224569 20887510
257122778 101781301
12121695 8904701
48240021 132366273
4830233 32436277
119963575 115270916
684309869 365023909
1000000000 1000000000
19842265 70653898
163171641 141952049
219632888 32864175
332382446 42736935
129368144 5510629
249310338 41966456
29911372 23840880
232333460 60998728
7238733 427400773
7287133 808002100
14851990 3307341
60809448 73378773
44748879 81302616
190150635 107077653
268801574 11489621
291841619 63607028
88694507 17951698
119236221 108957780
3220561 114742147
52638925 265938099
23404860 66732807
86242146 76447562
79066963 56003951
191695356 119175567
13580171 3405574
251046100 128214208
15556233 2278451
118458108 18801228
419477 5529536
7676247 256042996
10180025 12008504
354801034 27638722
63401454 26941048
82970539 46283476
155371284 40705914
179255478 54261449
64996680 106167888
220867170 113687079
152681207 10706788
211345941 152053248
131529291 73127185
131691246 116251634
31266410 58303386
262755627 147558365
893288496 605422722
1000000000 1000000000
206408339 43245460
214816782 142240159
100859228 85909661
172881432 109532256
11119277 63667610
108219003 142003479
79534817 114755660
109882604 136178440
588919338 901485338
1000000000 1000000000
72436430 80631958
89636236 104377498
74388367 145035391
162876145 154052296
16070773 18070493
16074301 147546369
208684144 142900820
257074204 156116789
105274181 25846638
245681773 125055690
114438505 14213509
254857019 138238921
970845708 940293457
1000000000 1000000000
48129931 157880130
53324607 187509512
84774704 87082817
173046279 107743221
48762403 16546245
208008312 155797839
273924103 54162574
299111912 56906402
220362961 22674871
252645868 140488687
67990069 1037979
181625633 124323371
231608066 15986900
408274027 24535265
676815334 1107145
979070847 6244904
80372568 50815396
142335581 119109595
206158830 568304478
1000000000 1000000000
58294610 92259978
129529133 118432286
83782741 90184196
228937321 147935284
105965369 106577775
175059139 111299761
3527345 83106099
111366792 152279477
128136612 142089123
249289371 154472549
30697547 82646865
168931362 106712320
113256686 79126895
163026428 101583964
1236096 2873699
2016546 374881982
48901095 54208718
263264457 93916635
112273389 70128641
336352264 79162222
231981375 131311455
251347418 138140662
107155287 22776325
248084954 72684995
44899132 38906922
141754496 79525406
131562116 546539
246815601 99268090
26184360 75611559
101439213 139768544
21007257 80460961
100170800 85933716
14672943 9845390
194355613 37012310
215674200 27597545
341574877 32129731
1400239 59481740
335543833 84348218
993290618 233990084
1000000000 1000000000
245275153 821227
291203195 15057127
8728871 26049551
57328990 91047754
31325554 69774685
78122267 84460753
160723323 62314
275127143 19913297
21379972 86935579
40215608 252439329
17455808 20069723
219489037 129706343
3855816 30199813
223241647 144595622
772176499 291429310
1000000000 1000000000
833801 756199101
10383840 930194672
55900975 90993106
57534636 145226376
51027322 95076174
246539926 139671347
32937367 3520469
204675342 29256182
76720886 20019884
186527557 95560737
1733074 125681824
4924465 981325309
10268787 26654147
126962759 151251689
182449033 48798597
321751867 78632202
17263296 50530737
271779969 116031670
1274710 239210195
3219336 953040397
70741800 110193774
147882596 130317891
37146766 78458867
214887805 88651860
17170742 83430522
102258939 84383767
9140364 25872724
202033882 119717170
88394260 27654406
308090801 97256688
266011570 42139336
288768390 72428243
20887483 62632053
104298683 110271044
94203982 35998832
189871831 101095323
102569109 78468847
117075034 108496552
250216929 13114231
318916479 80009935
5060101 554220134
6203895 840394375
150610808 8164470
201718234 146407204
205349566 68472941
332990464 98981832
386145 522090939
7674076 548131378
178436049 42423326
260557770 143240488
60087283 7114301
116914642 139321380
290178446 9220941
341026235 66608975
21666547 39578906
75489217 76348242
140612255 21641437
151106820 113881060
38518782 18062375
169696008 58769597
126942583 24524667
158817196 143604093
35100111 68332170
157674915 76868321
144136012 116832328
271737972 127754807
208586267 20791384
324621619 67242079
128188009 39454045
327997634 80212390
192107663 11556276
212251298 14151547
116205564 55012253
334873557 95118902
844565368 552012775
1000000000 1000000000
14867324 2602602
177648500 52155661
32365478 34320698
108547994 108311132
142898318 4045675
297177432 68912899
149073195 13797283
192796598 43631954
107513858 26586781
251972866 39486883
21638894 41307134
24860955 150081075
79074457 33758676
87791477 59663161
32459950 109828764
100256198 145669625
180577516 143079816
224050038 150864542
93580218 135948495
190291967 141195449
156075541 100161400
172386864 127686719
265896730 68905224
327731982 80726922
145610284 98196126
184884226 131937886
88197230 60245420
168637435 107610026
34182772 109933626
193862859 115791954
26223412 103542823
33101060 174201598
19177956 98399181
210686053 110112478
252137286 45163678
257906114 58737001
142470583 111433848
159058559 134827771
232767140 54484760
322400736 90131647
249375494 18670432
334579474 21636846
15457645 27294751
18753924 164245422
71885977 19205236
100674995 39658505
233157471 46505053
256820541 68165412
183696841 24128456
194330704 141656873
575052647 42243634
1000000000 1000000000
39559978 12302535
250322874 21345442
60694548 40213808
262884823 46914864
170068334 91251264
254046052 107290743
271832300 87761334
287304630 102736347
301242152 64852644
308726548 79955794
8151778 193358475
32681636 231200082
189228471 10114352
355236474 28096971
201416827 27092620
342173802 49046659
160873783 39253405
259210219 81300033
50572143 30322800
72691942 38137284
190035192 572244
301404827 85758134
770955830 15768698
1000000000 1000000000
6961062 39107773
116314672 73769746
62931201 26233919
203137248 26405445
21915614 50429793
132044144 144974277
272046101 105528356
1000000000 1000000000
100406627 79744857
333269625 105133259
106208878 69787416
132705363 141835501
20923605 9198312
78307139 84909920
1984810 334290070
6654831 388848578
6743387 17700346
110544491 126348755
49370115 105064832
143532247 126010413
196003097 39588380
202609468 52309288
16647875 5335858
55121195 271830956
80511095 60721846
186696957 145667947
131523233 118980423
266227634 149077421
189738084 15047889
352032637 31898828
69446642 15142422
181354853 136852693
150926403 12378323
260899552 124885166
979220 527820939
8743465 592194392
270901322 79637202
307479202 93909705
131700360 35895167
140960176 102462442
153488703 95711912
200390635 127411294
151116146 55702749
262268224 139009752
184578481 39756057
215543929 106076913
78674447 21464637
167508960 28621010
34024039 13680464
53576392 91245656
171041401 920383523
1000000000 1000000000
581082 76105531
24553024 142555640
212715806 44518796
264385580 121213831
61709195 138960660
221485683 145592103
47084382 22586947
263722292 125534272
67343469 41987052
155688072 107917838
182485970 4929403
303830219 25222659
234849893 127945384
257649757 128072484
95256030 23746607
116791014 155884889
153588259 725867224
1000000000 1000000000
185497097 40425153
217961072 89388406
111743448 52270226
166060808 138346850
42283330 10003470
277885380 56782706
114827663 104453871
301481375 104601230
52127682 108424123
119609497 140499269
134267760 123449292
166355508 155334962
249083568 9962264
350359114 12474895
53091114 84179992
212929482 114183679
334440547 353526449
1000000000 1000000000
125464243 74611306
202004898 114198209
135152335 44068638
173725146 146252762
46428409 42968093
56605346 240031228
137208514 54246233
216686910 88569228
149629268 55803157
271426668 112805577
131652928 36942829
192275120 87196371
80028244 7047591
109719610 29021507
207176213 75308956
235285992 151728207
15972051 34918557
230206877 142684500
65082283 68021023
108966913 78528486
188062625 35266245
320928611 49346345
7374346 79435010
17361417 80775289
58718050 3963691
88065324 141702318
233473340 15032029
323751096 102664238
237236398 118285386
261351977 120680295
290170215 64806467
321125440 84475915
35462046 57812337
44634449 58737924
44319549 234410445
56538073 271367625
77188351 62369216
191675072 156176328
130605675 20250638
310518516 20975422
131475755 56937181
159159340 81506535
440798097 7443446
1000000000 1000000000
40714008 7672913
383228809 36937950
183974741 83792756
250769020 130967240
42747949 21881593
74479899 107005289
73998889 73969301
250869203 112085451
414782368 241482111
1000000000 1000000000
275839103 12306990
306890576 13671132
74875875 67305633
128610982 152664219
57081573 85689357
329059153 86438935
234076036 13365627
249311586 32362753
161716982 37194009
218022447 136891103
178884917 47321474
244157877 119711381
155132892 56453668
173559202 146225553
1805639 624242956
9432873 676263557
240651230 41018450
248075956 64456478
44220574 72570547
140947544 145506537
137913533 90710532
154776761 151250712
59921405 42225751
101809816 90523766
36560834 89866249
42192244 132870177
110720510 92785913
119422026 137260730
813505822 966314439
1000000000 1000000000
219431769 508167416
1000000000 1000000000
19355138 192958242
51931571 250088415
151610620 123482717
216546350 127407520
252277805 47496056
255952873 155730646
176914261 14216608
221746770 141347681
889998721 362088575
1000000000 1000000000
52815092 67893628
70051631 104124715
101915418 28927917
215752745 68820811
817259039 604031365
1000000000 1000000000
36410987 801185740
1000000000 1000000000
935452661 527205631
1000000000 1000000000
766376 534390641
1801018 706575197
180440786 20666966
275625534 45232880
121882529 26468314
146904546 31388394
62300802 61037934
264368449 72733329
262566008 20907246
301762567 97139665
168606369 10765018
225447064 45279733
89322020 45768837
334473967 55188966
16996484 87588052
47582719 223491550
58051575 10157542
202737292 47266361
186384620 39595195
289258860 45296382
108794751 31562806
279544751 94718085
1218376 392246221
1254982 770619175
187048875 37867963
228451868 141780887
23340322 34783140
157606347 79963574
104858369 42138641
187588124 87921791
210091766 7115265
245955863 32091274
2904248 133991663
89147174 148875432
114032465 52099599
261497003 116901750
10987399 18646974
188017112 53430174
59871962 87487744
245838845 123237666
175949844 16065575
194885147 26884135
27109361 51537348
252342208 76787497
184815850 73871987
243504822 88701632
190673609 46254590
228391732 107144332
39285491 77821175
112409236 135602897
25805087 19756395
139630229 149037929
56286717 49909598
120598433 86315204
256845776 39353739
297463357 70748839
252388120 84624932
256687137 136864965
89381521 10209297
123058007 22778612
118541870 131580509
186247538 141212263
53410473 54917111
187794387 140909804
4959999 732488003
6661012 734709770
2282230 204148199
10940235 254820758
106006870 34499700
243928061 148086744
59991492 18797302
99672277 135943921
27991163 31732411
29927327 149780730
52265989 108513913
54778039 159717206
16096830 106072846
19292847 215432348
113010228 94100697
229619228 155696963
46967514 16330645
239381714 29471262
566025299 277533219
1000000000 1000000000
94359781 13987910
187305984 111624645
131507993 43514502
221198090 124518748
132113749 91798797
258809137 113021656
148457401 1888727
224917309 116472668
88320611 51199489
301229053 75215416
65584447 81362996
87119237 92770229
180207412 48782907
227847766 154496884
224362431 16658284
340185564 36345122
293379342 11261063
354062108 34951164
169677289 41262914
209833690 59061311
271010544 9593546
377998482 14993756
19547676 85148935
38527696 230489651
68348515 101621051
172350617 117230274
154107659 36456913
163196295 86119592
41228163 14481067
47358435 152248076
156562237 39398493
258807591 94782580
132279252 10952956
292493604 29295953
51864257 31543685
313196483 86245798
297681347 34501881
315267844 44272345
132166057 3285563
403414890 4181532
44271648 122889350
196324967 131064428
47309178 78131380
87677378 131895663
203819688 2728593
428119208 29885250
186967377 112502387
203546232 113823531
274785059 7668233
296462889 81230207
45637147 21043801
112949182 142996191
38699487 68644155
239255331 154254007
14346741 189225776
24160333 213588222
153260315 25504362
249612546 94390681
105768995 25758274
187487671 133499833
1562341 106183648
9195939 172766292
9209922 56112482
10391573 868662417
210192270 52298292
302098905 65196404
184258584 119241452
192758452 119772681
10997961 29045388
44660233 145554570
78675201 68818987
103766548 154241813
134897556 100462047
242221210 147848588
101737624 53914065
164709501 66337206
360495483 862087881
1000000000 1000000000
25440835 52068965
234890924 131375918
56715948 46503585
184463679 62866162
6898394 91375389
45147646 129938874
10165806 80524471
41303675 160558210
24796714 198311996
33592861 209657997
63301682 44719606
238869027 133038595
61521774 48387890
287915337 100301646
205788436 64622425
316660578 75422146
7117423 64757240
31549530 83635275
273287730 984453626
1000000000 1000000000
42509335 22840148
234187228 72558275
37609798 101471630
156321889 143843260
151158815 73996232
215173406 99345914
131221270 2628395
241577665 32252038
53696722 18458949
182415884 26666174
104343954 38891019
267750551 122094879
208145279 48974275
329503070 53679203
817790455 841181987
1000000000 1000000000
57483687 48186019
252215945 112140362
292929919 25093903
323442063 56574043
987770049 743343416
1000000000 1000000000
129195939 44441468
234276843 156141088
36787748 56499022
57037438 141092335
261065307 66023120
268955643 88200418
47069495 693375466
1000000000 1000000000
66661805 25023834
288583113 31377209
940413643 439754825
1000000000 1000000000
28367829 78445552
208185606 88751743
80967601 25584831
150694433 101527440
950546806 89683994
1000000000 1000000000
182965911 99569720
215956291 156235136
111022542 43209029
342292076 67352076
152195616 61559223
326000369 97430838
168762085 38712631
214728111 130152126
54646663 1157978
939362922 2088980
94049016 106946195
146683109 147466109
703313697 761850717
1000000000 1000000000
23389001 39703254
233346279 105324932
152968684 43316179
210593022 126822475
77912787 23046746
374402360 33078134
23358624 40208589
28226155 42117865
97343741 120274027
178183436 148509781
1825664 45499447
78659702 101055271
70488452 15331947
260191392 85535953
52396553 29439193
183620130 35201251
78530525 42181459
148794577 65331958
48410839 92528262
102244617 93696078
902489114 453748545
1000000000 1000000000
30251329 1912714
264014337 114325849
32298770 91573966
35381043 175195719
87236294 59453979
254462261 116495655
27111332 205992939
37368882 212956334
329442807 2231464
331943983 90069378
98115727 2337218
192956961 52426386
172336704 125085208
178973511 139517540
95508400 39729373
133744279 77763883
274831870 366507665
1000000000 1000000000
405424023 439318730
1000000000 1000000000
818407614 970473578
1000000000 1000000000
54449217 46914236
141067411 83367333
7883365 31488414
190819864 72810513
82629635 661622333
1000000000 1000000000
156180633 23049955
233145698 144389359
852236279 940975985
1000000000 1000000000
16150589 67359927
228357369 92286938
63233052 73476543
81323588 114505849
76879202 39906689
302388758 94695808
154260816 68092943
230644216 118838684
31928822 94157509
51241195 171513921
9550940 142614073
116950902 151687689
17722989 87685709
116511596 135879360
237969426 7095958
305708633 97729757
90058675 36604787
107005535 108228925
35654094 39267260
55896654 175939439
172338274 66619180
197732971 89476251
11477559 78179389
271633526 117123718
114859079 83495120
265774068 95006377
9625102 72437112
255072212 122729729
50253326 45932372
76201196 76904223
68250325 25507807
341277971 49743397
41248711 147862381
226316194 152400606
32850588 12547548
63741166 74990666
4322018 25493550
47108970 254811482
108853860 17155822
220606334 23370919
29380576 68442819
247991200 91817653
143162328 24257133
266779549 49789031
144385988 85445158
238162249 113002737
51387731 66167104
266594966 143415489
69671320 24260479
436678727 34768705
52987418 48605732
189526911 115672052
