1000 2
208290355 462849971
1000000000 1000000000
920218783 812907579
1000000000 1000000000
308391347 939466520
1000000000 1000000000
894525132 781370600
1000000000 1000000000
111700579 3880555
198755684 9491460
163891299 746365474
1000000000 1000000000
173729721 332227304
1000000000 1000000000
378268170 502322199
1000000000 1000000000
345470322 916264357
1000000000 1000000000
14321052 30295063
152889779 30326938
50800403 37251174
109117928 45745687
53283985 7477747
116479490 32728770
97013730 42676517
149439507 44038022
321220671 780170360
1000000000 1000000000
49309933 5461357
79377683 41938886
723968366 510591130
1000000000 1000000000
808213 8967049
117461188 18909717
6477394 21771585
116293689 38418042
549041073 506965332
1000000000 1000000000
29718440 13907939
62372658 29675358
281058826 5176834
327173080 8057484
108213144 11070585
173677967 27751755
234561305 462615094
1000000000 1000000000
103382489 5312226
137900237 21399584
17598443 38902029
107335734 47667721
328999322 577351515
1000000000 1000000000
278216492 492289814
1000000000 1000000000
311912051 119177128
1000000000 1000000000
39237412 908448379
1000000000 1000000000
7810862 18477858
23543838 101086696
29255553 854193330
1000000000 1000000000
12317264 4394092
22553135 32092477
73507552 15841196
115083785 34876820
767484647 191809636
1000000000 1000000000
3394373 7774621
109090038 45031679
220732224 616863584
1000000000 1000000000
18548510 9469341
118801357 33534110
515036641 894164469
1000000000 1000000000
322556540 221371873
1000000000 1000000000
440094588 958699937
1000000000 1000000000
1295818 44070143
38218675 45440238
431862305 927676779
1000000000 1000000000
844837163 659952225
1000000000 1000000000
899674071 929748064
1000000000 1000000000
69860206 32757313
84297035 37680860
115259590 84802050
1000000000 1000000000
20146683 414432649
1000000000 1000000000
537760616 972571564
1000000000 1000000000
2844146 4785239
94447073 51447033
935836643 458800233
1000000000 1000000000
160983268 446920086
1000000000 1000000000
971560258 67039701
1000000000 1000000000
37977 889621
73724552 43087622
118587102 837341256
1000000000 1000000000
9184865 279505875
1000000000 1000000000
103359728 327039034
1000000000 1000000000
407832536 571701258
1000000000 1000000000
780077137 40265362
1000000000 1000000000
4866302 811497
55420540 25409809
802543840 502578425
1000000000 1000000000
35755591 893277231
1000000000 1000000000
837097823 854750706
1000000000 1000000000
468693575 888455288
1000000000 1000000000
666981883 145924507
1000000000 1000000000
147058285 626468302
1000000000 1000000000
214570054 255163535
1000000000 1000000000
18985996 24518908
127255027 28922769
658143422 36214896
1000000000 1000000000
43174360 1138918
313689110 1355466
29349364 11934358
110118994 39806754
138244869 524628997
1000000000 1000000000
606265629 529906918
1000000000 1000000000
38742600 13209338
131008529 28978202
19506766 40113024
47239224 50839842
186043467 922891395
1000000000 1000000000
680440002 236758720
1000000000 1000000000
643905344 88342587
1000000000 1000000000
192052117 10808298
215353697 14064518
34646001 5133637
190464330 15122367
501935067 427107844
1000000000 1000000000
21315942 8371722
200162998 28893241
547816476 357244268
1000000000 1000000000
4010116 35906948
46921733 38203481
158007647 19578082
243788213 21561824
120270674 30440931
177479943 31122779
663669361 267971992
1000000000 1000000000
17376663 7320759
76417447 26563604
511586444 895726487
1000000000 1000000000
338965405 976489233
1000000000 1000000000
66317458 229467375
1000000000 1000000000
44778 205879952
899756 415212891
989225069 624238946
1000000000 1000000000
308263671 925146735
1000000000 1000000000
342974254 453441740
1000000000 1000000000
17278675 12809690
182415347 29384606
427857526 644895246
1000000000 1000000000
183995952 586240527
1000000000 1000000000
651242432 190293629
1000000000 1000000000
291581472 10088480
332425279 12061590
97620692 19973317
175909360 22542490
262364015 460948893
1000000000 1000000000
662911961 907337916
1000000000 1000000000
823385963 54848674
1000000000 1000000000
33355014 2356197
270405128 11907792
70679475 10742530
78828350 11406050
20206814 3520647
84186318 4951544
389468331 71852486
1000000000 1000000000
706042673 520631724
1000000000 1000000000
51658434 2138739
205168566 7249536
249977808 914403895
1000000000 1000000000
544275121 101915578
1000000000 1000000000
368291694 737878476
1000000000 1000000000
50270786 4730958
61051989 28725916
161723257 526979
169922129 17336512
165079429 11760162
216957276 13046445
121940231 4056263
136247953 42600267
28169148 12588978
171222388 33141176
92230268 4350666
123415121 39108241
5194295 36264334
91221645 40716931
527856703 482606493
1000000000 1000000000
925997522 67713973
1000000000 1000000000
3111245 8566618
17366439 64060946
2047076 13869123
31192530 96312683
19269416 21916286
93536999 51278054
1250373 514392596
1409751 589627903
142481122 5620389
225582904 7567508
33367722 48453963
106913638 51988442
68386452 22888603
174125879 29663547
368167271 616089560
1000000000 1000000000
893231148 505375008
1000000000 1000000000
10901842 20576241
42539950 40011474
78459567 32349389
142789625 36184369
76156222 11919818
110980926 43711062
53907559 15244520
86567580 45755583
49849857 11746694
80272290 14377144
284192932 861901655
1000000000 1000000000
383192119 385039979
1000000000 1000000000
45925308 12977261
139793663 42246441
199849928 304849347
1000000000 1000000000
190518567 968627282
1000000000 1000000000
643884826 192931380
1000000000 1000000000
198532368 109474425
1000000000 1000000000
406445577 822090071
1000000000 1000000000
26675439 529032593
1000000000 1000000000
7082169 43971327
33776418 72913011
51339951 3181073
83799747 21291285
23760642 8481366
253019890 21759275
409692479 358203360
1000000000 1000000000
44900401 26239237
88317331 27150822
378457317 76613254
1000000000 1000000000
622659930 184415269
1000000000 1000000000
866500807 93783777
1000000000 1000000000
61360381 1595120
132564765 30156811
20569525 16086597
75862407 18841486
44697374 677461730
1000000000 1000000000
739880980 204250063
1000000000 1000000000
171093919 6022630
228350361 9968016
73100855 3736569
227062206 7442290
907415093 733544593
1000000000 1000000000
690786473 416059851
1000000000 1000000000
224047739 3842286
241844940 9713143
24093550 193450044
1000000000 1000000000
65046175 18925439
249128427 20099890
570183918 664043313
1000000000 1000000000
25532429 555430562
1000000000 1000000000
715588086 650148462
1000000000 1000000000
124426052 11758400
183003132 31506524
666286043 53516099
1000000000 1000000000
771052238 891784529
1000000000 1000000000
151905082 35318638
1000000000 1000000000
475460147 645945125
1000000000 1000000000
6576590 34411277
21152483 51109346
2980103 6832734
21161101 20753251
46757298 4999251
238076702 5082843
38548521 10136548
333689114 11865181
918295300 266816251
1000000000 1000000000
82329657 8662611
109214447 24220966
75234957 16090047
142376872 21833759
127005382 941126321
1000000000 1000000000
79788651 220951890
1000000000 1000000000
780083451 957676339
1000000000 1000000000
51325642 70072105
1000000000 1000000000
358957421 752215058
1000000000 1000000000
52584620 16257182
58438574 28750266
36201248 19562906
65915211 43554806
111038791 8405659
142453695 20328897
477758416 203106946
1000000000 1000000000
620224567 621876589
1000000000 1000000000
570214257 773209020
1000000000 1000000000
92049671 11394027
134410904 24463871
119334469 5109981
334023849 6766751
30909153 51557230
82569395 52127972
632442172 681585213
1000000000 1000000000
118023493 546334684
1000000000 1000000000
96171033 7883725
122144223 30315557
260027410 991175806
1000000000 1000000000
864347754 756140583
1000000000 1000000000
14731994 444906033
1000000000 1000000000
57672358 9425810
311554272 9498938
12746835 8393726
129375807 32252901
99048056 490343017
1000000000 1000000000
460128985 549802312
1000000000 1000000000
760661556 727930139
1000000000 1000000000
58571169 504039171
1000000000 1000000000
427772544 750068069
1000000000 1000000000
275081492 849737346
1000000000 1000000000
255195705 12865480
1000000000 1000000000
547519452 215640331
1000000000 1000000000
899107955 306537205
1000000000 1000000000
16320717 863296841
1000000000 1000000000
1089765 482245080
1622693 622684075
882185 341633855
1121781 641105682
231190436 2230269
248963655 5854310
1065602 19027124
158580431 30291505
82832840 9919570
134577800 27831427
311013609 793730587
1000000000 1000000000
56999460 8104519
190844740 16960740
126072049 6513912
311379308 9868105
137285553 12236958
221427317 12694555
181563820 9172281
326320746 10328739
401267417 173990811
1000000000 1000000000
57506055 6518160
171459824 13109209
527897 296268977
2900866 382874380
20475546 45768404
37053753 46232600
193163622 16325354
195690583 20430628
84671454 8398483
115207648 23252321
21314949 25517680
24818758 62121050
676289988 665368794
1000000000 1000000000
739733348 919279696
1000000000 1000000000
41800034 3004735
163319762 24711616
857330605 65205033
1000000000 1000000000
917361484 586674421
1000000000 1000000000
46578893 977003648
1000000000 1000000000
76020338 25676437
76259353 29405099
251657633 648348152
1000000000 1000000000
10438937 373065452
1000000000 1000000000
238749840 99137906
1000000000 1000000000
566219746 304343848
1000000000 1000000000
503339098 481683578
1000000000 1000000000
894755802 922734853
1000000000 1000000000
643152468 713537680
1000000000 1000000000
10334098 387310084
1000000000 1000000000
11626129 4166189
102623642 43551635
187954460 5127360
226737965 21013083
162511992 882169149
1000000000 1000000000
723541076 497327212
1000000000 1000000000
889207 197932568
1847523 405868573
12546040 4703090
92570225 48573394
531277896 780650211
1000000000 1000000000
70044790 721244231
1000000000 1000000000
35233918 3620690
130060246 19916612
285746167 933274730
1000000000 1000000000
730761259 452015472
1000000000 1000000000
21356289 1893639
67348196 32986794
137503703 927511804
1000000000 1000000000
58606081 20469638
112501243 22733378
453126763 395749372
1000000000 1000000000
489950430 277490174
1000000000 1000000000
136248473 5051146
140824548 30736043
908168275 5612815
1000000000 1000000000
64283743 10063560
149134232 32276621
801422666 829558054
1000000000 1000000000
2915887 106596145
1000000000 1000000000
107152300 446025
303040057 5031909
547026759 874232435
1000000000 1000000000
5189613 26532635
82155030 35493162
982219940 904883947
1000000000 1000000000
168769091 579330026
1000000000 1000000000
23124408 3235368
156717592 9857556
955950138 103804909
1000000000 1000000000
580273078 857515352
1000000000 1000000000
484779578 520047152
1000000000 1000000000
219869137 2494106
220631622 19761142
142462160 212405205
1000000000 1000000000
20740201 4469667
38725279 19772887
16396106 696418
46052671 48658545
115845321 11642848
234954904 18853410
18034259 26862139
88312183 35055309
62827208 2732757
131016785 15646657
803525199 232776659
1000000000 1000000000
17326175 494165375
1000000000 1000000000
103135232 2918023
144109618 16187370
939406479 614273821
1000000000 1000000000
31959920 24694768
118861595 31186093
133083923 573562451
1000000000 1000000000
66637620 29734507
68858613 31922511
461192603 847718203
1000000000 1000000000
33895796 17955500
39063381 22775060
22944595 304224876
1000000000 1000000000
431469650 55639634
1000000000 1000000000
19718271 576782808
1000000000 1000000000
140487812 589594941
1000000000 1000000000
199987308 854310473
1000000000 1000000000
187168564 4806127
189226521 33659447
193642097 367311018
1000000000 1000000000
715959655 191578669
1000000000 1000000000
192627495 10574187
223542579 18315450
681565667 100888659
1000000000 1000000000
784862747 315052946
1000000000 1000000000
95841332 6372196
320206006 8350496
504092472 981543768
1000000000 1000000000
175161711 344430051
1000000000 1000000000
77699260 820937746
1000000000 1000000000
852265050 27163588
1000000000 1000000000
24228748 25386019
49406379 52155871
115748969 20556198
209736885 20910189
639160155 911349969
1000000000 1000000000
182263175 7644388
250618764 9564772
56987563 236855292
1000000000 1000000000
651506947 243062090
1000000000 1000000000
19894345 991758307
1000000000 1000000000
145780162 6109645
175900309 28260192
22697866 29818954
86321898 40827622
820194800 474575869
1000000000 1000000000
873488853 296495183
1000000000 1000000000
36989015 37473332
51746246 41346006
116453342 19644246
241684378 21075204
210035311 6781495
224310536 20752064
442477581 496927292
1000000000 1000000000
20342834 3841236
131572583 27689278
29916573 36424024
51526316 36445094
9122039 15868426
37219600 19576697
6192211 2766045
223467711 16651660
172432182 12471242
174142839 17656744
13715368 13861480
134894012 44438630
60057469 405123311
1000000000 1000000000
366278655 945110009
1000000000 1000000000
28239 86247215
19467631 102183118
160307206 291405844
1000000000 1000000000
644102332 578149297
1000000000 1000000000
126188826 446371
302762781 4059441
16801951 19060791
59035074 51995645
48281913 44709595
109434425 50394724
38868959 14199350
124742970 35851394
316022789 879485959
1000000000 1000000000
225945139 27876418
1000000000 1000000000
59078276 17161554
195454732 34182801
717565475 624312527
1000000000 1000000000
917207601 447595019
1000000000 1000000000
890913692 960572727
1000000000 1000000000
10602670 34900222
121026571 44787461
7110478 5572845
9112578 6314235
31250128 3532818
266487787 5090108
219555816 319635176
1000000000 1000000000
525100033 562826700
1000000000 1000000000
112030275 18872290
184444986 31969550
65194185 6216023
117241063 26181249
457419119 526034704
1000000000 1000000000
40618630 22722985
140949104 23616689
677994539 671717155
1000000000 1000000000
1860698 217400267
2284004 480255967
24748910 22728714
143156739 35727460
615735 105903688
1210715 157584158
548139583 242819188
1000000000 1000000000
889769820 355492941
1000000000 1000000000
59518006 2939980
176753125 14209383
78354342 7891244
292609616 12392773
32520874 24117171
58790082 47715285
92945494 40677798
139376287 42178384
733701 306685313
905217 410898527
237109496 578168960
1000000000 1000000000
601537692 434445072
1000000000 1000000000
36889221 17879799
134245717 38693362
929811955 592989179
1000000000 1000000000
846044470 995704363
1000000000 1000000000
101988876 3835915
199695691 16956078
62088593 21985463
71086582 34403587
187612808 4267582
266449631 11260592
594917965 545118683
1000000000 1000000000
24337559 41160141
32463881 84803352
51510309 28329840
71942797 46416696
566048205 916754706
1000000000 1000000000
252747639 4597732
318830256 10639272
787010956 107957190
1000000000 1000000000
817183308 155805653
1000000000 1000000000
659572763 557525111
1000000000 1000000000
16082432 17788609
31463103 84919823
3647038 62395398
15825525 85797855
1489249 140194994
1559414 464806289
584664027 163249775
1000000000 1000000000
942236898 221436588
1000000000 1000000000
758650894 35763248
1000000000 1000000000
147180103 4937419
292914991 7418770
851027973 214841427
1000000000 1000000000
50170084 9368006
204931597 22224383
28208501 752132447
1000000000 1000000000
627871 52566405
1485233 383568248
609988325 306103963
1000000000 1000000000
303953257 10760843
330651442 12519287
152022320 453450662
1000000000 1000000000
949470619 739475639
1000000000 1000000000
20187878 36282720
24214779 43336339
189307313 3785047
331921334 11897972
117359676 312662073
1000000000 1000000000
510565399 619358832
1000000000 1000000000
312112293 655160375
1000000000 1000000000
445002908 411336545
1000000000 1000000000
1376625 159102824
1401269 316042216
999902011 534153221
1000000000 1000000000
339948740 873985792
1000000000 1000000000
17557673 14833490
139028323 23840296
3608974 80945477
19538010 99364400
110632687 259929002
1000000000 1000000000
444924573 55973288
1000000000 1000000000
493994943 665725617
1000000000 1000000000
32712797 29372631
50095946 49358356
81411263 5702911
202217874 6710161
486518251 171138124
1000000000 1000000000
334243062 310560397
1000000000 1000000000
81870565 805846091
1000000000 1000000000
36194814 7234411
203926007 15992902
112442396 1300811
202343755 30036743
35630137 12311072
168671963 21234858
535212016 309123548
1000000000 1000000000
721382035 366724104
1000000000 1000000000
236490 614212012
1845398 686366900
11530607 117967498
1000000000 1000000000
286639812 66144324
1000000000 1000000000
831771608 238554408
1000000000 1000000000
819134372 442316900
1000000000 1000000000
136903531 4408035
278853568 10934748
864204228 470850724
1000000000 1000000000
529730271 875865668
1000000000 1000000000
32037728 2223700
59558876 44065973
819592 9248666
293611954 9849020
140642455 20644374
179566972 24341709
1978434 9160218
164870508 34884074
25373447 23244290
129909318 35515093
869983747 527706439
1000000000 1000000000
96720727 1932414
99673381 39734463
205107152 22353387
1000000000 1000000000
812489892 780367708
1000000000 1000000000
260520408 517865222
1000000000 1000000000
995089097 401097400
1000000000 1000000000
256494715 828339927
1000000000 1000000000
173356256 870459631
1000000000 1000000000
698876671 625478019
1000000000 1000000000
353372 331713418
1265321 352518886
175297073 7751562
197337278 13377139
59252924 22720632
203696047 27214317
401327412 641328183
1000000000 1000000000
154088871 16417085
188817634 20370145
862749455 96983281
1000000000 1000000000
82046349 12777945
102685682 43129716
29809107 1124354
49703340 2720495
786270045 334941830
1000000000 1000000000
57610445 2577577
152317075 20589734
1355496 11477915
33351824 37910110
234936572 235196838
1000000000 1000000000
591196912 295228281
1000000000 1000000000
94102308 2976421
154928160 19863207
172099534 397546391
1000000000 1000000000
735972835 67584387
1000000000 1000000000
975839648 663636408
1000000000 1000000000
142418197 19321566
184636946 20074405
11557 136666997
2907601 679529933
126938847 21620668
136214923 35207123
10002039 26820169
127710649 39462623
41294663 5516241
76376928 48446699
72031973 1559559
239076437 16359100
43781111 19523180
75885520 51968532
505651735 692235627
1000000000 1000000000
19620478 117789089
1000000000 1000000000
599617 215400262
1301307 392362067
949321507 199429240
1000000000 1000000000
223745551 37449712
1000000000 1000000000
34820624 14397483
164863936 17476398
7199865 862353891
1000000000 1000000000
696067890 735242258
1000000000 1000000000
69139694 5324565
161056405 29903191
327091096 387032642
1000000000 1000000000
163646417 922033780
1000000000 1000000000
965149542 708173878
1000000000 1000000000
986686930 423891859
1000000000 1000000000
29572864 43060294
69278927 47501185
92446598 483281125
1000000000 1000000000
89700417 520668643
1000000000 1000000000
926022011 353247757
1000000000 1000000000
956672622 220063690
1000000000 1000000000
9565105 93882224
20211193 99979693
147639327 518251655
1000000000 1000000000
4939131 10032002
240103454 16388282
10207941 30476230
152994947 31262694
33126708 20593859
57887691 49269823
55001977 218605187
1000000000 1000000000
245626261 5068555
329239274 7787386
322855421 674455826
1000000000 1000000000
18573031 17473187
56977724 31227931
433820576 891739614
1000000000 1000000000
668185415 110388537
1000000000 1000000000
28741 303236801
310496 469255354
12305433 17646867
165070756 26583807
739245043 670245480
1000000000 1000000000
271985085 195872989
1000000000 1000000000
916105905 324761624
1000000000 1000000000
340693927 835538541
1000000000 1000000000
2299122 262571957
2855552 645534059
89704325 3676701
151076067 29243860
102944150 4556775
128144999 36194640
64300377 15191152
179640441 20805506
20119657 34026337
153986013 34948993
99972934 14447641
181490063 14488597
949402824 699013457
1000000000 1000000000
87173513 1425099
112878639 42115578
168504924 4376640
237066655 7517342
367514476 208719931
1000000000 1000000000
9380307 16336034
110464741 17330768
2286950 6921066
30196730 51913518
188326316 27507981
194277207 32893954
127696980 6859040
133076683 15846724
359954756 186267667
1000000000 1000000000
195400219 3963232
247395604 11272856
706797241 495910572
1000000000 1000000000
114793985 10918696
121158064 28044648
459954117 213841907
1000000000 1000000000
994577423 777680050
1000000000 1000000000
25389951 10517019
130540457 24678944
906973827 497274921
1000000000 1000000000
753807070 521699736
1000000000 1000000000
448439587 491218396
1000000000 1000000000
25131729 21214898
97237826 26842321
17511523 2779329
251220111 19575077
164460706 4305891
227604611 14758056
44440948 12811466
109043346 46686885
30828791 12287048
167647677 14674538
795748161 290695500
1000000000 1000000000
90502147 4360143
162730008 30761177
329835 707442145
1000000000 1000000000
0 0
51296972 47417326
73454326 7468274
136155995 13103196
552101240 468156443
1000000000 1000000000
49623634 14349591
187707722 20652850
982919815 538565563
1000000000 1000000000
142630535 13514576
235993285 14256204
917427937 198452717
1000000000 1000000000
173059561 3122450
204955415 28298114
33718543 3515387
63703167 51367164
516362314 557288569
1000000000 1000000000
49012191 23349834
181531635 34340647
39165131 31182215
104475283 32194425
436903938 34193942
1000000000 1000000000
34268112 429948
201873596 8625519
555855010 285688953
1000000000 1000000000
83437699 1320118
286153960 6747798
691058397 512277603
1000000000 1000000000
15773433 5776095
80106304 26800108
16774240 21826192
201234396 30955075
105939641 4319562
162552091 29899664
458959965 17972884
1000000000 1000000000
40774549 4718527
243178122 15818981
238420335 921647355
1000000000 1000000000
130538605 7301659
221214273 20238826
426907436 939795309
1000000000 1000000000
771861229 213630041
1000000000 1000000000
301838364 471716142
1000000000 1000000000
121829466 398355235
1000000000 1000000000
315441918 852461162
1000000000 1000000000
317938032 652370062
1000000000 1000000000
696721006 127700509
1000000000 1000000000
688398693 536970568
1000000000 1000000000
613336653 245495732
1000000000 1000000000
63980370 13395042
148018020 22174343
836038606 832469464
1000000000 1000000000
80572126 4330086
230228060 14085697
91729899 17480004
125040981 35768283
692702422 646225119
1000000000 1000000000
66210327 38799817
74919590 40457448
256215234 3642468
327255243 3999346
208325004 6461174
317773271 11653486
965622909 355158590
1000000000 1000000000
676288081 681255808
1000000000 1000000000
50241243 26442594
147224576 36310565
322059024 474846871
1000000000 1000000000
271063087 32435691
1000000000 1000000000
8545884 9312480
13763374 21881322
32332100 2708348
133248177 27663180
285898422 532378528
1000000000 1000000000
591081613 972406902
1000000000 1000000000
1776620 103431762
1933916 284040746
111301179 12318066
145346174 23035302
729151334 885623985
1000000000 1000000000
629341490 303629902
1000000000 1000000000
713828381 433298152
1000000000 1000000000
114296703 478668199
1000000000 1000000000
41792282 31989882
118353285 51021376
46273065 22085749
59305948 31009421
924577814 978574076
1000000000 1000000000
95937445 9425159
207265808 13650524
46359839 36237097
49174491 44036227
385998732 265234011
1000000000 1000000000
127711308 23971482
133071598 33980148
809381262 840374023
1000000000 1000000000
5655676 15673569
12226093 75015892
22199188 737208
215199203 21576446
97986108 39789334
117138829 48525022
77559892 43022501
121623075 43098086
10800729 606305920
1000000000 1000000000
684814 87486811
741846 537279862
244977031 586427545
1000000000 1000000000
156568059 865603733
1000000000 1000000000
780316445 245955553
1000000000 1000000000
971382817 195658551
1000000000 1000000000
737440520 831578954
1000000000 1000000000
37921348 9628246
52186333 33796668
93888604 9007219
132736091 10031855
79798358 6283381
111847462 28980981
36908304 19186732
140558565 24877948
194514633 44563294
1000000000 1000000000
962633611 531211040
1000000000 1000000000
426695273 999258482
1000000000 1000000000
1099254 15139491
16418173 56088612
157949824 4617543
212966976 21734690
186400484 438978841
1000000000 1000000000
760358996 983531588
1000000000 1000000000
174082069 9613354
277264570 12383139
104437261 4406748
118158061 33360797
808459523 83758416
1000000000 1000000000
899386174 346970566
1000000000 1000000000
86891562 951528342
1000000000 1000000000
184564376 10056977
255844763 12176062
761977278 612589906
1000000000 1000000000
146284660 8278491
154367099 12423679
667134 11073940
164907647 27808604
24685278 27764016
81697748 31291960
114696798 21049264
145807444 27360687
585861005 11828069
1000000000 1000000000
662246860 735544306
1000000000 1000000000
515651226 310567857
1000000000 1000000000
101505794 10226186
167395576 25466838
806076724 329477261
1000000000 1000000000
185762934 9536404
218747879 15016518
117088351 3773339
176947636 16768231
722302207 289572678
1000000000 1000000000
727625697 87618048
1000000000 1000000000
366157450 796236559
1000000000 1000000000
824564627 840574332
1000000000 1000000000
191668432 14138883
225195087 17747302
812491819 571286613
1000000000 1000000000
467240252 211322
1000000000 1000000000
6291148 8143141
151704262 42276428
684946103 894484486
1000000000 1000000000
74134516 15820686
204768946 34075437
343075441 661988557
1000000000 1000000000
501372654 731567817
1000000000 1000000000
47181037 14112506
198045661 15221290
40678838 4143705
47491392 12406944
234199683 593328471
1000000000 1000000000
132199336 12917160
179634813 30361031
20652660 3124759
67646846 45412073
61555410 31682762
110990781 48640253
19219165 19107110
47999957 22044107
175470660 6962598
280348519 8677779
517807723 342797100
1000000000 1000000000
394810455 943258335
1000000000 1000000000
25074842 28718529
46661141 49688977
181434417 158337811
1000000000 1000000000
10518446 755054407
1000000000 1000000000
869030791 132616388
1000000000 1000000000
821517918 140836045
1000000000 1000000000
335576439 395057751
1000000000 1000000000
308842660 745921803
1000000000 1000000000
334768423 107272651
1000000000 1000000000
57393863 4479422
108193517 37015146
623987843 557675
1000000000 1000000000
8950951 832295559
1000000000 1000000000
658691172 848724323
1000000000 1000000000
11658113 59367927
28988548 79194920
475361430 8475278
1000000000 1000000000
45037369 16381386
219403718 18027011
560124828 858583667
1000000000 1000000000
14676711 10081600
196998087 21178047
58633222 4939875
73419496 39506249
42728594 40619909
75636430 46670679
372044897 601883753
1000000000 1000000000
9281606 60478884
9719817 91475545
42164992 17678604
52826782 32775078
900986896 745230814
1000000000 1000000000
535014540 127083861
1000000000 1000000000
34309448 4289735
106541525 16995893
72540262 18005807
94155222 47816426
877256599 437866237
1000000000 1000000000
4414088 13266245
175294050 27566503
52885835 12125715
61833000 21178413
78532408 3127254
256650484 4462532
559802392 2731137
1000000000 1000000000
229103646 974363037
1000000000 1000000000
694912266 132389589
1000000000 1000000000
954166675 515797027
1000000000 1000000000
728410111 832024806
1000000000 1000000000
911696872 628342401
1000000000 1000000000
61371987 5540798
106321874 20629892
319102 439880223
1149829 447206937
65568129 40380129
120156295 48613757
892304271 46988464
1000000000 1000000000
92784247 39680167
133870156 44784456
11229837 1757851
264325542 12424437
210907840 7722629
311849296 11616855
93397770 1308520
154679493 33908085
22934546 19326710
40996979 41097496
177907409 4648627
194609397 29198031
287129453 524867
305982194 10544771
76097907 8349818
326951426 10256809
873075880 924865246
1000000000 1000000000
119687730 551883763
1000000000 1000000000
102902756 594987897
1000000000 1000000000
47996232 6267644
159477646 15678135
959869644 423845410
1000000000 1000000000
171802229 1540887
225169343 12257078
871997673 461068906
1000000000 1000000000
181651223 155991090
1000000000 1000000000
994541880 624498056
1000000000 1000000000
717923760 320033679
1000000000 1000000000
34462445 52845253
1000000000 1000000000
72549983 23038440
117012897 27849901
354647606 292399469
1000000000 1000000000
970820031 738839092
1000000000 1000000000
204246826 180604118
1000000000 1000000000
68446713 8677497
243970857 14257099
67688836 19676415
93563343 49824461
24177885 3421591
130576670 40958120
60194036 1697414
111679172 1879587
217337733 637373810
1000000000 1000000000
62355548 3517649
139577071 43969885
48108664 5346740
77679489 50255258
8133062 43761828
12444542 49979255
63952692 14015064
117756381 32439690
8270918 97588629
11823709 100893295
527019575 833256394
1000000000 1000000000
67825236 3093091
138359461 20268494
209040992 734779287
1000000000 1000000000
66869329 21159434
145398266 25100967
784283132 671179270
1000000000 1000000000
62479180 8556868
132420532 30274136
338137037 893650
1000000000 1000000000
48802564 415043
138602423 34071900
514977817 340009807
1000000000 1000000000
887864124 532318596
1000000000 1000000000
701569777 649860475
1000000000 1000000000
7581589 43488079
78374895 49659442
10005897 71576824
11472577 71869188
208044361 2054794
240422269 5200426
86860799 1249276
147872491 12995971
474173315 98822124
1000000000 1000000000
98065664 23444283
108731538 25671887
21775709 47666502
25812950 72747157
981799471 526213688
1000000000 1000000000
101226216 5633996
116780837 21796547
112546321 15595372
193006675 33584655
74220397 7414295
163372102 26107180
81269706 39728636
125520601 40196585
908087219 886919782
1000000000 1000000000
508037040 678387326
1000000000 1000000000
219913342 326447575
1000000000 1000000000
28655738 77635533
31456051 77938103
24399811 5837814
173469721 29485039
859323691 894786973
1000000000 1000000000
2935608 2030587
53170105 34110508
854594717 589052890
1000000000 1000000000
467639555 722361008
1000000000 1000000000
19183084 12154282
70621029 37712853
100198099 38503360
107848993 50868081
168240759 4072589
223316416 10037905
209172718 12052987
243684142 21203505
2483390 19167262
33260026 101840726
259967254 302333808
1000000000 1000000000
3221885 395336
130119294 36643574
914639439 619801310
1000000000 1000000000
502563 740226
305543416 11206353
405769575 871332238
1000000000 1000000000
164609972 725415211
1000000000 1000000000
251983973 666299221
1000000000 1000000000
272277038 2253511
316182326 5067538
744272125 493930489
1000000000 1000000000
917424906 390334086
1000000000 1000000000
28531073 3806826
74493508 33999878
257399181 11259764
302179772 12346371
772511240 705966723
1000000000 1000000000
550577374 304490776
1000000000 1000000000
77112287 14700027
107108931 23548895
114234678 31016960
118511387 47851788
798200927 47527222
1000000000 1000000000
585417331 573914775
1000000000 1000000000
55299383 10963919
89583647 34812637
1221254 36322894
23480981 43494280
71698939 491728419
1000000000 1000000000
40344454 3768432
137771455 25967954
36398320 20345498
49015100 21780946
47518568 3321813
173280136 21488525
102837223 4617093
149025391 15542269
571992180 400612705
1000000000 1000000000
16862346 6541249
43631739 28567123
70556863 939281982
1000000000 1000000000
614366300 998506140
1000000000 1000000000
35326282 41077807
98458622 42215590
74799370 53514
123331394 45815300
2027367 9823338
275256837 10948680
918350539 547701588
1000000000 1000000000
543099514 525879218
1000000000 1000000000
38945877 607990
163583149 28942087
606601139 282353345
1000000000 1000000000
426480747 502749379
1000000000 1000000000
650547 175029082
2096497 593413697
202318089 1067381
217304884 19578525
275067474 257630248
1000000000 1000000000
85275247 4818322
105812085 50129732
168041507 256608535
1000000000 1000000000
376158203 184110775
1000000000 1000000000
97362168 20132962
185913714 21235009
3663936 7339753
14585513 9830012
160752655 790173613
1000000000 1000000000
963501266 378036285
1000000000 1000000000
840125 5816020
50900682 29517471
87487795 6888071
247035835 22342403
13104550 77306204
16154092 104727320
99380950 18692627
139603220 34930165
70600126 1098731
321846636 6946576
259067098 603822721
1000000000 1000000000
7661167 38845308
80362019 52453543
66610721 3094934
246035155 15070803
493573015 57081620
1000000000 1000000000
938181439 383437836
1000000000 1000000000
51747504 16187647
155747935 19190913
63266886 2239332
176251028 20077512
8182203 18514556
38614885 48997003
15858609 23959616
120431667 30067253
67192518 12067288
132009832 19139619
934529412 163812206
1000000000 1000000000
338158086 395805592
1000000000 1000000000
821856420 739268611
1000000000 1000000000
649172819 58129033
1000000000 1000000000
59216485 4222564
109245626 51393426
346212298 331288564
1000000000 1000000000
83853255 1612151
138836641 34981047
749002469 216693480
1000000000 1000000000
755291300 358873663
1000000000 1000000000
251899995 744141019
1000000000 1000000000
664534527 781439926
1000000000 1000000000
147852762 973029312
1000000000 1000000000
326300414 568469442
1000000000 1000000000
45622067 2158389
144967707 14250371
66000319 20935681
153941397 33917674
147803171 21114369
176705086 25891333
375814527 879468293
1000000000 1000000000
427432244 301187052
1000000000 1000000000
330418218 819934860
1000000000 1000000000
33498934 18542408
142643065 45597787
389247592 102528443
1000000000 1000000000
385748969 226195053
1000000000 1000000000
28757224 11861123
98059594 24147747
1313358 17554587
2072553 520887774
202799271 4622690
205983872 11612227
419782410 856393218
1000000000 1000000000
171280681 22139027
176853487 30496015
43564279 26728252
51336891 36046237
115093246 783148441
1000000000 1000000000
879870148 923108417
1000000000 1000000000
187929321 207581598
1000000000 1000000000
75122404 10693693
200656887 28060732
84835276 23687350
177833960 26876806
392230834 612518470
1000000000 1000000000
17784639 11239746
184443920 33603835
802474267 144287605
1000000000 1000000000
79414431 787115673
1000000000 1000000000
945145344 730915198
1000000000 1000000000
562493564 787331573
1000000000 1000000000
92444307 3342121
132346286 32593970
4928483 4975841
117360766 30790406
151413520 25309994
191313655 31886494
297875924 3520027
319569842 9417549
64578236 2749745
115003933 16596392
16253752 54795895
25630876 82305444
70164160 173725533
1000000000 1000000000
30192733 15551168
153458470 20035289
564282358 232642343
1000000000 1000000000
530305665 74880264
1000000000 1000000000
567839960 351069869
1000000000 1000000000
72379628 34445075
119802736 46459114
679796468 911918477
1000000000 1000000000
63808835 16665768
178677054 31383160
8562389 13008565
120757562 36828029
23185379 12194241
106700889 24616493
89299137 20917478
129777121 34558754
94547385 9224510
271613670 11207357
441785369 211417915
1000000000 1000000000
202935695 3820988
330942202 7638166
944493155 688415306
1000000000 1000000000
395789668 471997595
1000000000 1000000000
111786837 20897791
171749233 34221066
699928288 488115769
1000000000 1000000000
14147399 3451921
61445456 18043513
207506011 13067273
246719416 22037762
416226843 564046601
1000000000 1000000000
446813671 54651533
1000000000 1000000000
596106239 547301696
1000000000 1000000000
542060795 247325608
1000000000 1000000000
640647264 541198856
1000000000 1000000000
76692798 10045662
201269101 29122490
15396213 61767472
25529541 91651075
109492782 17583930
124657094 23676969
462980961 806434791
1000000000 1000000000
833906742 849084953
1000000000 1000000000
61129730 23919859
77553643 28380712
251527046 2956515
281142831 12105084
138812713 2671835
168684472 30897076
26777809 16313981
75975757 31346584
73528956 4414172
242744250 17415385
75270692 10103532
123368628 27673937
150177588 619676675
1000000000 1000000000
4627471 2873132
334030404 7395627
16945294 16738344
29720291 99884321
101401520 10658202
202941936 11117293
606410411 121966720
1000000000 1000000000
2685974 25033347
2821492 306151571
330442819 564656180
1000000000 1000000000
14345402 4486864
46627364 51795364
52615324 33646140
101721143 49598779
989585637 351209516
1000000000 1000000000
511846166 150709627
1000000000 1000000000
72669424 39781719
78375401 45098100
53050585 10688077
79777501 21298821
639311611 627684627
1000000000 1000000000
44834156 10567360
100551819 36696966
639310467 887163792
1000000000 1000000000
639872978 216574561
1000000000 1000000000
267512834 21492740
1000000000 1000000000
87407289 27721084
128492871 37183615
848738970 204866838
1000000000 1000000000
914452956 554437586
1000000000 1000000000
441444019 704474892
1000000000 1000000000
21611543 25099425
120339526 35586890
42580857 10534255
69474366 14211298
152669550 856572559
1000000000 1000000000
336798275 290711226
1000000000 1000000000
52144610 13931299
103906705 42985396
271968471 2626878
318429780 8636436
755330058 278828120
1000000000 1000000000
138201250 24681325
194450713 26908862
618195225 131849743
1000000000 1000000000
148733748 11216630
151888845 31756031
112805959 337657105
1000000000 1000000000
122950941 15055414
185771111 22787098
33415707 22736974
34137193 79151682
73502542 14563556
155146292 27217721
97797971 1128124
250621142 8474655
132956538 404465
277584250 1011115
654016684 922436604
1000000000 1000000000
159940606 2442193
187714836 6274263
17356989 24289010
23393306 98988771
53044598 7139309
67890295 29632942
120464268 45874766
1000000000 1000000000
127434837 905844073
1000000000 1000000000
215118570 10004787
258391186 11545261
19340438 7373162
33069988 50128143
69593535 9694518
209448816 20650980
12268624 8628255
136183660 24103496
65648685 4252122
111942705 26274571
501888607 904308317
1000000000 1000000000
178577818 992530286
1000000000 1000000000
23060601 5272569
134483823 15516465
18429241 10708181
196020798 34188844
15365325 49637198
19323436 105101975
66427305 22561100
66710214 25649684
5176271 16194971
21195231 85075432
144885453 17085189
181553829 21557465
60507675 34837823
148389156 38816807
205527246 15700924
206743921 21199473
392662055 681142025
1000000000 1000000000
70603687 630234189
1000000000 1000000000
274437049 728638411
1000000000 1000000000
614728 9537199
173146609 24993038
201167883 911696763
1000000000 1000000000
80284146 519797
225432881 6394172
1607247 2966858
64573353 49240172
383497296 669333538
1000000000 1000000000
38177271 22570106
46830875 26560510
279333490 270695832
1000000000 1000000000
85143737 14971465
102297659 32087346
169074400 449918480
1000000000 1000000000
7101763 26932307
92097641 39487274
276214 150698720
2490476 503237255
171353258 25945364
180244911 33260880
275282854 127018543
1000000000 1000000000
43725586 12247521
132319603 27013297
97865648 4909242
266074602 9297964
881302 46496458
2582534 608758823
140940673 507683
167339650 26256619
961655565 790934223
1000000000 1000000000
61865700 3774779
118575549 30196965
2310689 12226693
101339354 38862571
81367597 12429490
187608433 27737368
147449036 23233467
193289846 25122599
244260469 5573023
250304860 18546540
276571022 9334884
302833663 11041170
60942038 16570919
108149454 30591418
135341858 20357752
226145184 20730247
137106847 435260844
1000000000 1000000000
458201405 12714352
1000000000 1000000000
21010708 19741082
139769002 42638438
675292908 855665976
1000000000 1000000000
616004853 690383779
1000000000 1000000000
