1000 2
331757550 360956934
1000000000 1000000000
402188179 907905228
1000000000 1000000000
290266315 227885332
1000000000 1000000000
59512591 1561993
82556466 13128209
809175878 210180545
1000000000 1000000000
347057323 587754355
1000000000 1000000000
183476854 798811310
1000000000 1000000000
6055961 52288840
11553693 90641893
333794640 701192067
1000000000 1000000000
874476383 631839275
1000000000 1000000000
483037535 515941614
1000000000 1000000000
319385480 935332210
1000000000 1000000000
761541725 364586614
1000000000 1000000000
25922724 706050761
1000000000 1000000000
417821338 738798928
1000000000 1000000000
35042766 8968661
133987441 32070728
945558633 225236272
1000000000 1000000000
245933610 118299209
1000000000 1000000000
119882939 378773735
1000000000 1000000000
351447370 682363035
1000000000 1000000000
139964134 758799146
1000000000 1000000000
309086773 815314471
1000000000 1000000000
2213909 793311673
2300714 815611979
609867105 464785920
1000000000 1000000000
376165845 640743072
1000000000 1000000000
832891368 90354164
1000000000 1000000000
450913570 797657194
1000000000 1000000000
381297216 272761172
1000000000 1000000000
463118254 863832671
1000000000 1000000000
474653592 813400040
1000000000 1000000000
217887747 829437108
1000000000 1000000000
118706198 412613184
1000000000 1000000000
609171727 452025031
1000000000 1000000000
79023617 517858103
1000000000 1000000000
29840284 91116804
1000000000 1000000000
121833998 396954195
1000000000 1000000000
292590132 466397978
1000000000 1000000000
242298294 864541831
1000000000 1000000000
359605215 230452
474826945 9679700
323008216 415226875
1000000000 1000000000
801342497 567051740
1000000000 1000000000
514810218 695934718
1000000000 1000000000
287804951 628664913
1000000000 1000000000
829678911 219533008
1000000000 1000000000
868115013 17794121
1000000000 1000000000
1275027 42388340
81498077 57036469
42519588 37498201
125008850 40774698
134920762 22355935
1000000000 1000000000
911261681 727171150
1000000000 1000000000
475650108 251060741
1000000000 1000000000
345182297 882114927
1000000000 1000000000
869226501 17057781
1000000000 1000000000
659229588 111668904
1000000000 1000000000
856880412 316034468
1000000000 1000000000
246409827 379471508
1000000000 1000000000
96392680 876714023
1000000000 1000000000
257229438 614469664
1000000000 1000000000
602717089 24883947
1000000000 1000000000
798333039 974330967
1000000000 1000000000
770341457 696020123
1000000000 1000000000
72214167 990124799
1000000000 1000000000
999041778 760232969
1000000000 1000000000
770844881 157502011
1000000000 1000000000
160372407 226252444
1000000000 1000000000
271219061 434200617
1000000000 1000000000
139372343 596466142
1000000000 1000000000
468345931 551944830
1000000000 1000000000
965570198 633659097
1000000000 1000000000
736605601 622166789
1000000000 1000000000
314496493 346021897
1000000000 1000000000
518589989 633351727
1000000000 1000000000
276705586 39890615
1000000000 1000000000
27903594 35557245
74194085 54340818
830516145 523349288
1000000000 1000000000
852496714 171855241
1000000000 1000000000
463046077 432513590
1000000000 1000000000
594356854 54777794
1000000000 1000000000
40528638 707464025
1000000000 1000000000
927694421 748268890
1000000000 1000000000
931837305 935213557
1000000000 1000000000
160253586 653372351
1000000000 1000000000
362892580 952938933
1000000000 1000000000
503281592 91347001
1000000000 1000000000
657340130 15148843
1000000000 1000000000
446437981 407129523
1000000000 1000000000
604052768 301660140
1000000000 1000000000
775181212 483128464
1000000000 1000000000
73813831 891785137
1000000000 1000000000
724262055 656338111
1000000000 1000000000
318122252 416243323
1000000000 1000000000
1750153 15434759
91130535 42117855
310221929 926836110
1000000000 1000000000
790885287 496898968
1000000000 1000000000
472411795 39807854
1000000000 1000000000
295865445 53577362
1000000000 1000000000
185279107 836330803
1000000000 1000000000
309589749 555506749
1000000000 1000000000
455113167 451133383
1000000000 1000000000
606730806 37839080
1000000000 1000000000
504328034 753500740
1000000000 1000000000
582481672 616534894
1000000000 1000000000
401748573 369666231
1000000000 1000000000
526791205 272057108
1000000000 1000000000
387169703 786799723
1000000000 1000000000
160258595 603037023
1000000000 1000000000
294085707 353522113
1000000000 1000000000
509421277 277562850
1000000000 1000000000
957616369 23076910
1000000000 1000000000
372439332 554064901
1000000000 1000000000
68278809 742998571
1000000000 1000000000
395405073 135277444
1000000000 1000000000
219537524 605694022
1000000000 1000000000
288013497 386957592
1000000000 1000000000
305367940 256376168
1000000000 1000000000
618484917 112946022
1000000000 1000000000
239500180 897635791
1000000000 1000000000
812878075 610124221
1000000000 1000000000
575668467 971423706
1000000000 1000000000
143824 230726124
3704744 348957415
172508135 668244227
1000000000 1000000000
506677249 811199366
1000000000 1000000000
58539883 702607968
1000000000 1000000000
587090531 45587958
1000000000 1000000000
761746258 780279898
1000000000 1000000000
841286181 941287977
1000000000 1000000000
963096332 655174140
1000000000 1000000000
303539436 556763794
1000000000 1000000000
102821210 519033415
1000000000 1000000000
12397979 748808771
1000000000 1000000000
993296739 686472375
1000000000 1000000000
56100701 334954002
1000000000 1000000000
911703900 32415326
1000000000 1000000000
750393446 334570679
1000000000 1000000000
33346873 995262570
1000000000 1000000000
974386708 521641602
1000000000 1000000000
622368543 364506842
1000000000 1000000000
8839342 181527467
1000000000 1000000000
293318605 496646184
1000000000 1000000000
204041150 759391769
1000000000 1000000000
614151271 808527723
1000000000 1000000000
396295084 867105392
1000000000 1000000000
516384218 650533064
1000000000 1000000000
488610889 996058340
1000000000 1000000000
708507767 890161994
1000000000 1000000000
479446854 590272315
1000000000 1000000000
51246709 327597571
1000000000 1000000000
589226370 760785149
1000000000 1000000000
578968516 523061471
1000000000 1000000000
82564399 441225031
1000000000 1000000000
697278703 203203761
1000000000 1000000000
272175525 32617813
1000000000 1000000000
739612381 132003566
1000000000 1000000000
302427285 400290088
1000000000 1000000000
934360967 90055880
1000000000 1000000000
711318659 56182034
1000000000 1000000000
188497042 31849170
1000000000 1000000000
848870240 495014172
1000000000 1000000000
573500917 598913832
1000000000 1000000000
900709239 790179196
1000000000 1000000000
855996977 482187657
1000000000 1000000000
735759007 721886559
1000000000 1000000000
619624457 219768587
1000000000 1000000000
827924850 125059146
1000000000 1000000000
246739629 557857780
1000000000 1000000000
168151379 124286824
1000000000 1000000000
794410271 318526006
1000000000 1000000000
2318582 540739149
2740560 557652426
102782179 259345180
1000000000 1000000000
595169219 589910724
1000000000 1000000000
741619523 155307920
1000000000 1000000000
579418459 944537920
1000000000 1000000000
101579516 660836426
1000000000 1000000000
118096892 309081477
1000000000 1000000000
196374312 834696067
1000000000 1000000000
544609440 361517054
1000000000 1000000000
402568211 731795927
1000000000 1000000000
641931132 519891660
1000000000 1000000000
731499521 69640251
1000000000 1000000000
664235309 449258684
1000000000 1000000000
931541360 391787337
1000000000 1000000000
574383230 797182827
1000000000 1000000000
696905530 983928363
1000000000 1000000000
623256395 619849553
1000000000 1000000000
505241381 606787732
1000000000 1000000000
64298330 472309622
1000000000 1000000000
439567765 669624080
1000000000 1000000000
130812587 858756559
1000000000 1000000000
336159065 170754609
1000000000 1000000000
265944836 765492222
1000000000 1000000000
591799217 727886148
1000000000 1000000000
821599284 709868604
1000000000 1000000000
198128011 3170118
391094982 6703979
255283478 171191789
1000000000 1000000000
958617587 716693481
1000000000 1000000000
700224038 675142939
1000000000 1000000000
276635663 324565189
1000000000 1000000000
185924016 998708079
1000000000 1000000000
129780564 770156333
1000000000 1000000000
419423689 703495188
1000000000 1000000000
338917599 724258752
1000000000 1000000000
453552538 905697537
1000000000 1000000000
435617488 423608129
1000000000 1000000000
164964270 7374996
170471850 17413594
109989919 842050918
1000000000 1000000000
505077016 898230791
1000000000 1000000000
10757212 365369548
1000000000 1000000000
372962425 191780821
1000000000 1000000000
981904587 986637571
1000000000 1000000000
20467587 188685
112673547 708773
794646665 475992689
1000000000 1000000000
886883484 837078137
1000000000 1000000000
278112082 803117266
1000000000 1000000000
920600487 438819428
1000000000 1000000000
781228422 458284229
1000000000 1000000000
92535004 27886142
127007026 37565240
70911420 3079157
86080874 5190619
489501631 34234028
1000000000 1000000000
789103464 331117600
1000000000 1000000000
932613465 827479790
1000000000 1000000000
667709898 573050236
1000000000 1000000000
977895144 157195303
1000000000 1000000000
225979134 651679775
1000000000 1000000000
332969109 739650351
1000000000 1000000000
699056687 428720547
1000000000 1000000000
208479421 116517872
1000000000 1000000000
34364492 4830121
79472373 45088903
343918487 958943203
1000000000 1000000000
774320385 491592352
1000000000 1000000000
202921113 194645249
1000000000 1000000000
544187405 736137550
1000000000 1000000000
416445937 222796208
1000000000 1000000000
975593971 819927225
1000000000 1000000000
289655545 892133902
1000000000 1000000000
369038735 770089579
1000000000 1000000000
733888482 950113388
1000000000 1000000000
3459884 89524355
4888071 302489301
68414741 823356958
1000000000 1000000000
74099161 839297172
1000000000 1000000000
87236875 694753006
1000000000 1000000000
531238342 1181614
1000000000 1000000000
503917322 3173830
510737203 8202681
72179443 4624019
82336491 14119124
435935408 308187206
1000000000 1000000000
388182230 691840110
1000000000 1000000000
609231702 162747354
1000000000 1000000000
417944447 170455964
1000000000 1000000000
594013316 753350932
1000000000 1000000000
769624457 599369123
1000000000 1000000000
207650178 12100047
1000000000 1000000000
224882701 57366388
1000000000 1000000000
970342706 643071265
1000000000 1000000000
210186159 424400744
1000000000 1000000000
194678126 459072343
1000000000 1000000000
47355560 727586180
1000000000 1000000000
630663536 859843759
1000000000 1000000000
705370378 78200092
1000000000 1000000000
11185087 31361267
28481659 79080937
852933407 632509481
1000000000 1000000000
560498026 469948312
1000000000 1000000000
829459056 731910717
1000000000 1000000000
179511153 682745794
1000000000 1000000000
829621544 963567275
1000000000 1000000000
559901894 367224571
1000000000 1000000000
769210451 85982577
1000000000 1000000000
114983569 932460949
1000000000 1000000000
200502675 734933723
1000000000 1000000000
371951833 516715541
1000000000 1000000000
41145808 429132873
1000000000 1000000000
86596137 11356661
94732701 35871915
239083430 368224931
1000000000 1000000000
679479802 934658814
1000000000 1000000000
335163212 728263886
1000000000 1000000000
914350132 719038987
1000000000 1000000000
437084779 286837586
1000000000 1000000000
664597878 187735770
1000000000 1000000000
21548140 418975163
1000000000 1000000000
185197790 955962299
1000000000 1000000000
670111755 604180944
1000000000 1000000000
293143846 270588600
1000000000 1000000000
973368070 836736061
1000000000 1000000000
20660864 94635007
1000000000 1000000000
874561944 858542023
1000000000 1000000000
561662748 298139411
1000000000 1000000000
207578875 882013495
1000000000 1000000000
34965694 771005040
1000000000 1000000000
521763526 942969159
1000000000 1000000000
324406592 378192236
1000000000 1000000000
993451657 320826252
1000000000 1000000000
414536723 915556074
1000000000 1000000000
762347750 596204333
1000000000 1000000000
899790029 908761348
1000000000 1000000000
187076593 68886183
1000000000 1000000000
33939421 10676520
37830675 86262772
254277894 583732184
1000000000 1000000000
851838845 774179886
1000000000 1000000000
505039564 451396036
1000000000 1000000000
101400053 6187374
310531044 9003216
905732888 558987297
1000000000 1000000000
396104050 546078654
1000000000 1000000000
2532441 64525638
6068483 157852433
333214558 188175050
1000000000 1000000000
93770045 27974148
105429233 42259121
399112835 628292311
1000000000 1000000000
655675554 497309604
1000000000 1000000000
232990924 537823998
1000000000 1000000000
782309049 382027845
1000000000 1000000000
839690879 770721233
1000000000 1000000000
183550302 534625867
1000000000 1000000000
129533373 468535672
1000000000 1000000000
72599518 1874294
312396517 2902997
973301489 784940146
1000000000 1000000000
295387325 153281482
1000000000 1000000000
201548655 307071629
1000000000 1000000000
135505734 98496347
1000000000 1000000000
884094988 368731833
1000000000 1000000000
171960015 557623541
1000000000 1000000000
629521375 958758065
1000000000 1000000000
996589201 842224139
1000000000 1000000000
770437119 831984183
1000000000 1000000000
782090776 437316084
1000000000 1000000000
345384973 245437381
1000000000 1000000000
76246128 29917663
122033245 42202028
287614866 121927874
1000000000 1000000000
900181540 541545164
1000000000 1000000000
88424863 8852320
171575941 10685044
674706684 422569995
1000000000 1000000000
107481512 234186609
1000000000 1000000000
326171179 577801660
1000000000 1000000000
42010689 13303738
159806107 14375408
653675242 261944942
1000000000 1000000000
31797701 569050192
1000000000 1000000000
460854358 235774967
1000000000 1000000000
953910275 747181578
1000000000 1000000000
950184371 291364016
1000000000 1000000000
326865307 827223766
1000000000 1000000000
608284713 163866264
1000000000 1000000000
44016660 894598499
1000000000 1000000000
231551612 533280045
1000000000 1000000000
132297611 288425477
1000000000 1000000000
547936307 689627080
1000000000 1000000000
781839880 844822699
1000000000 1000000000
376744488 5057968
406281432 9153527
113407865 1945066
114151819 30314193
250832657 769060424
1000000000 1000000000
963601681 928917483
1000000000 1000000000
606499735 441261274
1000000000 1000000000
277063800 768112474
1000000000 1000000000
354110999 43813958
1000000000 1000000000
871594395 964324660
1000000000 1000000000
266696065 463397006
1000000000 1000000000
392072073 910004423
1000000000 1000000000
464287593 818293254
1000000000 1000000000
144030810 649082656
1000000000 1000000000
272097410 191476020
1000000000 1000000000
21244612 999876075
1000000000 1000000000
12226327 9761859
25398535 25099780
857763382 396872250
1000000000 1000000000
908354927 343681715
1000000000 1000000000
550753979 73322520
1000000000 1000000000
25320489 953867681
1000000000 1000000000
436344610 644604327
1000000000 1000000000
15513837 25772167
62600287 41862848
627331210 617227065
1000000000 1000000000
304138887 2368929
405342371 7481653
288955021 664831571
1000000000 1000000000
757498208 356592293
1000000000 1000000000
261479917 237042714
1000000000 1000000000
602710237 45843109
1000000000 1000000000
11845231 16618131
46462506 87561462
544246119 166568112
1000000000 1000000000
117385502 539894119
1000000000 1000000000
267490297 254587946
1000000000 1000000000
175284462 167399676
1000000000 1000000000
289574366 732587277
1000000000 1000000000
740286659 359731464
1000000000 1000000000
658051106 115151383
1000000000 1000000000
222231027 738716460
1000000000 1000000000
705058911 42704512
1000000000 1000000000
43323433 94671166
1000000000 1000000000
82831849 722766473
1000000000 1000000000
96631129 6252701
102186813 23144751
276104391 993711307
1000000000 1000000000
686420809 981214720
1000000000 1000000000
760145456 795788297
1000000000 1000000000
159598786 736685613
1000000000 1000000000
411798627 308149378
1000000000 1000000000
419163200 344026118
1000000000 1000000000
959225953 695239050
1000000000 1000000000
450560577 482683992
1000000000 1000000000
806932926 265178458
1000000000 1000000000
30538695 26447163
50821816 43905028
146152514 143581680
1000000000 1000000000
175651215 286659937
1000000000 1000000000
600157476 865897566
1000000000 1000000000
100107058 3460201
359066638 4183120
737958630 469966725
1000000000 1000000000
585319704 922859879
1000000000 1000000000
152313396 668021707
1000000000 1000000000
720254803 895481013
1000000000 1000000000
421825610 781852043
1000000000 1000000000
330079858 350091424
1000000000 1000000000
213276989 362494879
1000000000 1000000000
374459131 191066445
1000000000 1000000000
608169881 650550277
1000000000 1000000000
353771320 465224086
1000000000 1000000000
709185316 281589108
1000000000 1000000000
134203962 653284429
1000000000 1000000000
998515021 700027436
1000000000 1000000000
1093678 5114068
2705507 804436935
630288908 233486976
1000000000 1000000000
446054804 392436399
1000000000 1000000000
819027214 355162829
1000000000 1000000000
938979523 610061607
1000000000 1000000000
471703892 156767227
1000000000 1000000000
84059106 648919899
1000000000 1000000000
406719150 278241590
1000000000 1000000000
697087016 993425801
1000000000 1000000000
22112995 834605838
1000000000 1000000000
62644124 485513829
1000000000 1000000000
42566485 364512127
1000000000 1000000000
14239918 14652970
31178682 75504606
8857271 134915001
1000000000 1000000000
991227035 414511398
1000000000 1000000000
581654977 90744447
1000000000 1000000000
148199682 277926231
1000000000 1000000000
828926572 783729680
1000000000 1000000000
225782324 364959577
1000000000 1000000000
292657175 461382070
1000000000 1000000000
139061361 874408062
1000000000 1000000000
60681526 16613029
76753726 59655675
844254485 523075653
1000000000 1000000000
539292929 329621368
1000000000 1000000000
674329441 578004810
1000000000 1000000000
76473054 278954800
1000000000 1000000000
897459705 598253157
1000000000 1000000000
463150583 973630140
1000000000 1000000000
762353526 597478132
1000000000 1000000000
362016802 560614919
1000000000 1000000000
99056290 50219017
1000000000 1000000000
99556955 113927255
1000000000 1000000000
9406265 472275772
1000000000 1000000000
729368940 446526191
1000000000 1000000000
335633789 450126740
1000000000 1000000000
725282362 162399020
1000000000 1000000000
963626286 278558581
1000000000 1000000000
683432690 884202072
1000000000 1000000000
996821808 914946540
1000000000 1000000000
938430024 204359476
1000000000 1000000000
811765586 797095454
1000000000 1000000000
901611939 556673173
1000000000 1000000000
48531384 16387262
92514960 49009971
615330780 563209172
1000000000 1000000000
127888294 260993028
1000000000 1000000000
90731 236966127
4024934 750216215
190608633 242485256
1000000000 1000000000
62493707 957311831
1000000000 1000000000
97842540 446341624
1000000000 1000000000
986741946 140447911
1000000000 1000000000
133692394 661522897
1000000000 1000000000
889935480 5898290
1000000000 1000000000
2418967 361901930
3190798 666737084
68076731 487725799
1000000000 1000000000
527198075 55783195
1000000000 1000000000
310823409 992739511
1000000000 1000000000
214016294 294329520
1000000000 1000000000
921214069 62090044
1000000000 1000000000
479040046 767658804
1000000000 1000000000
932961207 603662445
1000000000 1000000000
525128530 862843539
1000000000 1000000000
640065488 324798357
1000000000 1000000000
958692912 895726348
1000000000 1000000000
664433215 354058831
1000000000 1000000000
11590811 65668333
50377874 72426020
997665074 64898531
1000000000 1000000000
113700892 159505454
1000000000 1000000000
443940337 563783568
1000000000 1000000000
963772409 135186398
1000000000 1000000000
332405275 110300979
1000000000 1000000000
957188138 52588313
1000000000 1000000000
373287356 701370927
1000000000 1000000000
327310757 488390692
1000000000 1000000000
911005877 881411300
1000000000 1000000000
657362025 952512492
1000000000 1000000000
185275340 11288309
1000000000 1000000000
70527472 474685845
1000000000 1000000000
875838528 318409102
1000000000 1000000000
296331684 506516892
1000000000 1000000000
523059571 982825588
1000000000 1000000000
631097077 201080624
1000000000 1000000000
375307306 867040622
1000000000 1000000000
902850199 676413730
1000000000 1000000000
731770094 613357814
1000000000 1000000000
738231717 512238139
1000000000 1000000000
600930134 554463307
1000000000 1000000000
203807914 174558572
1000000000 1000000000
781264789 562692324
1000000000 1000000000
385068367 215724418
1000000000 1000000000
688783636 771352822
1000000000 1000000000
597295753 858814018
1000000000 1000000000
584149414 443623597
1000000000 1000000000
614235657 973633277
1000000000 1000000000
792908752 298302384
1000000000 1000000000
423380537 34452120
1000000000 1000000000
446218873 254628773
1000000000 1000000000
844253845 173016311
1000000000 1000000000
423595152 244631856
1000000000 1000000000
658704403 884205602
1000000000 1000000000
926091170 462676449
1000000000 1000000000
648890130 791050328
1000000000 1000000000
221489961 872450648
1000000000 1000000000
330913644 7814520
421754908 8083016
413959751 869554114
1000000000 1000000000
843613667 827931582
1000000000 1000000000
26965664 317245979
1000000000 1000000000
345174164 581319056
1000000000 1000000000
806818220 664314850
1000000000 1000000000
754642071 80038666
1000000000 1000000000
650806713 488176835
1000000000 1000000000
872415206 206017439
1000000000 1000000000
526626344 535098760
1000000000 1000000000
366205845 76575163
1000000000 1000000000
114845592 581378330
1000000000 1000000000
945466730 627680755
1000000000 1000000000
90331968 969798185
1000000000 1000000000
924350733 281826898
1000000000 1000000000
677071286 15369819
1000000000 1000000000
715868397 520754631
1000000000 1000000000
4362876 16499716
24843656 63233399
313617525 565311321
1000000000 1000000000
56293109 862091253
1000000000 1000000000
515903869 331946747
1000000000 1000000000
265245508 497810588
1000000000 1000000000
960310941 948670840
1000000000 1000000000
190509736 431320869
1000000000 1000000000
35387247 370061137
1000000000 1000000000
842033115 172875299
1000000000 1000000000
509562273 978052894
1000000000 1000000000
990111515 544974193
1000000000 1000000000
6360126 17397909
77984785 40354893
704952592 735431547
1000000000 1000000000
444010723 152856479
1000000000 1000000000
666826137 421304272
1000000000 1000000000
827466938 345135077
1000000000 1000000000
557174289 582301935
1000000000 1000000000
746997651 44363469
1000000000 1000000000
904952245 296321277
1000000000 1000000000
1799938 287035119
3217605 447668930
19368305 396346862
1000000000 1000000000
845589550 444472150
1000000000 1000000000
149593163 767677151
1000000000 1000000000
196393529 6290109
290216687 10807452
863888670 639677934
1000000000 1000000000
813944194 800300872
1000000000 1000000000
870645717 100447376
1000000000 1000000000
449103738 830481403
1000000000 1000000000
166507053 939038590
1000000000 1000000000
477144891 441215271
1000000000 1000000000
893388367 617599408
1000000000 1000000000
752514442 199319097
1000000000 1000000000
510126827 637572464
1000000000 1000000000
783870402 237163670
1000000000 1000000000
660475370 991096497
1000000000 1000000000
343516448 997161267
1000000000 1000000000
134986313 426838714
1000000000 1000000000
436169849 877333210
1000000000 1000000000
286164447 124346953
1000000000 1000000000
83127690 819793759
1000000000 1000000000
570310702 284762599
1000000000 1000000000
330092696 457609258
1000000000 1000000000
687976494 992814812
1000000000 1000000000
323744282 216814016
1000000000 1000000000
775468435 260564862
1000000000 1000000000
893886458 842744214
1000000000 1000000000
532826210 260044527
1000000000 1000000000
181564015 797578936
1000000000 1000000000
822736023 92217530
1000000000 1000000000
723502870 292968130
1000000000 1000000000
974584329 148341418
1000000000 1000000000
322919436 968322612
1000000000 1000000000
677440572 733541536
1000000000 1000000000
6428095 18490458
104475599 34936196
144778671 29846453
1000000000 1000000000
90244608 4691680
93903087 7360934
449654668 730434568
1000000000 1000000000
732965863 324394202
1000000000 1000000000
459290513 379910294
1000000000 1000000000
507185768 581435595
1000000000 1000000000
23126459 21644411
103145062 40496147
672301091 369272678
1000000000 1000000000
740104842 938666508
1000000000 1000000000
436669041 444102263
1000000000 1000000000
540607285 533460867
1000000000 1000000000
261472765 142140681
1000000000 1000000000
822396839 784433757
1000000000 1000000000
50540633 973557
167995211 12321092
298437844 919290079
1000000000 1000000000
40360846 915661025
1000000000 1000000000
880453133 776035374
1000000000 1000000000
193638110 506296904
1000000000 1000000000
584341442 370907191
1000000000 1000000000
979237255 258639066
1000000000 1000000000
4998200 637114242
1000000000 1000000000
72266201 28783530
76472330 55068143
298803910 405152152
1000000000 1000000000
312776 548956906
3587975 789499812
422004479 423489413
1000000000 1000000000
980512365 756729216
1000000000 1000000000
489013610 810599472
1000000000 1000000000
684675368 11836422
1000000000 1000000000
342492686 917588451
1000000000 1000000000
503184278 129100740
1000000000 1000000000
136972706 571426454
1000000000 1000000000
174452254 142250218
1000000000 1000000000
597702195 891861410
1000000000 1000000000
594771837 887506948
1000000000 1000000000
150737529 211511135
1000000000 1000000000
308003931 315515038
1000000000 1000000000
300961827 626552696
1000000000 1000000000
698437079 589766740
1000000000 1000000000
155964146 486904907
1000000000 1000000000
776441887 418877244
1000000000 1000000000
3846775 124572206
5668656 248052568
699404106 892483418
1000000000 1000000000
998037568 836225848
1000000000 1000000000
501857670 613051545
1000000000 1000000000
284920526 939634187
1000000000 1000000000
213991866 587035062
1000000000 1000000000
513699695 536817651
1000000000 1000000000
854199146 710808337
1000000000 1000000000
11920357 290985921
1000000000 1000000000
5399992 23853012
78470155 63660925
0 0
82300233 12957433
427013774 451860249
1000000000 1000000000
708328232 671805227
1000000000 1000000000
8946915 9192941
79221165 12269548
274018216 568084901
1000000000 1000000000
253205145 299754214
1000000000 1000000000
39411573 661476496
1000000000 1000000000
608054362 304277209
1000000000 1000000000
479292426 871184499
1000000000 1000000000
964181619 387252705
1000000000 1000000000
401482730 30726418
1000000000 1000000000
58739838 650912782
1000000000 1000000000
91098507 457404621
1000000000 1000000000
960044124 27283093
1000000000 1000000000
394461649 428806635
1000000000 1000000000
437497208 526789294
1000000000 1000000000
155667847 734744324
1000000000 1000000000
658208250 666143407
1000000000 1000000000
379903220 277589181
1000000000 1000000000
136460885 878146577
1000000000 1000000000
902432706 997410037
1000000000 1000000000
744864525 651453513
1000000000 1000000000
667966948 295796845
1000000000 1000000000
82103371 391140014
1000000000 1000000000
278428216 30117728
1000000000 1000000000
738995988 644074095
1000000000 1000000000
218043057 423535566
1000000000 1000000000
682395046 124472889
1000000000 1000000000
512941232 34621860
1000000000 1000000000
128413393 2066071
275610710 6270769
415355339 230197375
1000000000 1000000000
469099074 454115248
1000000000 1000000000
472392345 519503132
1000000000 1000000000
205684837 918447917
1000000000 1000000000
1954154 7536697
4388257 313426625
136202567 843365280
1000000000 1000000000
115994688 9337935
168197759 13114754
555376834 567845018
1000000000 1000000000
115090693 952719849
1000000000 1000000000
656766623 735428401
1000000000 1000000000
918743883 648749741
1000000000 1000000000
43424259 12978940
82404299 53486843
228952842 362174695
1000000000 1000000000
629277536 128278295
1000000000 1000000000
740831826 834754506
1000000000 1000000000
233864916 824289724
1000000000 1000000000
445736546 324352208
1000000000 1000000000
339217625 49662315
1000000000 1000000000
31163911 275237520
1000000000 1000000000
741985915 846449027
1000000000 1000000000
428646419 503350356
1000000000 1000000000
499762442 119299950
1000000000 1000000000
585989211 152882107
1000000000 1000000000
943016473 302043230
1000000000 1000000000
43391248 24055280
90148238 25143250
2258002 824784737
1000000000 1000000000
671696619 743234271
1000000000 1000000000
221345050 357694761
1000000000 1000000000
297213493 911425703
1000000000 1000000000
135385316 382541265
1000000000 1000000000
744906388 91109598
1000000000 1000000000
564875319 218399586
1000000000 1000000000
617091820 490216947
1000000000 1000000000
52107318 19889136
98916384 63758628
325153301 469741862
1000000000 1000000000
954301780 408799900
1000000000 1000000000
236898706 6636405
455323671 9852902
25899156 569270586
1000000000 1000000000
797724600 237114524
1000000000 1000000000
23357255 5141622
97481463 25760135
970324131 864680382
1000000000 1000000000
977864879 868561472
1000000000 1000000000
354920018 326857598
1000000000 1000000000
538404291 943382369
1000000000 1000000000
895248254 482806009
1000000000 1000000000
384979041 806478971
1000000000 1000000000
81504937 857834892
1000000000 1000000000
180212234 104504390
1000000000 1000000000
60958221 733384865
1000000000 1000000000
190425755 924038318
1000000000 1000000000
21332234 424223461
1000000000 1000000000
745416 676217775
3023736 793072607
297629011 308076203
1000000000 1000000000
84376251 872580557
1000000000 1000000000
291424264 315589562
1000000000 1000000000
868744193 413638627
1000000000 1000000000
158596969 616034907
1000000000 1000000000
261412746 913435242
1000000000 1000000000
753755840 804197400
1000000000 1000000000
744477491 378456631
1000000000 1000000000
239549934 233929808
1000000000 1000000000
180872056 566386957
1000000000 1000000000
136586580 409927191
1000000000 1000000000
696277660 322317479
1000000000 1000000000
833422469 324772247
1000000000 1000000000
24156328 37811518
58810928 57245613
445811814 560435626
1000000000 1000000000
81976778 963124757
1000000000 1000000000
433254500 434269182
1000000000 1000000000
481435293 20411737
1000000000 1000000000
11389631 2197810
19589489 123873881
851638577 942912721
1000000000 1000000000
636437602 974099210
1000000000 1000000000
185327162 739860519
1000000000 1000000000
7758915 995837451
1000000000 1000000000
638456987 509115163
1000000000 1000000000
796835343 532289436
1000000000 1000000000
254989726 653953756
1000000000 1000000000
458418021 779379095
1000000000 1000000000
769526107 659447226
1000000000 1000000000
187607852 923449297
1000000000 1000000000
99279553 330672036
1000000000 1000000000
66302101 54602462
82865558 68670071
256299287 36712328
1000000000 1000000000
337070958 661403726
1000000000 1000000000
815218333 520564096
1000000000 1000000000
537065805 137134574
1000000000 1000000000
226303861 653699810
1000000000 1000000000
396538752 842603139
1000000000 1000000000
104293611 286993890
1000000000 1000000000
151056390 502242859
1000000000 1000000000
407067120 536560806
1000000000 1000000000
813743169 291356299
1000000000 1000000000
856716661 896583376
1000000000 1000000000
300401349 875782175
1000000000 1000000000
23459332 9476414
29258223 77546439
36742961 27548972
98461282 35066255
216326576 911847218
1000000000 1000000000
265120205 127011748
1000000000 1000000000
813232965 254043311
1000000000 1000000000
226196506 94004144
1000000000 1000000000
30391743 12568641
83993178 37350454
213138956 393499871
1000000000 1000000000
681687458 125237211
1000000000 1000000000
35127649 4093380
55134280 60256816
780191739 902088353
1000000000 1000000000
357812930 8481003
389949885 10306110
663875594 980054019
1000000000 1000000000
596067542 550084758
1000000000 1000000000
151447856 415760435
1000000000 1000000000
90892055 304434823
1000000000 1000000000
405550294 688215935
1000000000 1000000000
494984707 255514114
1000000000 1000000000
14793451 581362681
1000000000 1000000000
414517187 578142246
1000000000 1000000000
941721480 313394946
1000000000 1000000000
28732557 4684227
358548407 6478197
284379026 138161527
1000000000 1000000000
153764264 694170969
1000000000 1000000000
108735555 118891807
1000000000 1000000000
212027491 988107475
1000000000 1000000000
291484564 269398587
1000000000 1000000000
300980915 582459492
1000000000 1000000000
351009525 175049346
1000000000 1000000000
51247004 68905203
1000000000 1000000000
372954617 1834811
379418746 9993718
478721852 423494528
1000000000 1000000000
170528256 425010558
1000000000 1000000000
94934044 867963632
1000000000 1000000000
482538581 248940454
1000000000 1000000000
865557816 114206590
1000000000 1000000000
182215597 3326229
216627292 5934500
569081862 962949275
1000000000 1000000000
901152216 550632300
1000000000 1000000000
16294235 14129429
38647774 23378798
112201248 4750953
269344324 9798178
327288933 586179723
1000000000 1000000000
435813521 147401858
1000000000 1000000000
665626942 293064400
1000000000 1000000000
999619937 208324604
1000000000 1000000000
797091390 156823833
1000000000 1000000000
261195855 617844310
1000000000 1000000000
527879487 570733136
1000000000 1000000000
50085794 46031638
82723368 62054232
27922895 32415809
42364811 68656406
865090910 30958644
1000000000 1000000000
189612694 399968988
1000000000 1000000000
483784845 168898113
1000000000 1000000000
145246991 416401127
1000000000 1000000000
874102092 154715254
1000000000 1000000000
250232295 739463515
1000000000 1000000000
969189640 60445581
1000000000 1000000000
750406152 873304778
1000000000 1000000000
378618751 807373541
1000000000 1000000000
830099230 174759549
1000000000 1000000000
30368901 3506741
99568087 37126116
415307589 809987522
1000000000 1000000000
328840920 211793191
1000000000 1000000000
4367644 239390684
4577332 402826796
595401686 184109106
1000000000 1000000000
182423523 26093507
1000000000 1000000000
911386404 296838015
1000000000 1000000000
226848580 523066958
1000000000 1000000000
372950650 736884152
1000000000 1000000000
868644928 619338141
1000000000 1000000000
557738714 225938812
1000000000 1000000000
462464481 655290701
1000000000 1000000000
609451507 499340022
1000000000 1000000000
118864954 381458590
1000000000 1000000000
468238359 913587385
1000000000 1000000000
703774672 511512058
1000000000 1000000000
120852348 644723463
1000000000 1000000000
395343805 546352385
1000000000 1000000000
60019532 695568
123208628 5806625
127604227 344088069
1000000000 1000000000
335872047 283958253
1000000000 1000000000
47309460 980724111
1000000000 1000000000
2291967 21518828
27849390 30231599
733703700 916272282
1000000000 1000000000
6912733 48248206
9064254 116891822
195748258 995776425
1000000000 1000000000
697851341 999644232
1000000000 1000000000
499868949 137219144
1000000000 1000000000
258133408 184735150
1000000000 1000000000
927712443 756230868
1000000000 1000000000
124186759 365160162
1000000000 1000000000
247119716 986832788
1000000000 1000000000
267746911 664047040
1000000000 1000000000
70224629 111073227
1000000000 1000000000
527573685 882239237
1000000000 1000000000
897662784 263753674
1000000000 1000000000
401981404 127601349
1000000000 1000000000
979265067 574682896
1000000000 1000000000
148653103 282460267
1000000000 1000000000
94980784 231374927
1000000000 1000000000
519467615 375363710
1000000000 1000000000
323962753 660040431
1000000000 1000000000
49059564 749739434
1000000000 1000000000
246292572 997291672
1000000000 1000000000
32121033 988622652
1000000000 1000000000
575028129 219932376
1000000000 1000000000
9315141 502215
184945750 16343668
363977952 475814844
1000000000 1000000000
460459103 738546727
1000000000 1000000000
279180089 95628637
1000000000 1000000000
749037573 402883016
1000000000 1000000000
889953440 631453889
1000000000 1000000000
261336510 726047432
1000000000 1000000000
671364658 944429724
1000000000 1000000000
520263104 257249300
1000000000 1000000000
174732791 181410192
1000000000 1000000000
701961618 319099383
1000000000 1000000000
61469995 759295
467873900 4070929
868081940 457852480
1000000000 1000000000
788920113 987650241
1000000000 1000000000
251192635 447250144
1000000000 1000000000
62993063 300538689
1000000000 1000000000
417130116 561053545
1000000000 1000000000
608551018 123986493
1000000000 1000000000
845928675 68795980
1000000000 1000000000
795174786 509990030
1000000000 1000000000
157474963 6375090
399693384 8456965
673361208 83062013
1000000000 1000000000
521847841 373373057
1000000000 1000000000
666215286 195217318
1000000000 1000000000
508574257 200868581
1000000000 1000000000
3472992 25120173
4137359 638031010
999063156 388464098
1000000000 1000000000
267803020 180634030
1000000000 1000000000
195502555 909097
449843689 11019636
504857067 166496183
1000000000 1000000000
72541623 656296353
1000000000 1000000000
856630803 833621561
1000000000 1000000000
217007233 170522654
1000000000 1000000000
93836126 783100290
1000000000 1000000000
297080973 409894454
1000000000 1000000000
300881120 537979810
1000000000 1000000000
639620303 345777450
1000000000 1000000000
301019139 393074290
1000000000 1000000000
327700117 804256951
1000000000 1000000000
937648000 251717936
1000000000 1000000000
428337587 485997471
1000000000 1000000000
209193131 115970888
1000000000 1000000000
199370397 150111813
1000000000 1000000000
802118064 868831769
1000000000 1000000000
187464714 301212657
1000000000 1000000000
934935593 115092416
1000000000 1000000000
988367311 230729449
1000000000 1000000000
372022125 559985135
1000000000 1000000000
162067000 7794574
529439345 8764461
1128628 73762098
5542019 355030134
706838954 510724484
1000000000 1000000000
992796121 222802313
1000000000 1000000000
628196531 251577279
1000000000 1000000000
255125430 623808155
1000000000 1000000000
16255554 7178272
38777130 73415038
32341038 658675145
1000000000 1000000000
451417597 921733740
1000000000 1000000000
885664755 704971714
1000000000 1000000000
192787581 370125815
1000000000 1000000000
593950817 548506122
1000000000 1000000000
690910523 904963107
1000000000 1000000000
859842899 565161847
1000000000 1000000000
671468462 291509282
1000000000 1000000000
195402973 733539347
1000000000 1000000000
657065469 466795640
1000000000 1000000000
58596230 778506836
1000000000 1000000000
504028920 58651324
1000000000 1000000000
273819531 426181662
1000000000 1000000000
735759319 536935759
1000000000 1000000000
433577786 624667071
1000000000 1000000000
786867693 369876407
1000000000 1000000000
423102782 510407514
1000000000 1000000000
524958182 385936364
1000000000 1000000000
867510233 485891767
1000000000 1000000000
205388645 703429800
1000000000 1000000000
733823936 94994082
1000000000 1000000000
845899837 446172847
1000000000 1000000000
584350 44164415
58763270 57956932
715342930 473877049
1000000000 1000000000
187207009 997337950
1000000000 1000000000
484461904 559296324
1000000000 1000000000
198535908 96353463
1000000000 1000000000
30764999 872779378
1000000000 1000000000
39139544 385223137
1000000000 1000000000
482479695 850463088
1000000000 1000000000
842432323 576421031
1000000000 1000000000
595660960 952975587
1000000000 1000000000
468985741 536550694
1000000000 1000000000
81606585 522385155
1000000000 1000000000
922827546 542975035
1000000000 1000000000
142474350 18379474
1000000000 1000000000
510026634 518617563
1000000000 1000000000
270405704 756239773
1000000000 1000000000
539789643 796529087
1000000000 1000000000
582421718 861125963
1000000000 1000000000
167768794 326360496
1000000000 1000000000
10062219 585349262
1000000000 1000000000
130833943 803441509
1000000000 1000000000
372781524 564906412
1000000000 1000000000
223378643 258416938
1000000000 1000000000
245252432 246630594
1000000000 1000000000
954641627 293935906
1000000000 1000000000
604679405 428830309
1000000000 1000000000
30806223 150719997
1000000000 1000000000
961039970 887375571
1000000000 1000000000
338267289 232957889
1000000000 1000000000
265414336 580756900
1000000000 1000000000
141032004 821807006
1000000000 1000000000
143366615 916250967
1000000000 1000000000
992646542 769462875
1000000000 1000000000
290411239 409525187
1000000000 1000000000
963912713 822123374
1000000000 1000000000
284041972 638804735
1000000000 1000000000
419447011 923774736
1000000000 1000000000
115302589 654704034
1000000000 1000000000
833087920 108032644
1000000000 1000000000
716692377 48963267
1000000000 1000000000
854292100 424379753
1000000000 1000000000
550469957 315766188
1000000000 1000000000
623457957 581549192
1000000000 1000000000
723562350 935929151
1000000000 1000000000
159518932 534469590
1000000000 1000000000
825877863 731187289
1000000000 1000000000
814092638 79952889
1000000000 1000000000
341513437 907161690
1000000000 1000000000
814595616 818947356
1000000000 1000000000
476084214 809031944
1000000000 1000000000
446997828 44677914
1000000000 1000000000
56956737 751194918
1000000000 1000000000
760674737 527996351
1000000000 1000000000
4714591 12615197
52088810 63998660
103619097 796488756
1000000000 1000000000
966000564 353752009
1000000000 1000000000
193401060 437705553
1000000000 1000000000
106564961 256418195
1000000000 1000000000
5814894 318179194
1000000000 1000000000
668944179 170575435
1000000000 1000000000
889478428 810240703
1000000000 1000000000
