1000 2
782029043 782238560
1000000000 1000000000
483557165 984460462
1000000000 1000000000
947767791 774226591
1000000000 1000000000
227599281 993236904
1000000000 1000000000
431009344 472553429
1000000000 1000000000
318771335 957078230
1000000000 1000000000
582738644 968861569
1000000000 1000000000
830522730 847425327
1000000000 1000000000
652164994 643887037
1000000000 1000000000
722445185 640547128
1000000000 1000000000
79780489 796759350
1000000000 1000000000
674180050 68744422
1000000000 1000000000
852253822 470591255
1000000000 1000000000
276282087 830302549
1000000000 1000000000
403471142 853470148
1000000000 1000000000
301205023 892775777
1000000000 1000000000
248208299 268814853
1000000000 1000000000
656251593 538078340
1000000000 1000000000
376972729 560230367
1000000000 1000000000
26084965 2507657
108062941 7272268
941037802 493693939
1000000000 1000000000
447962243 485568602
1000000000 1000000000
244629540 182407509
1000000000 1000000000
372871357 741626437
1000000000 1000000000
12594037 463066236
1000000000 1000000000
517321519 124156578
1000000000 1000000000
732040929 281060734
1000000000 1000000000
116916041 386633511
1000000000 1000000000
428970740 148796518
1000000000 1000000000
374481285 514762684
1000000000 1000000000
426317442 501102805
1000000000 1000000000
209028662 762549960
1000000000 1000000000
295535258 74212304
1000000000 1000000000
374855841 357977291
1000000000 1000000000
295477588 414326859
1000000000 1000000000
368808433 442455061
1000000000 1000000000
342119285 127350024
1000000000 1000000000
795738828 355184390
1000000000 1000000000
584156251 344945244
1000000000 1000000000
672518213 395312569
1000000000 1000000000
93745162 763686351
1000000000 1000000000
303868504 117008353
1000000000 1000000000
252110362 448663145
1000000000 1000000000
11653298 649501370
1000000000 1000000000
231286652 94797471
1000000000 1000000000
533357003 863912355
1000000000 1000000000
83628523 8047589
1000000000 1000000000
284479094 210821957
1000000000 1000000000
754070305 214476748
1000000000 1000000000
998075611 882670568
1000000000 1000000000
785679669 713977721
1000000000 1000000000
115479123 608591360
1000000000 1000000000
745818722 733517333
1000000000 1000000000
427890167 413112477
1000000000 1000000000
733598684 632837557
1000000000 1000000000
640664541 927139621
1000000000 1000000000
890554332 319072414
1000000000 1000000000
941801487 941032563
1000000000 1000000000
245112786 847079056
1000000000 1000000000
817667421 602160109
1000000000 1000000000
12584344 86429826
15111582 139232379
390497851 787599082
1000000000 1000000000
530256250 138328267
1000000000 1000000000
330047657 229956584
1000000000 1000000000
784178983 467086174
1000000000 1000000000
581862408 936590979
1000000000 1000000000
356053841 512607715
1000000000 1000000000
881114331 905924220
1000000000 1000000000
625995783 473500929
1000000000 1000000000
72086544 51110785
1000000000 1000000000
182310615 729216808
1000000000 1000000000
895860061 758765842
1000000000 1000000000
537812698 42339490
1000000000 1000000000
410811801 140790963
1000000000 1000000000
478686800 787374167
1000000000 1000000000
260865750 304611578
1000000000 1000000000
218008767 274864216
1000000000 1000000000
495454719 516718952
1000000000 1000000000
821013726 255650862
1000000000 1000000000
126021408 683296423
1000000000 1000000000
738254971 645873235
1000000000 1000000000
706974073 676760420
1000000000 1000000000
483063248 217886186
1000000000 1000000000
340744395 167347631
1000000000 1000000000
336463068 320656088
1000000000 1000000000
422057862 924899271
1000000000 1000000000
150474998 269617268
1000000000 1000000000
576481522 106658661
1000000000 1000000000
955386287 810937004
1000000000 1000000000
489920967 318063825
1000000000 1000000000
558069948 663377155
1000000000 1000000000
793215051 259712884
1000000000 1000000000
249926949 997643085
1000000000 1000000000
529390821 92941277
1000000000 1000000000
587980305 343811657
1000000000 1000000000
477052406 534586450
1000000000 1000000000
272880545 810804369
1000000000 1000000000
506032273 757662680
1000000000 1000000000
871862825 362767344
1000000000 1000000000
38625084 659678946
1000000000 1000000000
172329381 848006083
1000000000 1000000000
288373000 686859785
1000000000 1000000000
610977151 852853564
1000000000 1000000000
879519513 620471089
1000000000 1000000000
165172459 392016493
1000000000 1000000000
176339522 26561573
1000000000 1000000000
758182534 375315918
1000000000 1000000000
67984834 34774994
1000000000 1000000000
216468856 97512457
1000000000 1000000000
665942681 12785282
1000000000 1000000000
470073905 117309081
1000000000 1000000000
884779957 504190595
1000000000 1000000000
295142968 544287818
1000000000 1000000000
785529404 178982527
1000000000 1000000000
714735821 607725185
1000000000 1000000000
304854936 531907869
1000000000 1000000000
598548788 206732638
1000000000 1000000000
664569776 570505074
1000000000 1000000000
707990872 68327170
1000000000 1000000000
817267445 595943646
1000000000 1000000000
883081147 22855534
1000000000 1000000000
242444438 218583780
1000000000 1000000000
115190259 757423446
1000000000 1000000000
225172710 997799619
1000000000 1000000000
105356920 343442755
1000000000 1000000000
362157194 862915615
1000000000 1000000000
396407612 204470588
1000000000 1000000000
167607927 793031894
1000000000 1000000000
812756597 379329324
1000000000 1000000000
833358902 976718592
1000000000 1000000000
889164348 782389606
1000000000 1000000000
11049384 291350665
1000000000 1000000000
321435727 603312783
1000000000 1000000000
837930028 269943354
1000000000 1000000000
397509986 662103941
1000000000 1000000000
214921044 817366614
1000000000 1000000000
737218046 921048265
1000000000 1000000000
850340371 310980182
1000000000 1000000000
146912088 159734907
1000000000 1000000000
379035692 223434513
1000000000 1000000000
238849744 774888573
1000000000 1000000000
99189944 119392343
1000000000 1000000000
859805363 897206813
1000000000 1000000000
273412511 252113824
1000000000 1000000000
867313409 322706993
1000000000 1000000000
149866859 682322179
1000000000 1000000000
0 0
7510004 37501777
703349064 912133843
1000000000 1000000000
699830967 814487900
1000000000 1000000000
357834763 493786683
1000000000 1000000000
295805589 722273368
1000000000 1000000000
725282513 971704878
1000000000 1000000000
799610325 657435956
1000000000 1000000000
970018632 979777971
1000000000 1000000000
188882268 741073032
1000000000 1000000000
597555572 895821555
1000000000 1000000000
199488371 303451927
1000000000 1000000000
303337802 28141583
1000000000 1000000000
353739158 247532479
1000000000 1000000000
112712754 540383672
1000000000 1000000000
40052127 312796318
1000000000 1000000000
869467363 212077948
1000000000 1000000000
531742409 32372943
1000000000 1000000000
810317096 466737719
1000000000 1000000000
863032982 226496448
1000000000 1000000000
46391339 115329290
1000000000 1000000000
892495730 981284307
1000000000 1000000000
862857441 201519269
1000000000 1000000000
753763761 766200225
1000000000 1000000000
539831657 395818023
1000000000 1000000000
843149063 596850225
1000000000 1000000000
773641023 321695174
1000000000 1000000000
739137451 996500452
1000000000 1000000000
799352585 618410317
1000000000 1000000000
500563982 36484471
1000000000 1000000000
896674845 573406954
1000000000 1000000000
849337373 822353721
1000000000 1000000000
964893502 851807258
1000000000 1000000000
36514944 949175083
1000000000 1000000000
31019171 41173308
1000000000 1000000000
26862593 518941792
1000000000 1000000000
50371260 512179162
1000000000 1000000000
121199007 146653778
1000000000 1000000000
464287370 85336234
1000000000 1000000000
237848795 654926346
1000000000 1000000000
908963231 89098786
1000000000 1000000000
44324765 443834709
1000000000 1000000000
728957605 228831950
1000000000 1000000000
690078182 684130864
1000000000 1000000000
347031004 118048368
1000000000 1000000000
410025306 634507539
1000000000 1000000000
727969070 658618254
1000000000 1000000000
948508320 96446308
1000000000 1000000000
311872841 404784008
1000000000 1000000000
925235659 50548440
1000000000 1000000000
492777850 725996768
1000000000 1000000000
316765413 348742497
1000000000 1000000000
616393808 241067553
1000000000 1000000000
63761648 972293244
1000000000 1000000000
799443947 555544702
1000000000 1000000000
144389386 573170929
1000000000 1000000000
198396698 366543141
1000000000 1000000000
237794144 575387377
1000000000 1000000000
942862077 590448915
1000000000 1000000000
971681992 312953197
1000000000 1000000000
166854804 16145265
1000000000 1000000000
74131792 370244609
1000000000 1000000000
736821029 615201577
1000000000 1000000000
696613920 644118670
1000000000 1000000000
656895889 994119273
1000000000 1000000000
725719832 121541983
1000000000 1000000000
9218787 1853786
226430910 3764861
310690800 551925881
1000000000 1000000000
566494798 334163610
1000000000 1000000000
245950907 276700251
1000000000 1000000000
259908990 346948335
1000000000 1000000000
495975886 504209049
1000000000 1000000000
387276658 59666217
1000000000 1000000000
953274094 804313071
1000000000 1000000000
661214545 135191765
1000000000 1000000000
162760780 837744909
1000000000 1000000000
775539919 36529413
1000000000 1000000000
465915625 856312444
1000000000 1000000000
980689950 790331650
1000000000 1000000000
690761577 917020530
1000000000 1000000000
730385454 490699510
1000000000 1000000000
808039139 20544906
1000000000 1000000000
810046336 480263379
1000000000 1000000000
364533979 65754037
1000000000 1000000000
179822496 235044019
1000000000 1000000000
330206503 523135958
1000000000 1000000000
750079266 421636281
1000000000 1000000000
83736687 560831829
1000000000 1000000000
445378238 549079289
1000000000 1000000000
598401016 322597837
1000000000 1000000000
814515440 64296067
1000000000 1000000000
771218818 491529292
1000000000 1000000000
231864292 933729521
1000000000 1000000000
578450962 357583222
1000000000 1000000000
600137720 97700686
1000000000 1000000000
283185165 322792728
1000000000 1000000000
148261393 197385422
1000000000 1000000000
539253917 513323327
1000000000 1000000000
339170648 678055005
1000000000 1000000000
814744990 194538927
1000000000 1000000000
429753919 606966016
1000000000 1000000000
824268822 769162408
1000000000 1000000000
297913193 547991935
1000000000 1000000000
498318755 189897564
1000000000 1000000000
183005533 323300880
1000000000 1000000000
152833392 125426394
1000000000 1000000000
843361080 853977735
1000000000 1000000000
98037496 718629612
1000000000 1000000000
826870672 29478890
1000000000 1000000000
900209871 222405182
1000000000 1000000000
640303230 589230123
1000000000 1000000000
671601946 751748781
1000000000 1000000000
256685930 243240576
1000000000 1000000000
100785847 643210397
1000000000 1000000000
260950415 570949593
1000000000 1000000000
208419438 133701491
1000000000 1000000000
40453632 284189947
1000000000 1000000000
141280489 808408838
1000000000 1000000000
17161687 70661845
1000000000 1000000000
243707952 955826874
1000000000 1000000000
280746176 940212181
1000000000 1000000000
775500601 250605509
1000000000 1000000000
713382964 129795638
1000000000 1000000000
894596139 661765868
1000000000 1000000000
802882857 870090155
1000000000 1000000000
921241784 827456259
1000000000 1000000000
994416204 201511958
1000000000 1000000000
508951584 305569625
1000000000 1000000000
490606732 737536677
1000000000 1000000000
669162408 702426336
1000000000 1000000000
595768027 441673791
1000000000 1000000000
998459544 536679674
1000000000 1000000000
976087091 947116695
1000000000 1000000000
865923703 449244716
1000000000 1000000000
746065898 445048176
1000000000 1000000000
888870114 34465416
1000000000 1000000000
201093688 853530200
1000000000 1000000000
8699650 548346856
1000000000 1000000000
995921024 664327568
1000000000 1000000000
852930051 684687950
1000000000 1000000000
821522646 757613953
1000000000 1000000000
580993404 445218605
1000000000 1000000000
513114256 645958058
1000000000 1000000000
987351728 492579677
1000000000 1000000000
639128901 43669130
1000000000 1000000000
563344542 731039890
1000000000 1000000000
138601572 680278154
1000000000 1000000000
899408248 194093079
1000000000 1000000000
306476308 322245596
1000000000 1000000000
602527055 32630104
1000000000 1000000000
804342323 214565224
1000000000 1000000000
870844562 87961443
1000000000 1000000000
368788 99477491
4189942 196810116
345333739 845384456
1000000000 1000000000
798892039 11845711
1000000000 1000000000
84564471 27478818
1000000000 1000000000
373182451 314499292
1000000000 1000000000
428664617 171771424
1000000000 1000000000
302151385 520629142
1000000000 1000000000
647078434 870746580
1000000000 1000000000
589761343 341688918
1000000000 1000000000
612593046 787998385
1000000000 1000000000
338267791 899108793
1000000000 1000000000
50960944 397193708
1000000000 1000000000
192435898 178868863
1000000000 1000000000
690630832 690131337
1000000000 1000000000
794006968 827399437
1000000000 1000000000
821964527 559756767
1000000000 1000000000
380699930 211403306
1000000000 1000000000
15579157 832729685
1000000000 1000000000
961269545 400758053
1000000000 1000000000
96514323 132971007
1000000000 1000000000
210213452 99650653
1000000000 1000000000
19599518 212860805
1000000000 1000000000
164472689 233366998
1000000000 1000000000
909008668 60916102
1000000000 1000000000
75814485 735372262
1000000000 1000000000
125497243 674070521
1000000000 1000000000
708996192 844742205
1000000000 1000000000
197448815 467837993
1000000000 1000000000
683757879 550623660
1000000000 1000000000
766045005 623128855
1000000000 1000000000
942663763 220935331
1000000000 1000000000
23120487 443886941
1000000000 1000000000
203203017 877839752
1000000000 1000000000
466441947 374450957
1000000000 1000000000
604036183 400700386
1000000000 1000000000
437434937 854123584
1000000000 1000000000
391934869 333487357
1000000000 1000000000
653365080 902398493
1000000000 1000000000
644652946 529578727
1000000000 1000000000
813458597 708458950
1000000000 1000000000
410454004 619240567
1000000000 1000000000
458094303 200007092
1000000000 1000000000
411003659 899038829
1000000000 1000000000
763048606 528406822
1000000000 1000000000
167908665 235161219
1000000000 1000000000
422118619 153543830
1000000000 1000000000
2292311 358456104
2557547 487608964
618012794 227740534
1000000000 1000000000
812972026 98328908
1000000000 1000000000
828337606 79760103
1000000000 1000000000
610433333 99233765
1000000000 1000000000
455327194 629188475
1000000000 1000000000
875868028 589714132
1000000000 1000000000
541219695 49758294
1000000000 1000000000
854425593 629472838
1000000000 1000000000
52533399 993510335
1000000000 1000000000
179090945 441542259
1000000000 1000000000
485632098 743011664
1000000000 1000000000
249636922 992424970
1000000000 1000000000
946246413 652729397
1000000000 1000000000
637065523 483923278
1000000000 1000000000
6270723 148042728
1000000000 1000000000
761083272 858688051
1000000000 1000000000
735804512 662601900
1000000000 1000000000
371260567 612488676
1000000000 1000000000
800894699 230760873
1000000000 1000000000
983389311 836228356
1000000000 1000000000
526370961 886380838
1000000000 1000000000
981960379 291956150
1000000000 1000000000
941162192 798372751
1000000000 1000000000
470092693 347129691
1000000000 1000000000
706903875 332775374
1000000000 1000000000
270374000 862590338
1000000000 1000000000
523193627 471179809
1000000000 1000000000
300470142 646239480
1000000000 1000000000
418682450 664918829
1000000000 1000000000
969263108 17793006
1000000000 1000000000
646295841 157376835
1000000000 1000000000
722551427 578773322
1000000000 1000000000
491435311 909212157
1000000000 1000000000
408365225 827449474
1000000000 1000000000
442087095 776863106
1000000000 1000000000
843175337 287816549
1000000000 1000000000
440204069 843783798
1000000000 1000000000
825610818 894752777
1000000000 1000000000
161372016 291419853
1000000000 1000000000
720885958 712028529
1000000000 1000000000
648443764 983814486
1000000000 1000000000
655851167 187908051
1000000000 1000000000
7711172 169433215
1000000000 1000000000
792132774 201418808
1000000000 1000000000
421451720 31306461
1000000000 1000000000
988738292 360151242
1000000000 1000000000
37024472 879126858
1000000000 1000000000
552521309 791207737
1000000000 1000000000
101413024 167967065
1000000000 1000000000
705651277 812858619
1000000000 1000000000
577586234 66029119
1000000000 1000000000
709320782 20040342
1000000000 1000000000
525321148 104693654
1000000000 1000000000
32354264 892846948
1000000000 1000000000
294819671 733443628
1000000000 1000000000
77653120 404289205
1000000000 1000000000
473292926 174836709
1000000000 1000000000
698473590 637697217
1000000000 1000000000
614261286 957399123
1000000000 1000000000
686764023 584795526
1000000000 1000000000
768345887 988576464
1000000000 1000000000
125126047 718753805
1000000000 1000000000
574908223 737815477
1000000000 1000000000
631100899 343240092
1000000000 1000000000
668673019 410558351
1000000000 1000000000
530768071 896102713
1000000000 1000000000
840463940 358144006
1000000000 1000000000
897059042 330569072
1000000000 1000000000
577030222 883727069
1000000000 1000000000
982069906 211961700
1000000000 1000000000
621913068 637051355
1000000000 1000000000
494195778 365152415
1000000000 1000000000
236527539 206355780
1000000000 1000000000
510045307 688727126
1000000000 1000000000
149160139 387801189
1000000000 1000000000
588584146 53359769
1000000000 1000000000
692569597 386160341
1000000000 1000000000
454016788 892731621
1000000000 1000000000
776690620 878606363
1000000000 1000000000
234475541 47003942
1000000000 1000000000
712039863 455945951
1000000000 1000000000
257717469 878252806
1000000000 1000000000
811773655 620182335
1000000000 1000000000
884671675 727870868
1000000000 1000000000
321136626 751136612
1000000000 1000000000
959224765 961806384
1000000000 1000000000
897663830 146431101
1000000000 1000000000
55417632 419599421
1000000000 1000000000
97727578 982588337
1000000000 1000000000
227434402 535059277
1000000000 1000000000
614598336 865518047
1000000000 1000000000
422503121 168797005
1000000000 1000000000
446339845 3575583
1000000000 1000000000
950254802 887912814
1000000000 1000000000
439616391 746334305
1000000000 1000000000
34553410 875794702
1000000000 1000000000
849372249 874483085
1000000000 1000000000
716613493 983485384
1000000000 1000000000
949300513 414352268
1000000000 1000000000
136413649 938171088
1000000000 1000000000
161728130 141562961
1000000000 1000000000
337888530 374939263
1000000000 1000000000
698055411 788787118
1000000000 1000000000
227656352 341427429
1000000000 1000000000
454438610 824554667
1000000000 1000000000
586047087 535939943
1000000000 1000000000
376945187 888486494
1000000000 1000000000
961114941 64445602
1000000000 1000000000
316586760 389134382
1000000000 1000000000
61122702 891305157
1000000000 1000000000
205168939 879250530
1000000000 1000000000
146700848 964964495
1000000000 1000000000
364875676 787059437
1000000000 1000000000
911864913 382971119
1000000000 1000000000
856420336 984721386
1000000000 1000000000
965997903 929332272
1000000000 1000000000
11294147 672366967
1000000000 1000000000
177557877 248127762
1000000000 1000000000
629247215 183473953
1000000000 1000000000
88078309 833753959
1000000000 1000000000
929594580 426546463
1000000000 1000000000
32617512 162320878
1000000000 1000000000
120356903 69086679
1000000000 1000000000
635134708 963565489
1000000000 1000000000
335606583 126284698
1000000000 1000000000
792379802 234430264
1000000000 1000000000
26121103 322559575
1000000000 1000000000
907213731 401156410
1000000000 1000000000
902674148 589039050
1000000000 1000000000
313840374 149024406
1000000000 1000000000
823240790 824016041
1000000000 1000000000
104343249 10188555
1000000000 1000000000
792039523 492179636
1000000000 1000000000
985389725 198643216
1000000000 1000000000
129483 260449047
178822 742722468
831719969 500252517
1000000000 1000000000
155376036 829938145
1000000000 1000000000
290126828 184091681
1000000000 1000000000
932696780 515040632
1000000000 1000000000
632197623 375481581
1000000000 1000000000
258071891 525734453
1000000000 1000000000
120575034 443552401
1000000000 1000000000
245500508 815772410
1000000000 1000000000
521907800 958286606
1000000000 1000000000
56000471 153637451
1000000000 1000000000
802162308 780015640
1000000000 1000000000
609304807 579576806
1000000000 1000000000
312477447 530212583
1000000000 1000000000
433396104 303877867
1000000000 1000000000
758242185 862079773
1000000000 1000000000
70468818 587693679
1000000000 1000000000
42925019 50805547
1000000000 1000000000
84065910 136692575
1000000000 1000000000
356770800 634222601
1000000000 1000000000
568221840 739345749
1000000000 1000000000
801849134 957556334
1000000000 1000000000
648487614 945586144
1000000000 1000000000
359717195 293835364
1000000000 1000000000
410775825 560546468
1000000000 1000000000
146240754 917070214
1000000000 1000000000
697326615 592829248
1000000000 1000000000
140966076 74551111
1000000000 1000000000
710095768 236898267
1000000000 1000000000
397545691 947049716
1000000000 1000000000
589182846 979348428
1000000000 1000000000
112681545 335497295
1000000000 1000000000
642267034 440446573
1000000000 1000000000
868840884 996285440
1000000000 1000000000
152610676 308345016
1000000000 1000000000
84513991 556741247
1000000000 1000000000
300587649 153859446
1000000000 1000000000
159723125 405678309
1000000000 1000000000
982539181 887169297
1000000000 1000000000
786163751 101002677
1000000000 1000000000
595299133 979152084
1000000000 1000000000
640027201 262824646
1000000000 1000000000
174783844 861476304
1000000000 1000000000
848341791 225001681
1000000000 1000000000
262851559 704405609
1000000000 1000000000
835124852 979575097
1000000000 1000000000
798736476 264152195
1000000000 1000000000
479409986 239758727
1000000000 1000000000
125410996 552654138
1000000000 1000000000
341978010 854934778
1000000000 1000000000
292887595 11046023
1000000000 1000000000
72460686 820368687
1000000000 1000000000
270489435 403043433
1000000000 1000000000
869039814 528917267
1000000000 1000000000
845882794 668031777
1000000000 1000000000
747525662 354098044
1000000000 1000000000
870047869 877589342
1000000000 1000000000
431197431 572245146
1000000000 1000000000
387342309 533069832
1000000000 1000000000
240536212 600620872
1000000000 1000000000
819505069 683426231
1000000000 1000000000
888776355 279531810
1000000000 1000000000
339997299 602795438
1000000000 1000000000
223823710 348339332
1000000000 1000000000
855485391 207028913
1000000000 1000000000
364138732 515912918
1000000000 1000000000
290366111 59241827
1000000000 1000000000
774502468 306246685
1000000000 1000000000
28086332 902546860
1000000000 1000000000
726468540 336221310
1000000000 1000000000
943225423 77439352
1000000000 1000000000
476627628 869074248
1000000000 1000000000
525862063 31300597
1000000000 1000000000
661048263 656167189
1000000000 1000000000
110377927 710786512
1000000000 1000000000
595724967 323696350
1000000000 1000000000
416390518 641608421
1000000000 1000000000
712422212 333604985
1000000000 1000000000
499178466 73366234
1000000000 1000000000
228748570 290653978
1000000000 1000000000
807245384 220198029
1000000000 1000000000
989469671 973313670
1000000000 1000000000
12073078 259208463
1000000000 1000000000
905400705 857633963
1000000000 1000000000
469926171 231737425
1000000000 1000000000
906353490 550350464
1000000000 1000000000
3030176 934397933
1000000000 1000000000
17862491 36484698
28064786 47680424
905994104 479985591
1000000000 1000000000
516060739 104925381
1000000000 1000000000
613178948 675762772
1000000000 1000000000
291283612 579250750
1000000000 1000000000
881311415 135102728
1000000000 1000000000
997041438 232216490
1000000000 1000000000
887452589 389776238
1000000000 1000000000
469202057 955387409
1000000000 1000000000
755040926 860701993
1000000000 1000000000
295376132 481165469
1000000000 1000000000
75603152 192501727
1000000000 1000000000
545298322 523911844
1000000000 1000000000
342754365 428062225
1000000000 1000000000
991027810 659738750
1000000000 1000000000
537954855 365191095
1000000000 1000000000
391520778 460494849
1000000000 1000000000
342028299 451522593
1000000000 1000000000
164377745 601171435
1000000000 1000000000
649997021 462649892
1000000000 1000000000
991467486 851323563
1000000000 1000000000
404921899 740585579
1000000000 1000000000
322862111 495984521
1000000000 1000000000
170679493 436352661
1000000000 1000000000
298501078 263391514
1000000000 1000000000
703306926 2005698
1000000000 1000000000
610021572 772109910
1000000000 1000000000
553014714 239230435
1000000000 1000000000
771228054 479414052
1000000000 1000000000
421407119 335393297
1000000000 1000000000
38782713 291230736
1000000000 1000000000
26819791 3182170
406583052 4962509
822238588 89643213
1000000000 1000000000
104262042 483342258
1000000000 1000000000
993105723 719106852
1000000000 1000000000
413178686 127864605
1000000000 1000000000
879202475 945839435
1000000000 1000000000
517791518 250258926
1000000000 1000000000
991453119 684877433
1000000000 1000000000
621700208 393404884
1000000000 1000000000
692182960 644322259
1000000000 1000000000
980545273 488939960
1000000000 1000000000
370675653 451512222
1000000000 1000000000
21310008 969480136
1000000000 1000000000
850587025 856255486
1000000000 1000000000
366371393 602553509
1000000000 1000000000
942808482 125719098
1000000000 1000000000
934854202 53640905
1000000000 1000000000
574207598 420023505
1000000000 1000000000
790535756 765191833
1000000000 1000000000
928416608 438119660
1000000000 1000000000
360345955 135364511
1000000000 1000000000
163781035 943457718
1000000000 1000000000
870888944 978303919
1000000000 1000000000
343489222 989827396
1000000000 1000000000
20087294 690459090
1000000000 1000000000
303247007 651374232
1000000000 1000000000
837322137 130762487
1000000000 1000000000
535737121 569934559
1000000000 1000000000
430789891 589935647
1000000000 1000000000
846294673 951149533
1000000000 1000000000
695069795 197141265
1000000000 1000000000
661142512 254015256
1000000000 1000000000
422917931 684923247
1000000000 1000000000
857198791 233353575
1000000000 1000000000
178862176 24625629
1000000000 1000000000
707431467 255339266
1000000000 1000000000
609557771 484397733
1000000000 1000000000
727091863 193007511
1000000000 1000000000
582568536 308130211
1000000000 1000000000
303423917 991206424
1000000000 1000000000
925224185 200810175
1000000000 1000000000
369728929 269393023
1000000000 1000000000
195742093 380117350
1000000000 1000000000
323652734 824460861
1000000000 1000000000
433635274 889011372
1000000000 1000000000
708532099 827475326
1000000000 1000000000
127287609 412009585
1000000000 1000000000
33716284 551810068
1000000000 1000000000
166524590 448647928
1000000000 1000000000
454837043 236231055
1000000000 1000000000
179212374 860765389
1000000000 1000000000
321551044 398621396
1000000000 1000000000
899406765 560134709
1000000000 1000000000
964805747 16291234
1000000000 1000000000
403172624 682142603
1000000000 1000000000
805201019 678726581
1000000000 1000000000
529202419 103951193
1000000000 1000000000
735324183 908017017
1000000000 1000000000
806129955 464779564
1000000000 1000000000
985826592 770216501
1000000000 1000000000
334989924 661274336
1000000000 1000000000
209845276 964797943
1000000000 1000000000
970164994 865434916
1000000000 1000000000
909360568 500151742
1000000000 1000000000
879314429 234829658
1000000000 1000000000
623034982 293929123
1000000000 1000000000
923018360 309784773
1000000000 1000000000
297400514 499404757
1000000000 1000000000
682531011 419889096
1000000000 1000000000
769370179 985517343
1000000000 1000000000
894049143 836373345
1000000000 1000000000
966613100 635584865
1000000000 1000000000
963780892 76913558
1000000000 1000000000
285247084 978808647
1000000000 1000000000
906028821 233732498
1000000000 1000000000
667305046 622953411
1000000000 1000000000
485093376 273498427
1000000000 1000000000
536479750 744317556
1000000000 1000000000
132126845 406829983
1000000000 1000000000
843630332 713880565
1000000000 1000000000
810570761 953936952
1000000000 1000000000
85776692 40181301
1000000000 1000000000
545025202 660173275
1000000000 1000000000
80654582 742891647
1000000000 1000000000
329724581 461334501
1000000000 1000000000
816194646 851566896
1000000000 1000000000
86953193 607299428
1000000000 1000000000
648468682 726145190
1000000000 1000000000
823306205 570897274
1000000000 1000000000
992506247 195568448
1000000000 1000000000
295404901 262794084
1000000000 1000000000
210802494 634092991
1000000000 1000000000
181816393 477072851
1000000000 1000000000
576375871 365527921
1000000000 1000000000
288270713 659696687
1000000000 1000000000
521543838 605299884
1000000000 1000000000
839170050 838287994
1000000000 1000000000
131627354 774249270
1000000000 1000000000
44434992 541280762
1000000000 1000000000
374659635 750372763
1000000000 1000000000
972635472 976714943
1000000000 1000000000
277721286 380749074
1000000000 1000000000
323785703 674820709
1000000000 1000000000
130456430 958344141
1000000000 1000000000
514726858 571986281
1000000000 1000000000
866755872 86850983
1000000000 1000000000
419362479 489996681
1000000000 1000000000
85798956 751089980
1000000000 1000000000
874584141 978826246
1000000000 1000000000
39019394 491806527
1000000000 1000000000
753428308 12347678
1000000000 1000000000
660632761 170203001
1000000000 1000000000
399183163 503077967
1000000000 1000000000
509906772 235578443
1000000000 1000000000
509343630 239931139
1000000000 1000000000
138935651 8921426
1000000000 1000000000
367233067 244622043
1000000000 1000000000
261714098 82043748
1000000000 1000000000
328720217 695389658
1000000000 1000000000
900627970 949410777
1000000000 1000000000
718118392 535657057
1000000000 1000000000
714398621 313129665
1000000000 1000000000
457715165 552251759
1000000000 1000000000
714014813 801015222
1000000000 1000000000
820752846 469976062
1000000000 1000000000
656759608 952157957
1000000000 1000000000
618110842 602109207
1000000000 1000000000
874668632 168741977
1000000000 1000000000
258274582 381314868
1000000000 1000000000
475051399 350472478
1000000000 1000000000
625238682 962187976
1000000000 1000000000
911991780 190999092
1000000000 1000000000
942988982 749943980
1000000000 1000000000
405218572 929726805
1000000000 1000000000
28073545 22246727
1000000000 1000000000
883753915 725467150
1000000000 1000000000
27488738 980298424
1000000000 1000000000
583501870 573102528
1000000000 1000000000
775515578 344922090
1000000000 1000000000
834160696 445303759
1000000000 1000000000
826077917 431700507
1000000000 1000000000
876443928 337712818
1000000000 1000000000
463019403 658238980
1000000000 1000000000
779490259 532659192
1000000000 1000000000
108023932 415049437
1000000000 1000000000
132366324 628481885
1000000000 1000000000
205464305 78809377
1000000000 1000000000
876945792 744811231
1000000000 1000000000
163580888 524404070
1000000000 1000000000
641456132 337910846
1000000000 1000000000
634284142 98136841
1000000000 1000000000
721529153 718058584
1000000000 1000000000
923946284 202485549
1000000000 1000000000
224946352 711622020
1000000000 1000000000
628683347 237587328
1000000000 1000000000
619235215 293703059
1000000000 1000000000
560476757 439296185
1000000000 1000000000
598136491 181884569
1000000000 1000000000
478110944 159176826
1000000000 1000000000
836223420 852465378
1000000000 1000000000
969610467 946693952
1000000000 1000000000
831683183 429000722
1000000000 1000000000
548334488 913671616
1000000000 1000000000
986920527 555351530
1000000000 1000000000
542805041 720816440
1000000000 1000000000
579188986 805139873
1000000000 1000000000
10242916 700322320
1000000000 1000000000
411591886 54489093
1000000000 1000000000
512648385 794918426
1000000000 1000000000
375239430 899830693
1000000000 1000000000
617835605 938376470
1000000000 1000000000
753706340 970662435
1000000000 1000000000
467418680 820072911
1000000000 1000000000
80276537 213741449
1000000000 1000000000
428782684 275358556
1000000000 1000000000
175632510 572587165
1000000000 1000000000
131849651 46825069
1000000000 1000000000
520013610 382963316
1000000000 1000000000
797026855 498368588
1000000000 1000000000
377826356 447907105
1000000000 1000000000
731469410 441434210
1000000000 1000000000
969889326 587265502
1000000000 1000000000
592386007 324084014
1000000000 1000000000
429861426 256849602
1000000000 1000000000
912086563 176836407
1000000000 1000000000
482655016 641817358
1000000000 1000000000
186870333 696235419
1000000000 1000000000
210854247 695699642
1000000000 1000000000
813712167 292882739
1000000000 1000000000
260532951 791199216
1000000000 1000000000
101170661 77999495
1000000000 1000000000
744034168 457423593
1000000000 1000000000
869998006 289193175
1000000000 1000000000
611477279 646277405
1000000000 1000000000
410855241 945140186
1000000000 1000000000
398674766 784369657
1000000000 1000000000
374420280 924996296
1000000000 1000000000
997639956 536400214
1000000000 1000000000
44515891 383948594
1000000000 1000000000
930911423 828229042
1000000000 1000000000
831648870 340999166
1000000000 1000000000
489654136 655341248
1000000000 1000000000
207097971 340367110
1000000000 1000000000
793916436 93900847
1000000000 1000000000
569467507 890602937
1000000000 1000000000
25632952 121519079
1000000000 1000000000
877949453 68288992
1000000000 1000000000
415766328 419167661
1000000000 1000000000
642225432 500965257
1000000000 1000000000
463977037 485416825
1000000000 1000000000
327247126 827371921
1000000000 1000000000
659365265 202990710
1000000000 1000000000
693305909 711871548
1000000000 1000000000
737832578 313348333
1000000000 1000000000
748047735 692164226
1000000000 1000000000
484036091 7944176
1000000000 1000000000
883246653 240519504
1000000000 1000000000
626597585 725360951
1000000000 1000000000
169116628 730393080
1000000000 1000000000
906217283 3928825
1000000000 1000000000
66739098 187231795
1000000000 1000000000
776935252 70469191
1000000000 1000000000
635209372 448153200
1000000000 1000000000
522957967 119984378
1000000000 1000000000
672620672 55546039
1000000000 1000000000
425916427 495460591
1000000000 1000000000
517615641 765975069
1000000000 1000000000
551469803 974289339
1000000000 1000000000
930273883 852406455
1000000000 1000000000
677695389 617268907
1000000000 1000000000
335864816 18679781
1000000000 1000000000
72079926 395681099
1000000000 1000000000
40100689 622881671
1000000000 1000000000
904604562 184297552
1000000000 1000000000
33549902 936759585
1000000000 1000000000
515366422 776351644
1000000000 1000000000
219150493 23532230
1000000000 1000000000
44551407 439985563
1000000000 1000000000
498418777 71150786
1000000000 1000000000
783950698 954746405
1000000000 1000000000
717605219 44071578
1000000000 1000000000
475018349 134337831
1000000000 1000000000
998085442 587957905
1000000000 1000000000
499359786 615503290
1000000000 1000000000
396871312 149020311
1000000000 1000000000
79728122 424556351
1000000000 1000000000
423446091 824773581
1000000000 1000000000
793545311 636620702
1000000000 1000000000
877828186 192068065
1000000000 1000000000
854781271 324075801
1000000000 1000000000
880841464 83477837
1000000000 1000000000
148909824 372930201
1000000000 1000000000
260159520 811346301
1000000000 1000000000
465083548 331952204
1000000000 1000000000
769135324 825880517
1000000000 1000000000
761076217 687749194
1000000000 1000000000
608331130 135997840
1000000000 1000000000
45981037 347182642
1000000000 1000000000
114395822 122747288
1000000000 1000000000
564480189 726961168
1000000000 1000000000
734548752 621596100
1000000000 1000000000
476638288 381557077
1000000000 1000000000
570908736 48918683
1000000000 1000000000
69230999 378707314
1000000000 1000000000
623160155 329379191
1000000000 1000000000
733085117 299013063
1000000000 1000000000
89379014 655396562
1000000000 1000000000
23741040 743345458
1000000000 1000000000
186741064 524152165
1000000000 1000000000
570263894 163510764
1000000000 1000000000
263024656 282621245
1000000000 1000000000
263171773 88411311
1000000000 1000000000
28834773 254579767
1000000000 1000000000
520485346 849082348
1000000000 1000000000
11129395 886532106
1000000000 1000000000
148337681 894527815
1000000000 1000000000
244294968 928783730
1000000000 1000000000
123701237 850888379
1000000000 1000000000
196908422 496332715
1000000000 1000000000
310508523 546487634
1000000000 1000000000
579820910 582959502
1000000000 1000000000
382992269 651992977
1000000000 1000000000
862873108 833109637
1000000000 1000000000
241056444 762821105
1000000000 1000000000
921758982 60451336
1000000000 1000000000
134216722 707452599
1000000000 1000000000
370711272 306473363
1000000000 1000000000
712206553 986340957
1000000000 1000000000
523831287 639858573
1000000000 1000000000
546731429 896340292
1000000000 1000000000
246766961 661105096
1000000000 1000000000
629459223 632719920
1000000000 1000000000
820328240 751556819
1000000000 1000000000
427836011 697914150
1000000000 1000000000
922239414 383522989
1000000000 1000000000
959361921 833332682
1000000000 1000000000
341176355 907341177
1000000000 1000000000
875607977 938479595
1000000000 1000000000
863330151 783466177
1000000000 1000000000
777689922 60753194
1000000000 1000000000
185140563 896976623
1000000000 1000000000
132298208 961915931
1000000000 1000000000
282695973 341758958
1000000000 1000000000
653376147 500944263
1000000000 1000000000
398028205 659450392
1000000000 1000000000
773431767 245054867
1000000000 1000000000
884697532 858886689
1000000000 1000000000
136283193 467189143
1000000000 1000000000
60880772 88176108
1000000000 1000000000
620439775 221619703
1000000000 1000000000
992213478 858494076
1000000000 1000000000
446737645 821405839
1000000000 1000000000
4554440 487809116
1000000000 1000000000
44982189 823554750
1000000000 1000000000
964734254 159280643
1000000000 1000000000
48142610 768495877
1000000000 1000000000
546445377 612636677
1000000000 1000000000
241406027 783670385
1000000000 1000000000
182902120 54819155
1000000000 1000000000
410533716 794376204
1000000000 1000000000
175353997 413629116
1000000000 1000000000
213720952 514520032
1000000000 1000000000
763855971 986048048
1000000000 1000000000
383626449 120806648
1000000000 1000000000
650539044 212913852
1000000000 1000000000
661424345 50345276
1000000000 1000000000
433436714 142804712
1000000000 1000000000
120461773 954910993
1000000000 1000000000
332835376 795077710
1000000000 1000000000
594513713 664901307
1000000000 1000000000
57143442 695098415
1000000000 1000000000
656810838 535968199
1000000000 1000000000
958070415 138640727
1000000000 1000000000
684507643 227944105
1000000000 1000000000
14322676 554722527
1000000000 1000000000
453621249 379675778
1000000000 1000000000
91554993 251533547
1000000000 1000000000
723987351 766853253
1000000000 1000000000
709472541 845184509
1000000000 1000000000
746202521 424880613
1000000000 1000000000
646907824 920734633
1000000000 1000000000
549903341 790716994
1000000000 1000000000
749296895 891000373
1000000000 1000000000
756698654 278479435
1000000000 1000000000
5103095 855490756
1000000000 1000000000
907131264 357176506
1000000000 1000000000
325747778 887425367
1000000000 1000000000
345107867 222085253
1000000000 1000000000
607769411 915423054
1000000000 1000000000
570757538 443165222
1000000000 1000000000
731610427 519294046
1000000000 1000000000
739566744 189122049
1000000000 1000000000
643226431 156757706
1000000000 1000000000
558016154 626839764
1000000000 1000000000
391957220 861025858
1000000000 1000000000
884645294 17042491
1000000000 1000000000
477611984 48510551
1000000000 1000000000
953589493 626092707
1000000000 1000000000
479217866 304214373
1000000000 1000000000
59549810 214276941
1000000000 1000000000
972998317 247519567
1000000000 1000000000
642499220 694945696
1000000000 1000000000
178500963 50583842
1000000000 1000000000
171622201 403686546
1000000000 1000000000
87836589 361966295
1000000000 1000000000
528966394 782322187
1000000000 1000000000
469637234 267901195
1000000000 1000000000
446713355 474745859
1000000000 1000000000
813360059 620363886
1000000000 1000000000
606756693 57581202
1000000000 1000000000
566331142 405029663
1000000000 1000000000
875722653 68663672
1000000000 1000000000
1795541 114648536
4827509 130752855
496796631 853574394
1000000000 1000000000
659079121 42898874
1000000000 1000000000
938161264 65587975
1000000000 1000000000
723530215 841381876
1000000000 1000000000
228416729 961753814
1000000000 1000000000
831907313 702156647
1000000000 1000000000
72874667 156809003
1000000000 1000000000
257111558 805298748
1000000000 1000000000
171706055 307313369
1000000000 1000000000
238175623 964575237
1000000000 1000000000
588513562 709532310
1000000000 1000000000
374003459 90825819
1000000000 1000000000
336835432 121102974
1000000000 1000000000
152841321 594402542
1000000000 1000000000
120995641 503440841
1000000000 1000000000
1149873 769281198
1000000000 1000000000
76517960 175762256
1000000000 1000000000
185135877 934218725
1000000000 1000000000
107442651 716517070
1000000000 1000000000
254785105 169453909
1000000000 1000000000
419112715 165642246
1000000000 1000000000
853111572 206700768
1000000000 1000000000
514041809 445347109
1000000000 1000000000
507427103 277897750
1000000000 1000000000
586971658 531245705
1000000000 1000000000
437346115 735231728
1000000000 1000000000
54858186 172970942
1000000000 1000000000
552417840 967178642
1000000000 1000000000
182317774 627227908
1000000000 1000000000
160716136 500759676
1000000000 1000000000
387630961 126573516
1000000000 1000000000
