1000 2
884644066 227577723
1000000000 1000000000
286549226 301051813
1000000000 1000000000
998323436 207150821
1000000000 1000000000
547058163 894008915
1000000000 1000000000
757021850 594364395
1000000000 1000000000
134842934 361235633
1000000000 1000000000
811757285 417220956
1000000000 1000000000
848995132 278865042
1000000000 1000000000
892049064 120347041
1000000000 1000000000
972243942 168186974
1000000000 1000000000
533337332 584504235
1000000000 1000000000
969962624 622404370
1000000000 1000000000
981320276 56426899
1000000000 1000000000
747189458 156787604
1000000000 1000000000
57091556 268292145
1000000000 1000000000
216896347 18020964
1000000000 1000000000
111178884 778839933
1000000000 1000000000
870798035 683117809
1000000000 1000000000
54393678 315855675
1000000000 1000000000
990253468 392132954
1000000000 1000000000
476560932 553837561
1000000000 1000000000
287276668 960809995
1000000000 1000000000
795361418 865626638
1000000000 1000000000
855486080 183713365
1000000000 1000000000
492848723 546531909
1000000000 1000000000
630495867 942523057
1000000000 1000000000
424021822 357288213
1000000000 1000000000
97737595 172950752
1000000000 1000000000
192456893 530151441
1000000000 1000000000
136718402 471879364
1000000000 1000000000
636931383 751910689
1000000000 1000000000
935020446 67496266
1000000000 1000000000
595093219 90209030
1000000000 1000000000
310084287 478636385
1000000000 1000000000
536661969 152096646
1000000000 1000000000
243050524 922066071
1000000000 1000000000
18251918 474048022
1000000000 1000000000
891068484 242001650
1000000000 1000000000
690708920 610459829
1000000000 1000000000
44096709 456010094
1000000000 1000000000
844556932 285583194
1000000000 1000000000
660564355 538844751
1000000000 1000000000
942967003 881929644
1000000000 1000000000
335057268 508813686
1000000000 1000000000
816810992 775677940
1000000000 1000000000
80018178 730104549
1000000000 1000000000
246588639 450281965
1000000000 1000000000
115995850 313607956
1000000000 1000000000
179913720 898053611
1000000000 1000000000
663515757 161760597
1000000000 1000000000
818469619 888825578
1000000000 1000000000
987155738 985187152
1000000000 1000000000
445369837 576172639
1000000000 1000000000
487678420 231069307
1000000000 1000000000
566487920 177892583
1000000000 1000000000
289032003 354676738
1000000000 1000000000
468780875 206619190
1000000000 1000000000
397600289 195465222
1000000000 1000000000
579899321 565248740
1000000000 1000000000
55648456 952890127
1000000000 1000000000
964966092 689666707
1000000000 1000000000
462456275 23303758
1000000000 1000000000
905066768 764782837
1000000000 1000000000
876708791 192899237
1000000000 1000000000
407116185 753143464
1000000000 1000000000
231549755 399827449
1000000000 1000000000
949746907 613685467
1000000000 1000000000
824050898 323583118
1000000000 1000000000
134130081 748561087
1000000000 1000000000
420453442 569422158
1000000000 1000000000
73313542 410336827
1000000000 1000000000
641082643 797067918
1000000000 1000000000
799192681 638229699
1000000000 1000000000
171425987 3232385
1000000000 1000000000
846050683 83109543
1000000000 1000000000
343905948 416060250
1000000000 1000000000
639107332 402679001
1000000000 1000000000
454925801 770646122
1000000000 1000000000
295099709 328752259
1000000000 1000000000
741406014 790299955
1000000000 1000000000
524706572 401820109
1000000000 1000000000
690383845 105780185
1000000000 1000000000
56549922 390276971
1000000000 1000000000
471271185 72023434
1000000000 1000000000
486233576 716917553
1000000000 1000000000
695536984 426103231
1000000000 1000000000
355077874 181623382
1000000000 1000000000
29134235 482603748
1000000000 1000000000
907007345 330870370
1000000000 1000000000
141407005 952430814
1000000000 1000000000
214907934 262121444
1000000000 1000000000
482258239 878072922
1000000000 1000000000
253205974 619239746
1000000000 1000000000
878649621 996335687
1000000000 1000000000
417553504 359003223
1000000000 1000000000
399982356 518456499
1000000000 1000000000
737134342 167677566
1000000000 1000000000
669572949 343934012
1000000000 1000000000
595417527 133661533
1000000000 1000000000
281120888 131169897
1000000000 1000000000
426201346 100498485
1000000000 1000000000
877446331 766043283
1000000000 1000000000
784934086 952161818
1000000000 1000000000
278870147 844327677
1000000000 1000000000
798602092 98970826
1000000000 1000000000
955158121 826608264
1000000000 1000000000
885101393 964665746
1000000000 1000000000
680076558 718231376
1000000000 1000000000
376891543 39313074
1000000000 1000000000
143490476 490373150
1000000000 1000000000
895341228 687425304
1000000000 1000000000
389722634 485053092
1000000000 1000000000
550863482 535803188
1000000000 1000000000
309632830 549032019
1000000000 1000000000
990519231 91122758
1000000000 1000000000
882915445 617597731
1000000000 1000000000
192430986 112124371
1000000000 1000000000
926780847 784488107
1000000000 1000000000
969653328 285842244
1000000000 1000000000
220098570 997660567
1000000000 1000000000
557666148 797679191
1000000000 1000000000
665069670 452920286
1000000000 1000000000
763478915 247291655
1000000000 1000000000
786418917 125961376
1000000000 1000000000
640868929 510613297
1000000000 1000000000
807519548 124793921
1000000000 1000000000
615137196 766312319
1000000000 1000000000
876895692 271872027
1000000000 1000000000
371636636 127154427
1000000000 1000000000
964134510 458389655
1000000000 1000000000
616799710 701677640
1000000000 1000000000
948262893 448399194
1000000000 1000000000
850843297 198913765
1000000000 1000000000
241284973 899091548
1000000000 1000000000
670761065 58061070
1000000000 1000000000
327683077 18962441
1000000000 1000000000
779811735 301614898
1000000000 1000000000
193819823 109780863
1000000000 1000000000
73689471 196431056
1000000000 1000000000
643230077 713460888
1000000000 1000000000
907349169 707995983
1000000000 1000000000
80320062 195857878
1000000000 1000000000
551328247 649287021
1000000000 1000000000
194897566 193213572
1000000000 1000000000
307043090 261377336
1000000000 1000000000
436312513 787066734
1000000000 1000000000
277308524 210250790
1000000000 1000000000
901793421 905225881
1000000000 1000000000
752616481 457627743
1000000000 1000000000
2966033 291149805
1000000000 1000000000
843382206 430079723
1000000000 1000000000
602378308 527815703
1000000000 1000000000
691027984 619732352
1000000000 1000000000
177645415 141867366
1000000000 1000000000
917471737 257156763
1000000000 1000000000
998527658 889383812
1000000000 1000000000
540563819 704773976
1000000000 1000000000
49916565 536594655
1000000000 1000000000
516778877 896420215
1000000000 1000000000
498130073 867252838
1000000000 1000000000
928867186 31301608
1000000000 1000000000
972447590 641322562
1000000000 1000000000
295586617 500025500
1000000000 1000000000
912663012 266629079
1000000000 1000000000
764903451 315752320
1000000000 1000000000
596675569 760182750
1000000000 1000000000
616678049 487656230
1000000000 1000000000
156137360 136912345
1000000000 1000000000
821232249 645395663
1000000000 1000000000
778497840 468266845
1000000000 1000000000
546251800 202576
1000000000 1000000000
970182940 909722096
1000000000 1000000000
695467092 42158299
1000000000 1000000000
522131330 400686801
1000000000 1000000000
758914156 445256459
1000000000 1000000000
503969778 691619144
1000000000 1000000000
556245331 535542165
1000000000 1000000000
562756133 92934174
1000000000 1000000000
457739306 836785065
1000000000 1000000000
913956181 104216169
1000000000 1000000000
328965886 301134607
1000000000 1000000000
345812088 558728352
1000000000 1000000000
255029069 722609639
1000000000 1000000000
274595715 943365523
1000000000 1000000000
261910357 49827529
1000000000 1000000000
728165819 10009465
1000000000 1000000000
496605193 25325794
1000000000 1000000000
747919012 527111872
1000000000 1000000000
593041774 744293574
1000000000 1000000000
771260325 411705986
1000000000 1000000000
720993624 299316564
1000000000 1000000000
569446464 722359360
1000000000 1000000000
701986495 199340480
1000000000 1000000000
413832982 749946116
1000000000 1000000000
380780144 753653869
1000000000 1000000000
556028230 636763530
1000000000 1000000000
995402540 126332466
1000000000 1000000000
447165626 577337019
1000000000 1000000000
380025490 799002593
1000000000 1000000000
889204546 701571549
1000000000 1000000000
187912923 980619713
1000000000 1000000000
475401503 662267160
1000000000 1000000000
938868178 486796786
1000000000 1000000000
1665981 253941749
1000000000 1000000000
597666623 74165982
1000000000 1000000000
887859596 690850578
1000000000 1000000000
635624945 740154661
1000000000 1000000000
782603068 409246566
1000000000 1000000000
838146776 506352072
1000000000 1000000000
465733414 780648313
1000000000 1000000000
355436396 417328347
1000000000 1000000000
288534708 397132927
1000000000 1000000000
411495996 654446008
1000000000 1000000000
356281201 977608081
1000000000 1000000000
207925333 180189768
1000000000 1000000000
937369030 299290909
1000000000 1000000000
401962325 664158701
1000000000 1000000000
67966428 104962691
1000000000 1000000000
951236163 760910619
1000000000 1000000000
242973006 200837419
1000000000 1000000000
560732847 501427227
1000000000 1000000000
990959859 387063095
1000000000 1000000000
498806948 48463303
1000000000 1000000000
766427687 155559727
1000000000 1000000000
571554124 281741402
1000000000 1000000000
991870360 434021618
1000000000 1000000000
861501414 787816043
1000000000 1000000000
701005312 311913901
1000000000 1000000000
414857593 480580646
1000000000 1000000000
553395895 319614976
1000000000 1000000000
827633825 723001743
1000000000 1000000000
222666538 300465343
1000000000 1000000000
824556899 248390162
1000000000 1000000000
233122244 859338941
1000000000 1000000000
861721089 636814031
1000000000 1000000000
940837982 425236989
1000000000 1000000000
745189794 173739706
1000000000 1000000000
949138696 746928985
1000000000 1000000000
604172788 848284218
1000000000 1000000000
797856131 17380014
1000000000 1000000000
528922577 242716964
1000000000 1000000000
153048776 971301268
1000000000 1000000000
510606740 228294098
1000000000 1000000000
382722440 334419790
1000000000 1000000000
330606662 957341084
1000000000 1000000000
559997779 146249862
1000000000 1000000000
709960935 731889765
1000000000 1000000000
244111264 530945675
1000000000 1000000000
397997790 11831545
1000000000 1000000000
61300218 985817745
1000000000 1000000000
664600879 540321101
1000000000 1000000000
357251258 470208865
1000000000 1000000000
531931908 249215416
1000000000 1000000000
492490110 295185516
1000000000 1000000000
553539988 324010993
1000000000 1000000000
730173487 352243842
1000000000 1000000000
591920103 575281915
1000000000 1000000000
120080657 508766212
1000000000 1000000000
27183812 204259330
1000000000 1000000000
292180448 394609766
1000000000 1000000000
779250137 73049723
1000000000 1000000000
278245144 480650536
1000000000 1000000000
674597569 334910769
1000000000 1000000000
908585337 424529436
1000000000 1000000000
195270305 603647859
1000000000 1000000000
728911885 450189229
1000000000 1000000000
570384686 686067276
1000000000 1000000000
184662839 115092956
1000000000 1000000000
943438 693071491
1000000000 1000000000
344015557 105167695
1000000000 1000000000
968890266 794679716
1000000000 1000000000
857521019 710526684
1000000000 1000000000
769969101 908946501
1000000000 1000000000
274876734 939792878
1000000000 1000000000
813314273 400437209
1000000000 1000000000
836781973 714413418
1000000000 1000000000
546144369 799645212
1000000000 1000000000
538114198 80876556
1000000000 1000000000
175508912 141907144
1000000000 1000000000
874275315 94854129
1000000000 1000000000
206790000 595480365
1000000000 1000000000
553037769 626889788
1000000000 1000000000
235157126 722744548
1000000000 1000000000
726195730 352566393
1000000000 1000000000
219549753 446290555
1000000000 1000000000
491766128 560539814
1000000000 1000000000
695226431 750599178
1000000000 1000000000
377518934 248007129
1000000000 1000000000
161918905 570127340
1000000000 1000000000
845329587 795272603
1000000000 1000000000
953762920 359317204
1000000000 1000000000
680845510 769757831
1000000000 1000000000
757447094 367191506
1000000000 1000000000
162066149 872979027
1000000000 1000000000
302775796 549609196
1000000000 1000000000
440806557 678345962
1000000000 1000000000
47660065 179169686
1000000000 1000000000
959539441 422310353
1000000000 1000000000
4407747 757223582
1000000000 1000000000
882591501 22153989
1000000000 1000000000
590310099 754934479
1000000000 1000000000
537415278 819036030
1000000000 1000000000
631183629 621722405
1000000000 1000000000
814296764 685931326
1000000000 1000000000
625398536 235655570
1000000000 1000000000
486784635 974940973
1000000000 1000000000
475299158 555878618
1000000000 1000000000
585165306 586725752
1000000000 1000000000
27541044 902538493
1000000000 1000000000
874471710 63016056
1000000000 1000000000
781850292 750576099
1000000000 1000000000
29082294 576318207
1000000000 1000000000
286865444 359816853
1000000000 1000000000
914104372 291142805
1000000000 1000000000
41295170 152242727
1000000000 1000000000
829714249 211560228
1000000000 1000000000
630311528 296924168
1000000000 1000000000
763235745 70491881
1000000000 1000000000
405613085 20206637
1000000000 1000000000
329074041 223961803
1000000000 1000000000
309876682 790606208
1000000000 1000000000
327350305 296030980
1000000000 1000000000
477044840 733013217
1000000000 1000000000
903464549 513065630
1000000000 1000000000
319659134 727566745
1000000000 1000000000
22683463 210171297
1000000000 1000000000
374736896 177230097
1000000000 1000000000
178557088 959571374
1000000000 1000000000
979594447 489849681
1000000000 1000000000
266152383 451221253
1000000000 1000000000
5162141 501860601
1000000000 1000000000
57809181 750280084
1000000000 1000000000
979602102 606619507
1000000000 1000000000
251451537 145915218
1000000000 1000000000
584707993 530104792
1000000000 1000000000
40386430 478069001
1000000000 1000000000
582096580 314633469
1000000000 1000000000
682684561 627505304
1000000000 1000000000
396402720 938358169
1000000000 1000000000
310613895 399969347
1000000000 1000000000
245698229 302784933
1000000000 1000000000
715753444 523787648
1000000000 1000000000
908864689 647442547
1000000000 1000000000
92471025 576919599
1000000000 1000000000
485132416 47965330
1000000000 1000000000
43783698 642112138
1000000000 1000000000
313803619 689231014
1000000000 1000000000
286363046 740295916
1000000000 1000000000
378927656 785989279
1000000000 1000000000
87076657 182255088
1000000000 1000000000
418919994 265220618
1000000000 1000000000
181610905 132739082
1000000000 1000000000
478137345 204198260
1000000000 1000000000
643688353 743484573
1000000000 1000000000
574344171 787178198
1000000000 1000000000
479498115 367825161
1000000000 1000000000
676350136 462269454
1000000000 1000000000
263085775 593353391
1000000000 1000000000
440613777 947588797
1000000000 1000000000
415407675 896321418
1000000000 1000000000
840431874 950718740
1000000000 1000000000
597809209 410115241
1000000000 1000000000
270347271 562741976
1000000000 1000000000
997858791 444741310
1000000000 1000000000
500218795 918368672
1000000000 1000000000
754295524 947285707
1000000000 1000000000
9225570 541147557
1000000000 1000000000
595863691 621769694
1000000000 1000000000
662799559 685845746
1000000000 1000000000
915858900 922473762
1000000000 1000000000
941052794 735535118
1000000000 1000000000
321443030 945421040
1000000000 1000000000
22850123 878942157
1000000000 1000000000
890094500 696628528
1000000000 1000000000
608081148 784524711
1000000000 1000000000
665399062 302756107
1000000000 1000000000
247521380 651426158
1000000000 1000000000
327307103 633918844
1000000000 1000000000
632515832 126900648
1000000000 1000000000
844655152 298049874
1000000000 1000000000
137918480 670033816
1000000000 1000000000
645451870 452460761
1000000000 1000000000
288795160 439141376
1000000000 1000000000
65907179 642571705
1000000000 1000000000
510258210 2743756
1000000000 1000000000
270147698 251022879
1000000000 1000000000
104755665 288539056
1000000000 1000000000
826136146 445527634
1000000000 1000000000
294353517 256634589
1000000000 1000000000
40068193 463977549
1000000000 1000000000
547000065 183735504
1000000000 1000000000
989814513 628685961
1000000000 1000000000
123989890 305983769
1000000000 1000000000
799380878 32136559
1000000000 1000000000
412370749 213622537
1000000000 1000000000
371147574 699460578
1000000000 1000000000
958894893 886236673
1000000000 1000000000
624280175 68395420
1000000000 1000000000
966909940 287629557
1000000000 1000000000
213211152 915570787
1000000000 1000000000
974916367 279361195
1000000000 1000000000
757610684 564070956
1000000000 1000000000
542616717 677768428
1000000000 1000000000
223051413 527462600
1000000000 1000000000
184205784 476112331
1000000000 1000000000
718389043 229618637
1000000000 1000000000
911997290 454625222
1000000000 1000000000
261511666 585986737
1000000000 1000000000
299813001 700703435
1000000000 1000000000
136114521 252982016
1000000000 1000000000
465923812 952851535
1000000000 1000000000
810089693 466855268
1000000000 1000000000
839340916 577224288
1000000000 1000000000
205659842 373662166
1000000000 1000000000
594821654 166141035
1000000000 1000000000
42435970 432657626
1000000000 1000000000
10794690 702133299
1000000000 1000000000
149857808 168787399
1000000000 1000000000
761357204 834409770
1000000000 1000000000
648524396 517207687
1000000000 1000000000
362611901 481663898
1000000000 1000000000
927581654 632042314
1000000000 1000000000
649706617 979648620
1000000000 1000000000
781993639 4600514
1000000000 1000000000
808958743 57501877
1000000000 1000000000
827087226 684258838
1000000000 1000000000
678495275 103013618
1000000000 1000000000
199511793 694410829
1000000000 1000000000
886413340 482365726
1000000000 1000000000
732357952 943583872
1000000000 1000000000
52917707 308895401
1000000000 1000000000
456883886 709612628
1000000000 1000000000
328363081 921968999
1000000000 1000000000
147602984 18767263
1000000000 1000000000
323761083 466830968
1000000000 1000000000
731254253 750762227
1000000000 1000000000
624957634 592627462
1000000000 1000000000
5147785 302158912
1000000000 1000000000
120347733 177598656
1000000000 1000000000
460122781 405790678
1000000000 1000000000
348480734 400487078
1000000000 1000000000
463936775 954857273
1000000000 1000000000
952486929 62239408
1000000000 1000000000
72861526 38659364
1000000000 1000000000
676393681 990312135
1000000000 1000000000
119787915 984632038
1000000000 1000000000
156424735 250657508
1000000000 1000000000
39133536 120309593
1000000000 1000000000
231570806 162134255
1000000000 1000000000
292030785 298405292
1000000000 1000000000
968210747 503832840
1000000000 1000000000
296331419 370540505
1000000000 1000000000
279478592 54274973
1000000000 1000000000
362314346 55876769
1000000000 1000000000
210674579 768771008
1000000000 1000000000
507662130 541226919
1000000000 1000000000
260595294 845612301
1000000000 1000000000
7670503 678854808
1000000000 1000000000
688938339 930331241
1000000000 1000000000
518641265 430238176
1000000000 1000000000
47960080 674069648
1000000000 1000000000
778927146 65605657
1000000000 1000000000
364124728 334980146
1000000000 1000000000
42031829 647220258
1000000000 1000000000
260563513 818224324
1000000000 1000000000
762513016 717178783
1000000000 1000000000
430564284 252552131
1000000000 1000000000
535839945 327061126
1000000000 1000000000
163285256 233501685
1000000000 1000000000
407390960 630267490
1000000000 1000000000
893247476 366603256
1000000000 1000000000
564170028 310694236
1000000000 1000000000
121801536 647268540
1000000000 1000000000
598203967 974680311
1000000000 1000000000
814013112 870209553
1000000000 1000000000
687737492 318518880
1000000000 1000000000
492498760 37629374
1000000000 1000000000
101224606 432123432
1000000000 1000000000
341023937 406258716
1000000000 1000000000
587479979 248380890
1000000000 1000000000
230154250 334434234
1000000000 1000000000
527223655 818092928
1000000000 1000000000
95089248 736518782
1000000000 1000000000
527191353 721112168
1000000000 1000000000
474281722 530889392
1000000000 1000000000
63889365 737538621
1000000000 1000000000
928199588 804360198
1000000000 1000000000
992077698 911930185
1000000000 1000000000
803706056 903031160
1000000000 1000000000
696820971 211266177
1000000000 1000000000
759007939 515878552
1000000000 1000000000
681770037 101461286
1000000000 1000000000
636390941 294205382
1000000000 1000000000
112809669 846018114
1000000000 1000000000
649509493 131311505
1000000000 1000000000
994220270 393746418
1000000000 1000000000
266490393 203333985
1000000000 1000000000
685353895 537529271
1000000000 1000000000
865001274 176603445
1000000000 1000000000
183310920 439355526
1000000000 1000000000
704209175 741396498
1000000000 1000000000
428177365 293030452
1000000000 1000000000
471230436 670005434
1000000000 1000000000
754178122 176043940
1000000000 1000000000
514518218 493713444
1000000000 1000000000
339443236 438344237
1000000000 1000000000
547811644 163050525
1000000000 1000000000
610401745 331033357
1000000000 1000000000
479548858 667336970
1000000000 1000000000
421437010 528981367
1000000000 1000000000
266922468 289814499
1000000000 1000000000
73657567 353237146
1000000000 1000000000
77838315 361041606
1000000000 1000000000
127818393 95674793
1000000000 1000000000
170042214 59775032
1000000000 1000000000
375429753 336892649
1000000000 1000000000
841197014 52292240
1000000000 1000000000
738981045 495813162
1000000000 1000000000
571081141 647291491
1000000000 1000000000
434996106 253840842
1000000000 1000000000
973848685 283483534
1000000000 1000000000
724121966 559741205
1000000000 1000000000
732752230 704962707
1000000000 1000000000
380137398 740151199
1000000000 1000000000
539705770 774964989
1000000000 1000000000
99042782 656235673
1000000000 1000000000
702205219 638966324
1000000000 1000000000
137303502 922169565
1000000000 1000000000
705674773 989502068
1000000000 1000000000
195687783 425018101
1000000000 1000000000
653641761 562752140
1000000000 1000000000
316798891 282692388
1000000000 1000000000
786011218 191387275
1000000000 1000000000
45804071 323583328
1000000000 1000000000
672528375 726316402
1000000000 1000000000
208714240 589011619
1000000000 1000000000
297387717 770413991
1000000000 1000000000
441947710 430900571
1000000000 1000000000
795275092 67235275
1000000000 1000000000
694634065 532749816
1000000000 1000000000
684332666 902481489
1000000000 1000000000
107122141 952171850
1000000000 1000000000
833994871 731120307
1000000000 1000000000
623971850 535163307
1000000000 1000000000
571085607 218346321
1000000000 1000000000
205591449 258986151
1000000000 1000000000
642163645 313984970
1000000000 1000000000
295785407 911858818
1000000000 1000000000
547888604 570559469
1000000000 1000000000
349469890 46089878
1000000000 1000000000
489111522 923549933
1000000000 1000000000
790740134 401105938
1000000000 1000000000
297081328 452947259
1000000000 1000000000
475358911 676798931
1000000000 1000000000
411574884 52032055
1000000000 1000000000
766911216 780386547
1000000000 1000000000
667162813 576490341
1000000000 1000000000
304078429 87999014
1000000000 1000000000
734886037 25919062
1000000000 1000000000
53131792 217726573
1000000000 1000000000
87749573 888145119
1000000000 1000000000
813400704 301792396
1000000000 1000000000
255991069 950117538
1000000000 1000000000
238604922 729963560
1000000000 1000000000
174106183 786024930
1000000000 1000000000
950606117 793827681
1000000000 1000000000
754908356 569833239
1000000000 1000000000
468083356 182426189
1000000000 1000000000
788075735 799323162
1000000000 1000000000
425859925 69652273
1000000000 1000000000
341852464 241651172
1000000000 1000000000
876872618 488335799
1000000000 1000000000
174745517 459342386
1000000000 1000000000
418622452 331241143
1000000000 1000000000
645365938 214666594
1000000000 1000000000
674156479 719732200
1000000000 1000000000
154100438 404331313
1000000000 1000000000
993041535 86100656
1000000000 1000000000
286032636 985427458
1000000000 1000000000
602982407 661845777
1000000000 1000000000
602501884 740426905
1000000000 1000000000
217449658 728602129
1000000000 1000000000
339467210 996084697
1000000000 1000000000
554204463 736401903
1000000000 1000000000
589885516 810688096
1000000000 1000000000
613062015 989579407
1000000000 1000000000
705910271 457288314
1000000000 1000000000
760476196 428501720
1000000000 1000000000
663386273 649525637
1000000000 1000000000
710131 584544813
1000000000 1000000000
491912740 475606667
1000000000 1000000000
279146040 702541267
1000000000 1000000000
843802755 919025148
1000000000 1000000000
655131748 282457422
1000000000 1000000000
532635914 833114876
1000000000 1000000000
596745354 257374656
1000000000 1000000000
603159237 244104561
1000000000 1000000000
190779319 414141115
1000000000 1000000000
558623565 629204122
1000000000 1000000000
192576714 114573214
1000000000 1000000000
630200066 558202470
1000000000 1000000000
702880845 645248126
1000000000 1000000000
666031361 213272284
1000000000 1000000000
983691367 199364128
1000000000 1000000000
867931953 943392202
1000000000 1000000000
587120202 547232786
1000000000 1000000000
182188217 50853613
1000000000 1000000000
997716799 504847965
1000000000 1000000000
580722940 120101496
1000000000 1000000000
414563526 578463288
1000000000 1000000000
304695780 60769234
1000000000 1000000000
649386201 187808790
1000000000 1000000000
7537409 415751863
1000000000 1000000000
997103103 250261341
1000000000 1000000000
664334818 697931379
1000000000 1000000000
404596300 97149513
1000000000 1000000000
452247834 85285000
1000000000 1000000000
66451842 208861265
1000000000 1000000000
350936783 854743486
1000000000 1000000000
197364759 134567609
1000000000 1000000000
356830817 732409301
1000000000 1000000000
997534215 504243694
1000000000 1000000000
205011058 305433506
1000000000 1000000000
240332705 152248927
1000000000 1000000000
249927774 869268912
1000000000 1000000000
298464406 949434656
1000000000 1000000000
465334365 883228238
1000000000 1000000000
834003851 472399105
1000000000 1000000000
904440497 198604358
1000000000 1000000000
385803559 60349070
1000000000 1000000000
314122428 958743690
1000000000 1000000000
165318133 412676953
1000000000 1000000000
701709820 908133619
1000000000 1000000000
478146366 536502618
1000000000 1000000000
945423201 821742496
1000000000 1000000000
707725433 282609201
1000000000 1000000000
25623828 775832105
1000000000 1000000000
134032806 168689389
1000000000 1000000000
584745110 528340393
1000000000 1000000000
963102041 571983945
1000000000 1000000000
329105385 632511492
1000000000 1000000000
586190433 332948040
1000000000 1000000000
55793526 848167709
1000000000 1000000000
606667401 368283872
1000000000 1000000000
891217688 175551431
1000000000 1000000000
846267335 438024898
1000000000 1000000000
549034209 941774196
1000000000 1000000000
481593680 269165360
1000000000 1000000000
642269640 675750576
1000000000 1000000000
175145226 23034236
1000000000 1000000000
102928024 653939428
1000000000 1000000000
553675429 741241506
1000000000 1000000000
410303789 11601238
1000000000 1000000000
818720015 709757218
1000000000 1000000000
323941141 50817817
1000000000 1000000000
716552731 452486925
1000000000 1000000000
624087587 972141591
1000000000 1000000000
731721571 820501892
1000000000 1000000000
128991916 714852875
1000000000 1000000000
921999737 492762789
1000000000 1000000000
296303678 323735691
1000000000 1000000000
417602570 763563167
1000000000 1000000000
208994468 454318158
1000000000 1000000000
450683750 85539946
1000000000 1000000000
737800206 584420332
1000000000 1000000000
378062130 561051808
1000000000 1000000000
447763087 434353188
1000000000 1000000000
26853389 689236864
1000000000 1000000000
505170533 748447895
1000000000 1000000000
730275630 760991942
1000000000 1000000000
287023614 104347697
1000000000 1000000000
62109774 373380440
1000000000 1000000000
422630070 991643258
1000000000 1000000000
419506386 145557122
1000000000 1000000000
782799183 243828153
1000000000 1000000000
855435328 894072015
1000000000 1000000000
241971115 866444135
1000000000 1000000000
31268913 99257029
1000000000 1000000000
183406559 171268671
1000000000 1000000000
256993024 625434552
1000000000 1000000000
106165666 476939871
1000000000 1000000000
201934542 281487647
1000000000 1000000000
443224254 234927995
1000000000 1000000000
911919807 78484881
1000000000 1000000000
63221056 783941015
1000000000 1000000000
657457828 285317551
1000000000 1000000000
82322468 153787678
1000000000 1000000000
549629893 343003695
1000000000 1000000000
909611227 309915151
1000000000 1000000000
305493808 481265149
1000000000 1000000000
642691127 971120205
1000000000 1000000000
916954774 183463660
1000000000 1000000000
345905328 465226059
1000000000 1000000000
523618118 917749857
1000000000 1000000000
655538494 724105769
1000000000 1000000000
852846711 162497310
1000000000 1000000000
335686830 531572232
1000000000 1000000000
565878452 574213237
1000000000 1000000000
825657353 850490077
1000000000 1000000000
490768236 380285452
1000000000 1000000000
211273268 545246289
1000000000 1000000000
117384474 421243275
1000000000 1000000000
279399616 903689470
1000000000 1000000000
521428190 598364895
1000000000 1000000000
716593450 645528539
1000000000 1000000000
119290316 624587461
1000000000 1000000000
574544336 572398685
1000000000 1000000000
67384090 75752269
1000000000 1000000000
303888633 586550774
1000000000 1000000000
454791655 479124062
1000000000 1000000000
29424928 460485339
1000000000 1000000000
451123347 612690929
1000000000 1000000000
489518660 116067258
1000000000 1000000000
915402919 241360086
1000000000 1000000000
788367826 421521430
1000000000 1000000000
750529017 506442531
1000000000 1000000000
563258351 364351180
1000000000 1000000000
551397838 724734158
1000000000 1000000000
541972556 730755429
1000000000 1000000000
665852247 451451585
1000000000 1000000000
803434250 17820728
1000000000 1000000000
51059449 231345676
1000000000 1000000000
646680743 855137522
1000000000 1000000000
621328096 173090145
1000000000 1000000000
756881801 879390563
1000000000 1000000000
602432665 157337793
1000000000 1000000000
278642993 342378810
1000000000 1000000000
38411758 237188217
1000000000 1000000000
729268067 215551900
1000000000 1000000000
688734654 320351442
1000000000 1000000000
795947706 249375624
1000000000 1000000000
367315004 719858106
1000000000 1000000000
279828476 31108269
1000000000 1000000000
986336632 325365615
1000000000 1000000000
868853235 32480451
1000000000 1000000000
686853816 928829264
1000000000 1000000000
480136723 291918040
1000000000 1000000000
694397995 116331056
1000000000 1000000000
770174993 346910032
1000000000 1000000000
948047268 860022509
1000000000 1000000000
108090597 203572852
1000000000 1000000000
674058141 112619341
1000000000 1000000000
394878465 14878650
1000000000 1000000000
199130490 974169407
1000000000 1000000000
680862580 767490362
1000000000 1000000000
683282759 458298254
1000000000 1000000000
74122805 552568570
1000000000 1000000000
129461651 199106079
1000000000 1000000000
290386861 705843894
1000000000 1000000000
131146956 594279871
1000000000 1000000000
159725304 670347596
1000000000 1000000000
988389566 143920973
1000000000 1000000000
4470411 495778754
1000000000 1000000000
343225548 992479836
1000000000 1000000000
929016370 522403009
1000000000 1000000000
913481803 108579181
1000000000 1000000000
882643324 318161992
1000000000 1000000000
469648696 231006772
1000000000 1000000000
29606075 654611053
1000000000 1000000000
68476022 391494324
1000000000 1000000000
612625839 578034846
1000000000 1000000000
424300015 947772381
1000000000 1000000000
415592785 867754950
1000000000 1000000000
322419323 781289080
1000000000 1000000000
372297685 344117083
1000000000 1000000000
426369257 556770449
1000000000 1000000000
12664563 523721600
1000000000 1000000000
72924067 421329574
1000000000 1000000000
587111912 209665909
1000000000 1000000000
373538070 650482504
1000000000 1000000000
550294810 652514606
1000000000 1000000000
273571130 480965158
1000000000 1000000000
913227574 900927624
1000000000 1000000000
602676186 946210236
1000000000 1000000000
910750164 365881151
1000000000 1000000000
100578202 229241894
1000000000 1000000000
541193086 344652215
1000000000 1000000000
410642434 844006686
1000000000 1000000000
999068115 568844258
1000000000 1000000000
48995275 548571842
1000000000 1000000000
274765492 436637584
1000000000 1000000000
723259931 208975655
1000000000 1000000000
125212045 596286909
1000000000 1000000000
523484936 5459054
1000000000 1000000000
936826796 70699985
1000000000 1000000000
879199972 873820342
1000000000 1000000000
628133286 771419246
1000000000 1000000000
899632337 805917876
1000000000 1000000000
74335803 257101025
1000000000 1000000000
698156442 378981607
1000000000 1000000000
402733217 808087717
1000000000 1000000000
258617130 470359376
1000000000 1000000000
822455190 499217630
1000000000 1000000000
143611021 950525972
1000000000 1000000000
597375107 79411949
1000000000 1000000000
640334578 78663650
1000000000 1000000000
290581147 190252334
1000000000 1000000000
808471258 292161057
1000000000 1000000000
196170612 661369802
1000000000 1000000000
0 0
18029768 92491312
89455744 217058977
1000000000 1000000000
729493337 165147542
1000000000 1000000000
775437942 468562532
1000000000 1000000000
118792861 719889461
1000000000 1000000000
236581345 569012459
1000000000 1000000000
596941711 732164201
1000000000 1000000000
471615503 930345604
1000000000 1000000000
30102964 94806733
1000000000 1000000000
189620833 841792910
1000000000 1000000000
518395434 973803584
1000000000 1000000000
818113052 416380560
1000000000 1000000000
71221371 773440776
1000000000 1000000000
901613192 281755954
1000000000 1000000000
364285398 354209119
1000000000 1000000000
326529134 949918719
1000000000 1000000000
164005549 898502838
1000000000 1000000000
61862410 830888377
1000000000 1000000000
743099146 520830000
1000000000 1000000000
800773580 760808671
1000000000 1000000000
804663756 131118594
1000000000 1000000000
329086239 507119281
1000000000 1000000000
97431931 663894635
1000000000 1000000000
744603192 940826616
1000000000 1000000000
16089575 189369328
1000000000 1000000000
653510778 12144247
1000000000 1000000000
246487793 492566591
1000000000 1000000000
297123400 983403858
1000000000 1000000000
859737542 230913298
1000000000 1000000000
698288430 569423473
1000000000 1000000000
878663728 52006865
1000000000 1000000000
449792846 47419597
1000000000 1000000000
89133727 376675098
1000000000 1000000000
726907584 860335048
1000000000 1000000000
397653551 726129069
1000000000 1000000000
765722843 915775186
1000000000 1000000000
21974642 287305369
1000000000 1000000000
751484583 105853082
1000000000 1000000000
591588847 837681887
1000000000 1000000000
861458487 800410052
1000000000 1000000000
710530848 454153919
1000000000 1000000000
910052184 986178719
1000000000 1000000000
537095827 388375715
1000000000 1000000000
363929395 694028421
1000000000 1000000000
572375542 143531266
1000000000 1000000000
528140153 141354615
1000000000 1000000000
587568448 596133506
1000000000 1000000000
408759394 63880423
1000000000 1000000000
333157861 761903636
1000000000 1000000000
23473666 2009909
1000000000 1000000000
930836211 62094120
1000000000 1000000000
181318606 766176991
1000000000 1000000000
462806678 592631882
1000000000 1000000000
135107948 14741016
1000000000 1000000000
983998989 507998459
1000000000 1000000000
989802303 570058567
1000000000 1000000000
354337666 914078297
1000000000 1000000000
931835292 780483150
1000000000 1000000000
858019264 358390181
1000000000 1000000000
440801009 279870648
1000000000 1000000000
674597146 531231989
1000000000 1000000000
951729832 836511059
1000000000 1000000000
994272563 646879454
1000000000 1000000000
658669078 955353669
1000000000 1000000000
435065716 37216581
1000000000 1000000000
509791010 278067939
1000000000 1000000000
224220183 230435045
1000000000 1000000000
848772942 909711293
1000000000 1000000000
48204387 701569548
1000000000 1000000000
386634761 124252288
1000000000 1000000000
999916674 929214721
1000000000 1000000000
959898198 743811806
1000000000 1000000000
838786579 241415534
1000000000 1000000000
353366980 164792824
1000000000 1000000000
733411062 671006348
1000000000 1000000000
448285093 539572873
1000000000 1000000000
465094170 920817735
1000000000 1000000000
90499231 283769318
1000000000 1000000000
402437450 380226267
1000000000 1000000000
589766798 469406995
1000000000 1000000000
883734581 381782087
1000000000 1000000000
829151015 231651582
1000000000 1000000000
168951272 264110096
1000000000 1000000000
510760530 105306105
1000000000 1000000000
479486510 680575680
1000000000 1000000000
378454166 666203755
1000000000 1000000000
496610764 535166619
1000000000 1000000000
586943721 948314288
1000000000 1000000000
183087826 385702367
1000000000 1000000000
994234168 116489539
1000000000 1000000000
266911819 101469745
1000000000 1000000000
288544953 604944436
1000000000 1000000000
410554830 881075484
1000000000 1000000000
743465485 886944634
1000000000 1000000000
202935327 849155606
1000000000 1000000000
862828491 517376
1000000000 1000000000
896321241 632502688
1000000000 1000000000
873568528 117856714
1000000000 1000000000
517073539 111854529
1000000000 1000000000
604876366 92796939
1000000000 1000000000
489007236 564760478
1000000000 1000000000
227223665 310284571
1000000000 1000000000
428918109 760691841
1000000000 1000000000
796565189 811178497
1000000000 1000000000
964771041 820093788
1000000000 1000000000
627961794 192776514
1000000000 1000000000
480730951 79663430
1000000000 1000000000
71867115 758988441
1000000000 1000000000
428151171 638884553
1000000000 1000000000
194546871 161457679
1000000000 1000000000
9027949 506408821
1000000000 1000000000
722372552 50523367
1000000000 1000000000
216459435 416207813
1000000000 1000000000
881050742 496380232
1000000000 1000000000
831902992 525160835
1000000000 1000000000
258575327 741837829
1000000000 1000000000
851651399 295724758
1000000000 1000000000
295574882 603486402
1000000000 1000000000
445300395 568077613
1000000000 1000000000
4966110 256332125
1000000000 1000000000
87705398 185315943
1000000000 1000000000
607885371 761711644
1000000000 1000000000
186829461 552592242
1000000000 1000000000
255843115 831210065
1000000000 1000000000
158364408 501959679
1000000000 1000000000
858532868 231292186
1000000000 1000000000
513223528 823961331
1000000000 1000000000
530779338 128440970
1000000000 1000000000
114634310 578882477
1000000000 1000000000
727342261 983868677
1000000000 1000000000
258859830 50742398
1000000000 1000000000
915513470 611751796
1000000000 1000000000
806182852 216566237
1000000000 1000000000
890110753 217893380
1000000000 1000000000
236098079 605427926
1000000000 1000000000
996227206 892551427
1000000000 1000000000
851655420 142614009
1000000000 1000000000
895102327 257297137
1000000000 1000000000
502972546 45675372
1000000000 1000000000
302769636 907306476
1000000000 1000000000
270909451 517210415
1000000000 1000000000
963272199 161340183
1000000000 1000000000
868262311 133475298
1000000000 1000000000
151653560 868392603
1000000000 1000000000
877856376 134714031
1000000000 1000000000
632046955 705566387
1000000000 1000000000
322673370 793816115
1000000000 1000000000
601797638 660702449
1000000000 1000000000
519764901 486845849
1000000000 1000000000
708917328 64074998
1000000000 1000000000
26020863 495222093
1000000000 1000000000
201289074 204027047
1000000000 1000000000
317337466 142426773
1000000000 1000000000
617836899 180104428
1000000000 1000000000
877799579 587966958
1000000000 1000000000
708406882 84296779
1000000000 1000000000
784605165 206861425
1000000000 1000000000
395932043 662436969
1000000000 1000000000
559341816 865784628
1000000000 1000000000
38903822 684636452
1000000000 1000000000
20140637 70698415
1000000000 1000000000
351555758 607375755
1000000000 1000000000
68193975 500877234
1000000000 1000000000
730793572 112661632
1000000000 1000000000
437566888 899184347
1000000000 1000000000
286051287 76332796
1000000000 1000000000
888239928 137252760
1000000000 1000000000
347089561 484128646
1000000000 1000000000
151421079 113535338
1000000000 1000000000
246459973 314745638
1000000000 1000000000
468880128 635559277
1000000000 1000000000
78328548 572381003
1000000000 1000000000
719726322 140833190
1000000000 1000000000
514685997 838228895
1000000000 1000000000
329108429 350421416
1000000000 1000000000
795813485 874865554
1000000000 1000000000
262006044 672822447
1000000000 1000000000
891916166 982987938
1000000000 1000000000
979987606 359472587
1000000000 1000000000
579963588 105173539
1000000000 1000000000
327643584 762570711
1000000000 1000000000
944443851 96568114
1000000000 1000000000
737164277 604407204
1000000000 1000000000
651947123 339132782
1000000000 1000000000
412008778 597534346
1000000000 1000000000
620050376 348525018
1000000000 1000000000
351160023 381338064
1000000000 1000000000
537592065 60941270
1000000000 1000000000
872850115 742964504
1000000000 1000000000
105233486 110680989
1000000000 1000000000
424224359 746497175
1000000000 1000000000
912651772 714947166
1000000000 1000000000
996194452 404722440
1000000000 1000000000
149281363 624242969
1000000000 1000000000
475526940 464124085
1000000000 1000000000
114287491 637380088
1000000000 1000000000
102626391 389662896
1000000000 1000000000
884618002 412652849
1000000000 1000000000
731601725 994943448
1000000000 1000000000
904003247 628953491
1000000000 1000000000
496459802 326948910
1000000000 1000000000
