1000 3
281864403 318372153 597793121
369978851 580502492 762756160
112215997 215690321 198424074
254428748 377828708 228523213
374939628 36087660 639635025
398852312 823976445 768870544
232801992 168388895 504265475
291744716 375946524 574554581
338837165 346900825 267117373
545805733 694040168 737314583
374521803 92951334 386511005
569798382 315053472 803242589
387370617 573397164 253136024
518405201 614554426 911627816
100360626 239241630 740463099
355019151 545179646 790032319
314059596 232373660 113288298
456196043 839523352 485643731
481154485 661538008 115859494
524875658 691252624 446853194
196858981 215456222 943267556
736055868 240176074 994873883
231995057 177901743 102375367
997706197 396930373 165912558
138391195 311860512 347093652
195786008 341793875 850406772
269299612 386994998 242559732
542883351 927579254 396924876
139270012 104677928 571425345
148097613 146237320 670079497
806397235 23304124 272547226
846675635 110528534 335707597
107170356 530440021 186775158
240542893 896085645 297056939
191765307 346406065 718339015
512933433 952557120 936748277
836368 340865249 567524409
278970759 614719210 900864593
147671041 38984419 197994068
526592020 509797919 751421094
318562567 579965677 377608741
548980490 613492067 979696729
3201194 69359225 784482311
550262229 218485556 848289029
21966343 338621219 178527851
553884603 531056180 180604647
698583090 70063423 128481590
995469790 128249783 235819006
304826012 122838488 960708547
518778024 284012859 984945719
193762503 239039864 81118617
435475157 269740386 250591219
210231185 352404388 663582786
326178394 869806555 710399683
628402588 27673183 256616885
799254692 38872064 867147107
50904176 271000706 8398762
270402740 981184019 291655619
106218225 606607299 10955996
219054370 678993420 211597424
88705558 439847785 465226038
439381930 756954484 556658183
461859978 475952014 367396416
469646876 740205401 703672036
374807762 419822194 795055
432223461 874618741 895489958
40397051 469815813 625175946
271241997 936858878 719725295
273976293 99759801 388744545
449187206 393052803 795203726
291841667 2136697 41851711
962551037 286171970 43086084
788833855 628314253 970741241
1000000000 1000000000 1000000000
323942905 491634256 57830362
444227035 932406528 91080071
23748759 693945535 315569649
459565959 880882090 588752577
165134447 204792641 172580388
362197508 538038120 483302793
661808443 169945824 647074303
687723862 251122943 981903905
106017717 16353009 21268864
472922055 397853355 645636494
257682563 229079088 96005884
340975819 358008578 273624641
372716354 512247714 398339648
429008769 550167222 655698238
29316187 937706007 20738258
44622435 967868866 631615463
149968354 383266542 208699265
171412242 876451908 847022637
403522384 295566781 59404388
427247688 340741693 985857249
231159910 27850973 529248111
954525285 66985789 540707066
311980352 22860671 477103607
427221473 578024219 748252316
247126593 124940626 144049221
990748645 227926265 611356017
210696150 782445071 230892920
474664784 843269237 548520582
55431923 165172585 125825888
572602983 167241679 154368787
73883787 538596322 253909864
373436681 570803732 332986294
417829984 278048392 488550347
449142505 314345885 778134326
296599773 499474486 649503488
306018118 674473369 900287845
2464373 623616687 385845098
444737332 904674909 576783451
322669915 95691916 3287571
782248224 235120200 332219653
70661742 486983290 179766002
166293028 830004180 855868502
7074098 123343013 526942665
241163107 727525213 530417708
141479941 63560742 143328351
360466326 164872216 356469965
510081815 248685153 596545881
551741158 582191747 923331582
25231415 393825919 760290743
211210508 415271599 997267287
364282448 87082526 245987930
477647676 829567200 525077832
50402492 470294963 245803711
193392419 623223425 878353804
44715145 337637960 528860483
506545449 385134309 855313721
353737790 118356653 238064385
569800067 265475200 277626501
59044035 281380943 258962759
262235641 978742959 765343200
375141049 70132287 217366994
494170103 94359503 265021012
218000330 629825292 398115440
259525947 644419377 642851398
428813104 932216308 50726034
458448935 984958769 225051050
86202049 242116711 281401551
484643713 534084845 303602635
206526456 166018160 144024209
935506109 804491510 165069774
323975413 829093302 114632389
372904995 916912835 874755535
74758970 15878922 171142449
449938505 80114880 437879460
2210781 113069966 352543166
20243524 410588641 414757215
184692696 15744433 565144640
314326360 983838394 971069008
663766541 215155446 302920822
856308397 239588630 639207227
197318363 394784342 38219370
622933630 830932978 80619525
88976902 243597947 189042446
544083323 879465818 871593243
251176872 531639484 880116483
433837951 862456397 887735997
29902450 728449277 30856213
161223078 923163001 462972444
141238738 68072275 484644794
323094258 417923463 500195318
163851509 97392476 10949255
344691742 171253762 652947512
337380190 190203531 113179324
960850911 799530734 139127887
369536693 266052201 328981346
467919388 755571912 536126136
325892700 181377157 724264412
451154277 231926238 932424698
266370423 70160705 173505613
400659726 936321799 638308185
343381440 687110778 45060447
368277646 950841335 492774898
118016640 637401011 134805583
614478193 903167158 164080798
100169459 37529174 310489161
382727724 574761534 577775102
118185072 60905795 185955753
522994251 226985307 315980006
103987245 369122437 84441773
262431342 424373759 700679054
18205119 176935690 375840627
393504233 418148044 462778704
307672636 136220044 325432309
915727210 157418945 362161857
745997572 32191489 116294960
748918693 932844333 196348576
133914024 295240752 605620698
420349830 923043645 768666922
66050584 295690159 103428189
243314475 809574589 442566965
133820120 521524063 211377638
592865111 743639903 364299608
1037576 214369636 70557128
392369301 573211062 577981092
321489321 353223951 137455496
410836018 600073914 967920506
471938810 711076667 85946243
820994883 944272301 145983618
444211077 766793908 637391016
449949397 978711704 809559027
530144896 194852965 25355800
963391276 274573326 40924296
24619859 143702449 48007896
990605000 220327796 559746663
267963063 344579631 627342582
303874916 375567457 988588668
344996873 33264395 6073135
597900862 979068751 208944981
246124855 325186547 198664700
454369372 994827372 278509027
440545100 658992416 187678575
475723898 885958944 673445545
205217883 111927373 381723439
485747388 165710154 985779485
451481429 471701903 31180368
673047707 847868153 88012809
67473970 206907997 289205284
182569758 402977102 945602246
99860579 29188909 182198943
522459217 107410958 890900104
276176619 91670358 46875525
574932848 493418211 280465019
476398109 911822219 422818273
490547967 945390655 575893180
271755720 479006835 522730671
361231336 839970917 936314801
69972365 562324086 371207238
289886260 935150643 744919488
259776867 62384227 834780990
392151620 535366956 943070630
241632196 854691867 165911017
469779834 940468367 839347964
107415031 258926484 15428323
501321374 916161167 617680866
381253029 61042042 265575252
519851602 368993250 796826812
2430799 529358458 63830603
380570811 556974214 377532166
50207011 237040008 161175458
273005432 241821861 444925179
587343387 151204930 449863831
591558258 160199639 520940650
453713278 396530187 182155262
493751391 894449644 878312073
33588890 115982426 555064013
405121486 270921539 650086414
769004108 15734242 221770360
807381518 223503720 963960670
28287887 113447402 182142042
568082360 781116185 309431108
110699736 317551881 774670164
414794766 389844030 853492267
263007188 14252615 115469858
388149669 222026248 185189111
282968267 64894513 54998537
510846411 992252900 433556543
153196722 321831124 24810105
491090421 920028389 280795686
81904274 331837923 895376391
194562591 522197736 935744260
380195830 297843162 469042649
508890103 521069046 807529881
234976046 127794997 68538743
350659595 919092368 182604263
159896301 782283534 148225418
221310400 996320359 426096354
944710630 100266127 613297539
979344426 238614617 687076311
330406091 785556169 988082338
1000000000 1000000000 1000000000
22493228 423084317 446890872
540121410 803623878 545586889
398487584 420948046 4431467
427296422 744716449 962126449
204419137 78948173 915572517
526113441 452614694 919637295
132571746 507734055 319579482
342766236 838108235 812576600
75977948 31382907 406917703
178719059 227559870 644823969
162421481 512263240 102273973
546868152 537145033 139773887
4601825 267644008 285646774
126327614 668060306 517071061
486274574 525290833 117166477
791850434 995813563 201198533
229690877 210353202 595071697
314165825 940758013 723216694
128828293 170375938 73382902
695144031 689694374 163919043
69339809 360318037 521323961
403345738 922359598 726468702
263299566 396526402 228531034
513176892 574928598 888897113
240114162 392255193 72748314
515590544 862423324 174388458
853988636 88165109 341439187
948505444 116126627 601563662
428106120 524902116 37608736
488145601 706612821 552514543
30527869 208817010 522817137
862830782 230363929 568497369
216742097 55664322 49136152
608780321 193744675 785606106
392261634 12838747 742401845
547006962 570178913 908213362
303896726 717517959 559214597
342540268 876334802 861516639
297112131 149071435 32650229
349977044 709895757 32946658
366856425 39010066 448752919
403043961 117208007 882801571
90574460 24664581 23644469
516590987 293845578 339616531
39225786 98148183 266117724
628590400 251243572 680610077
137026568 642066711 5645431
293196041 654167847 252166143
42329699 211583911 209775723
359018021 951142210 908616959
725422862 504119954 60918385
741796292 606018589 131326563
1559333 314542871 387251328
482639232 589515268 659290337
41498238 2788856 467659322
390237947 877527448 788299772
328190707 519740296 9593812
331579189 899326192 423736440
188950164 253346216 30307403
323328761 718113913 783819872
70235 8620446 156275998
474653043 996502707 450922088
60493102 166340320 583827108
383665505 498765505 965740981
252502299 398687586 613644352
325596728 889880896 753784060
33680735 185449755 490339623
610489768 254746274 893822496
619492732 157629657 605771371
979977522 267831063 666206405
90417565 200611145 44386961
392383593 393429056 549208525
692776404 157049768 15677336
774305262 162727159 867373919
372862930 93570581 498698471
482815239 508905262 749134266
330317692 540111329 309792769
538565913 861428803 702885532
218885302 893013757 459764306
524627912 944219558 784962367
270705144 280178623 423577291
355585948 486457424 515094477
190278908 907947832 167288585
448716745 925591302 914835978
67385708 670733696 2091646
279892805 696787579 22565046
72310370 343250688 201584352
273625493 770145270 933859488
342665560 27093845 208568350
589618303 346767076 515891269
313354982 109075435 55277238
870732869 918501025 118686723
718455598 98703448 124075185
916233009 106610449 668695299
441222633 942041371 577128698
504237532 958835255 617742583
203362614 202284584 909171122
595087895 339011449 959357953
10261649 43521897 101888001
271252266 682698751 424077100
89443106 576418181 340708250
311934597 840829813 841840892
19030171 83017502 630137701
408102780 583329009 903102498
286966501 801600730 284634619
490410768 908397943 360311533
126138905 402139419 561722815
172968032 969658169 757282993
111138625 360936367 162069019
402818482 371712721 395591066
285388689 187269356 156604644
523444622 495085156 186499889
408102230 447431984 429777162
450294521 527740320 568513259
236275532 377072574 81039907
505033976 710533616 924479006
271362290 16760912 12663015
429785611 571939887 273039561
356400230 113918351 375231929
599736551 489488953 465573530
18084699 299403298 885195353
300357136 428332917 937995173
123511377 455218157 258451986
156098848 492337129 339905276
272506621 138636028 599394301
326182238 562663693 979226720
312698959 179372836 65951510
370671119 474481206 324926127
277149879 98862771 595488549
462979333 671234113 607420263
18313947 441642198 136509493
410820947 464366775 491114238
98619107 152677081 378197548
101595972 640799926 708163158
189915720 867478909 66615582
333531114 941612816 179710181
302887097 353263300 459400646
485483382 376834654 840905305
140985538 164910132 10267265
230262080 802622149 49971236
244754648 89808319 527222567
308949279 662959818 716646660
481413315 600871023 343164170
541210837 803928880 583478626
93449637 150372559 819022033
801242960 186788843 904221224
212492413 80282966 262582155
417603707 252718963 449734366
727277216 83195661 264379899
969164964 93888675 349400110
75251055 79220119 120039962
76619306 650495247 305739150
260854397 532916162 405645221
420820700 743320398 780295691
172624064 128888472 67228356
296995771 898111573 611326316
356735690 416736844 174871859
514666388 564861610 690843561
89765650 457063771 233430195
191524971 822250388 339244294
90377591 88041682 183100424
644261910 357810040 190873309
345350251 388702239 170056191
482301060 605043785 718019625
227971310 887874946 876254902
363354310 965935975 909899615
105721056 248593699 408641085
409785093 423618591 476892937
287942371 69140147 398142132
548231982 281651498 626649003
185071743 488796074 748342796
352760124 622122688 805871923
77786982 645565100 161099924
229516016 823058458 412548415
225800195 579617256 3833918
434167146 718308552 815199750
707434004 91689069 524166956
734542711 172859062 803988125
101511499 613495978 825749424
443843215 937653425 944720593
229334509 123591269 179590481
594645262 564965797 196786518
61407766 168827996 794114174
462487673 526625351 882055300
332257333 401104817 781146002
485187563 551989288 912417275
225859834 409386239 223615511
354508112 527716721 989240408
148246097 482063908 253616577
364025777 802743684 557326312
70400185 256963162 2309936
513735322 623714564 319480889
89607780 318668035 471668629
319555363 412366098 990080942
271491011 203887652 259804298
323255192 977052010 653379693
351263656 167404976 18499732
587443548 170832218 605947709
36383665 73207986 79859484
548246398 76123738 559757002
144109728 517987736 192228587
539057584 547399995 452222897
684657489 32424610 699933981
700534740 87325619 774512138
68527452 365650943 76620726
155212969 537443431 440052931
478380189 996554345 180180305
1000000000 1000000000 1000000000
300234385 97546336 340214736
466157422 630984070 911000541
999597639 401914814 920072573
1000000000 1000000000 1000000000
218902862 75417860 801024546
457511096 296068065 807222257
124634407 464544881 89996099
844561692 894740603 207351375
119509787 124597037 284774666
974808040 143447768 305305519
189996487 17680951 468985932
484957229 527907019 653919505
380947874 518997474 438116403
501554908 608649402 633446131
29512204 337895642 103249134
360312297 454964024 920472236
430151740 459410634 832076867
551694668 809354800 896071172
152568686 60530939 436513335
702808567 182159850 904826169
205410324 20545916 245934381
597726561 171835254 685284285
559202496 177140433 486384198
653577010 193297648 836146274
295038153 42580245 933235297
588245744 283746846 974635807
111321231 24755829 71758641
499785006 736488159 72895999
7424677 96719574 236129067
854900469 152804047 339337686
31490330 530804603 338855072
485042610 722460028 569995585
335555961 367875148 785453232
494414798 386234197 901484109
281615179 324991937 95776045
356370372 713199899 250976978
254111799 12515773 367132567
258897911 133124810 502563547
14900207 521489890 100373751
227049660 994537978 554293231
91717578 193335407 426855262
468852462 362520141 886278552
305694879 57850422 16272052
330977555 553640770 359806599
326979643 7761557 158267146
628024955 123188692 702100080
407810251 558944294 398444727
485000301 877239652 877991684
216486932 550997707 652265044
260133682 898827919 675046645
107753051 91181559 711551999
821654570 171666765 968869811
421651417 475693307 39681198
665281231 777741921 102348982
156914743 796482035 102939764
554177353 946042447 460718553
138713253 229697157 121989270
515713939 357640907 805324719
45459595 679592257 367380984
488085650 821719007 783205756
229201644 202932445 225756771
519164013 687806427 726394705
350180024 217399673 365516171
501325810 367373480 995914510
141488165 368782534 54559969
485441253 759816762 845879826
162016003 110175270 518629788
196091274 634147710 542084287
476397537 75608415 394118169
555104221 244533669 870127327
258680399 657219898 481091934
358325980 777280207 684757566
362305440 206609678 194135061
525208892 599601539 947133334
605754314 1354481 432440277
654579447 20785975 677321143
214367960 43170077 22095161
494086259 574031608 539996108
345164468 145413591 125759134
526603639 168938209 853916146
881994192 501601423 12232194
917983398 887755276 73473671
69096851 382342892 29572365
538524925 970975834 898274391
59811570 257857491 402444290
480398133 657769538 571203674
4605391 465341884 269535600
18678216 765414563 930125044
314168713 218128698 795223852
368383693 345057890 979642079
270603674 2402288 100829389
308607869 938824445 503361612
92930931 773719806 396364204
172171905 981762000 627825853
218435306 51264558 222577151
408178952 730408390 606489470
190182515 98380312 163712150
371302764 108868349 731384068
130208719 92923785 194918585
487707383 403957825 496072029
162579580 80828560 900238410
555656491 126587564 955892063
680422909 169458498 562533227
727329966 275612244 622946084
131821890 266306784 36928510
214289573 684925469 963637593
75666213 325558932 340422157
289823548 614049165 487631683
330713712 282487204 101211414
354298626 479253633 503880359
44009883 469852963 252848727
414085142 882511852 869078688
80478633 472855547 82384803
349976777 515340265 168654942
234147161 262380633 149392020
248350281 728050977 578787688
274696625 387905381 473914776
435620291 435273374 611574666
449065946 938395223 852090470
546131444 974503369 931219834
126487716 88695425 691217752
530256110 245150972 978121237
219684647 359109503 488074842
532522012 857380217 656482062
41388841 18245088 440274505
197027546 523433883 556601722
176463562 68935209 438875066
242502578 682877105 523096426
167269498 646731329 379025280
416678199 912247774 968528782
166137350 736734247 11018824
331943428 781401389 859850612
156662177 31258809 203522695
827677197 271422204 491300418
394239886 325471718 813323848
402471981 385849492 841321730
331279869 27569028 581143177
603900430 251130086 773299704
7775667 149182937 54010601
243192975 448907802 619106866
142649684 255014127 774192315
164480779 783529579 967264068
508570176 845005842 62520276
606769275 879311193 194137424
155593541 19444187 300428076
576301038 256869857 556605746
247726158 842126758 277465791
271377451 965620940 540931947
42539607 376445980 698570134
122891717 891746990 798143850
463114913 130255436 147771155
504446696 944647397 734847985
540932602 86768005 57987696
557775572 389243945 269845272
145381495 715283409 646969510
541889935 911462144 849660689
201476177 146031077 80842749
940590119 184508667 576052805
250949228 363691707 395614703
335740176 370717036 463671711
57928144 195793034 337101136
124791070 587625433 541303389
351738770 462496217 285499484
415676826 497960911 813648020
306345524 431399460 600876793
481109997 509076306 797867801
273668451 134689128 42185322
544098653 628915375 879612762
40578343 405955203 78616238
534170763 690557065 895844142
206386051 513496491 26075296
234864896 571566793 580784801
529339685 267083297 110819652
536069294 797666843 960164138
71095851 464361377 107343763
396167884 597591725 405926189
181276539 55882800 881224396
404239481 904917921 886283729
164040739 439213893 378992355
466101709 706393773 828122057
38912143 216907282 54573343
381424489 225259287 265011181
206594683 536905960 713484139
400165298 557718246 792703519
19531613 141102760 443868890
293544768 909157922 740204037
70139934 191337530 21821345
149956341 277334607 214562223
1270870 69538139 418131198
73674392 76318199 901389046
352808020 110187811 498295356
399629495 814100873 807869419
83681854 885674059 226033398
323549040 910931315 496835130
93888453 685815149 514994970
529875534 797144748 913612735
259108199 23045358 84404907
539675359 572379031 244868957
212145849 64816745 401831154
615904136 248898296 507465932
230706918 880451279 129555829
482347953 904255844 360447751
82414168 834610367 404431753
346380760 997138596 754773095
113220064 310418170 552594348
472646145 591451494 916168638
89089394 191858643 69118737
302463683 367889375 309336423
589985280 60776809 22146372
932887594 148240314 299605577
109041496 711895907 17523215
218891771 739880376 479782253
363551849 922403903 41030134
515412492 989911783 162809478
295640395 272109068 79811638
857062018 360058595 158262033
58081638 90285473 454164730
111323321 460922478 498566393
299408832 226472597 78563446
491077358 427172902 834845646
187442527 186383631 90510974
197733151 666108356 114102251
50149860 40793982 62696315
784186674 647978347 229633251
124111189 854689449 140157834
694366495 902626002 184752412
220900968 482818205 636912911
525200289 831367328 784968663
204589232 27590742 420613191
385859152 115594538 848705769
57465893 329864452 862253757
369234194 418005747 963855401
58346709 140667295 202388697
344442822 993941398 332982515
110518477 100251309 33715784
765155574 326713724 194992848
434342460 215345145 100335575
584851190 265884709 202427626
155319235 300091112 183422937
241464928 656391141 322904852
19738410 65485231 157279261
543470874 421726614 265346781
510096768 466838692 698053317
531484769 729966264 876714137
333911045 226619194 285514519
427736358 343696258 310625258
184106928 630332689 301653084
505864021 766553049 871925029
29414143 519866626 871854937
379107898 984659260 920563419
280333602 205637083 155422393
537715879 793013200 740394409
171901074 830163414 433629049
355471126 907973995 959169530
23481474 763275 535937433
787569847 229923430 587010666
248214917 183290641 549231695
366486803 487739200 947475786
221984437 541023650 312001492
345874814 579203821 797390816
282687941 41700722 20169028
530964760 203360806 535600797
276709117 148651193 196473093
464670566 939260303 781057611
814773087 662661335 368350144
1000000000 1000000000 1000000000
63313348 207825216 730356191
289206488 771560539 826193618
171879383 416461265 214004559
486655974 875735912 508552718
265721376 295316760 32891355
463149430 727747876 452232072
370055050 61612553 316278505
696163587 67437900 697766217
560186390 684305291 34013313
657514531 982780717 108864895
110550654 156295884 339409298
436229992 213733480 554376205
98869884 778351802 111506864
342737335 910265864 712384991
101396987 706601663 28621907
762970863 740138629 204046985
11208693 887884139 272206014
202006059 962083346 677841887
255526298 102959724 36182399
989589412 296368437 49342149
7710375 82418846 308314957
552796177 176049622 502491933
395092275 393672370 157743920
451870466 565653949 672788376
230750325 12699666 47242280
494875563 677560635 890400887
300005585 603940709 107342927
598543888 705678573 456476029
233115415 78577561 434876231
248465296 416183423 726403795
85130461 8188186 340070127
142104858 11629853 711334382
531482596 536853115 158159103
673029698 583379377 188609700
190789917 682339949 473348498
513492249 772601409 528284760
19070228 424274952 322005454
179707551 855000495 495702618
132901269 125060291 578108823
235745048 576722707 852199306
32583495 548826486 368375262
488070688 980440282 602214160
143053504 623427965 494484997
458433213 695140139 801253039
2433525 514870461 312579499
279192458 929617870 923120911
1909582 186734110 84247944
495776294 613192491 705545017
321472433 156548066 85764233
946827805 183231419 636653599
131874682 487527196 398547712
527115764 858482547 651445916
109794314 156623757 477123109
478702744 210987539 752719287
21771636 531666022 318252306
370390733 554817189 984777049
493283105 216413610 276078219
526818906 243112183 807389712
40207091 53391663 108708206
565138496 573127138 250508341
158627226 71988575 121386766
413873147 82848495 821256757
859738346 18632539 700701193
1000000000 1000000000 1000000000
21312374 223707664 218785041
447022910 368680613 777741283
153753561 42847184 150510968
951598929 229482652 353320198
219199283 369695452 914048256
277215091 798780350 959764184
503686381 77715412 44025888
537980214 802401725 288825085
175750598 710152939 98887602
656343530 726631796 179788227
218838300 91789306 433506610
487442367 263103223 866870917
593935290 166074845 318449593
740528244 266046301 882834058
269260947 138812582 488003226
360906489 714598864 826384718
47030433 44438705 440429392
419725060 593783846 841339465
317304325 580598566 472534335
508961483 706384247 692134632
69249177 255066128 62792545
138898824 673285941 536660592
230029009 350199137 577673078
524949255 663460892 730461000
590114118 59288980 191764256
673412520 218275169 751208203
214994336 549248850 455684751
266230431 614373976 462059188
246579694 191262218 23458739
451742915 232233702 549211558
189459967 533141450 376837935
463115940 999760972 840412309
42278304 321815340 23926718
343159209 536973878 149109830
443177320 65973175 38531098
777018558 157187534 447559533
287648313 169176836 728479166
442308721 987015809 837388709
340582168 9156035 125809724
678386421 110619065 841851943
107057710 127820620 788789332
193989669 145668623 843478243
279106923 535713309 66437551
382668960 792480535 686027507
419457553 512965624 545957574
477393981 765083094 579443513
380189917 251008045 227798325
800228766 271593962 452510882
377631882 103100198 43839571
837820168 226698206 628601462
143476587 48583734 6378501
520603480 258168575 401234509
150997020 9519282 21379281
200948099 881171959 556328660
121836101 65608659 92477076
341927592 545646688 953211492
366228354 18047926 131526204
531455881 616899775 208231869
37260636 266416527 240367779
468684941 533539217 981009741
335675550 542858941 139993914
511007836 848914660 872277308
27238364 135919869 27262903
280866416 483342570 921589958
455146863 237619402 134076464
936152962 359416184 223594845
82953402 341537767 613117820
427130901 417545781 747855035
230078364 31656932 460604141
523334188 916171493 934996221
742662040 184926836 337235911
984136219 249017221 403321305
39700832 138757097 377874734
418867096 143162749 984732371
198433551 95013680 290108439
265204416 646566557 758227337
301692105 17559391 733252645
512187417 169832349 998489708
210622060 392090867 160126691
274942724 870117706 683248827
69510678 352726619 71994071
378050553 470625652 343100875
147760546 242226209 815825111
525555596 912931710 914580561
294886418 193684287 21058652
371885937 804156807 529256996
332936042 617429292 255152064
343307383 768524125 559938142
56430312 637264549 738516626
218653849 654214602 933880895
143160717 20797581 98198278
424324418 254494671 873798235
379596634 507513740 352729882
470874462 937024614 841032900
417832805 569960266 310647414
471149744 607921190 554742133
92995008 140287580 236020975
275178068 362759534 682055891
4924746 25914727 345699746
494534587 26587235 362054935
331329807 102055965 85859049
368060618 332850348 349296094
204007971 24980675 559711421
247148783 725120254 568440542
74716509 516120648 147714440
332253504 614068895 876662180
26935187 57192960 304976199
235438524 326752970 993768651
183775619 20176624 40507418
379369179 93369770 524267175
204776625 5951154 502178348
623573420 6382677 988539073
106121525 174023007 172243539
427650913 260542941 288954716
80162056 130022582 309234696
304413784 178315513 890202948
320196561 53426546 585297083
420720934 269942910 805932559
244649405 786778753 133005391
307991788 827845852 930017333
185531533 203039538 180983878
595255699 376539445 490941000
395927248 215186564 392544521
460918827 766123903 873360348
157120288 14186113 87289404
855052286 660785733 207473331
425024223 202349774 184344199
494509512 311282979 634880723
14843767 459755628 849829
774014103 662877688 148604880
317678613 94886759 753640536
841654650 201363286 825079788
460681199 298773541 745625616
546629519 964176273 876229963
557883386 78797903 150762018
570229852 796929280 297765460
87645709 146179965 93680198
292323004 949793468 272695107
97628152 454385717 721446596
107669355 854925128 958573608
94833498 657688944 313604865
500603169 871050165 614094233
77615797 337013313 732789191
127275256 367483892 953005343
392525600 560232432 106248478
510244049 920835117 333909460
384727801 426641578 70934145
930613613 677182239 156359354
30051907 513808844 255316426
456733767 733652425 756740033
300833371 74848010 283610887
382783997 342069231 526440549
333733971 158082503 31864858
593224989 254638297 767608597
184210739 126159118 194107456
527729772 294191674 754649020
64638894 594390410 156988917
174500421 682533556 330424337
279061880 104537121 210466817
345441914 255726671 377210979
374300890 110514680 439671964
410601055 831758727 904274646
206629343 936310426 113133745
314589608 984295098 324991240
97114883 22667776 5439539
509670235 306213835 417985606
45418664 36359733 718266111
295523592 263324808 958891592
340454216 25323922 542264209
499901815 303730577 727665968
180434921 192353642 167335538
327414594 894652233 475571090
264448632 547023449 520576270
449345099 801092937 956497323
302984269 394700844 362155751
371777217 532190291 870048521
41923858 167431470 235562364
574144870 849457959 327364796
652598101 92418718 232897546
740324075 136036086 242205969
489329420 435513694 533385143
535306043 650491511 648403748
24412742 74000265 568853920
311716582 536194941 722979948
745604545 59603132 162390823
757065397 193044545 820693844
172520021 333704256 71172286
361779686 865253644 349378056
121678309 47533450 269364635
848225696 54151468 976028766
309187722 110341527 202364653
565959323 307194392 878650281
346482411 959347324 291916041
437489969 970462213 742124398
496718952 309086251 155952731
971885142 487957870 221715458
304691053 107720636 637491589
493091165 345463064 667207901
827425010 80144771 25084461
866623349 688584144 129748690
431409882 400961405 55827870
582075845 862412460 136956830
129749960 108937105 479015869
303965562 668873432 617820905
429255608 118840542 580641746
523088987 383648265 647173713
159857837 213660449 96406124
377800780 433520263 145931340
259918297 149758612 224573967
740916961 252188405 759926574
104446658 452503430 472891077
178735722 943475192 743010009
160366415 224355593 162659804
569596155 983127593 411979928
278525223 100731896 344482875
928397773 157196643 645561003
109686319 545512094 86107185
288819109 746677115 570572406
193489086 50761693 514968416
714883505 77534814 829638945
301688786 108260166 523201166
327743282 412700863 584415271
34951123 440749588 210686858
288091687 704633852 904030727
56691064 292993484 134892086
102018105 519454993 153181094
96393211 239589117 162217576
435886518 754433993 515067254
117476673 25097561 19094116
491950208 763077012 215913794
377053302 308089847 94884788
527383876 686987798 364109753
325500197 472334773 514266544
454112101 611940496 558710339
12416646 717610489 470953954
22047850 727376038 636647640
289773714 37450693 365330417
365287329 614317428 488452012
42474612 688552363 834925244
323189069 740468506 916471333
154750235 416510611 764209065
256445265 460493517 902581972
129126594 474782816 188231694
491299309 515980600 909209785
152993165 57574048 413460178
200962570 143338214 617296194
120033993 472193554 63196465
394029555 692110545 958476540
319608686 345760737 762034551
551272601 514414308 957087724
678214319 91855935 592816
920000220 180105051 346031767
86773197 659806865 321318025
258079900 963349169 561258060
231899138 815742242 337448773
435251930 870528937 650378520
80771734 308008802 385150108
241994642 984773126 487945342
23220798 894411089 90626879
431772933 966147618 226012070
153646426 636750175 162658848
324157661 856715084 990972870
52315805 240784150 244177146
202654958 425928231 325441212
48033976 309349788 369240766
461462943 797218490 599237096
19447260 235593768 273053730
34703821 867568365 657732151
331919232 12996552 145888963
873990236 904415523 177626990
225160256 195512478 118368501
535528578 233019736 947616656
403156374 92132814 34194705
586884266 383350943 570156014
18060180 125167478 377662015
320057899 336648744 550994926
449885513 303598723 497580784
506676341 682528604 811514891
398258446 127595847 173845757
540630333 625810117 418814281
135953023 126008347 482890222
148011126 449395407 524124483
260603593 194174830 150530251
497502965 792947651 896371378
164796524 15964179 449187800
531444853 670197174 678399675
480567340 157108837 461552206
660238625 211559782 959598418
334494559 870107033 88973644
381062696 980403293 312870246
149762130 285674193 667661518
271441338 873381727 875095361
735500707 384782406 10460940
838996408 682877342 153636467
72423781 185902917 795148330
453044225 391369391 995625188
222924770 442615446 183497847
753444829 715606680 229151112
314008103 135647066 239652807
355960802 242667558 497978662
181722307 14879378 207671005
789563987 137208751 633841751
259750251 835158263 372952767
270051348 866973345 548308699
932063920 314441162 719505122
1000000000 1000000000 1000000000
846092432 157863846 138343981
963399031 164923195 363681439
168027826 253243416 73429891
735099574 378794571 151273607
369825823 83848288 482167447
701398356 215671129 880243422
49544367 498856448 416674004
307570768 941169353 912434876
335680080 400220497 230575000
435800094 633550193 680487363
158534147 120527770 66528889
812592474 925342308 104674150
870573089 392843065 731622226
1000000000 1000000000 1000000000
165009524 625735106 881100592
173491323 905053851 884266630
325980186 847446239 768265553
450608230 995558992 943882594
30940065 505915211 544176347
344558048 892589382 827321202
377508604 416239654 3640463
524540331 555015343 255387421
163284801 639999462 92170260
412318817 839723369 689657561
136208630 15320147 686153468
548935361 86168440 711392884
381991648 480920211 647201718
411641773 714055365 897198151
429140918 192704084 217898359
524265591 215524562 588992164
573264426 52386065 258030613
887224405 104108235 341371294
67977039 238642418 586717239
508506932 323417406 673099121
125115263 197794058 447001314
359713445 476990122 969272254
155124640 45952219 211344905
190707316 522386571 658884207
7678058 359165324 332123631
274267094 444386990 406254342
78884091 202877240 732878637
274866530 998266773 992808774
321761380 138670100 733634126
770513689 216754969 892310573
455852016 290646625 4726246
530779836 292364480 846865897
70737703 22378696 510375658
279578962 258833110 515871524
37326561 695861145 533603804
124482013 835488041 684731567
84275638 195334057 79437114
489290255 541210926 375138821
176464826 337830386 132037156
418607367 690555677 140727818
195932814 123803001 577218524
200776864 401246271 866925389
716670572 137833316 73198179
803263925 618555013 212021273
258374467 94618498 503166849
764980716 117024994 555538297
378655921 125258064 384463223
408967441 745755433 721693896
123781953 63585059 356468080
548532257 502372344 558505196
347095736 87403291 405642792
460565338 376903076 505225743
517870597 496275004 568417191
520352712 704579940 621141925
381761342 204984433 67574197
391135333 456287077 777511428
224353772 53301019 47527016
454723113 737546984 720938547
268482043 810501546 425206562
369898113 867861335 879540143
121797214 65669841 178155087
891633329 111560007 463865456
24910409 15575374 389162966
740634820 244089932 476661351
420686906 511840778 78967244
545313760 598043039 159250472
510912893 325027665 86632481
517413317 409570206 868306362
491605812 35804727 119392394
698692318 97696998 951881380
286038306 144001117 400421482
443576907 706918774 755051484
163966663 819455792 263516766
319605532 932708757 680166006
14752061 19283456 808985411
745939510 208903320 936303996
36466455 346173034 828529855
362822750 362452404 870184974
551405571 35215197 638003835
638949987 270793750 947344111
219811339 259416501 52505015
378728490 568021209 227447266
324087965 117271522 687359793
542959750 442184476 977973789
255148021 243200505 75873431
762939774 844184113 114997759
245397857 44362687 764223013
859611836 268176977 970531579
308502404 418575159 372931319
447511408 888129342 721567846
488968954 165304119 179794142
791500941 847463295 188736053
115157815 751595670 35634201
120540412 970318935 595222044
59919812 13140817 30812645
72576220 245586896 539344841
243271476 477229362 43262388
416967744 542920140 169913860
464064355 201653360 755607780
492048947 927199389 953145539
67522868 391861999 30563280
199223547 429074989 168499221
263742730 73829698 593083603
536531832 720851475 681588370
461887087 211426696 68754849
629407143 550339137 214528250
624989000 494351069 28805767
849835445 882592778 103008267
236902355 92731540 46646347
457909081 825374378 982922312
305482088 283477993 80690296
607273474 613142656 84437940
244904272 133393224 754690520
522293058 212600264 992886638
70427812 187102142 76301343
168551962 466206186 622023519
189798498 209581870 112838225
508564057 501278263 946282005
662096785 88167024 598845568
734562504 179554227 793509214
522220789 12523347 117219511
535538431 26440009 323451597
51882816 275841808 32277219
541962553 442599456 175427420
55960130 38624179 519637896
333477374 544142404 997352467
209575084 449619241 469503848
492430876 934439753 473988703
195530945 430559848 244872359
281024548 753691758 938202044
26201527 85627150 130512685
585309560 751936312 462609864
67060686 449671300 668381183
188770486 887502205 693607578
167571185 496440361 790682463
487885065 720027133 929946718
358361587 26768745 517171077
409593032 190812161 997771585
379482774 111659942 117475605
503132534 557064867 326542834
337404231 124392686 228761840
511434195 615330889 783670825
422480239 82097606 758034466
594431120 83488796 767757758
151383633 420377118 238119658
535348743 817444126 372793740
12321668 247521647 406854897
469988877 772912264 593605308
273044121 639317185 218305954
299816899 935370549 674529113
308092990 879443061 404368848
339244925 939950425 837052534
133734391 326068257 227877429
449334593 329248825 303552255
22472706 238244244 30572482
509828396 662165715 633842447
379316668 428303105 103813072
565563539 585448263 208913964
14153485 324733574 337357517
116044018 369827028 648702510
156197209 310457098 612997106
258239373 936614408 772228312
68965567 114636265 359061698
455232393 117524579 383423705
292833553 203502665 259260733
544848569 429771103 877118127
226335994 550687287 157944315
345342368 806287198 317462300
466609842 691566740 657069395
505040697 779228079 730025624
89672657 96457644 502110392
537418124 690513946 553434147
44507170 771351036 625357771
518997599 990167631 644468256
67630556 97249048 349599920
132795810 590851025 538103908
309323820 444784609 130315495
573707560 736401126 318392859
74516476 127119785 393408157
489523008 556468864 501013762
380153043 588572620 19816535
522514300 927248152 145180233
407102836 49173522 353869118
758149577 91946800 691751914
396121920 9813068 178102456
529082769 694154547 806195518
208256089 227965613 591784595
274940044 759910183 758069020
439066310 15120094 19831614
986557282 173119994 69193789
136317633 278244126 151728904
537408626 604009849 659056495
440006697 295970734 612112993
500488228 399304439 696192685
177040733 434737948 239909924
512828919 549896536 628239164
378372549 895446887 86187680
444311081 930318088 699681026
640571142 640536836 109002415
685221325 692612467 204259542
15654138 468821702 168733660
571273770 956304857 283208903
415186837 401171932 145272120
457922668 754730488 659793281
148587539 354608711 317792770
266936751 555425108 422771603
393722023 369191708 304856118
473641651 451642675 738879380
376067713 212766096 7326691
749032015 822025131 106983907
93912051 881685538 470924656
100347869 951223874 645761828
295933154 300569652 123425325
394994785 521041732 305231679
205381623 732100358 859014812
470846173 952325578 945371681
145010870 396982816 321418406
589369538 966959294 461301620
250613617 290343378 53116409
562586509 586329571 253550332
232136621 153825636 324437936
429932117 845650802 694724938
78717554 22541070 373508239
477121313 121854094 519205278
43052505 329003781 417652459
126062314 375187191 882091111
13388193 127786677 111332388
37842514 756745463 190899441
14134763 356690193 294911363
476130801 436204223 977815060
253115404 397719369 197466458
285288650 565633711 767505111
14276694 686024709 353948547
333705262 824641539 980484027
376262939 148562013 218784272
401112033 821164674 337995402
666217764 12115925 387988001
926066824 232235158 500877832
31204222 3482840 65927992
806781956 189253856 440669827
600667900 276756691 236990912
1000000000 1000000000 1000000000
291802265 64992563 478856057
298323547 165123919 630279686
288013797 43738475 616701626
528433212 918125954 844610526
268895163 149363466 293290520
479866146 215806504 799487132
354865480 241663391 326157807
539639871 259952640 691815401
21188598 503162508 160194165
183128556 606482640 912392596
344482293 202855535 81052497
500950555 711263865 214999030
153542878 676770173 249178964
235773442 705079342 595486974
471386300 30034502 224005824
910591174 198007373 432343216
47868223 489079588 192998448
137556076 785179413 366958039
57274612 567404767 487934210
157767267 720999711 753904362
321896424 262129576 193496837
508574322 828590435 302007060
268020267 30261687 458393129
767958410 58303975 935835611
5761953 192503351 335586317
120880333 587367445 377180243
35371926 216150248 459145973
140041905 733999560 595554715
219777992 160266312 413878514
280860414 825662453 860989991
183350710 370188513 372326546
458497976 763967584 519262678
152253814 444668335 389416799
242651819 973913346 582346579
115444029 52158972 86441859
534014547 176800362 398407769
212771968 10148401 595919111
531006243 48110757 930287661
211617481 104523086 354779482
252053840 342880294 735197616
379259649 451119425 41438251
461783896 517969642 820941094
84129693 127308271 419051669
274950636 941280171 588590777
1505932 1117365 385815745
271095280 193235325 396971650
923986517 249955298 25617028
991681192 523458515 148044502
21869479 84245997 278011048
335334824 499094938 384518061
61945565 108840380 602583565
64851969 503524438 808576181
25010156 556605035 237297348
446220109 947789839 934297338
42380016 940805260 665474543
144426594 949238837 759291528
55733171 159397703 313601093
123294763 888661909 887594352
156699965 414304322 263751548
273925804 543562798 767445977
86198439 124357582 108435489
124752429 212802025 387283223
236372889 649856506 474314128
343578958 829659709 933005812
379499184 335382181 95701607
445978020 501426884 535019038
190342732 209122549 187484739
367807912 474275702 745013429
38283876 46862573 440302597
246143929 767754332 447564247
821472830 61192441 396567289
862837594 66159682 416981768
54625836 752948983 166851490
122752071 801739295 430433883
288997682 370174472 161192519
508115710 609150787 647895031
19550888 351059433 275549552
238840925 727301054 960892346
563227709 215674790 719251280
848000418 269831337 832560070
99934313 376905499 337898116
238064090 395779770 749426882
129773060 285755382 244582567
170123133 748500739 272490434
413038666 465182596 99540799
462196326 962524977 369141000
95918594 141519500 554585456
416315818 625633882 831687469
48489745 202007163 687985383
501631214 338631284 963234368
161818024 711073504 337289368
514370643 874551590 764060156
117178665 56580806 372408970
299010500 596727133 716425546
75945150 14420873 715135183
273643191 906526946 954820776
139229047 306698695 562894478
282750654 620075439 755642238
21789696 247982956 544190848
454237519 807744850 902278743
671106857 61634008 359066742
930836461 233818080 575338689
402246745 613567846 67558237
907004787 813549027 83624375
104785164 580223187 69489932
736965529 941448009 94987370
255290422 515002718 11927564
444548684 556833109 363038131
131521433 564379685 783918954
416438230 607289776 851259545
156895135 26840431 82164548
365350824 86908513 455900654
55180296 299175702 125406597
349657284 744428295 962309662
455743387 190771843 66496883
473841038 425450497 257460168
36250071 148416601 172401328
555809074 959822653 312345101
196447858 118598955 116288279
816923067 379602952 144814803
56599253 74710182 398683343
455054896 266655177 536309352
223713403 91471017 57864012
274962658 131829966 888594476
67872328 13042467 140768877
413858499 264847551 876581279
271093842 364769376 152223166
453891989 434033632 835942390
84617059 94601551 423588162
84672461 166249255 524618123
609936607 16127129 501285461
750776192 177056000 852731193
86769481 195399472 109294353
394038364 411690403 379287179
121777802 849274372 38076137
516352032 975941571 60433922
97676877 23044224 552503759
329499682 390521610 986245606
419531250 23305277 185646354
495143778 851246561 269891470
274097715 345247288 199359523
504438397 483955419 278069320
173706000 534964722 532246158
200074675 843772642 907187445
334092062 370095737 387072175
375476479 930304477 908755491
172703890 664022 177880911
640918566 177655008 838132355
418739740 197257353 66788393
479446282 845157958 650265337
17581323 120371624 158607195
454750106 695233774 832623101
402353004 132352073 604556626
469244177 959100264 785897301
33877135 768638305 190657605
341918395 822927605 759528185
156285681 244043206 165599501
642009755 789452292 179464336
325918163 612580329 71597299
498082769 632418961 907988416
535660794 49294251 7680030
826205855 248155888 490102293
299855094 332077002 686188764
551150387 811787035 881878707
32298735 802283111 126941991
221315682 915501483 171816020
93275510 53679895 360135006
236523676 928167096 530653665
520562269 219895864 40016691
539389474 919362800 353506320
236260686 176993633 210964053
413255167 420169153 978283365
134112687 541050892 25956988
428991283 786768552 36631073
526335853 122694225 311556435
585107487 195413407 498921619
421428904 210290928 196349444
506579182 287746849 459265595
251138537 334669593 40882772
344405953 398218382 395014496
16978369 18186579 327060143
142136679 404479721 861072666
278835372 138312673 196785399
310787412 215212250 611450452
128707785 42368790 84829291
267217738 377706634 102635036
319655455 77402121 284857592
347310247 374561626 923290579
273374568 41597349 166068307
780055738 256846385 650236264
236501117 142777483 452723761
417882054 612854633 563353410
10566298 246887674 295368889
355184523 688498265 975194208
260592527 198676566 489013638
520938634 273104059 755134107
62806237 501259222 197095220
493600586 682538037 942928354
6961989 356988512 20057132
307379955 801675437 736952911
79730271 93802682 365195120
180441391 614086078 401032833
312853471 942294053 196002355
475419627 950491196 679766252
151047479 353875754 134008295
756954249 472696442 185307464
498757478 887133938 246566200
588190780 901205996 287073198
174757115 841448681 490238035
450766560 997926423 964076465
4173415 657001744 403538603
409143833 731908342 626291633
114888151 288183640 606543944
431543421 377017868 805579701
614804349 92452885 272786725
749342759 219697394 513982311
308044440 208376941 572984000
520777140 349796030 959088556
61385466 298032044 183517072
219765146 677935062 249491601
106162574 116845345 238013231
592993121 298491170 405677500
507945359 126406524 105126203
641189022 133124216 357527303
205071291 132526946 436795477
334928532 524395969 463880424
112690541 83983372 54818495
501239900 594038984 771055572
269353110 362268999 82824176
464711282 955298292 939433308
10590040 49899695 453849
685617628 58366365 945945751
67481068 136512457 216173930
142517271 273126610 478139238
190548711 436481026 49757268
465588306 692595974 396040671
169736361 14152030 71259907
469743785 483955504 546982709
22959199 645591073 809709131
27948224 853552812 851342193
32508783 367097505 49741692
245027603 453327777 992655138
32108885 928718135 185505520
148272107 991088139 423678817
140556965 180877383 569660903
429003352 436632663 688896021
894913487 105913111 30902153
978126937 197369657 577092068
266588291 396661273 511077360
483671992 414469936 942123069
64909518 21533908 19093954
140921738 946301960 896785908
195601378 385320174 15251576
264085565 859744016 742149008
249677889 307773863 424817180
454996998 556751281 986219350
239627591 425819041 551624195
546483466 812642249 669687380
43148418 1441781 198178074
58055466 836071872 355989045
340635652 562898068 26369969
949346471 793312043 176404574
200813470 63991350 453202075
492919327 365304873 695636799
771172412 197292522 29931878
933605982 298337540 56742263
6890676 717016133 108210369
530236816 958309088 566188905
49590494 462568181 73985203
163786707 921652744 269432806
84114399 4643818 484671237
313364000 300648031 745444614
311441164 417620576 481151520
350482406 818681696 560648704
125024333 151381828 460550700
287565595 393628269 867931660
106235022 212056756 71378936
402788094 532517012 321161073
504576242 483400258 90226921
514780762 509003959 584213372
552846856 402715470 482782189
1000000000 1000000000 1000000000
238589427 854946513 764054420
461121885 996718165 919862990
1689181 89189322 238771000
65438653 911792321 827899361
201378465 161066254 336677787
517996488 327242965 491309089
235147081 255720015 202717
267305822 613862227 407994410
486843413 221662724 94515501
557326396 303361054 878928579
472729086 4118594 553199539
675986423 251427623 735356177
15355978 74936819 114525372
460046810 562994986 450528367
70780412 682697200 577657493
451038487 957011685 672359769
175333660 7633390 264425572
709697382 106533655 447507429
69374828 259859282 314368402
501770743 995880592 418066475
151137246 49207038 246974597
447442172 64519711 528311234
390271616 398164905 335821752
576719770 496010493 435246684
186475412 122670651 771737050
610246588 188219561 842541369
371303377 114632014 715974843
470958524 220333269 753659013
179804690 564499893 511846729
264098327 660927251 964059446
157202223 189152150 310506928
237953189 655773731 975489843
106135740 178276261 189450597
398918667 603000113 598095980
424684434 552025359 74475739
504935415 599919324 780367249
400724310 181456818 78636849
610333332 589659968 166709784
414640938 294895243 6271993
546067016 417879418 969737684
116104421 303166372 283425411
520369332 588166489 843575082
190233118 221436583 601315565
324965025 225186062 925497147
621204216 124100289 159566454
637903017 233059107 367124437
50225810 390558488 308623858
429205591 663393757 699571710
145800205 666381326 549279774
239881943 958936983 577119025
188167115 32307377 910872016
487535205 319883587 965310296
39046748 209640984 8927238
262800183 240752179 796236871
856756430 380534752 33763009
959126988 432289247 148444780
327909874 688608204 775105228
346244662 900582193 921658261
411624648 13951454 524038981
542759512 411413617 654102551
116706642 356842786 6582421
747974935 483543052 11597103
171099997 608550004 347394506
284484184 676862539 357111078
352383841 354592272 485230228
439068258 892201398 702932070
16221726 4267951 492066019
532955283 117467400 554512163
515144104 614799422 184245758
526835547 741012025 272475329
44178942 52359232 22858291
808502465 230599166 145749549
149104168 365185946 643395004
324321311 540725193 823939637
481175680 682920392 89784151
960767533 981675566 225950096
65561892 950302550 249502455
220793198 993393211 568803588
270422413 126426177 203557889
367312845 748102770 517990654
47136678 258869455 322772640
490874249 784137412 860196298
474873059 165005009 610574897
489923540 525143444 901678361
341290038 97738714 361769590
798905452 122999078 828761693
122806941 840178200 269444610
145763442 903143680 625235199
252442770 83307982 166888634
617067050 649649043 225220724
387892851 377075677 263580890
549383590 818927467 787780745
77874840 147181955 3964618
215861844 970466638 471360115
245882465 175204429 148803376
382502032 277182586 319863364
453151661 99009069 364323199
638244286 103745025 538518271
90513131 176829914 29167494
366544810 899843884 830521363
496932777 587087708 690713019
497285706 902051698 864445635
283285991 58500323 244709726
501449919 675928890 616825605
366822434 531278737 14798671
383633188 597804455 337870328
365233596 748700128 223667575
513532440 972127548 383482665
229600219 33332812 680898707
571681905 374872361 864837067
149738895 665535666 466507210
539492354 855088323 520271696
355638853 72318484 501688487
492219630 183847286 969564239
32754315 101246925 370893196
366041701 973163159 894365577
358732861 92189516 227450707
602630855 247563891 515115436
74703514 327347438 524893330
413507839 731371186 631175940
416557198 324436378 271132807
503673108 973648379 655438660
272993381 648272626 141790354
810731235 844354444 169155219
186764445 858742032 36990866
551852550 919134718 343756336
77254979 153541704 717745426
146311758 992582250 860396336
139963585 54991021 353316138
225815380 483807225 770183408
79965470 406871395 245960079
207662414 988217688 422591779
188697193 618823798 295820569
393286048 883844071 517563330
61457841 292606091 477216383
338023420 823346997 796850074
115891482 463618702 6931316
314697875 992856973 425850349
126356804 2911300 714127722
534574068 485074986 896865367
110277347 334647931 437264822
525279212 990971313 568180890
77616029 819980756 840200362
356461346 897569397 983882485
201503079 351847713 312664948
276454218 459446745 841357502
406469612 20008653 142923383
483746738 222777789 247039796
445341984 745312249 208142786
453814913 870400111 314942924
313292590 462694082 1890081
423530385 591239141 810296830
337157451 47658405 827766579
363144036 869734661 846729674
279814483 235344457 636202834
521712429 596220582 772046778
105480835 565813843 745242430
365741993 688415158 773742229
317081642 92813122 88480033
389867991 506419217 335814434
612778212 372321504 25753028
796216500 846594150 43775467
630394894 113001124 4986195
723864302 674809336 95522499
6152181 75218161 190962794
477344922 588969999 928042949
815976852 184043039 130197107
937022811 350883756 195155520
327989743 14794949 638166902
434405149 293653782 842226833
47419305 587869683 99830297
509725053 902062649 603115238
64633128 554001727 505820903
89256520 905058065 589670982
509342264 18896882 122534579
743226357 196378003 170048471
1623500 276871192 359414514
340171321 801684936 528401642
0 0 0
842228351 245963052 822097067
318668918 54424894 485285063
628528963 76464425 563984042
374441945 25974299 360176506
555900697 763218254 454120945
119842379 884542597 187451308
572255375 896844416 455499596
36025206 564468210 581835292
459808166 617197835 886128486
67570456 362161285 48025060
409697769 477011594 267359924
212642900 544159080 113592307
544159561 811520009 559385707
283483769 385470188 210225394
438744893 816319128 928726152
261019908 553455864 25588067
336664118 890417420 938300231
112739254 584658706 519150785
375465566 812206747 753112872
31791318 622369986 499079458
436491080 946267748 793113699
226816460 231073673 687531692
326312811 512503551 895097656
180430894 307390396 400714524
431887477 948180765 922322503
93312976 414030084 123978722
252586895 991920087 437366681
415682561 273373232 76091252
598487937 967907107 158362041
396748476 31699276 518413902
514388765 209613997 936684776
201400091 256502215 409713731
277013057 748601172 940041826
241990673 37473512 208102533
253189026 195529089 669221671
316326091 91550099 83148952
566244817 262458170 214749348
429459403 339357400 581974955
460470416 889962761 650296612
402460981 164577001 542621712
530945141 487514138 732949382
241530209 296599947 425503506
593210187 395235372 656606731
44347569 664553482 166544717
131054751 865101064 688724941
109586847 62365763 343859193
505066242 448648511 469313204
11847769 767030480 255544793
126056361 811948250 505561385
27762476 460012878 191660974
36459842 597934917 339712295
79581415 193309489 201508531
484162336 697575135 569809010
153350355 432895487 431852937
155783985 961840024 652673170
128268250 402421055 499902416
251717137 642762779 920804804
22138236 388057767 657002887
544818918 929284061 851170580
729938232 13556537 38628348
949195006 71974601 368829337
43037568 654550707 473496611
109321454 670202413 958330285
87194500 319645847 866548128
488974731 351798133 992501739
31262249 575140318 537420361
173070801 968423310 563478151
122318943 402445338 371902118
517069334 822674153 554743098
136451847 22581849 274390681
423725190 534303446 724213237
415524841 151804048 136638062
594496623 310156778 310824649
123789954 4302239 400029962
149842679 407779047 759808527
433631282 4765967 234381567
491384040 602050105 887848398
468945830 118582456 116840832
745321556 256966013 379825972
198200324 115166355 721140115
389022477 175942448 828498877
686651375 523559937 134172195
729600200 541976735 216177403
148187310 501661573 67109655
405934096 697755940 546966251
210230103 228301566 899496298
279589029 731578095 952431175
295094308 344974454 56709811
341591721 540256611 260086462
24922355 591763219 330868703
285795404 653604334 846538567
295660803 76141420 541824816
373539292 739595130 663966151
86806743 110139436 212847032
451369507 302652604 692702980
132144804 562097654 53333200
291166059 910526082 668490275
642217240 71361262 232275584
839727834 229366859 996769908
376912399 527894389 21853626
620607121 747364797 190804746
211852719 588970785 490148954
392847502 776115340 508737866
274444554 283772888 212096623
398697384 738689184 479284621
118341281 266297884 234956167
347089926 719323346 312977532
373319318 419445062 549609603
402070887 899260353 645637119
373938744 687245891 96677740
541395345 751111960 339817358
357886082 49658888 845373650
660833824 148387754 920288725
126932065 403508222 176026451
272327913 676623770 873817498
17750586 225114696 536251180
139758056 413829257 897035241
57213810 406489751 245361410
510524226 442258233 502635752
8775427 461342746 456092399
499232263 942783665 884258207
49563238 882447178 149019964
406836023 998769322 854128408
429650769 237988703 336317677
455612825 410956976 619087928
169147084 466831277 165520030
448096487 737789018 659570108
223528759 215548398 491300661
325360382 935750513 798234532
495359674 176084985 226553596
582110458 938655357 404119685
334365747 690058306 20163530
641973839 736056744 192550902
121918436 565859312 75247913
384428256 816242656 671783571
114479375 33349937 66547818
531256524 145820198 190348518
266263460 100456260 13387511
275164654 919297988 211856071
31404428 45567731 412143402
109348138 473874286 801017750
165998865 67204976 87426879
706347703 160016634 204553519
175881932 98499489 110032804
307422559 416438135 398961486
383092672 60582645 295705842
484737672 430963383 572380024
14332847 155838023 26294414
241170195 413460585 654088108
160965535 447987743 363987161
449440507 671920705 392520574
280587159 270766847 57334319
289532643 486700993 722316455
64418609 719545021 371861035
481100812 992816947 875264404
474575242 340811870 131296544
501310837 341193760 714335563
32741412 2428375 173909019
565583010 302960657 954147158
322365970 491626605 218850370
401232574 950817638 243034486
444765169 457618480 735609316
527608313 560673899 947368356
346470772 293765296 91287716
481144829 492506227 516518412
