1000 3
71257208 33467696 694458838
176419013 144449091 761787999
201771550 27775515 169578132
599527200 91050292 430118596
230679962 223889145 37914426
774262209 257746186 169620570
146201696 61056025 140965132
785267947 79862304 915679946
219002646 77147656 177846535
308010275 142180268 495363643
61061994 219814494 382708908
109040160 234125110 406216367
23383671 56707415 503871678
344189006 88697058 558132214
265946468 6698949 29090354
866487304 69242771 198222439
77584959 15202582 743728030
474043119 45078105 832457102
90318167 40302560 246183731
585943348 132365776 457543163
191082083 7944342 8920196
687623625 83435471 489774443
182801514 151459963 20374065
248537451 288076163 60755712
457742448 351332100 8729390
535874547 475255193 27075187
257257943 20244793 436758290
761664434 59619738 583311277
232445748 56691699 105324114
584737360 176134397 335906128
756077762 45294214 142982797
822947580 79323817 780187641
73017010 101423166 441088771
321243776 115284119 549445949
116459602 202112997 13621074
601010739 270506956 253846677
372748492 48194065 128891256
797582608 85077049 301342934
307247383 44551046 62044829
367177357 54312526 940154836
180729913 26088593 507378805
517580599 82882588 524277547
182130139 140945353 59099882
670118616 202710461 359486994
510902493 30557764 237125251
566808225 67042177 556275238
270173869 631777113 1613709
750201244 774672936 45175949
440862965 26737314 119160427
560912565 48478513 796550841
54440764 93207850 474254124
298585467 184236009 537479714
492354323 136033020 87175593
555321355 222420393 360869435
625846055 41654816 586426702
725223384 92338160 591439708
158689247 244588404 259045701
161281479 281099784 660330652
16066963 64614553 29206371
60931992 549399576 119358349
5561199 107685830 706801573
28216926 436837438 967975790
195420525 92402401 84877366
701787894 130666052 392471262
31595009 38016584 398541883
338313575 63883548 476091788
638719080 193090839 27114313
777150830 219239029 126760644
373040371 15128623 81893719
558125675 181527784 352698385
130320259 2983073 227085535
377644691 70666725 583350234
286338828 22834464 327539630
446015767 27004585 715688158
4067991 11551121 638029830
699106660 87852892 643465199
613632972 405322018 6771969
823378974 851227424 60834836
844153346 100071526 15698844
975133965 283910992 43723297
309639774 85244607 97937386
782962283 88152950 117103717
499511102 74962480 147991768
972729987 78857009 281802524
20091783 17616335 126068397
268609197 239317001 631383751
502778906 47529879 588270755
664243375 90285448 753434614
257637388 125413184 176568338
615166216 191053643 246847337
120499370 107150691 74767853
485413078 108612376 105954516
6586726 142011712 350368447
27833303 384001291 928818854
825119646 17704736 728747790
835715748 42575820 865217778
490218855 78532593 377273778
797787049 122687149 522303396
162031211 459173137 411009192
1000000000 1000000000 1000000000
654345594 18196487 209168096
753073100 49106909 243411946
100455089 254982271 48244334
176788310 264890608 185761548
284268245 101126555 3691553
507454703 166315105 40773937
123948419 93854026 277247166
362766444 134786140 763745276
726164922 9319507 102407827
884187180 116313531 171606314
676001886 99552976 664871373
1000000000 1000000000 1000000000
58220859 57794865 424486466
232546173 210854533 508646472
6343853 195940977 325647398
39794104 590741179 692352840
444459476 572261178 16969369
557548007 879652755 38476458
668546354 23571496 332930037
835587707 48446055 484780025
369254920 31087015 601215371
649144656 84946441 792890021
189256641 226380980 65911297
747902180 418374294 76492312
253001066 9602881 65952918
301167930 47441583 321512558
513528523 813917316 55137752
533295014 890462054 69782391
224250757 120233717 116997704
262029748 133221186 515242623
528623887 437303229 84865744
800795257 561386526 109413892
149401756 208458662 30758036
819361835 592240764 96395877
421642663 60435663 724529985
571476664 70509246 985348000
34535602 69465824 276873043
700324273 75512840 547848120
333078564 2709867 90292213
755549478 97833824 224717607
181811922 982582709 54281374
1000000000 1000000000 1000000000
270772856 54025960 554481099
710328946 66070504 702080252
68503826 214729005 68302093
592656180 245704006 180477338
57484969 323365 469531656
340007648 56694161 766010289
92711693 11171981 200360217
868737482 69119175 237541868
44074426 99238320 315736006
381938902 164646138 370230691
8365901 499663 163225752
666738873 68543922 464571670
448290050 16414425 294116972
764271179 176714042 325343845
12570924 30276635 348406741
24558330 606968583 969489874
132822405 164824430 37136700
609668418 228378231 40243103
2132453 715540495 139678853
20791929 748399744 941728314
11295093 40562145 85025708
258321414 166872552 325764785
7975409 83355492 96605995
347205828 187454111 641081684
136155471 348757905 27441001
499648726 578774171 71675589
534857952 701590735 1588784
730323728 923859313 64679306
373330014 675801839 56537751
518940764 953392376 63794928
30404338 309275079 332586340
62225778 348135464 865301682
363459372 37605871 119140246
918195071 104272116 243193303
0 0 0
25865264 607641154 257368962
5448313 203232925 436625079
16224497 284334895 843851428
67424677 167040809 692856073
1000000000 1000000000 1000000000
347346710 248784085 16678441
786129982 469874118 40464910
27774668 26476723 523878139
516121897 75625318 731181413
78728571 157387988 4346
97870019 162145466 436027272
550263175 353998391 38402677
716748632 589596291 84700743
197198133 41190893 111821698
650796871 184569003 214011517
636787056 22939294 12955893
815485172 67937455 403540777
550293152 42981326 349439098
673622626 48768222 736465991
722374435 9559016 311240775
886028900 55670983 564497983
199364795 135675016 232052257
597060817 187555984 343856471
541212736 5186199 298673072
676666790 54142078 499573019
306031549 217906867 15061067
912407319 401958809 32236530
327517968 112826983 66380577
657748377 124527906 234857492
390460501 104120905 248892264
421393435 129163981 648130101
527235012 209636701 66120019
616250899 429451361 81226074
486704316 48978751 14204559
697079594 146582904 444426585
258613886 54049967 335326377
298627740 57342541 575369149
77377943 105522807 17759214
98833012 196332758 284275960
110292 25856306 371511160
31241038 977850530 897500537
686982323 67268921 117176991
773716235 83844489 959361555
12966076 223704577 65124065
48912623 419879347 365315406
274416518 169408947 35597058
994415951 248374861 179420798
689274154 6791734 592825803
747761093 113110381 654715890
12184122 269513518 74623022
41723801 488726617 829055515
232822466 7745738 445400695
302649645 10460172 848390563
556778875 165870450 688773
959937150 662366393 14322047
352565232 133386097 57093846
556594555 147490943 261880420
597820317 49519134 633911330
962704476 55416996 842767554
412441636 387579284 61166834
505750987 404357950 102464877
36399146 29515295 305779761
290285106 170996610 478307422
469274532 31855440 700525325
562012382 67628922 907408749
461221653 49329999 271534939
726547917 65339993 806611045
153789423 908237677 48603517
415590765 925927528 50944911
385261079 131576359 511874137
769820484 134737525 648978006
804849091 692789970 295433120
1000000000 1000000000 1000000000
622995514 69520041 396669029
738229299 93925105 552563987
35527615 21237758 304983873
735625785 50663255 926275818
325023316 29443152 427144567
472267915 86006330 624881440
286260906 26992574 428256485
488668308 102163277 462170490
42550585 251061548 33783561
794464706 955629885 71881433
211899896 35655879 792707590
361250991 115985238 841396998
478593613 354212298 14187249
565343336 378498774 61378721
149900489 490314500 7627358
884875857 937605127 32945800
310991436 237877129 296754233
314872268 273778759 529797604
31384585 106620995 154543333
429718484 147516231 464676330
649484082 20567884 49295810
998967871 46593015 218514024
261592504 362578939 57957906
370336864 575736413 77393472
367942366 141532413 117944045
558240559 290660725 266706391
515171812 34118159 101382155
605536165 250860039 247845399
571221777 62013997 14931942
835877323 937626125 28977227
37670412 46431577 44329572
631664373 180185413 122291220
4005013 179891982 601774418
13308868 716358598 671370388
886484047 49424064 316645712
911566958 179758075 345051073
397369585 2756755 496573366
932574053 29006681 730273044
361483094 45420051 316727647
393363138 266519186 358180362
16026889 37332369 603738655
679849211 65662499 654288542
412645794 8687332 361973062
990643190 48768013 775462866
801782082 43682053 181568542
822390595 52736803 711355731
344700074 16768597 974559821
503541516 84107327 997017712
722714632 199313639 627705736
1000000000 1000000000 1000000000
438446226 638571187 18471796
963470011 712063453 31219629
24410089 94219051 186721791
26042022 678354248 713404542
409141016 21117298 25789687
639774993 65062628 416911328
72801047 294795870 133743152
1000000000 1000000000 1000000000
181025993 157637044 84224777
264494821 182437380 686635374
61462729 49125618 302417270
142100364 241892341 576439047
138493111 274581271 7306822
791033697 350995914 117418612
198443335 178793810 63184451
336977590 189936836 509543279
88429418 2907114 222638519
455184334 143151829 858839249
323961722 29855829 200737573
764743131 57614063 528130268
81127087 23741441 410006030
862552194 46667589 794538960
674088429 657342370 8578276
752506082 868447325 53642267
51795192 484532334 142686170
52192881 495581549 839395680
440432939 7994934 99502327
659367870 81906022 398180022
1249583 209767760 74938773
57141919 528619260 230482602
399847751 56318879 82225982
477610001 131586875 161297632
342349352 146108224 6761526
671344233 315134943 83764269
675081788 325589409 977561503
1000000000 1000000000 1000000000
105383345 186149519 306831417
584205772 251095964 360650865
44844778 46318230 261992547
393294091 68893840 746375622
46047431 17803423 157188002
102312690 164841274 953692076
120979909 196586459 402392208
274822055 199097167 501044568
26615435 84759010 283377688
894701100 201053048 300354994
25214760 765051538 242802269
27028064 817036814 566158004
176826640 753648364 13591060
719998746 862117768 39639283
119849569 157787042 92470375
876745340 163217670 254374301
207253973 6811599 454035093
299142196 238346782 662432140
177871956 212291674 49520815
257310658 289666782 268010969
207952094 39377053 519316028
238735471 180046238 672223296
120504248 49129615 332185766
794676668 77194658 397485097
266249332 130558647 163229470
409795687 141128486 214512861
548551283 40408931 285227987
650503126 110301277 695971493
8156813 327764281 88398376
867658987 558868640 90886156
238600402 50709696 68500555
608072193 208176919 217238220
141260511 1141031 265174927
871067787 13829127 388265503
349306722 119897194 1751421
992184423 548930953 17511489
7377761 805613748 485021645
11264925 877632221 767833817
880931564 13311808 848061644
966406035 54699867 998141084
77961189 729655156 59041635
749911295 749019900 69879127
526793928 11296437 17757368
759960917 179888616 366089277
335886899 17620777 140909913
764952015 179719182 305062912
11435346 392903709 280150373
68156974 536908322 403576758
75688902 126510163 17322712
208677575 219165593 594741219
30229929 56763525 300677361
199531923 182337633 409979315
230542964 6957489 114400629
233424120 292722229 484877141
209506885 2713875 131575297
484351801 39916822 966282061
116460154 127185903 602885905
209036581 241469896 608362429
511588446 236504055 861323
612679860 988859296 38441445
277635509 62474705 294139204
477869364 71029316 907628047
238107213 116443051 8639255
313710388 175281691 558645446
238813679 106061069 351583997
446147569 142310118 617900324
427684313 23682026 33270284
728961033 26406731 594667922
239483996 41916389 585705348
454146118 119511917 738986698
380949305 78386836 497864953
406069715 145284173 782124426
3094155 112584979 86966603
136527393 189995141 386394993
503537441 339626772 51256654
955183794 441942729 108381339
511961930 69636401 111736630
589333878 103921858 306484115
494985787 14479819 31572052
961544736 112932408 353823697
42754433 37436161 570744125
934491851 51575896 850451784
333486072 16829998 277333658
821824655 72637458 613911330
259083300 58347028 454772479
340979107 154650799 734745007
293556180 21652104 91938619
333791859 288263869 274571465
77018384 137507296 357961827
82062703 290588440 526145609
155910214 59135572 773937214
472427066 82650793 940370004
514811925 984396725 551341908
1000000000 1000000000 1000000000
90005232 30469164 337319407
679765145 131847545 468824606
611191201 23926957 106859902
627601506 228020722 226536663
75569348 864234270 52535820
878716446 904753795 63843769
138567874 89093456 447780036
408356226 96747087 621157927
681128954 71959179 303497
995525554 763733225 42549062
188795043 47160280 213504193
717693758 197048765 287426420
594521380 33549963 650177266
958453722 42321732 921919586
77617098 174394042 132653315
240959950 228234544 138437992
570315246 874228080 310744128
1000000000 1000000000 1000000000
3802720 578282360 235304695
38866069 869742876 802930537
263567379 708101713 9156010
522270328 856757695 31648557
373498598 136472811 27244240
737683043 637197726 71088381
231093687 421926099 776193312
1000000000 1000000000 1000000000
124304167 82306797 628348777
145660718 147547251 635831932
747404994 183720244 553201521
1000000000 1000000000 1000000000
9955388 124223121 6467231
43065492 409880434 123235362
260237935 120981595 40316874
646232401 253084509 338136570
2722509 17079709 560536037
316650802 162808956 725154076
18544719 24162721 46183562
823645153 138551577 239645010
234116581 59858226 80286036
332641390 225443753 687843374
187424606 135792787 238809545
431704018 259039507 367148797
364680368 81262062 9581484
978828630 171525568 106091047
168157182 454691413 13814453
677906141 872625592 24070530
239985452 13635980 590078639
418499027 43817385 771204241
283358995 13643940 29842390
981195442 27935305 635829544
91165757 205859213 38727771
344745009 260602874 216791232
18258601 282549658 341833702
22326576 501604701 374884503
124148482 433406366 68025096
498177758 578101446 98105909
667373549 35988739 840804668
891420781 45926471 845452472
366787911 60892085 308303987
529731716 94888440 797722141
42948294 12469962 242365259
973333371 149976545 251189352
218645977 59102365 82544275
556713186 201308423 90984675
6671685 72491578 20188610
318972967 254249252 86170403
30779083 534630912 25860832
832702599 635443397 26768361
268552225 416261021 60149820
564450321 481975933 61323327
137775187 32962818 391518444
769459849 99011238 535128224
74483334 59231669 47886004
306861424 83787306 178388370
98692462 98077223 178322577
350699589 283991400 325905990
52579463 1280333 505488594
108708206 260230984 619674083
253799757 21657936 444020434
862434896 27265869 537709765
108135202 9473379 628279493
218357775 190094835 668424216
199732364 2681858 830666348
293702900 18156458 923022230
210771212 227835815 102144318
635727141 238595052 203864779
463597719 85951108 126964072
883052785 192308674 295102427
740898406 173922280 20247241
870302470 592768311 75604102
153101062 37492408 504956681
363163388 238973715 600266859
181551810 98129041 120553177
450666888 135362160 138930582
228772848 134956348 183453284
497549476 167585429 226762922
415991692 86850328 12688434
942396413 117305316 167743397
127955885 113321477 535909578
369545688 197109622 570843409
561844077 78245013 198118692
708536526 126736215 322696631
202976246 792058039 321036815
1000000000 1000000000 1000000000
200069003 110493014 47974202
392186390 193811467 443817055
127638437 36643915 99406389
137590320 113612266 422860765
422818326 13810217 127397356
639667095 14947525 433886331
143334541 65872687 65334435
212192522 166467461 838831959
75277558 57841436 78974290
121443849 178416457 164332349
67896770 212826222 17756902
174518353 218452808 294196499
3805668 822823248 329004624
8592403 862650724 364895270
121944421 232325898 266679109
568435642 252797632 306433061
644193968 14518081 292956245
784453346 140634191 461424174
219585043 54880789 161986126
577065208 96144620 668047531
302041188 52708971 244335039
630926798 86317256 583426069
182360382 408405458 12638003
670371299 696808420 62540571
279814233 55754828 6462936
776657369 787517883 30545360
116710596 8203301 515761773
533683534 80549499 546722013
165928703 210639267 36646424
479920760 528395201 93509868
96350577 22348453 457555040
103128209 94499206 833307221
83356820 9244590 544626814
138012954 192684991 612509853
190611523 69676519 539409581
359431077 150093370 816133178
210318009 3890308 54777197
761136424 65099825 581800497
177253802 62964797 51959513
736791315 139525155 488247767
151075496 10168266 15295281
446279754 293367434 115433386
218767847 62982185 259879329
418390772 228302843 267428042
164772145 67243603 196309213
535145432 140319027 233501661
232123981 154685590 10802290
368309688 641843285 56457330
328918690 250351487 32792257
543719533 966215237 35354421
338633108 90266812 17874874
880331872 783176617 19942381
48152585 94363073 58462286
660515266 950700816 70480085
160285821 6842500 27259704
204926815 539796478 102482429
881284625 311474712 17536162
922021247 427440284 22586317
249932860 58971571 242287132
406856956 79635824 472659230
119856005 92223765 405814163
141317537 267996386 528559556
267016072 137411072 45851200
661018585 224471696 93226804
799372478 992269707 551564921
1000000000 1000000000 1000000000
113902539 68358130 165866740
570817206 74826164 327819448
241268496 63120727 447892793
388883424 80364029 505799585
536269019 36456118 26043411
839994129 240860152 112172459
23924529 493653294 404551682
27747792 528695597 854071332
2985252 103852492 6925108
910570044 273536770 69292427
218562667 22542140 357348616
795824079 34163964 715237360
389849578 223877285 3166450
460046159 424572148 23998725
146430939 311139229 70747232
578179881 474415005 76931442
326397674 569922763 7917032
651910509 618836807 44798301
159081483 214479952 25669918
913299267 258371153 34228879
146978976 24513167 703991420
497834349 87517122 723570015
4588797 68900194 72693130
477648650 115567223 632511667
578206275 135260816 271216141
674638446 143421260 303796408
248444632 75409181 568418293
678468775 100042588 655628972
357536546 350057094 47303681
917849135 442682597 87962781
84805700 22091375 117520348
366031332 78389431 755118155
125930106 28886421 22289821
930072760 139927492 114607656
265206551 206439769 87560757
475267111 341673099 118563954
4115651 75047281 232825542
42752690 447808305 861925677
13837769 28208573 216337826
56303014 365329816 313851296
1936020 24953640 642075640
591088595 67294718 734141109
459178068 68305595 139884403
505406777 97887064 205091573
130494346 821001683 856070443
1000000000 1000000000 1000000000
85196854 116969185 222050728
416845133 118397478 422065179
151439272 642341401 5949151
497293975 949480425 22553614
42886846 32655210 74639949
255797461 32845023 796179350
156653772 43923061 28413337
485140953 67160398 83504827
102635057 32011723 18958602
627105365 78393422 108557786
728349521 49002555 166250366
841363250 155499212 261599114
325698891 180084241 79790724
395138381 278213895 391978750
201470426 677946190 18902420
669788092 795286232 25090573
14773224 95247374 522241810
109196163 235664602 552429562
111013807 51412580 15607440
349022121 346981635 18546308
22396674 54107876 167172011
160624304 211304146 488642698
47145089 28768998 198781244
597294762 75189883 683475933
272998765 25335450 375120014
773328346 129233133 547978453
280399907 156721295 47641853
407003887 377166516 70144371
364059458 9273811 411294087
746299268 37739865 543106618
300953652 77652607 30816356
308997227 249823947 629666285
306866594 45229572 104335682
548333194 142942744 296553203
107842432 33737676 150881080
342852779 99742402 597885731
92779521 28425941 211920054
643076381 108152620 699111131
526184829 25061263 73383910
778262335 54594404 429053596
92904579 178655867 231731548
263417043 273502582 564386479
29007698 69271326 127412259
418560469 251516521 345314611
52757742 54295373 108036460
298359443 203843263 623035290
532425462 92784485 28148093
979803261 238888524 99929665
423992337 119917257 87730147
457799033 137347834 252482440
638878227 294046 313170802
779697814 33958544 871073819
748145039 24394778 55531910
773203985 509988971 113452866
141369830 72018139 139261988
812522236 93839548 556076232
28916035 288252386 455450
34465249 810405505 956141813
12631181 19959908 130069447
49453936 523446701 701706231
119403762 124567611 126931431
673909766 215899170 276567038
266339950 12463504 650159509
838981186 16376143 845750701
168351708 25794901 21413710
986740394 176701586 245694810
270418928 86461666 126858021
649481169 125930812 643438625
293830278 50530738 74763357
534907137 167001226 139505469
7966604 360051179 320090594
11046624 918978432 724826422
200074520 90712628 463978107
581691818 112581922 619581378
2488482 279587231 102748619
34431779 482216777 337636677
67884898 126817034 26912956
404089461 225445948 116325618
318104246 209606827 39298563
701697633 245137989 165709153
87098632 57083486 387989279
630788815 96857052 599881859
671950186 137455638 45863948
825167003 284206772 47423688
1569242 540567648 419740358
28823345 803367640 545095199
64687123 170411080 19843757
184181933 201408210 194680308
362876725 359578358 118021882
1000000000 1000000000 1000000000
215253133 75069282 369760640
510097837 85130577 604824812
118758968 127409173 529597807
194985579 236251911 652507829
212102578 431693293 68951371
279974797 484444894 105147635
21724252 196379248 45419596
62817017 359018311 938881053
89663547 51455851 191742928
737667668 110717007 572846595
618143162 8412305 8140874
761158092 283933332 76632723
55136589 181520173 598431287
130089735 204941869 641390887
728853082 45167703 129608535
933050445 163573038 172859028
616049968 188475073 272602508
639162253 226486099 325497084
9129164 703908605 847629372
21458305 969777641 999539501
119018784 37377750 71759314
815371694 44535242 288239301
222052093 15716880 432916635
590240752 84951812 761969910
903340610 453810745 59312816
1000000000 1000000000 1000000000
29790719 55871495 15778608
621018457 368267224 77256453
57646735 46892295 416493285
235674713 62622873 904829984
89500254 116634469 363700999
174210531 214908389 413940147
259063602 111820711 366423878
563154889 135071664 475432506
124757934 12419471 536955724
431786053 77625145 918414674
436601695 743818960 43072095
532839670 858403795 58619385
160342562 27939285 89652180
995354489 126169109 213030005
365311790 40209338 565039189
980094999 53751232 756150186
586433488 80557353 73288277
795702438 85553206 333836002
511671721 47950170 160262809
949592611 176303537 259639079
55419407 35277772 79007579
499693547 48830195 967093903
171418576 59270197 68232886
588484569 244254278 128648191
417582220 79143805 61987498
579863102 110140635 175443870
10412083 10802811 58201290
11948484 691627443 455523056
25304995 82934202 34741142
28820077 437887899 333099411
64948373 13030549 296900474
950250374 176437066 369366990
50678038 34283900 28941456
234534000 129850679 805346806
29498089 193497937 114348321
538027962 209262714 158184195
223016269 46423734 103320588
449196603 244052493 158779491
92387667 14501529 227252279
887623790 43614318 554049478
306819970 49611342 267937991
355069058 116855813 605026374
681776069 270601753 46074997
749408185 607922872 50492577
9826374 173571657 71524398
13732294 476899543 296318724
166512421 92982956 260392378
317256113 187407675 521922237
425696960 163832750 145498905
549167100 164835908 368514663
464318233 321919684 14541116
946878680 765039911 55372690
444546435 277753425 41055728
913004817 301188403 49424815
302239729 54496256 500722531
811431108 89378857 603330262
430678081 221164951 41678259
736857862 493357143 66209793
251734602 496721469 7670454
257432928 537914804 13426187
373445633 76260818 215247841
652017272 234516397 267429237
358825032 140595528 382081497
388844718 224470024 521702762
157789 164709007 18351119
396014060 203575011 114762199
22595411 894776414 84731042
32392062 902704435 527710770
206405845 14716757 403549821
778145027 59887441 667043220
27529658 807171578 63698880
144457094 998571062 74761456
86119695 48231283 304259177
660883984 151629730 362680557
292956562 186558126 24769327
611276916 297072865 121959303
785481973 6042 503008182
791463358 77352825 685892107
167219701 39427712 479633
309180473 71289695 900746716
132417199 65861977 296110462
326659231 227580404 492785814
128080670 120662705 231152712
192187291 125674054 777330327
933559284 1133399 97897467
960364675 125731920 99563594
419590240 3200256 212839748
557548689 69384374 365879808
115808995 226391937 33865097
939431944 576029607 43333708
40008793 58854871 496457493
89003674 104350505 523554727
304724042 338183500 969652366
1000000000 1000000000 1000000000
622366 266386743 112569764
578632832 321048120 119385410
240923553 779508503 2355029
373429615 955637699 71455388
114690593 38614723 132394685
680017393 94508524 338551337
12312982 382533283 973642298
38402012 666577079 991526219
146371828 54547872 481791856
279851283 92235542 592576667
6586833 716846052 252621255
38695743 845667842 933161945
539827472 96147542 62961492
580059611 292087220 369784934
207653104 60599557 275607287
272516943 92393696 323216926
129185861 59494302 498303638
426414502 107029888 508455412
210968023 168533298 457839599
300269367 228196130 469007940
177868265 110498941 63819669
650828485 188169095 177215315
22388211 163641890 333828208
333606147 287879904 612465811
251868409 244037215 215561876
282643707 264270260 555232745
25077950 27965029 4903992
315696657 152390319 296032387
226115009 503572366 3672509
232626875 982753109 37551582
60480510 525210003 22398706
605370995 589835894 103035468
135928146 112656991 136604832
264511406 152503823 489715373
72781561 11468637 233622828
539331132 24669377 664683559
393399661 459309290 3796942
662131959 633207203 27293052
263260914 7250929 5517136
664979295 71119375 141547876
415282973 1262080 95700417
712445450 35804278 179699183
567361958 65914964 72440897
692291615 273308734 350790011
210495422 20151485 276271702
218228229 236622715 478997076
48275057 202024532 148154755
334530715 204635152 623809161
209242590 61146017 163028124
485261517 99454803 308418427
521863400 73869787 194166623
745201673 91591828 663617333
69529061 16282558 307786179
295866751 178077563 324789898
88526868 70603251 161834912
221207151 220393261 395460505
159946094 118230857 103653799
336937429 166410528 150219278
50111560 73124443 93953168
50597338 231200866 939089524
656047655 108942179 153832777
835157593 117091896 299010982
170977878 125239300 762922539
259229415 152406717 796899116
586074319 14015079 20548220
866449592 29481464 986467710
235329660 197944692 19250710
307196909 274422301 213013365
5673995 216017669 152384829
63024137 546560007 693607632
56106070 119098749 124480006
873812080 166355856 298155353
925064679 18438694 717380035
945770678 45807053 855133771
416923424 46738085 434905233
446256071 122395648 778637440
798760559 1433198 62392089
913177832 15470323 864102105
39080897 67447918 12388645
269529299 92070444 364297087
584874289 19008204 928363328
637537078 77076032 942307490
294273102 805052319 479651956
1000000000 1000000000 1000000000
15751977 41406058 18404433
272067661 217105834 686860501
22208471 15601671 22151021
85025444 36121210 639132987
660692432 276517201 121775721
1000000000 1000000000 1000000000
767588589 25308919 241742260
930392346 77941825 348587610
320621630 212183951 2843424
640471168 615296131 58222430
750067526 152927846 58995547
833709664 443367937 108488150
171415039 17676512 546440466
617638017 58857293 647981241
156599439 111634816 46699241
385106050 182992969 247765128
702952615 10809179 290505116
864542999 142895473 384724461
4090901 4485671 409136316
747581576 6149735 683663607
235103479 142954581 224122179
609625751 206032558 235528110
6980173 69232493 7761043
404605109 277600400 21759554
45508832 301189449 188303795
54614849 346338258 739624595
73241992 145799506 461547629
251619929 188817372 630528333
44189452 763150736 187755840
1000000000 1000000000 1000000000
897049279 123731171 7731270
967760705 158451353 184454024
120673492 1313114 2201519
844075455 183526160 23927410
381659513 206500114 83240588
809817807 229216360 162088451
16326833 437431483 45732763
685894911 608133392 50840759
472713763 45696616 99173931
649232009 200639624 105001489
82759896 123636811 163064610
197630479 284254293 598833591
267806918 56575171 147365061
489286073 79790422 208649673
297148773 13706347 51033402
556923248 108699590 506478596
219156467 126574423 379320339
348773702 150827852 855575573
3293162 643355236 206463371
20434831 751267664 759166848
135341866 7495056 382423500
566020193 51112152 950488916
302856156 412367300 26004172
395817454 457454591 54995177
66115962 335667 843700077
305983698 83000332 891277838
165115875 663924104 131607158
1000000000 1000000000 1000000000
11292451 142016441 25638889
184808364 155460419 644764373
130420709 68921224 14005189
694516788 87149183 615514033
518149139 32147630 108368316
872891873 135806125 152154434
179648484 140071331 322514298
285457052 208428287 616464549
534789668 44225824 453192876
781976190 44343351 728989110
13599131 128431203 532483826
116068130 243039317 682817321
20542909 101372673 363419223
66112665 557002033 440444059
95982813 51961129 75415682
249243066 83929736 164849996
316514801 155846438 12047823
692084994 252433129 113597822
8518254 543405921 43434586
39635837 543889542 796802528
26496041 197032116 150246611
346112548 252407409 462835916
396601169 2012595 28179792
655352320 138839833 110012697
185910651 115137047 178162419
271243863 225841284 352755800
806712281 559047460 18331359
946371535 832877537 44160612
257807387 137079723 350697101
314039377 213953309 413932634
103345020 54626307 373257953
509213760 95685321 791901288
448567040 76256248 15227767
563405647 119912830 123607932
379023611 23071748 185519840
623089913 25047521 569788715
56239121 113769917 285398334
113500627 139630766 343189189
549867562 290517835 38007606
817970176 974434535 45223087
702212603 181859138 276433598
828071418 193811248 289476884
422456557 16605148 295771828
736535591 167731514 356689745
431777452 25376926 92445384
802570944 521653336 93705330
7267052 465376252 527289808
13043866 980741533 709208096
117712647 104620221 330097863
510357151 124078341 492663104
520775123 131331251 3621543
857529691 162288868 169947761
564780304 79688210 439028398
723707610 90779679 792876149
361385304 1885982 17548099
591326728 474083234 69930435
754943315 140777786 104455732
869231955 178112542 237682169
388248684 94723366 10391674
418214504 394019959 90821940
14717098 126973688 262390581
26985588 703339711 738151173
398521168 106933015 15505356
823531923 560583115 55064882
241194537 37865030 363048826
447550229 62568432 785719056
503895049 95807010 723667878
1000000000 1000000000 1000000000
94956736 23933116 553399565
488974063 33710742 900854847
6377737 64578246 243712565
26214149 80863378 728917871
119979146 223097492 81894599
482971765 282243007 136862774
326613458 461274070 24875829
574678883 820299352 45942971
616650151 263471369 112451528
895463137 579674637 113001809
305501608 216603768 552958223
308407506 264362761 660377425
711474330 201096130 193748032
1000000000 1000000000 1000000000
262541392 8083475 13920390
794323939 49592349 16164726
170676005 25241387 33126759
537156963 136107798 636558103
305455542 13637008 114740610
493800374 95264803 125165254
29350380 231233894 556650881
58520871 377501384 661369206
17060397 24719442 184356756
853942410 110833861 287636461
102287154 585135463 729136973
1000000000 1000000000 1000000000
245990797 98921008 392264041
491513026 125119961 751366101
58450193 3549849 484050546
110525502 172262754 629395549
87190172 14744867 92297228
227406704 124871883 773596821
209361259 22282514 106324716
556198424 48134429 595220759
240217007 60286113 112419421
966352079 160791830 282181630
205141579 53121872 181574379
585154194 270075517 251104796
29837069 280068061 146972948
207332635 291079029 498342977
584240644 319831239 13445786
590704933 890245524 31950091
182587440 45420079 128658901
908131374 167133333 230138383
101885085 61245505 699833907
601179656 79089784 929097309
401647823 61409503 366757221
609035466 92649632 566484145
181349913 45227636 740778383
316505182 80083009 977562463
91232670 8660194 181554450
417381790 149481120 357569227
28270029 284137686 315664809
38983200 697192021 832168501
810890983 88996839 127269811
955026646 197661878 156308931
394367088 99032534 60433943
702543807 246140999 277794763
383959112 16481801 321680638
609252867 55810547 671806056
359970528 137802363 66223349
583548020 242909483 294976128
683113854 29258640 107022486
694462565 44890775 202203581
462379944 360247421 5795552
957040802 388805637 20708829
37030477 156096037 26709350
66574004 375571559 781970715
148988751 38132168 25310841
535386514 307067488 53890316
157929495 66296625 329475335
380292101 74781878 531244093
400633505 145511892 18804257
549254019 278121915 267427360
565223805 52571158 318615865
908236341 82344170 394425930
101332064 120228390 40692667
321430116 176471954 228410682
239787900 25368313 109190741
738225368 260561886 120463778
89119992 110100003 22333026
580249248 212429536 58466900
101672696 23265021 158256233
231446470 152899731 381240616
410169082 26239416 22820189
783785195 410882110 85600145
347269898 18610354 98902615
590130429 174276887 304200406
128660803 7443860 116134687
561820231 151335297 293997869
11029302 19023658 254834380
98136453 23105885 319660493
145541770 94556490 190537140
930554264 107801725 314660119
220656146 390608866 62612625
543736446 518316070 108369123
532000389 3013515 512331715
742818017 46133560 731111055
7296210 90947203 90269274
293945180 235623239 220315018
21916185 17208835 263967503
54145227 115921206 579301195
55195903 225596651 194747833
205600987 260563659 504627694
177864929 43435498 195749855
385617103 208338345 282143174
535355194 782923286 456846591
1000000000 1000000000 1000000000
71201153 106674475 266945383
71381356 417951292 426815783
68479656 167838676 95289410
806341787 178227694 107794207
15051788 191625040 630626614
144306943 231631717 673181490
263240971 3716763 582367328
766593211 88392485 761134949
363426463 427821884 52548028
427491635 901286388 74843757
211257206 70936188 93792917
272718698 191112229 521780235
447487459 366367756 7411423
803104277 373031290 65241920
709211032 88935694 136571482
807271850 89401321 619839467
176553105 167006631 58919728
445588774 247901103 295258212
14755086 129150295 8276848
309168073 718506338 16342920
131520396 151053773 173302854
213752876 175350116 512455455
87862275 458653 183434878
139220727 70193616 865135703
100430807 103851233 84514647
845291627 199736537 184593122
14894208 161625934 87922646
369696714 442688601 89320623
35820691 27320635 20293560
793635964 40515058 894551371
222844684 142816290 36280217
376507792 236605452 299870740
105503735 80875388 69374746
224512146 267606763 554142113
410541357 113514939 48452238
583486824 173844828 204958301
143868431 83068249 475214681
382460992 275366812 510467680
328938155 83669356 199256821
336278901 179174015 242527190
24946360 165983072 538746604
33174928 257749332 779788534
854796282 254803148 68501305
894649520 306260749 120162639
137407331 78677526 127168109
676953375 90191826 393107450
601884141 68977840 593307165
619035093 122565778 702279663
652514139 99352790 322350639
875028702 102555166 330051754
324086069 111544905 80441706
395638105 246537907 651807194
545508507 548368398 42644644
836888183 576494753 106100450
86097303 67503192 74235876
466970882 101009808 301619356
7566958 80706789 569292666
32919560 984284176 889186805
564882434 43270059 322082433
872633661 85532206 360200675
265434885 162213184 21415097
568955493 425605269 23538883
47083766 116736716 140076595
401792207 165344763 738169388
440752768 72622209 27067243
521552562 389506319 30530254
133439180 24140495 26816511
447137187 40312166 671662778
25598208 92075992 246850835
700543534 144429876 617116617
223585834 16203547 325828083
728128014 55832276 459412191
298479276 22199654 33874221
815713832 133028175 427322711
295800188 2516283 321344984
874388433 20757704 376744743
122403445 96733 330208031
415072505 97430704 589660891
265601804 54890503 492259856
375408433 120892297 668826098
58076944 80957553 365936761
281479986 177824132 408995446
310213786 63895612 174218446
349714450 93024153 486264912
309923413 39917285 244015328
588763775 111627905 650933389
571739762 69322276 31535493
954975365 335160402 99924019
57687720 170006173 51119069
647827908 287713173 82327275
186801297 108344912 346973712
207299449 245876600 454140931
593512528 207425977 30068549
831871376 555632668 99843141
64276120 89911549 659927649
311143180 149861554 753338987
368810194 10629200 204107312
694769409 86703679 462424435
8340813 217761386 317563066
696892948 225754656 376275942
29387819 110905431 18753114
629627773 459398312 81183472
279467622 608614194 31852912
844447779 937408855 74658780
503922580 18899804 35260501
708796810 480196929 113927615
138563537 69186876 494878628
326547103 246534439 503070323
385921992 80022417 32435407
570342919 750316947 34573113
196566628 331047433 10735066
827002642 444925579 105163544
201685955 112488940 103698395
732209849 385757181 105609350
724212815 121429359 13745179
987040912 185356108 305783515
387670543 8558875 21466731
971479471 174628862 44431529
398575289 17343166 223398665
656207217 40924573 683101478
215919588 197977859 106767012
301045522 225817319 540540325
449705861 103229540 19893451
806219959 971515289 29700504
13004124 96792042 58948322
51270821 467126595 460147181
51124120 76621549 50158457
63741759 284313159 722706806
213205831 258152038 13710700
319104713 287523695 173816874
8475157 650869069 11650373
631413185 755716335 57040701
642736436 51902403 57348062
874064908 271566739 164556080
921886165 422105851 18532275
972937808 999089344 49811778
721997995 21377579 289526013
937708188 82962200 315887000
27837711 32877539 281599699
122923716 55453605 998022771
417640172 248764839 189734440
548796702 282350789 372053646
50067613 29495194 234004629
126618467 252108156 557542855
203152761 3463341 1754859
350424703 21865339 396555477
610105008 751199930 94329176
1000000000 1000000000 1000000000
430203566 9386917 328602528
809698862 121638368 617434215
5136338 4519346 208573210
393437973 220452085 596685447
274273700 25740556 83355666
883791921 48899770 678372058
79626361 56216491 324610877
102589706 238850876 352852185
795494161 21323244 175297029
872172028 40964563 735276695
569371537 171606689 51962771
627307536 210053795 283128294
24189132 264212415 558768476
55946798 548977016 607274037
166651291 27707305 155798434
293865139 253124523 288343632
105611505 23075004 827697030
751964641 46979650 981212169
232165574 25090710 396289480
793800411 114896115 432373916
28094709 27216066 63994928
688037448 475804039 115798098
62259998 119260336 334098093
165505955 202217452 581342607
8614120 1013452 106496753
798182088 250467519 120554007
17097544 159829505 146190117
824717336 165468821 198920618
337537091 209936104 608262
567763383 282146899 71381748
10580113 343083285 135478210
23175072 470924485 764608200
527317308 925055842 423549616
1000000000 1000000000 1000000000
2442025 247455914 337562040
22077940 590047880 850339553
88367746 131229434 181929902
294177730 277475809 385282101
409675893 66001197 109599726
721221718 108521574 615416683
629404801 150571608 35257410
880114438 155849964 283364718
802561732 875591509 294409441
1000000000 1000000000 1000000000
652549717 184090888 44033577
833865375 498789908 46671106
125406400 111644483 716431343
563165162 125323095 723231392
395274856 97013845 562849180
445432504 123654926 807967180
55457695 65799464 205766958
67784467 137149049 941166606
79774596 288872888 9051014
817747282 835160250 30618831
453653139 139011285 37483987
480070556 332688540 79399818
174106992 86873504 284112691
378302202 172557422 638281368
50136967 110456669 139859673
683922366 210649677 344475950
178244393 40159168 449008744
266232789 80679912 533041436
8356146 474779430 90047544
132726878 489501887 103803444
306954827 208513903 411639451
319969427 258490119 459001979
68304810 171870593 520550811
89329612 239814458 583570157
36158610 148356448 216304514
44543208 420079361 502181029
454574557 38520514 178785933
557817971 138372955 369892924
88071990 119107929 349619441
112478662 272576743 353229176
43205881 199670091 525589021
65128478 454526926 829841509
65133327 224480839 334552999
399682679 279614258 529294217
275095311 55358767 152055946
742776575 88612937 342391908
129775509 155954982 172514471
138395070 276897709 378771683
797085356 53197744 98193165
810225650 78251444 228831047
75532442 39490969 73884644
650859773 111916061 187535604
433378730 23702301 142466459
598152605 133093155 195032444
422641945 857266628 29604146
695350077 932998416 58632741
75285409 7806014 7350108
775505823 427870118 73137660
773584770 707967093 323569534
1000000000 1000000000 1000000000
344743693 554859857 23073014
390079756 711465810 73989820
647645201 30338547 113682656
876749550 96830436 287132237
43645609 179723122 98124355
47396348 497875874 564716630
28925329 372161369 10527562
86577860 862819151 47485410
563583584 6474738 272018192
858219307 37628821 770939092
421593674 2930765 8971159
917797618 113219171 147356049
184012332 6476181 3059032
407382692 130453665 800460489
535458453 180304218 105202744
624169609 267655247 202513832
129668623 154597622 508978772
357568815 154856605 582680458
174884473 13170374 585275009
885719784 43982167 725479399
7784680 235830743 839281191
61777493 325658607 943191679
18279936 305714478 524131125
69012515 433387713 644685060
415099259 20005436 589551812
447386542 133192391 850118503
400715091 123360919 54279222
913719950 182255422 243291390
111088171 228456070 187534651
417849335 232999735 308697312
16074487 95362305 215394506
65298925 448777697 972511837
355634988 10757076 260706671
624116335 107046917 365465993
21064752 237550520 428974
42524119 538344389 447987687
359892432 30874612 746546246
660988950 54559242 967784878
173963664 150071357 272250370
280672760 258087837 539846981
152587648 295612632 90509683
797391171 332368839 91802708
336740381 164491633 363141560
401078390 281573727 366169855
279131943 347271153 98765462
758668224 413064177 105288411
846134010 32996170 27648494
898750725 45200669 561117057
275751100 287893833 45512608
504230544 424150100 95615928
134918889 68505715 135439282
137147442 105365873 438389514
83501010 226637817 29156359
396040811 285461956 622062753
376339569 133734762 90238312
389318003 199029152 293732983
174904998 49858274 264238704
711842293 80866657 401609467
169592894 742116584 337560174
1000000000 1000000000 1000000000
187045912 493149305 17478740
392278077 806120264 41431119
684808692 328010099 74121886
710840762 409885545 100121761
106489825 91890461 134346632
794964122 231287988 137618341
232614509 641748370 947119575
1000000000 1000000000 1000000000
874196747 359820537 16964005
930894678 407276732 31331860
574224543 18676114 84289070
738407373 272893990 182689754
261475178 895884933 25165424
567247182 928665886 56228133
124675438 295149758 59430085
232404638 366065052 64304544
274598557 36675273 323022217
287840671 74462825 725673933
811083148 5974885 144842485
914931662 22621443 982426884
704843229 948416380 551339506
1000000000 1000000000 1000000000
264990443 44112194 42884339
770358393 538913258 71710719
26353232 149351907 37558036
43921186 340641356 63363020
584412354 8243726 85490016
797862446 132062935 131318679
78224829 332105500 884317878
1000000000 1000000000 1000000000
227782407 118386797 96405108
286788305 122781563 143629119
271661592 86586813 522231186
292112717 101549066 744275794
986720907 101300889 359386997
1000000000 1000000000 1000000000
427168481 59817500 520827996
816334914 115887815 639536381
64422617 494606283 43989890
167073259 934680545 65735086
512969533 292859125 39925176
550803796 770477519 63102706
146521557 82292735 473919013
396441291 154871821 689813413
255560473 318610452 733722740
1000000000 1000000000 1000000000
232060253 732567975 11039620
589220339 743657660 57419590
331119452 24277124 442172599
994593792 37109177 807779407
64461247 570053900 722121343
1000000000 1000000000 1000000000
98766561 60800750 459438053
122141104 153467847 803089959
29745159 39121008 650976778
505724405 51940687 974631232
14309779 626637201 791568756
24176876 819008969 917009250
443306357 191946058 1404893
499136417 285989134 84923254
333831826 46203534 13405062
765613953 846939660 39183896
808042675 230917034 32471586
877552312 468864792 86345669
523920589 52352079 156075086
803704936 89276353 633793059
7904333 756652811 243969278
12362389 923103474 403309821
73879533 220854018 96058656
660286462 596905554 115039518
129693752 64919252 240204577
567849347 73324081 256280289
88613469 55651684 13363597
201335564 96659987 22123844
630882710 90708487 35375353
711604874 99336514 144145422
320965992 112760713 258615113
840702728 139922684 392977019
47493937 45401363 217058413
115192799 161609902 379987708
254459642 20287951 245846417
634323400 71963996 650176799
3299113 61689283 416313393
341772935 292498013 532245680
134193345 61120366 40005665
375840821 180699432 148691218
517163611 158035826 91660331
816775530 159957460 119558213
201364987 53762515 51906038
354492795 82474822 899831276
323362007 69365709 206365351
650637790 204403278 279435563
312696737 94370702 1279655
401258605 262726694 360726015
138134277 57922658 777755660
426657064 67120252 876472994
331205787 171721559 233408603
343392021 266752741 681480899
95735613 228292689 191077703
323358826 290384302 267251052
231335863 86382533 864773168
1000000000 1000000000 1000000000
175508054 21886304 303655470
348620343 263374085 453711515
189089162 103176197 11265987
450161875 120198562 190033922
457742696 22449288 69873759
561083019 323434588 104139657
511663536 333900539 97284359
594924995 349663676 108475563
50350599 22466758 579472784
328185577 93622279 855121644
2200809 572540 769832565
973415473 49203688 914842414
164289670 12584780 49836959
261879963 55356662 667515098
193064678 94000446 275456003
311017907 238894299 385949531
28037859 113723672 187621962
47884565 348254135 346834867
412949404 33035526 153512953
861663510 134175277 371345632
59945859 185587591 263080698
65461907 238461113 786476659
677513814 54146656 67866145
730788698 276350285 181363453
260142333 7203138 259925894
506711888 108218082 496131195
450927989 116935636 27470272
525090457 139743116 540226645
428684611 462295763 269529668
1000000000 1000000000 1000000000
13159162 52472122 323729086
328352731 226359298 611565674
47962731 160844088 105883900
384233541 265032654 391478258
268639942 21274827 741572263
524182477 78128038 931033012
9286380 289935979 440379918
10643012 992238702 995792102
183285530 62980548 368736282
241417929 144166152 578013542
857583354 20683736 152096
859905057 362427340 77282663
88381106 194664062 9435433
833209158 888635961 14859347
402678207 147999765 376942344
1000000000 1000000000 1000000000
36883039 362306002 150803439
39674919 419995741 363556827
390015167 34046081 411996246
586501646 54084618 530303121
432841694 36879622 344138135
536795610 121774435 578921618
439275902 44506176 228100062
624194192 157625503 352531243
236878844 8353080 509953953
388194580 106025308 561562720
298531575 24717003 381316443
979982743 26427823 803459233
191670996 66372084 80231910
278338414 468108668 126274952
69020281 27169908 53059051
669581027 98374979 561900806
604228423 38161104 72930964
712973571 42569312 993606607
647292455 575356231 24563386
756569018 693680889 46651150
454230521 231303372 82706521
566816825 321377579 93816936
55601216 8063366 41776777
623504550 153332928 189234655
294091714 335308909 11206395
473131946 769883789 37891417
203039864 324819947 5709227
758081019 987332100 20019097
140154618 153690478 330219066
300797893 227099821 338580817
67102639 24185247 563289492
162042157 33443086 670613637
448126081 459976280 523193578
1000000000 1000000000 1000000000
314668250 34933302 485659962
679393543 111326192 520244658
530853138 136097702 13360036
773125176 152403568 16124820
545252942 19654720 34087707
880469501 98827294 386928588
140936129 247983745 11819131
690175082 804294997 74158298
488267400 210794912 35575458
604224113 255766328 294840193
247550201 96545144 97181155
325892415 564087725 113022034
109573862 151701009 31680137
397478560 217806496 491608417
327039990 242152428 50102615
765056257 451830170 85349867
46183455 86283286 41168094
580059958 93969785 396905260
103158833 395146044 19735962
136589397 524588403 125583891
436581436 69131026 606072832
477320698 142249395 632464746
422133156 69753540 103187742
783088901 149023084 354779289
140437190 91965041 75896348
676050298 292131896 117431841
156696592 22071498 37929711
866487231 91860506 124546246
749588924 993567710 858899868
1000000000 1000000000 1000000000
393003221 13462655 94615155
496830654 182064903 248209395
245496297 3851624 826631591
426361190 74662641 943636853
178606707 6782653 32627196
684258015 287042813 105346626
269797071 155733073 201575106
798681191 187465175 352759368
645874091 375438570 13480895
785736486 709567572 14730178
823050492 57528854 395615357
1000000000 1000000000 1000000000
238996757 66892193 740618315
332455269 114271300 767505415
96432748 29518757 2849592
838402455 57177841 40353076
160252757 117237910 379777696
315274166 223323823 592404135
392126125 73845662 15288689
613342645 294977397 48024159
173729118 38586624 2875047
981473861 180175843 147385238
443326809 92637095 15862140
607658841 144063137 480585311
231203805 3037061 314526822
318707159 68808295 389954951
576717279 384258560 21475799
843911403 713449565 50551566
249379358 64975179 23035361
548580791 172700076 179609015
498768086 169669637 947242108
1000000000 1000000000 1000000000
154815704 127509302 58611004
347463032 127844883 124422718
122274198 179090975 103331498
388015294 220156111 681469268
363678445 80599343 37192026
476955092 153462723 135233565
146729288 29491011 716259767
164742827 51390904 995549441
52728371 37505384 99982860
101243577 251039243 440678101
124131127 422863328 106490319
680017952 528811901 106632034
964114351 476538092 526885254
1000000000 1000000000 1000000000
119556924 28822304 671638664
445774656 43778022 912720858
433388667 302911969 57360722
825485441 368408422 59964282
143199847 14037399 227356540
228508150 191876629 639835175
443573391 326811030 7222092
794696166 779166977 11022595
449697216 155487004 61719879
849040224 638297690 65281998
275603053 318765946 22807712
687037881 771500499 69278785
377280154 66374436 54701393
532160225 144064669 565559966
229965679 798873660 17696230
790537295 978328363 39631453
64653877 29525668 48712841
169113184 147162765 487001142
505821349 208753645 50675333
573498578 271746271 367425847
685790537 32835775 504636482
701489269 72846914 752930072
187829487 12239369 125610711
752232398 121501433 604760856
750702393 96290093 132108880
789142994 123953514 555199378
329811416 222066592 11658270
621618706 555378852 71042600
927809638 87428372 616347737
1000000000 1000000000 1000000000
365590162 15897917 278502229
514554847 91247949 581393877
274145234 9595037 144381773
325068751 272034251 623312569
3513988 870583803 637344140
26563963 995653277 845295204
722533944 55481515 724975506
763318397 62715813 983931119
310416105 2524372 445505595
541851451 61404944 516001941
434677400 17500364 479848360
608931886 33794002 750575506
39374430 599919003 75224707
1000000000 1000000000 1000000000
420137560 29152116 436195939
922137125 54541876 773032538
365827579 417688815 98641774
606716188 559324429 115480884
949978011 636529969 530767962
1000000000 1000000000 1000000000
197646074 133387850 267380700
244447725 134954345 619737700
246077750 456736834 62632954
561360845 459616737 106519627
621904423 126123759 497287496
814705580 140351092 608829365
709307744 44315347 91771164
978374353 133276965 192159580
515756515 141353380 77233010
781894710 434540097 78914062
242572856 133722230 182048006
289372257 286051254 182066172
246133057 181315222 120756106
466487094 228725602 334375479
228800473 132606571 600424676
386217249 216358260 601289110
116904810 186164157 266449635
296416123 222736949 440476894
340820336 43448725 50649971
987475323 66831186 288745301
71294930 204557888 327899987
269785427 253841262 687167204
674066815 80095741 330357307
699362717 100320541 625482745
299309683 71162334 192173575
694234483 265493899 312313894
346296210 12314401 26429124
774593811 134658307 123764429
611379663 129496179 38653976
795878513 764003049 54942900
630142360 10596104 124993320
901741816 237997902 189181134
39867358 10392271 576762963
162406752 114256956 845944488
71462619 57680724 20341952
169670332 141779682 87824868
83845922 84132166 102070268
173327757 154634140 571716971
166821421 90894803 149651052
645336970 159481756 180597322
523810 262626620 287653035
398800652 293494883 306405858
251913450 70497087 342025815
528843647 146863580 575701318
4821331 23507496 21502740
40299374 531501177 144482234
412718252 148916910 159571422
558547465 205781773 215897765
290751094 288904165 5164791
458533028 585601643 26724795
39024218 480121069 94942693
735576960 489848953 104761852
41659933 511883802 222864613
47296627 557287599 475395153
239196967 34013007 650926740
521891760 52713937 947288221
592128986 3421369 174711177
707836690 65278329 753747672
209603129 113216727 205937885
251142204 188270136 494118740
192466143 392853249 20502438
323385321 489289768 98534004
24836692 144265664 384345156
307623736 156548184 805123667
169423251 17632396 76565388
431434531 18893749 576588834
35008584 119506860 39960398
492854461 209596195 129340210
290572622 21306567 133328193
518093076 174348531 205978000
70328169 48807485 132364953
174913298 78769583 709962042
201554210 116151563 13890266
484197965 146523491 513239815
98872449 15763506 171291169
261245148 199948723 495519143
588895323 84864842 342054275
904670042 105705364 373988412
397930754 7361074 489609916
630798040 10659566 576952169
167372199 26376188 3664625
781399712 54039026 74446445
234698251 3871812 444727271
444076531 49696574 573621694
362942084 35843465 711826042
807755269 62112425 947909942
45085941 222112444 295162846
333503766 243203709 417781110
9470986 795141036 323497612
19560395 825207165 524227824
24249713 86796405 416429926
47442784 444037189 861134734
36242164 33197681 22436413
428929553 56178793 561426722
296935436 194008293 362929239
370127385 257568080 458681119
5409959 116164952 136744454
9921570 965129086 173327482
843755376 760670174 431894369
1000000000 1000000000 1000000000
517951052 57451450 95148283
554467130 96442897 413427715
98746812 100050105 64401878
470784963 244316253 117842996
866332622 374031773 2520851
923404912 816583723 10607702
635462827 71903936 405841665
773994813 82607181 984944829
154571403 195687568 17691552
429245073 269746545 341923194
288002396 17037196 518636445
707388008 42634780 867473619
201469886 67099190 114183786
562806969 82209320 782329445
7291687 192752803 71317405
295982128 229569261 483220957
269020761 373440502 11760988
771824916 534381398 79220733
101698171 161074101 134907257
261399038 245087546 475984962
3891301 303317993 722102720
30985900 378885727 795378827
134289805 69480104 167461023
885916510 116844658 271298131
111910747 25879374 320523741
346223188 217020756 675188507
55579348 54442858 35073259
912385022 146386133 335271826
942995273 17467386 196822657
985425801 198371146 267247048
32645643 164582094 40400750
538277008 750681382 58576993
222905952 31848866 715969350
383152509 93124662 804757625
3918559 4268124 108621124
259959709 520297303 123211139
703144820 15215451 26168126
755857051 30241458 662084971
269584604 462535713 19388327
811774249 591807637 70552081
136330391 25262297 3904506
485861067 249298090 55040339
376443018 249035939 11282080
982569204 718693301 42144986
15276109 55284852 94855397
443032427 92383973 748511097
6278542 618063978 236497783
8133681 756063229 923114686
786551262 691914382 17130578
793191595 935256351 32362283
184748862 103750941 84265238
298433582 277289925 267277650
169268698 174921449 339904218
368330291 265630668 658612940
151252549 41354515 264377527
895779672 194073875 345516584
119047329 39881534 211867329
757367592 183207847 365804889
76407807 127480943 548266487
118380395 285821815 664580160
38162149 12093846 248815327
40200974 179057859 294781507
409387318 152285495 2942984
704516810 180299565 254560302
862663068 19490074 122783286
903299015 48882103 575803336
772973617 499927727 331090599
1000000000 1000000000 1000000000
40245028 287437989 283490631
43456853 311690674 418351576
283410702 185708420 49566986
693936238 219821717 120024533
318348645 58711747 297207949
681708302 121045684 545976602
210944373 382295663 22675187
819327920 458660606 96279524
449635757 12994588 113219861
532733331 108965210 415171235
305898917 61651237 507631842
495311983 125832437 854403451
549332956 132945918 34385120
974929733 295899488 67736126
31112154 477923711 753002965
37133275 834104708 965026769
527716874 238208964 28240712
562136923 409328096 115082252
19305334 158098231 688940127
63084628 383288356 991004534
164115056 68123999 332018785
334868892 224304297 578255981
222910088 15573528 101383286
374812323 318537049 130177589
479880750 427814376 36220209
482604809 722592667 71301464
244078296 12068232 212689257
677687427 144664600 268759372
309678752 5398476 229650268
656045100 207788248 268330119
176276077 780201032 3880925
809427411 864731943 54834999
68411916 295361633 48429601
104406152 945095139 50991391
2113468 398083412 22543151
56842966 598108278 882447098
212003122 28958558 5449233
413333933 272642175 309019794
455454200 260671925 11373565
945728043 577772372 51967270
536816346 9449822 143360694
604714568 236563766 351936897
213680236 43574033 157225551
430504505 132480692 684505757
146452888 125218168 179447080
577550178 177439990 358613829
20029402 41822858 412483716
21496565 416516407 723968810
