1000 3
352409037 115450657 104178577
1000000000 1000000000 1000000000
807811722 626284771 745700245
1000000000 1000000000 1000000000
638566835 788511693 850346251
1000000000 1000000000 1000000000
161019250 2741864 112985533
356676845 12371665 284166325
423665022 69195942 490837722
1000000000 1000000000 1000000000
87563814 19573906 15387358
157801970 79341565 91753309
10659681 241878277 20181037
14908309 246324676 72241380
50460014 489632657 513435961
1000000000 1000000000 1000000000
61957738 338090313 10396948
66535960 865738212 37458700
4068157 53331065 8770337
134959034 794052758 50479574
478902629 10721596 19939521
518225896 12069422 247584876
63578449 200765712 53791807
71999753 240524450 117847673
81444788 325899162 40688351
92671375 389460527 101920344
31132625 807548069 7335553
93202655 855148669 50787127
487065308 596014026 209462160
1000000000 1000000000 1000000000
27213042 84453708 15147555
71056812 363602498 81318612
302704837 14729375 793267298
1000000000 1000000000 1000000000
58804933 31019546 21726033
85069223 381362444 31835328
682836916 46472010 682024669
1000000000 1000000000 1000000000
36291571 468347599 8541144
49750487 634601916 121679845
36784920 125374923 99838102
74486665 579280318 122740933
21101494 61971564 68475346
134004691 338744754 124599847
231206456 309697448 165875894
1000000000 1000000000 1000000000
764124672 582109126 721921514
1000000000 1000000000 1000000000
18237295 91023557 7512261
72300489 906024298 51414835
1698268 228895227 639820752
1000000000 1000000000 1000000000
929862569 790555477 299150703
1000000000 1000000000 1000000000
196204251 270552545 883647938
1000000000 1000000000 1000000000
3451937 55065434 45027325
29317059 527611307 91920482
27664316 295168048 3524247
123704969 436824164 69966078
46195544 474416536 5426563
68699631 756081958 53029061
18759803 25964074 46049608
65109198 350874740 84546709
70884915 84819108 99294066
73189452 505491247 124576837
207729017 575053699 791581002
1000000000 1000000000 1000000000
54770621 95842256 21330180
119435284 223635336 61635863
47885 132965386 15060137
22744894 365957745 28405675
16598665 32499791 66983647
89218622 421093293 123479742
873039657 850720337 447330683
1000000000 1000000000 1000000000
734642520 405284765 419153712
1000000000 1000000000 1000000000
105153317 624298368 400366994
1000000000 1000000000 1000000000
857079859 591062596 72282944
1000000000 1000000000 1000000000
41272234 334286285 8654421
114091478 949274924 27978941
110846815 445041656 15889794
116792589 908031174 50210963
778261806 537479802 582020054
1000000000 1000000000 1000000000
37716921 77042010 2748688
93649499 855841512 10011940
60578559 77222080 14690949
126003167 315512038 86883698
156900003 765745 240028260
636932660 2245708 846327706
310634574 135236320 559744414
1000000000 1000000000 1000000000
938493 170959044 209779663
5806463 214591379 819760723
683435655 800783636 795837809
1000000000 1000000000 1000000000
32080898 352901397 96956449
78990653 739055749 107500167
370220347 926973240 941631988
1000000000 1000000000 1000000000
762760609 935659078 59720843
1000000000 1000000000 1000000000
7846377 360306519 21592042
114205789 970053459 40850850
21707230 320776436 96315868
36566286 622758543 98921372
6213502 193899487 56280797
68490473 236257383 108716397
788412920 510655010 907359241
1000000000 1000000000 1000000000
601445157 602671220 919376468
1000000000 1000000000 1000000000
21616961 100110274 18634089
113628582 782947063 26088634
46000083 208239274 48935078
106992063 318282190 67958683
468516868 770728115 196655580
1000000000 1000000000 1000000000
37140780 15556983 106627761
78725680 19878605 337712034
119184494 124963576 4995241
120953594 601132621 53302331
984751919 302476405 580071658
1000000000 1000000000 1000000000
101057346 16423721 150083158
153447212 31573487 244756134
4578059 11679477 73808949
139209376 28639826 136867338
81970996 221963448 19566697
123360927 268947101 76732806
127246306 19040935 39165933
153543812 134769249 118399192
15245157 488856271 56973847
59734044 831870737 71391458
307245337 329825581 728634
364377085 380430256 2200783
41957064 55247277 4633713
590974115 365891640 5442539
821019937 595207449 803998327
1000000000 1000000000 1000000000
130407618 363392891 630628230
1000000000 1000000000 1000000000
911664813 525252879 258036641
1000000000 1000000000 1000000000
913791836 299622514 671040738
1000000000 1000000000 1000000000
6436486 112196767 4002732
32115692 148507264 75632074
343051239 691458907 993972373
1000000000 1000000000 1000000000
26948968 732039257 987477401
1000000000 1000000000 1000000000
933871937 989930778 397022238
1000000000 1000000000 1000000000
53379516 59733446 111844385
55493636 635727492 119078136
809214479 177688419 133547563
1000000000 1000000000 1000000000
490784534 791730902 130577693
1000000000 1000000000 1000000000
16578477 80184229 67315628
21000982 749412107 87493820
469256969 672039900 537643870
1000000000 1000000000 1000000000
102346682 7986844 305262746
492457038 8505323 359532576
964064520 921217396 817402282
1000000000 1000000000 1000000000
508283821 9360296 96446618
663991514 16466547 305395337
36689848 643029762 615018199
1000000000 1000000000 1000000000
2011532 404255582 28084135
10149534 991446212 43624424
32802657 51483406 807662239
1000000000 1000000000 1000000000
982513167 542576968 26397266
1000000000 1000000000 1000000000
46032102 182396101 12922661
59668364 595878273 110527124
9137870 200568538 39950020
42061514 789092913 48207013
24570516 63905837 8390135
48950607 249652503 66235464
358705861 360074648 112073958
1000000000 1000000000 1000000000
96643092 75173846 37269648
153141537 156657948 101291627
92758178 205774247 65075529
125697560 369576577 122956892
185302579 107445176 645413234
1000000000 1000000000 1000000000
83416249 1857999 71668056
263822372 6580092 306387863
22095940 458541636 25407238
22801463 502352910 89294625
3441571 599016608 31716403
15118734 806322616 61102868
467144034 44123732 183145037
1000000000 1000000000 1000000000
607642543 2647191 52884181
895315759 15158518 137365123
263148091 115296308 317506520
1000000000 1000000000 1000000000
600150038 280257213 749877082
1000000000 1000000000 1000000000
484070014 318338228 417335456
1000000000 1000000000 1000000000
851832800 542257685 930944911
1000000000 1000000000 1000000000
279396439 90950472 185784679
1000000000 1000000000 1000000000
38765909 505976579 28495776
74590914 953960051 58334861
43723042 21000210 68155960
125685023 315971158 98459839
27754545 90482994 89543904
45568970 574317400 103988070
103618547 473332741 1973471
106007146 494468147 5800434
44219468 123317807 27674774
65264409 742740705 45282363
42519358 618645921 21309955
125995526 792657813 37220287
35886810 324761870 45397590
45515791 900764014 50352908
66408918 8739329 25344621
131085965 71646192 88871138
42252639 325860059 37691789
92475927 909298204 42368745
33455453 597829698 346905105
1000000000 1000000000 1000000000
484590730 283296580 866536869
1000000000 1000000000 1000000000
6366321 29253972 172087594
133064114 48077856 175444134
31882446 141816396 723481352
1000000000 1000000000 1000000000
88295090 389408441 15185934
135040619 427221210 53059281
90369790 6212667 86650178
955947068 15911645 113633027
527190832 85335323 279874185
1000000000 1000000000 1000000000
297929508 446225256 896219235
1000000000 1000000000 1000000000
42185338 283119840 105901841
72575080 608950975 122106942
878533643 548598818 31695668
1000000000 1000000000 1000000000
233979423 854551473 652330277
1000000000 1000000000 1000000000
175765602 10307880 138464031
309562046 11869480 369362339
647364228 91540789 313594880
1000000000 1000000000 1000000000
62786827 834587694 371668773
1000000000 1000000000 1000000000
824508778 889375390 244611474
1000000000 1000000000 1000000000
907350736 907733099 822129282
1000000000 1000000000 1000000000
95847903 21875940 1219177
122355546 233508962 90883078
533642693 704336605 290750562
1000000000 1000000000 1000000000
683621113 159750898 190371936
1000000000 1000000000 1000000000
37328955 43989600 31889358
75380915 692339268 120219651
228616294 565373992 417289618
1000000000 1000000000 1000000000
50250710 213390053 13114018
79430275 680708018 85883510
1670051 276701987 35828704
63022522 439151919 115926988
51835944 354407296 88755160
60633299 390136788 109504996
420036594 426553 97160323
784271696 1324387 678061939
5788999 77910050 12115158
40927016 738141017 68162366
25980663 122657640 80896959
27255550 489173720 83536150
535794227 84151811 325204114
1000000000 1000000000 1000000000
38543773 122565161 572135
809921408 288776162 4821763
435980466 135042515 523418122
1000000000 1000000000 1000000000
262310435 673317273 617977454
1000000000 1000000000 1000000000
942261734 241715731 53210130
1000000000 1000000000 1000000000
17689637 442735138 21353848
66490602 946673498 58875630
665240674 358767243 468194333
1000000000 1000000000 1000000000
53944115 2762024 376930696
1000000000 1000000000 1000000000
243361954 362272507 221209934
1000000000 1000000000 1000000000
127422710 720775380 252245233
1000000000 1000000000 1000000000
83466994 238533 34509198
120719776 38921931 72222159
55196174 403716228 12164062
68074733 867254851 51250076
816539079 270681484 472713187
1000000000 1000000000 1000000000
71006222 176466284 9968069
92003714 495610841 20365104
19139236 45264510 40385885
21753665 932083453 49402226
26561616 156467556 10406993
115567310 757153025 13694798
177676597 760973251 543705042
1000000000 1000000000 1000000000
478009958 942219913 208214401
1000000000 1000000000 1000000000
661235 132790833 1720677
44313708 576162275 111147220
856073341 502595991 71385071
1000000000 1000000000 1000000000
874358749 571443750 715629948
1000000000 1000000000 1000000000
968325879 753816847 249906304
1000000000 1000000000 1000000000
108358018 193386794 24620450
108567062 412865234 76347806
81378755 634958495 14653616
130632394 708573409 17064382
936246242 763752049 843333558
1000000000 1000000000 1000000000
939905282 957246797 207682602
1000000000 1000000000 1000000000
78567379 16388988 221685566
177679709 17613807 298325283
699507112 180317138 431285861
1000000000 1000000000 1000000000
276963581 614453776 201598694
1000000000 1000000000 1000000000
90092554 250699150 452583
144481573 636233449 2381471
229601798 72565071 562165125
1000000000 1000000000 1000000000
783595327 654317804 309236366
1000000000 1000000000 1000000000
99210272 17397502 33998759
109468967 92706510 43368324
772771987 434373735 253741669
1000000000 1000000000 1000000000
712534489 919136685 291128991
1000000000 1000000000 1000000000
97820517 18283285 237900627
101047135 27209847 348700932
31586559 172196782 52519282
54910163 705510631 61070645
679316266 652487367 144898328
1000000000 1000000000 1000000000
12534566 382024605 32637055
54622027 891820976 46279827
976936102 272273401 202060163
1000000000 1000000000 1000000000
114593605 10587133 37063251
147227907 12125923 326037578
542079561 565395056 12029676
1000000000 1000000000 1000000000
607529130 624472090 565115941
1000000000 1000000000 1000000000
49575717 22117638 36068873
69799244 518951677 80342887
200457683 841563953 116944082
1000000000 1000000000 1000000000
72914600 451342880 47087854
73427471 593057632 67746688
773554940 712601567 94027198
1000000000 1000000000 1000000000
165252942 712074819 324449550
1000000000 1000000000 1000000000
209367791 168146598 171073663
1000000000 1000000000 1000000000
575221523 617227031 442686726
1000000000 1000000000 1000000000
34207326 154964758 6723573
70964023 750837130 58425664
802631731 785263834 359224422
1000000000 1000000000 1000000000
72796230 224306440 971559999
1000000000 1000000000 1000000000
88538997 17790315 90398375
110034385 137340540 99310044
164717706 347505299 536886530
1000000000 1000000000 1000000000
477164769 229272109 109803771
1000000000 1000000000 1000000000
182410872 423738064 484393478
1000000000 1000000000 1000000000
74802993 2221075 385565466
549302785 2252781 785557145
34759407 362660687 104338366
74751942 478510698 124527140
51861228 665481 171323686
131827250 33165801 239420810
34062799 318446601 54805456
94027207 434491088 84979549
68226391 319258277 66400615
119874623 349033193 76999378
61359490 108158122 39869662
104818563 170648691 99338878
530410379 360778438 130468908
1000000000 1000000000 1000000000
428616811 555713016 991647234
1000000000 1000000000 1000000000
56572645 318850978 11777869
90260847 460921967 22400635
297195361 347911171 702423366
1000000000 1000000000 1000000000
924569972 533054035 361772698
1000000000 1000000000 1000000000
60170989 52282791 92775066
118918660 226210858 123428725
14692987 457858370 76768445
56778931 676914791 100762336
992713844 360169989 38515940
1000000000 1000000000 1000000000
32233676 70912488 27030701
60155408 621856570 56394905
678670876 426163990 185809862
1000000000 1000000000 1000000000
32770734 348672391 13713254
111960370 979040695 46211574
86992483 61393114 156105776
1000000000 1000000000 1000000000
363731990 470356052 278324277
1000000000 1000000000 1000000000
547293762 377634755 740776884
1000000000 1000000000 1000000000
2294999 211932488 45131932
52138011 334705846 48676213
689577706 486936435 152234518
1000000000 1000000000 1000000000
511903757 77470272 169588689
1000000000 1000000000 1000000000
4444835 462894666 54915622
34692962 624774937 78251105
132867368 61347055 1098251
132868237 197477022 109246354
39891103 536382869 19331935
96064364 833196557 46412618
42701077 42908233 19099852
72205886 485554457 59752465
79398966 308899341 31702665
118465700 372100913 53275208
77424172 290100037 755819
115750896 744622288 23792342
856000579 357347261 932071995
1000000000 1000000000 1000000000
147252992 556472428 28706673
1000000000 1000000000 1000000000
62446700 223687855 22725046
84457527 564430052 35413370
67355024 11915885 12687178
99176009 124751250 108788816
42846548 1773768 688911934
137121335 1808857 940707616
63339993 243165284 25789125
77155505 346187172 114214407
7386011 375112426 8092329
25559115 804250896 15853657
20158435 57772918 75426488
107435711 191292084 117535272
377697076 634707457 400121013
1000000000 1000000000 1000000000
40505439 123820735 52815498
86090339 380505628 110083892
452220270 746813201 906447868
1000000000 1000000000 1000000000
12217034 151376209 97713556
76511973 239363080 100849870
549664765 339321270 2258518
857808947 375896470 4840255
185550825 267404778 429721125
1000000000 1000000000 1000000000
334471890 666616228 192796282
1000000000 1000000000 1000000000
694723817 42573175 1264473
879969272 57905882 1631974
988489056 87155486 122724073
1000000000 1000000000 1000000000
139689793 871930220 581881657
1000000000 1000000000 1000000000
48867338 471784631 149920296
1000000000 1000000000 1000000000
560930156 330625877 596240386
1000000000 1000000000 1000000000
802051697 935285039 874540423
1000000000 1000000000 1000000000
71556136 341086485 802842031
1000000000 1000000000 1000000000
243742302 273945647 858439092
1000000000 1000000000 1000000000
243682875 130482761 666761784
1000000000 1000000000 1000000000
521471335 817715 482062497
659534871 2147196 589376259
34588732 79414951 38294359
71203744 726095635 96581431
188086131 367621053 927183260
1000000000 1000000000 1000000000
888254920 275616104 142186071
1000000000 1000000000 1000000000
365128267 633690381 814398452
1000000000 1000000000 1000000000
57509337 55978660 8686717
96676376 720541163 40304011
3290740 98268979 293252435
3815829 153891581 749715690
206242852 699282064 286137601
1000000000 1000000000 1000000000
709447648 710123631 978744036
1000000000 1000000000 1000000000
844427691 942428908 941236900
1000000000 1000000000 1000000000
919559505 854479841 507578695
1000000000 1000000000 1000000000
583097758 155290403 408977395
1000000000 1000000000 1000000000
358032895 381256361 596131911
1000000000 1000000000 1000000000
76195804 4372440 20656821
143462325 129536003 29642893
10377181 99440152 126582263
1000000000 1000000000 1000000000
61401475 215510814 38519755
73761642 578586255 49479104
41362704 524897089 8549858
112265254 944860892 50650629
189169547 15716080 1067482
689045703 215921946 1424350
277112960 768924036 632741785
1000000000 1000000000 1000000000
66167638 53806265 58198752
79692469 334667161 77731817
107904621 726986384 878722294
1000000000 1000000000 1000000000
843980869 953456264 400257618
1000000000 1000000000 1000000000
475176397 10541382 1580448
702287092 11359099 266226815
666851791 664946269 312068180
1000000000 1000000000 1000000000
10888771 652530672 79189017
57705495 724738340 92785876
853166142 668348291 963500695
1000000000 1000000000 1000000000
778202778 1783984 70823667
810935091 9697033 103951595
10243119 624844595 20056394
27307653 785998531 35572834
146310270 186275832 884590497
1000000000 1000000000 1000000000
25698939 152275599 6047836
128137001 220099367 75682288
102991015 362621117 252814795
1000000000 1000000000 1000000000
705370515 950687173 322368573
1000000000 1000000000 1000000000
5390718 689716056 45117654
18119994 699231903 112971706
59371471 16745589 601300313
1000000000 1000000000 1000000000
419909115 251448501 877553546
1000000000 1000000000 1000000000
32828997 407586622 71714286
63873827 658361998 98820295
353413837 8603934 128561658
367418012 13860393 323813457
1191215 43778899 3786783
31243329 712322624 107573887
744788601 185609670 98177872
1000000000 1000000000 1000000000
554387793 691578396 660359000
1000000000 1000000000 1000000000
707548300 628077144 171048176
1000000000 1000000000 1000000000
470231281 808963127 413870400
1000000000 1000000000 1000000000
874092406 91681265 317668771
1000000000 1000000000 1000000000
10440657 122099739 82430419
108269812 139944647 121985206
140742224 919739829 552091732
1000000000 1000000000 1000000000
262085009 322913980 922065043
1000000000 1000000000 1000000000
471947899 706266534 784003384
1000000000 1000000000 1000000000
34279025 32354341 307080013
1000000000 1000000000 1000000000
95156325 172197120 15855256
97607681 228508213 82154203
209885321 479044226 812358414
1000000000 1000000000 1000000000
917711534 908604575 641377905
1000000000 1000000000 1000000000
56815047 67915096 52932492
116550736 372579888 72972884
898438024 223819077 117387927
1000000000 1000000000 1000000000
835082855 228087670 762435010
1000000000 1000000000 1000000000
311551729 866579485 804562315
1000000000 1000000000 1000000000
393815577 2243699 137019977
443102453 3309339 310988802
275262953 123975 516977286
640841392 1564456 784987408
234257164 11256072 57558173
281724163 12965047 362797148
29147268 87912590 73700845
113464984 170703918 110387881
9931921 43676349 16832086
45409093 152516350 70433028
2518578 894570987 108326412
1000000000 1000000000 1000000000
11724414 713494844 41392018
18899690 908770645 51612603
89766353 7106231 57997759
129086203 92467130 118881892
105687903 126193390 947971996
1000000000 1000000000 1000000000
213947458 114030174 258168900
1000000000 1000000000 1000000000
447441366 573003674 2934236
1000000000 1000000000 1000000000
285421994 4164509 117378253
772388302 14620556 153866958
881477887 205071190 629164092
1000000000 1000000000 1000000000
72634454 641721 185519445
317565750 15202248 265616759
517553577 115868877 316019209
1000000000 1000000000 1000000000
590656338 497008759 276012529
1000000000 1000000000 1000000000
808678545 54473549 399316574
1000000000 1000000000 1000000000
32289254 26975516 153338226
81026673 36623605 232308911
20698125 229397111 27290128
77389743 469481749 29926501
41279885 334059963 31828163
72236441 792107737 61022817
101567997 465775208 708967490
1000000000 1000000000 1000000000
990826882 127344718 215065215
1000000000 1000000000 1000000000
25005364 378827285 29204267
48642054 501106541 35185896
325221650 519373105 265817522
1000000000 1000000000 1000000000
610721603 278807244 508749496
1000000000 1000000000 1000000000
99314798 2309520 889664630
1000000000 1000000000 1000000000
846782097 9031883 76771675
947103207 16788488 164573789
948901018 859885988 871726952
1000000000 1000000000 1000000000
526077535 264599880 157446074
1000000000 1000000000 1000000000
42398202 227382881 53931334
58988316 509579022 90569668
42573687 5140445 43473236
174600053 24993882 291773512
3514149 671428271 41624576
37763091 907216765 48109535
18399630 478091867 4588999
111315150 648740162 11459274
11657662 37474901 131103569
57752412 38795584 145280676
79420158 431554370 984879676
1000000000 1000000000 1000000000
463944300 499796529 282967648
1000000000 1000000000 1000000000
465430780 584115845 817677238
1000000000 1000000000 1000000000
860205348 618106514 76476351
1000000000 1000000000 1000000000
28280338 411967932 34813220
108507342 500928109 49258865
46237721 916834373 853766899
1000000000 1000000000 1000000000
2529822 459985962 192851919
3079147 864331366 241929987
26348383 3086564 129459474
123325904 23065578 308810436
40435788 32389466 4496848
151119384 974073365 9068843
763835198 269822394 834022822
1000000000 1000000000 1000000000
223328987 7456352 14952935
757492948 13127561 73464712
502288101 559384632 233577863
1000000000 1000000000 1000000000
49438617 533517326 516278
58864279 570096814 114668971
375710764 11343977 3736575
703093072 90146245 5652740
33212432 10007750 12789355
76245543 732293293 33395893
166206543 53419807 586386
530482408 270464262 1648065
134134779 777112203 275394507
1000000000 1000000000 1000000000
253528810 5739104 210162410
574684833 7324188 210977576
207333465 413352261 165941043
1000000000 1000000000 1000000000
26149865 137325149 30404901
39694432 718765643 114041966
58461461 107735110 58238694
166135321 122276090 113126754
37337847 136235554 36507902
133394431 590755508 53124302
119925825 208102752 587215
180560321 613432733 2097125
9520106 156312678 18323908
54363895 632977047 67628458
5808767 81946289 210631912
1000000000 1000000000 1000000000
6051489 443794037 43191955
39207786 664303685 61210666
964313809 300525203 481657143
1000000000 1000000000 1000000000
893693888 4960728 8502538
993903471 11558822 139751463
54171753 91834309 2548600
80270692 509654468 35066225
374510181 202945818 830148653
1000000000 1000000000 1000000000
30942779 952034560 16926337
99816545 965912929 56263997
31120756 888458107 261960118
1000000000 1000000000 1000000000
786842380 775522965 695371891
1000000000 1000000000 1000000000
640674470 898914996 109896057
1000000000 1000000000 1000000000
70783280 857760467 673913808
1000000000 1000000000 1000000000
20465370 473401922 66486323
45979261 619335181 104327395
72494944 173723343 49593285
130472690 371494035 70323228
433660893 84751568 295966654
1000000000 1000000000 1000000000
13507644 61236489 64800128
57341431 570995625 101125778
35408112 100543004 38319985
41281907 902169477 63517728
109442047 193149397 979571713
1000000000 1000000000 1000000000
87620684 16007723 14943792
144006473 31759537 258372860
728470606 590739230 720970797
1000000000 1000000000 1000000000
2992559 346131035 1539521
67020332 714347767 67305539
653258184 674017192 77786579
1000000000 1000000000 1000000000
105701783 58243437 86502491
131437191 327780644 94122589
95187350 522068259 970698738
1000000000 1000000000 1000000000
731522974 590316157 233569250
1000000000 1000000000 1000000000
104810778 1837657 35802150
851066488 3543971 173580383
938652638 618877965 786108271
1000000000 1000000000 1000000000
480158906 12039467 49963484
753215549 15650305 296227636
588120057 462091026 848683517
1000000000 1000000000 1000000000
124334385 64594618 139372
360410352 408362123 2281793
56986291 632587079 38942825
73276215 764973079 56745990
113894653 113429463 3031113
116931433 829282427 11780470
58470488 376740629 20232201
134165841 642048583 26538666
733767614 625576637 312432400
1000000000 1000000000 1000000000
30942202 6928496 134288306
129243631 37524742 276940580
256598143 649946 212903160
789354438 3717055 255388008
36052406 135593228 59118829
37152437 508496143 122959196
324220331 297406847 755639560
1000000000 1000000000 1000000000
25464396 528313658 26557182
68704304 591617111 65357813
190183924 538591681 853602621
1000000000 1000000000 1000000000
409422700 443751013 124686635
1000000000 1000000000 1000000000
89312190 126594962 33250261
117231699 496813266 35843831
25235874 91969324 29523928
84374199 432517538 81763900
172657095 979300347 414012158
1000000000 1000000000 1000000000
555376250 488508814 612092798
1000000000 1000000000 1000000000
62455494 106179705 755642263
1000000000 1000000000 1000000000
26722227 811095879 482235790
1000000000 1000000000 1000000000
140132158 293173926 39582187
1000000000 1000000000 1000000000
44139257 3432030 533773585
51853379 19991912 993958291
821227246 7620372 553433462
1000000000 1000000000 1000000000
281354136 64974621 362124129
1000000000 1000000000 1000000000
459288221 2267152 166174
938776075 111493035 1366114
31959093 518530703 23436083
109740745 601684014 51677275
796448173 778669562 647176220
1000000000 1000000000 1000000000
100674347 223349429 50571592
120890130 432557817 112751822
930555183 989609084 823480446
1000000000 1000000000 1000000000
9341876 169746420 4573157
695713994 389354624 5613982
280405629 690835654 901607012
1000000000 1000000000 1000000000
969818294 24272202 394323119
1000000000 1000000000 1000000000
127128809 320463289 395683149
1000000000 1000000000 1000000000
549694967 459795142 282456360
1000000000 1000000000 1000000000
33996730 982899555 372592428
1000000000 1000000000 1000000000
531113335 915098527 197940416
1000000000 1000000000 1000000000
42371400 27100082 2423530
119760266 444594667 9856764
47698153 552702301 24830523
57350161 683590501 72464227
426102567 237718729 743126
847675280 249620550 3686210
211294986 825856338 869164291
1000000000 1000000000 1000000000
179292524 17265063 5827793
1000000000 1000000000 1000000000
21620267 265453147 8246183
32209954 316603523 93540293
949090877 695655702 354257366
1000000000 1000000000 1000000000
519885919 622484355 756080949
1000000000 1000000000 1000000000
217599461 730677298 264251984
1000000000 1000000000 1000000000
902966590 2881313 35848057
906605054 4866415 170786567
706172680 213919447 722368735
1000000000 1000000000 1000000000
766451555 456183284 603503433
1000000000 1000000000 1000000000
182626447 978222748 517324953
1000000000 1000000000 1000000000
566358832 418658458 571178784
1000000000 1000000000 1000000000
893295111 60566528 373564301
1000000000 1000000000 1000000000
30869102 290706554 13135448
133863700 677943190 33511188
1637653 60597036 40232068
58786207 750252699 57187495
791642067 524034413 429258670
1000000000 1000000000 1000000000
736643355 506072475 674272928
1000000000 1000000000 1000000000
915948802 907154813 87620045
1000000000 1000000000 1000000000
351543732 92651941 397880554
1000000000 1000000000 1000000000
914357343 211596169 302560283
1000000000 1000000000 1000000000
25661436 12670951 40871235
52839184 735015578 117287137
368081129 138952819 413341602
1000000000 1000000000 1000000000
954746607 370161617 216282061
1000000000 1000000000 1000000000
11473315 60532391 12113410
105360774 287442431 84173159
19652191 252024897 35055944
120343113 739765550 46724862
60369895 146424855 10147089
96358844 377423428 40887716
593336929 9447580 71978114
669022037 11678920 329495824
75917828 9236897 213700756
106199371 46598253 237793016
591727029 644529932 220785617
1000000000 1000000000 1000000000
553824866 957131740 696226044
1000000000 1000000000 1000000000
106731037 620609925 11002472
124784792 715488639 24717717
126392996 229655124 682579307
1000000000 1000000000 1000000000
941414768 508731615 915863052
1000000000 1000000000 1000000000
116241637 8863518 2194220
136396463 132281353 21562796
97189162 105661049 911330325
1000000000 1000000000 1000000000
60256939 61610312 82250987
108720761 383699558 114168133
58906578 7477161 173463928
142584986 9523051 233183474
129074348 16283680 1914692
245155990 182396489 4882824
245851269 122300360 512094492
1000000000 1000000000 1000000000
322300331 4368172 82795383
589746199 4804384 99481253
534057155 192960106 1552586
752664318 384361016 5202170
145770281 288923688 901119227
1000000000 1000000000 1000000000
378127180 2675876 227205977
695660312 15803845 352173040
693525025 579928078 736757064
1000000000 1000000000 1000000000
3244713 534656982 23481412
103001694 686888303 37581181
118813026 5381978 111806689
532703639 9037072 160298285
414326212 334964379 704252559
1000000000 1000000000 1000000000
110542630 21539647 51949001
118642438 145077842 105496857
19669049 599176656 15198151
57349099 884191570 49435811
6234214 188340396 35663837
28415370 338073639 107286407
340798667 257925084 467168
827661483 418067749 3327171
1659206 129412574 115222110
1814079 387995286 276127927
15745619 15919278 185804174
17318744 19859665 212702606
114764990 66203609 533386902
1000000000 1000000000 1000000000
838899774 124618555 604019892
1000000000 1000000000 1000000000
148509895 942551322 671480625
1000000000 1000000000 1000000000
31206770 19162588 158489836
136430632 22527573 364022520
899373078 113873569 524774053
1000000000 1000000000 1000000000
642823981 8130871 73607291
935275243 12901487 87105841
51001848 415812920 12904299
128647726 423271173 87630046
960544301 967752807 111852031
1000000000 1000000000 1000000000
256194315 677341835 553312225
1000000000 1000000000 1000000000
146261483 233248477 669399654
1000000000 1000000000 1000000000
605419679 975140257 26235838
1000000000 1000000000 1000000000
690219724 761218527 360860911
1000000000 1000000000 1000000000
16411260 357471062 17935759
61527431 607619544 102945708
21816996 220260828 15382038
106945251 369353015 60156076
609202741 686281829 742276923
1000000000 1000000000 1000000000
65641368 721799458 19071461
101474217 780962455 53729287
512621922 987204481 238946160
1000000000 1000000000 1000000000
914877197 940131548 688715876
1000000000 1000000000 1000000000
227086954 870139183 191335772
1000000000 1000000000 1000000000
8008885 83443047 49116498
19531432 664312851 76249140
175793 46525637 188277316
5720485 77539819 648479642
962738955 2206419 713054796
1000000000 1000000000 1000000000
52884685 118082468 51485243
109644815 189466235 54642572
53884870 19508570 76696554
167443036 47314389 184477198
494278658 524512688 498819973
1000000000 1000000000 1000000000
63706788 125521099 24725016
68186979 373020817 126325749
722053743 759234201 404459744
1000000000 1000000000 1000000000
19515273 267828459 75013842
77932561 452329790 98359876
951095685 779938233 561823295
1000000000 1000000000 1000000000
437938566 319553153 854010370
1000000000 1000000000 1000000000
992922422 602414757 356145553
1000000000 1000000000 1000000000
89355222 14254720 35142426
116074111 58716213 53517433
26954226 385901824 7012528
72179053 971477740 71576491
693626378 600918635 994912174
1000000000 1000000000 1000000000
62653231 134678145 45238855
74220705 316570901 123697875
236362189 6570011 174137191
549142858 17098273 343249796
10557616 12729431 439012638
12841015 51669119 490288898
16902202 459726733 17616149
71020626 517101055 55107104
25363627 361526262 55745784
45870841 964467506 57190723
493035706 373857862 198099389
1000000000 1000000000 1000000000
19371942 324770136 20641851
21025638 975989287 54938995
560412086 391639484 52249760
1000000000 1000000000 1000000000
43657380 9265636 62783477
798096479 10712563 145839796
95652823 185095573 11517897
132912518 415028477 37413008
41488406 271861796 2223699
128033035 354914306 4446213
771664630 226063772 248753366
1000000000 1000000000 1000000000
454270746 372273515 385468050
1000000000 1000000000 1000000000
85385891 2057003 82099504
706655011 4095129 294787621
26945112 10326906 55522496
128282671 119182891 124824624
50990054 110603095 36882660
95784010 923204548 52787156
111150448 193261587 46230542
132110385 242494939 51112484
806221034 304613986 238713168
1000000000 1000000000 1000000000
854267 7580094 56311463
1083460 315581029 304748050
75986668 377415868 600948555
1000000000 1000000000 1000000000
298196159 784350509 194230342
1000000000 1000000000 1000000000
114999167 6021475 237266030
364096133 14032244 297248554
15275280 458581469 18901133
35810734 604102133 71734858
687556032 56327640 248626906
1000000000 1000000000 1000000000
20291256 8532667 29265049
62470956 278297322 120723010
13130156 691684815 2158108
45521646 945603302 21512984
44600930 12148833 32060621
94612518 491008183 34184381
695022683 720292986 761915947
1000000000 1000000000 1000000000
449206111 302479569 840875537
1000000000 1000000000 1000000000
153262431 255365055 934565
403848872 311884238 4663241
410237204 561343752 348916516
1000000000 1000000000 1000000000
101869759 241479464 22931799
128148439 308705305 110009126
89657385 2209698 31483261
603367295 13144610 79268920
590685695 505860119 152993253
1000000000 1000000000 1000000000
45267813 57413495 79660555
115430583 278545484 94280889
594509177 348531326 293807529
1000000000 1000000000 1000000000
549404501 559233881 263693156
1000000000 1000000000 1000000000
33176791 789009228 4256190
133697714 852159662 14387016
96992582 834353589 28582058
99924713 941592146 40338817
985271282 759484257 117300227
1000000000 1000000000 1000000000
126662106 369141291 368610106
1000000000 1000000000 1000000000
892668179 989539014 199904460
1000000000 1000000000 1000000000
26034962 1841525 218746100
607564929 7977231 343271474
56989022 322623692 13043828
105299429 492418074 32036454
71911523 808241516 761699445
1000000000 1000000000 1000000000
116863578 2671436 41380087
120718275 236279838 94049210
581748298 703473010 123707530
1000000000 1000000000 1000000000
21105370 145312658 25206629
64876119 768984139 55638283
571267532 88275709 615068594
1000000000 1000000000 1000000000
253566293 85994970 270747873
1000000000 1000000000 1000000000
813165736 123846497 678387838
1000000000 1000000000 1000000000
266011054 840671855 460884205
1000000000 1000000000 1000000000
47248553 164573149 64408474
62040285 505050235 76560144
609862792 737652663 763528948
1000000000 1000000000 1000000000
43388777 610847070 10547407
59861358 903408387 54131385
415344895 104792 64048464
654760076 8611713 186202135
144651744 182730799 920861060
1000000000 1000000000 1000000000
35178166 211191574 56055613
62783239 808655155 81671815
796367530 567582171 205127082
1000000000 1000000000 1000000000
325416737 281330434 95533517
1000000000 1000000000 1000000000
86290520 542992475 532072347
1000000000 1000000000 1000000000
616242838 444680547 51763779
1000000000 1000000000 1000000000
77740982 43685852 46469798
170236861 130116985 64717053
43657180 443150451 14714766
57565185 778076581 63546838
238043336 388495090 848455627
1000000000 1000000000 1000000000
57524922 374269358 61985163
108896996 388166968 106469933
932907722 110676271 896789147
1000000000 1000000000 1000000000
974779515 563625431 790570406
1000000000 1000000000 1000000000
418494031 40205325 726045849
1000000000 1000000000 1000000000
72901547 496947590 40641488
115950076 809218058 44376201
739440166 45273341 180374903
1000000000 1000000000 1000000000
395911514 305180301 456995985
1000000000 1000000000 1000000000
40906849 65898785 73768517
53540682 589972168 100368673
70491254 717986804 868919014
1000000000 1000000000 1000000000
682692302 713982822 897840932
1000000000 1000000000 1000000000
711358264 1642887 117997012
799055255 7616205 216044863
89453322 194546744 37605586
117466829 726411289 49530438
10464371 182764945 28711395
31708406 567751315 66985300
23235555 642640076 715477878
1000000000 1000000000 1000000000
458094836 772542276 597682499
1000000000 1000000000 1000000000
48334923 29323331 44431176
77269245 991863020 75942972
572086213 472455272 710436646
1000000000 1000000000 1000000000
610106284 484022588 914932578
1000000000 1000000000 1000000000
137819659 705253760 228192037
1000000000 1000000000 1000000000
71673050 20673567 18988467
168663307 40629753 261139115
748442053 831472459 655429787
1000000000 1000000000 1000000000
24107588 592494646 770743426
1000000000 1000000000 1000000000
805530486 475780311 119070130
1000000000 1000000000 1000000000
631385556 528339177 870063563
1000000000 1000000000 1000000000
41948121 2305515 131663709
537781050 2412836 365298601
78396950 15280329 171260312
139065131 50961987 287375421
20778130 121279707 28424343
105370992 223038419 28719199
41230474 244124066 62927988
82092010 413291725 119507723
901379004 253928627 329020554
1000000000 1000000000 1000000000
1223614 136616755 47529916
83411704 281400586 106735114
782182612 606995459 908569395
1000000000 1000000000 1000000000
550492612 239470462 859311067
1000000000 1000000000 1000000000
374202622 235371005 463559145
1000000000 1000000000 1000000000
55243457 262573650 37839659
64791069 434232136 86465807
13909969 368185653 13438172
21310590 601418308 47212543
191411526 707258609 862874743
1000000000 1000000000 1000000000
239691095 140329842 56006770
1000000000 1000000000 1000000000
45112150 6919747 86015687
104698995 334922792 88889793
22183391 124542356 29666920
133678453 198409148 106638368
198617630 199496629 49162129
1000000000 1000000000 1000000000
9296176 509752881 492497032
1000000000 1000000000 1000000000
360082580 8129673 32460810
464926620 12351607 38364849
77758409 621745607 21665785
111778399 871988866 21754607
120756799 4127137 215720025
161922282 27235711 352794740
2883851 35274298 93148836
5491796 207746991 567687836
46641590 652947624 39190631
94191016 966573322 48122635
547324451 221958098 819453
760894355 260424236 2005351
7117708 101426 270881519
178159405 1676888 876983402
54052699 496409609 20064181
73445724 603757953 109029766
854214647 710327909 409012937
1000000000 1000000000 1000000000
18514786 36798742 53661051
92804075 251506271 83357972
136544950 3779926 2664698
546395371 16680665 143117575
69167446 589326138 244545658
1000000000 1000000000 1000000000
68131583 353009506 34850035
81319915 365738083 119045412
324785217 709063630 938152962
1000000000 1000000000 1000000000
251267525 100447620 865399666
1000000000 1000000000 1000000000
865737258 666003153 837442546
1000000000 1000000000 1000000000
31579217 103373355 41469582
74251101 271610167 77690609
445875626 838189111 9618744
1000000000 1000000000 1000000000
435014683 394687850 525473069
1000000000 1000000000 1000000000
455796728 109147151 790209005
1000000000 1000000000 1000000000
46098952 60648 39283102
137283178 25013669 376914095
158178881 653246244 455223929
1000000000 1000000000 1000000000
125468285 933280 133028132
176104797 16007678 238769858
194313212 436211539 928238
1000000000 1000000000 1000000000
663851869 836061479 189822717
1000000000 1000000000 1000000000
528867774 35955972 400440976
1000000000 1000000000 1000000000
15354641 55574117 69369983
30985039 696358763 92926332
4160956 39767985 112540533
20805410 52779864 361068988
470289718 640319735 130313487
1000000000 1000000000 1000000000
9286556 789630445 24008214
35794664 815976036 62032132
877625082 858241978 760828473
1000000000 1000000000 1000000000
69689381 60277676 3406892
927544838 107824578 5398688
615265216 967066412 588472464
1000000000 1000000000 1000000000
9797203 6341149 328986359
20141775 40047323 531808088
80733463 498918102 642518233
1000000000 1000000000 1000000000
581290213 713076387 356496196
1000000000 1000000000 1000000000
19772329 626612874 46271566
54983950 973137384 76933630
704553188 1480432 312425130
1000000000 1000000000 1000000000
17892094 632146855 4814608
30100121 732037862 75708482
602536317 580684470 330395410
1000000000 1000000000 1000000000
96222007 3846669 278275267
407588153 10861443 320066766
658209802 102792447 201671975
1000000000 1000000000 1000000000
708056315 988146385 448830471
1000000000 1000000000 1000000000
4126701 220110298 758484530
1000000000 1000000000 1000000000
55240461 365904001 27924367
116887903 510352178 51361724
56479935 370084295 38729893
105223116 626192454 42408509
22922731 524212685 28515405
23079998 597979291 39414973
60816546 120461037 17355512
98852499 801480398 43134114
824806731 406224444 245782597
1000000000 1000000000 1000000000
517607173 46549455 250359582
1000000000 1000000000 1000000000
1407576 383365104 224209348
3596648 649920536 224702123
738719888 442815140 30329663
1000000000 1000000000 1000000000
119221271 20597434 134013638
129254757 31975628 237337416
10915173 375492360 10070373
133875294 885573103 13770496
10436881 427879610 19589920
74487695 953927145 69735810
2231338 358454146 33443695
46713807 530282958 60612438
186555484 576054 262016975
627439564 9604573 278640379
46336677 312047452 14627302
82794474 623821608 14808535
402013173 406779074 286218276
1000000000 1000000000 1000000000
29694196 391504721 31324447
114925451 547793103 41600267
781418628 816959767 1540297
1000000000 1000000000 1000000000
224835672 1764404 61924732
341814739 10386156 159185888
60549029 715143975 8477376
76668826 952199974 18332151
26550622 308332957 39628460
84324449 499064799 39859013
27461380 36467381 66166599
54700008 737361647 97170619
734408574 288924138 861492756
1000000000 1000000000 1000000000
33253836 204090050 109908680
122993674 431076238 123457803
672489634 844297 16489749
819564326 7842140 160642979
359458635 515879304 62079818
1000000000 1000000000 1000000000
931044634 474975911 926553304
1000000000 1000000000 1000000000
1903927 8211233 322282286
1983521 202715927 772429461
969731126 949586126 826845729
1000000000 1000000000 1000000000
384350362 256596988 818192474
1000000000 1000000000 1000000000
109902712 569261308 16416822
115011551 710601045 38204969
152716530 731627498 272698572
1000000000 1000000000 1000000000
97872973 221614693 29883208
99547661 357553077 115480983
84600403 470088237 3751733
90541070 680050352 8294674
188427620 13209488 65049644
371569907 16078775 256170982
32250673 145182776 43212842
78637930 556526051 53292856
25432451 415549396 25881961
79135260 698204335 71945096
270605109 126403522 439471278
1000000000 1000000000 1000000000
31915 904634643 61343016
54572063 907178028 81212051
595760036 627932402 953157191
1000000000 1000000000 1000000000
294302287 909798262 245093001
1000000000 1000000000 1000000000
57099318 150026169 52480386
57560704 636374345 95125345
4090748 752311646 81757733
1000000000 1000000000 1000000000
883796015 398692628 483574625
1000000000 1000000000 1000000000
11323833 60872408 39171746
122799815 160785551 120257145
183634397 413614710 995294108
1000000000 1000000000 1000000000
36295010 524377776 14758108
91993286 974176898 30376573
132121735 454498438 475650437
1000000000 1000000000 1000000000
53803837 81383170 11054584
69509977 490620847 76051987
993246 183952890 61778219
3791472 386851576 222414295
58465192 170917076 6919366
103495053 426946214 80190432
450278364 444265 208560376
510673596 794662 241723154
3832595 31000995 154733584
151495741 50399748 165852837
71480850 342855392 84319817
89818172 418768522 110516482
520508777 232044073 422954735
1000000000 1000000000 1000000000
71954111 164469933 30094723
96992589 771873879 37596892
743812006 118335377 222479513
1000000000 1000000000 1000000000
246257911 302756173 608426095
1000000000 1000000000 1000000000
275631156 822410179 288806814
1000000000 1000000000 1000000000
821928075 586829502 712422532
1000000000 1000000000 1000000000
869893879 2658065 25866088
887182951 2760959 100992186
22640711 677117251 141514023
1000000000 1000000000 1000000000
3944988 41985766 512169656
4886310 215071077 933072639
30416460 117563631 46237149
43668243 631513540 92035622
258889464 582798291 36075559
1000000000 1000000000 1000000000
609094971 4111062 28661238
743318172 12923108 307785031
30419616 228237884 48314475
69818487 651338418 114701999
9354054 680570905 129217078
1000000000 1000000000 1000000000
322381648 679467405 657984194
1000000000 1000000000 1000000000
34513617 372109908 23999068
38084024 659038951 121792393
629429259 77942033 208674887
1000000000 1000000000 1000000000
72368876 252883138 29559587
79356817 509467458 34301523
129935131 577075843 247122741
1000000000 1000000000 1000000000
4641313 155016251 27929392
65269777 286663533 86988197
493425801 592967166 19075654
1000000000 1000000000 1000000000
41282705 923952237 10489213
67037689 957345474 44956431
172909700 128858411 334084289
1000000000 1000000000 1000000000
83281385 22913442 4225746
141856343 39217670 135756938
7193632 53589898 130150780
1000000000 1000000000 1000000000
135558710 174690893 9382550
1000000000 1000000000 1000000000
53473770 65833508 26914616
92179775 305402511 123505153
959854736 911970884 783183682
1000000000 1000000000 1000000000
320611117 352347592 751915913
1000000000 1000000000 1000000000
17559 99801440 25341781
20140640 175716657 63684364
623676599 745910223 704098977
1000000000 1000000000 1000000000
33776861 73615233 22919617
96475640 253569826 49804358
105238617 9044857 324035875
553322249 13084908 375247039
618438304 596369068 204615398
1000000000 1000000000 1000000000
8951139 778152841 108313436
1000000000 1000000000 1000000000
228750243 1742873 4284600
394792918 8131297 269360392
2669681 238342987 19127882
4625660 384094930 101169889
244894856 588044679 76839723
1000000000 1000000000 1000000000
43137569 460298159 64423462
69419314 700373852 74896242
883532166 865424786 599409647
1000000000 1000000000 1000000000
8228450 127322008 8025449
42834909 328858833 90853206
16131125 102519787 24602937
92728250 208386869 32259023
741425342 51850053 247401588
1000000000 1000000000 1000000000
96358589 419460839 33937213
107829168 798011433 45559997
37205926 634232339 79373184
42707451 652233300 84552979
532503020 627769202 615345039
1000000000 1000000000 1000000000
244412220 150656325 17413407
1000000000 1000000000 1000000000
918132872 412763768 613701705
1000000000 1000000000 1000000000
78520099 529109547 804668135
1000000000 1000000000 1000000000
31751654 359737046 17755578
40189982 728289769 46688688
639313724 622517482 931931421
1000000000 1000000000 1000000000
656105363 933496648 817847141
1000000000 1000000000 1000000000
933330868 441627785 526312405
1000000000 1000000000 1000000000
828074290 1193313 177876272
1000000000 1000000000 1000000000
122976887 194151995 31686229
124535241 200799904 83958072
707502557 288541687 323912703
1000000000 1000000000 1000000000
304297661 676688552 543314515
1000000000 1000000000 1000000000
907183709 221155183 972252435
1000000000 1000000000 1000000000
40739341 301400177 80753597
71158746 552934813 110108883
830981419 263239453 862805935
1000000000 1000000000 1000000000
68156221 525189030 13946991
90484574 531607991 23082889
531186497 478002541 668938981
1000000000 1000000000 1000000000
17435242 174050366 949047
44707706 215839761 120781341
317907241 29568843 444072261
1000000000 1000000000 1000000000
19547128 451566667 39303421
69885402 540618074 39775704
87156166 682845602 259981404
1000000000 1000000000 1000000000
47703892 298815918 68302180
57973350 781278782 72030772
804978475 810254206 735271964
1000000000 1000000000 1000000000
105211375 389326367 12374423
128563876 428410438 58587507
161185486 850162859 390907642
1000000000 1000000000 1000000000
3467891 223087223 252490367
1000000000 1000000000 1000000000
63560472 381614989 17570406
89625214 468500906 51669188
731604306 846387569 211926403
1000000000 1000000000 1000000000
926100434 455535663 885177068
1000000000 1000000000 1000000000
772157903 695807433 185707075
1000000000 1000000000 1000000000
127129675 324311446 268570938
1000000000 1000000000 1000000000
73323266 666267273 191313733
1000000000 1000000000 1000000000
207773577 587823635 395364882
1000000000 1000000000 1000000000
42704651 355816192 57467316
54651817 747497820 66866684
79857153 439185336 57829247
1000000000 1000000000 1000000000
80601781 570221492 544319
85819293 967274897 48889590
18657537 233590966 90705246
24244990 383576804 96041206
30985220 493986520 2827692
92022990 730306421 54495473
15569615 149125065 50540117
72517938 293297691 83185764
895214181 568232113 744439987
1000000000 1000000000 1000000000
24712182 355829264 19144807
43949572 468177866 93543691
703876697 48904196 732040310
1000000000 1000000000 1000000000
26883187 760267593 17123007
64031098 817411167 74216316
4839801 9481776 154793551
742722382 9934223 238487154
95934354 474849519 68218246
1000000000 1000000000 1000000000
222375294 836516690 411731212
1000000000 1000000000 1000000000
334569617 2456853 38155306
344108648 11172437 72494430
631589610 276556893 583624170
1000000000 1000000000 1000000000
24841396 138399377 14570548
52851696 251583612 95085766
136207194 321272885 923128304
1000000000 1000000000 1000000000
714470542 990770554 792397745
1000000000 1000000000 1000000000
23183362 127015108 73663528
35781465 555973623 116802944
3028979 434894262 12174025
68887130 570187561 20700887
289057036 11722512 144709586
340046224 14733589 234922184
548749657 563272519 31512459
1000000000 1000000000 1000000000
117401970 24916362 719108388
1000000000 1000000000 1000000000
62016922 510282756 33164457
69576721 641939957 89030733
551846197 533354606 353646092
1000000000 1000000000 1000000000
913188085 35001 70432592
990774677 244396 168625176
997932298 210984144 775346488
1000000000 1000000000 1000000000
78679087 580114464 6834258
80281435 930395174 34607880
470429699 252620199 258459953
1000000000 1000000000 1000000000
160546441 841284917 391195806
1000000000 1000000000 1000000000
938918281 880738316 547877450
1000000000 1000000000 1000000000
15831705 13309270 24689451
21795086 680743734 77442001
758299033 197165555 323103591
1000000000 1000000000 1000000000
436400797 671052804 706860643
1000000000 1000000000 1000000000
5790029 435429480 3729561
78150417 992128837 29785109
331343712 980424365 933329654
1000000000 1000000000 1000000000
62811218 762121291 14607270
96432163 819529996 54245860
0 0 0
56542721 949383627 70916239
183453168 265560 112825516
570026291 8013727 326260397
120269827 225793495 42454107
120544588 829315326 57467347
21408263 671216059 499890334
1000000000 1000000000 1000000000
11575335 268896187 17121322
104392904 803758473 18257226
90697162 55522301 983834564
1000000000 1000000000 1000000000
788875638 157159999 770741748
1000000000 1000000000 1000000000
20963222 28677758 247913651
103882122 45706217 248080001
122359037 794639318 327477083
1000000000 1000000000 1000000000
1168733 27322311 17363482
16835778 167986634 122600653
37046934 486685473 22182574
49664700 862788780 34217484
575212 297203933 6464584
4699238 610390106 224451418
24545589 507192008 32588783
39580798 747030226 92060798
743477337 998867598 105209506
1000000000 1000000000 1000000000
52008039 91811796 632590186
1000000000 1000000000 1000000000
75313292 527390747 575685110
1000000000 1000000000 1000000000
360507494 209157183 569573987
1000000000 1000000000 1000000000
478783763 275009858 139493404
1000000000 1000000000 1000000000
14161482 339357277 95789559
15458518 714818826 101698550
429269713 433842249 819857586
1000000000 1000000000 1000000000
150498462 694072721 634644164
1000000000 1000000000 1000000000
85088998 209932742 1093772
102161149 598634842 30484201
675741327 986385651 969554299
1000000000 1000000000 1000000000
33396797 219726749 7618220
84767539 365844023 84661545
248088618 199212972 4484703
916079455 305706195 4929419
132338716 77259644 229017902
1000000000 1000000000 1000000000
417647290 9056287 23100863
527286920 15086850 141492929
16298626 635080162 63416730
57565024 932437066 75670867
765276448 824746543 820509608
1000000000 1000000000 1000000000
360698968 577702520 497694765
1000000000 1000000000 1000000000
351630106 13185845 81062222
739735006 14030416 113720734
698788132 296674343 904616269
1000000000 1000000000 1000000000
49495307 487346704 39199387
70472058 961267912 48000599
7294234 469201415 9731779
105974725 888763521 10485649
660178190 302319742 335165315
1000000000 1000000000 1000000000
396649341 805372076 541948385
1000000000 1000000000 1000000000
472267139 800269772 357625125
1000000000 1000000000 1000000000
547255915 636502191 118222590
1000000000 1000000000 1000000000
46090641 438688111 47212910
69692338 561374223 118934073
235331094 341702314 682107007
1000000000 1000000000 1000000000
16380620 24998003 671676756
1000000000 1000000000 1000000000
529909554 137885068 756030411
1000000000 1000000000 1000000000
68946263 749430 5316774
672750024 15752274 42162370
119707421 335019923 109762497
121031665 432711747 121309087
746856055 693692664 488477444
1000000000 1000000000 1000000000
80158672 365315488 2040708
103902044 751831346 18169402
313875277 288777868 73844954
1000000000 1000000000 1000000000
19946227 308582187 64981854
111128503 362545810 77510948
707549234 80787346 851800589
1000000000 1000000000 1000000000
57970102 161691278 32482454
73763982 519505240 106868167
82340735 222000298 6615233
91973214 483578068 38712610
14779167 67088027 84534870
150100751 124748670 116988587
897132369 380238544 751147216
1000000000 1000000000 1000000000
398019785 653011266 494264902
1000000000 1000000000 1000000000
990566002 987488075 966268852
1000000000 1000000000 1000000000
741981716 829922133 508206767
1000000000 1000000000 1000000000
28297058 183699791 108103462
33847794 711031209 125067099
353729417 797076192 334145599
1000000000 1000000000 1000000000
373335461 2247114 70656632
771406554 14602911 152556563
29770570 334973271 10392086
49178959 602485623 51329950
336875723 836440311 420991866
1000000000 1000000000 1000000000
37356747 532142214 77150681
41642227 757359855 77951345
745528446 302301810 819447930
1000000000 1000000000 1000000000
44789927 7100964 143357361
276995237 14066414 152980200
59725382 315731265 12098833
98280823 443270877 27110381
20844685 153822800 80545212
38042565 584961670 98372930
766906660 877330285 313733978
1000000000 1000000000 1000000000
97907524 857795245 3627856
101821615 882254893 25051966
358090969 333766272 453404
465996972 416901855 1720686
487952631 10013689 42456540
816646281 14380435 113649718
797670676 324969422 392288546
1000000000 1000000000 1000000000
108485987 108307730 72627856
132830820 201116999 115808624
16467463 736332401 5207770
61299975 843701641 9501723
26038899 958915914 483420093
1000000000 1000000000 1000000000
25508324 102068245 4178232
81279573 356895946 79124379
146980147 278351651 79471
205800238 541439174 602429
102862102 116434134 39664731
118187018 786269440 52513549
424724 499982084 7636789
96611989 740932130 16037872
826849210 757422145 612816633
1000000000 1000000000 1000000000
208191074 436780394 714470976
1000000000 1000000000 1000000000
222360953 709750131 732636322
1000000000 1000000000 1000000000
114948690 596207090 881094241
1000000000 1000000000 1000000000
599702491 897589655 169124350
1000000000 1000000000 1000000000
160328729 633261107 488981161
1000000000 1000000000 1000000000
882197261 94837307 956670054
1000000000 1000000000 1000000000
483516290 974258172 368423525
1000000000 1000000000 1000000000
24617631 55304329 5931759
110167271 312488486 76490950
381962207 5094192 32835331
533828450 8713985 272989380
35897592 91255812 6286762
73430077 898684738 21704341
523655798 377373789 379941518
1000000000 1000000000 1000000000
1118009 74633371 27257811
91108317 129881933 87583498
75440990 90530371 45945314
130550356 206059881 91610243
314471340 659697 109732338
660436143 9545172 266798766
82410807 356690153 748915480
1000000000 1000000000 1000000000
218963131 309515843 407297382
1000000000 1000000000 1000000000
171566478 7485028 194913135
390449076 13702267 230187140
12119871 638607018 24139728
15567878 705560543 100434826
6975009 102443320 766372
126713929 530283774 5613301
365008463 242803967 550909416
1000000000 1000000000 1000000000
58156134 210530428 868533
126998937 451955856 42151809
912256657 463931342 771942768
1000000000 1000000000 1000000000
428582745 100640411 94019728
1000000000 1000000000 1000000000
79710853 577059924 35904931
86016075 927979384 42016071
878682046 390852339 954433835
1000000000 1000000000 1000000000
126453869 468383894 276120589
1000000000 1000000000 1000000000
825074621 13760982 9160665
832326686 16628168 42066899
957722323 571493865 713989749
1000000000 1000000000 1000000000
18250645 396688365 83601562
69084343 636080175 121836743
164683948 935745 117053151
258945576 8360871 173939394
11567071 54482690 1834119
99209792 405282441 92778367
19668476 703645449 41783496
69440173 924878434 52836616
107371491 164649993 66677083
116352803 184963526 93810528
86645998 133162219 68087733
128834340 157320141 68610671
333574014 916015458 26329344
1000000000 1000000000 1000000000
813936983 994620099 443156124
1000000000 1000000000 1000000000
743413918 910150186 419363140
1000000000 1000000000 1000000000
213661823 375578354 862091557
1000000000 1000000000 1000000000
881689831 139849975 325899958
1000000000 1000000000 1000000000
903984128 253500069 820742673
1000000000 1000000000 1000000000
8756995 102993342 22161429
65053998 417594377 86366407
237059105 1693475 40598527
414176135 8522124 131806792
252686 259193896 383488534
1000000000 1000000000 1000000000
633749328 955157888 336312585
1000000000 1000000000 1000000000
50167862 969633486 673095854
1000000000 1000000000 1000000000
104267858 5039937 334622033
393460418 16729969 366659165
71402895 169180316 38725519
83414791 437588116 78709325
559140901 386784910 406038221
1000000000 1000000000 1000000000
298758137 11988441 10924780
484570933 14451361 28599525
60389017 83142070 9853741
143579445 165605699 48309385
404837169 992103459 758921093
1000000000 1000000000 1000000000
7635310 635122045 18576293
116971037 731177137 27045100
6013405 777654816 30215545
17756302 826841560 74068135
381275413 462224103 731971658
1000000000 1000000000 1000000000
775884207 752896872 283003174
1000000000 1000000000 1000000000
6117532 33496572 659231665
6175396 72636430 717055841
57717841 548787994 40253180
79212349 570562931 92021433
49005922 91230916 11814428
133062297 797645749 29018325
742265460 595203901 323856915
1000000000 1000000000 1000000000
16150441 96666733 64037293
65191341 502105242 114771953
37216583 770953588 24247302
94519638 837429775 33903502
855781768 940584489 36134548
1000000000 1000000000 1000000000
4990330 687069029 59719397
24647483 706789893 93690989
406305872 552023316 317995070
1000000000 1000000000 1000000000
5168594 207874534 38101572
19678290 513605882 64283761
497117550 689010295 77292966
1000000000 1000000000 1000000000
221202962 801527357 867627192
1000000000 1000000000 1000000000
17251465 678233657 2125665
115689931 950910483 33881665
819601111 627287061 504520046
1000000000 1000000000 1000000000
188040549 774934627 60236445
1000000000 1000000000 1000000000
33454742 156796556 29378299
60205466 438793853 32626484
983440808 88675364 678010909
1000000000 1000000000 1000000000
79445410 369658607 8361653
118242418 470702202 31711813
37143707 98022018 2026278
500116452 405951253 2321401
46132801 761842324 22064249
74170355 961794465 50959258
52438335 449746336 43888544
77269453 704610924 101044883
815751144 640457852 830900026
1000000000 1000000000 1000000000
110013966 9423731 117898011
264749918 11191467 141451091
32877615 317797178 13798959
48872816 477866091 83041915
961061208 928245940 289740122
1000000000 1000000000 1000000000
582259726 269590899 312072899
1000000000 1000000000 1000000000
10432387 22629431 7067206
130144345 59405650 57483065
43830788 360119157 66020919
69621366 620418844 70268242
121517886 801248145 26999962
1000000000 1000000000 1000000000
276997634 950445485 207627653
1000000000 1000000000 1000000000
