1000 3
3033367 335283537 299155355
3408963 396903237 374681285
807184821 569125215 308221839
1000000000 1000000000 1000000000
553350611 79051343 163925876
1000000000 1000000000 1000000000
903080531 114306096 957748260
1000000000 1000000000 1000000000
429196162 656576931 97508865
1000000000 1000000000 1000000000
841697409 114564522 233002414
1000000000 1000000000 1000000000
244482932 690113920 22064453
1000000000 1000000000 1000000000
822987301 205813344 694507098
1000000000 1000000000 1000000000
921650247 198682650 679025501
1000000000 1000000000 1000000000
649397855 640938689 546166701
1000000000 1000000000 1000000000
707211415 476182417 961642616
1000000000 1000000000 1000000000
278347197 350593564 419821840
1000000000 1000000000 1000000000
99924597 476219157 651148521
1000000000 1000000000 1000000000
226729500 3285494 311866184
1000000000 1000000000 1000000000
300341488 811472221 566420631
1000000000 1000000000 1000000000
668519427 515331071 91235442
1000000000 1000000000 1000000000
349751454 773961926 788028818
1000000000 1000000000 1000000000
67579709 310925388 692441170
1000000000 1000000000 1000000000
417469555 99478891 966730397
1000000000 1000000000 1000000000
417342184 152566170 123779479
1000000000 1000000000 1000000000
279229899 859260133 109224783
1000000000 1000000000 1000000000
632939095 609970268 510784908
1000000000 1000000000 1000000000
537544356 37995832 537989829
1000000000 1000000000 1000000000
176218923 543736263 544670128
1000000000 1000000000 1000000000
74119520 21407930 730084869
88688431 27896851 741942228
482232584 830984775 30842701
1000000000 1000000000 1000000000
871246423 522484172 271945153
1000000000 1000000000 1000000000
207442227 588474445 467069668
1000000000 1000000000 1000000000
601754448 999956327 285719470
1000000000 1000000000 1000000000
127952670 491655616 587009673
1000000000 1000000000 1000000000
396519551 898368242 586521121
1000000000 1000000000 1000000000
837516185 465470357 570220949
1000000000 1000000000 1000000000
658007401 304415930 23635386
1000000000 1000000000 1000000000
6656331 355382656 210847940
1000000000 1000000000 1000000000
718399998 555836580 968764023
1000000000 1000000000 1000000000
950111004 341283304 314595367
1000000000 1000000000 1000000000
644582116 252292148 941073760
1000000000 1000000000 1000000000
225114301 467732110 846290393
1000000000 1000000000 1000000000
991411398 47212186 728483328
1000000000 1000000000 1000000000
838219302 350968391 236765084
1000000000 1000000000 1000000000
743921291 690828532 641253576
1000000000 1000000000 1000000000
329093373 969627328 815268118
1000000000 1000000000 1000000000
54518613 420282481 345043724
1000000000 1000000000 1000000000
100036796 145216841 245393599
1000000000 1000000000 1000000000
829398859 396145012 484555154
1000000000 1000000000 1000000000
528468008 111558641 886929762
1000000000 1000000000 1000000000
131913171 785132175 456161676
1000000000 1000000000 1000000000
69882181 11386880 66445168
259225349 21097814 138780154
333164168 724205448 562686577
1000000000 1000000000 1000000000
816037114 793802026 782646311
1000000000 1000000000 1000000000
215460419 202656721 203733047
1000000000 1000000000 1000000000
637063513 981542362 669294845
1000000000 1000000000 1000000000
574002220 978790116 272998738
1000000000 1000000000 1000000000
391475505 639161831 955093859
1000000000 1000000000 1000000000
242307761 384682415 760225181
1000000000 1000000000 1000000000
556965347 424418711 476850152
1000000000 1000000000 1000000000
369988411 120456040 285379994
1000000000 1000000000 1000000000
78873030 93105729 35362529
1000000000 1000000000 1000000000
283170962 350983885 685302949
1000000000 1000000000 1000000000
6555034 402606733 137255212
6991990 864895916 177620149
284738870 331174326 562634381
1000000000 1000000000 1000000000
290313007 658529166 66832657
1000000000 1000000000 1000000000
462167342 499371225 557789053
1000000000 1000000000 1000000000
570788599 369030143 318640714
1000000000 1000000000 1000000000
639370390 505074192 589666838
1000000000 1000000000 1000000000
445729493 403373222 183502105
1000000000 1000000000 1000000000
172156866 34734675 25365428
727564152 55176235 26139872
935264877 984171813 294488206
1000000000 1000000000 1000000000
598669190 641662253 724454250
1000000000 1000000000 1000000000
656335814 950529583 738867638
1000000000 1000000000 1000000000
848685619 502030727 111519237
1000000000 1000000000 1000000000
397932269 476607439 883646119
1000000000 1000000000 1000000000
413947226 895885191 45428019
1000000000 1000000000 1000000000
715779505 473324849 841804950
1000000000 1000000000 1000000000
489508507 464512318 922848915
1000000000 1000000000 1000000000
212679272 629275484 539045185
1000000000 1000000000 1000000000
855600633 520669640 827911291
1000000000 1000000000 1000000000
458780358 44587055 375767448
1000000000 1000000000 1000000000
341173980 942244254 241268383
1000000000 1000000000 1000000000
36891968 5669154 40571589
56244599 13061465 205914931
425927568 128045192 27376363
1000000000 1000000000 1000000000
105255460 210297525 143165540
1000000000 1000000000 1000000000
263643126 873166633 496503297
1000000000 1000000000 1000000000
980769276 711109812 855472457
1000000000 1000000000 1000000000
228771639 328429190 121753469
1000000000 1000000000 1000000000
800038080 398535189 436568504
1000000000 1000000000 1000000000
2947834 375053626 243415560
4443442 861791803 246389392
74408464 1743856 626990876
167228436 1924252 999724341
245121383 93209176 851772180
1000000000 1000000000 1000000000
41033032 10809290 50979861
309904645 24420539 196443732
80207619 503225320 511446436
1000000000 1000000000 1000000000
437661649 585266994 154514043
1000000000 1000000000 1000000000
730830434 28856085 1396898
817310591 34160168 14102387
312346512 131184579 757040170
1000000000 1000000000 1000000000
329869194 466122387 34344121
1000000000 1000000000 1000000000
161723935 32320092 62270790
286845694 34178890 159371363
416802046 7350125 577942014
1000000000 1000000000 1000000000
1732428 45413378 38140350
1782910 408573613 642969301
768689325 593248839 600304123
1000000000 1000000000 1000000000
634986891 913026413 783824773
1000000000 1000000000 1000000000
892043512 505796606 958151418
1000000000 1000000000 1000000000
866486878 422413410 40658267
1000000000 1000000000 1000000000
300124604 857318738 237964329
1000000000 1000000000 1000000000
448035700 703323115 311565011
1000000000 1000000000 1000000000
271901897 98214570 655631439
1000000000 1000000000 1000000000
162274186 216999253 186763781
1000000000 1000000000 1000000000
596464489 279886282 402859629
1000000000 1000000000 1000000000
243016244 669746194 640352246
1000000000 1000000000 1000000000
365112793 503958510 907774091
1000000000 1000000000 1000000000
606091512 944512957 675331289
1000000000 1000000000 1000000000
662499884 703644720 923272360
1000000000 1000000000 1000000000
649169939 631370578 575034388
1000000000 1000000000 1000000000
532788982 34440795 171363792
1000000000 1000000000 1000000000
589673106 550988213 176431517
1000000000 1000000000 1000000000
563113034 223141997 909126590
1000000000 1000000000 1000000000
982975974 440907807 332337254
1000000000 1000000000 1000000000
986450546 451485708 895255939
1000000000 1000000000 1000000000
25293236 235714236 117690712
1000000000 1000000000 1000000000
504144174 2229374 871212476
1000000000 1000000000 1000000000
212286136 952767442 558284659
1000000000 1000000000 1000000000
414835386 177051896 120109745
1000000000 1000000000 1000000000
125320060 959345294 848399010
1000000000 1000000000 1000000000
353734139 323574993 154786353
1000000000 1000000000 1000000000
237113264 8898855 188652180
291549958 33056138 298257459
154297980 136347487 751204791
1000000000 1000000000 1000000000
57634909 2381902 8933801
76951279 26771980 82276417
203227263 342988460 764254302
1000000000 1000000000 1000000000
113908243 589023131 224902907
1000000000 1000000000 1000000000
630816087 940747908 919023885
1000000000 1000000000 1000000000
444728906 728153695 786584528
1000000000 1000000000 1000000000
635433716 875149426 931655724
1000000000 1000000000 1000000000
634652067 367657118 382846335
1000000000 1000000000 1000000000
901375114 349901594 649225496
1000000000 1000000000 1000000000
397822 394914181 835131654
1000000000 1000000000 1000000000
379990396 288004257 565613381
1000000000 1000000000 1000000000
791374006 246458665 648410868
1000000000 1000000000 1000000000
790982011 833075012 199976479
1000000000 1000000000 1000000000
588276540 655506055 796413069
1000000000 1000000000 1000000000
890494736 952249 39246790
1000000000 1000000000 1000000000
862370722 370806210 589477289
1000000000 1000000000 1000000000
426469044 135151045 73461872
1000000000 1000000000 1000000000
340364255 700506789 704002029
1000000000 1000000000 1000000000
195077723 492578780 843914184
1000000000 1000000000 1000000000
540773375 123355832 620888253
1000000000 1000000000 1000000000
990913413 732494376 723243951
1000000000 1000000000 1000000000
107923079 698461685 651476514
1000000000 1000000000 1000000000
899469849 434621493 453040661
1000000000 1000000000 1000000000
10264176 13146540 101547588
89944007 14563223 437504786
448291718 756743993 899264006
1000000000 1000000000 1000000000
846926597 599164626 71575305
1000000000 1000000000 1000000000
955672224 770327688 382137449
1000000000 1000000000 1000000000
671351930 713417831 302029512
1000000000 1000000000 1000000000
466293309 315211113 222051363
1000000000 1000000000 1000000000
128174715 316548913 299536768
1000000000 1000000000 1000000000
586437903 16195953 455867482
1000000000 1000000000 1000000000
504934726 212377373 844070125
1000000000 1000000000 1000000000
602129037 409452893 345388788
1000000000 1000000000 1000000000
35770871 2613551 35344165
155487588 25880468 48424772
107105007 852887589 637634773
1000000000 1000000000 1000000000
20681562 309173114 497752
376746699 467139718 619399
851972487 862991214 791349354
1000000000 1000000000 1000000000
889169584 699469608 390451440
1000000000 1000000000 1000000000
688122998 531007711 843186272
1000000000 1000000000 1000000000
918235475 258164730 749069687
1000000000 1000000000 1000000000
951726689 743150127 280078033
1000000000 1000000000 1000000000
959964228 676551234 469613502
1000000000 1000000000 1000000000
316163879 26590164 560166508
1000000000 1000000000 1000000000
485898355 228288295 632092255
1000000000 1000000000 1000000000
973025004 556206288 352973387
1000000000 1000000000 1000000000
748839341 817644538 387980342
1000000000 1000000000 1000000000
969645579 619150988 372510945
1000000000 1000000000 1000000000
895061747 957602066 947073116
1000000000 1000000000 1000000000
545492810 71783592 527183391
1000000000 1000000000 1000000000
865852455 578739639 706569119
1000000000 1000000000 1000000000
190423868 748686325 778725813
1000000000 1000000000 1000000000
749390034 757121365 650767466
1000000000 1000000000 1000000000
256597818 908990672 331258613
1000000000 1000000000 1000000000
572378575 427864088 632698458
1000000000 1000000000 1000000000
865415441 466583846 841096163
1000000000 1000000000 1000000000
779971596 926872230 22034790
1000000000 1000000000 1000000000
221784222 61862218 895124108
1000000000 1000000000 1000000000
23590002 29942052 629930147
1000000000 1000000000 1000000000
931594758 637573360 175996622
1000000000 1000000000 1000000000
184438484 237984293 839948218
1000000000 1000000000 1000000000
107003426 547093699 142609714
1000000000 1000000000 1000000000
503022725 57507218 934973609
1000000000 1000000000 1000000000
338030813 399047722 797137113
1000000000 1000000000 1000000000
752417880 152966702 608320099
1000000000 1000000000 1000000000
996566239 447063684 231747456
1000000000 1000000000 1000000000
89305576 1422164 271931141
109050671 23748832 337227110
228517513 799369801 141396756
1000000000 1000000000 1000000000
832746652 43178574 976702383
1000000000 1000000000 1000000000
820440564 976504967 256926218
1000000000 1000000000 1000000000
943033623 159824949 322215910
1000000000 1000000000 1000000000
588083496 658668137 901040957
1000000000 1000000000 1000000000
263174121 578489522 565921049
1000000000 1000000000 1000000000
747009918 24560540 840155990
1000000000 1000000000 1000000000
744562632 232479455 130248790
1000000000 1000000000 1000000000
441509366 241801350 226623982
1000000000 1000000000 1000000000
673731760 604918874 594840246
1000000000 1000000000 1000000000
957329372 198690212 375609111
1000000000 1000000000 1000000000
144315530 460616126 236788453
1000000000 1000000000 1000000000
292988374 496703343 568092772
1000000000 1000000000 1000000000
754777431 877614048 361701154
1000000000 1000000000 1000000000
635070506 822745722 666761907
1000000000 1000000000 1000000000
368878838 706090261 282266379
1000000000 1000000000 1000000000
537810876 204303578 255083231
1000000000 1000000000 1000000000
27619960 686457630 591601500
1000000000 1000000000 1000000000
142351886 979140928 125691818
1000000000 1000000000 1000000000
312137188 441600662 206432546
1000000000 1000000000 1000000000
663083889 681780250 675425882
1000000000 1000000000 1000000000
36438328 25614586 65444363
140524934 32878738 236129899
174641725 760785615 54753393
1000000000 1000000000 1000000000
982077438 953434372 490296545
1000000000 1000000000 1000000000
696769198 703988450 75053005
1000000000 1000000000 1000000000
232300730 993271346 510927949
1000000000 1000000000 1000000000
481263702 912403973 706957499
1000000000 1000000000 1000000000
996391668 773791748 945096484
1000000000 1000000000 1000000000
605591 430846425 309188551
1000000000 1000000000 1000000000
771723713 400101004 66855233
1000000000 1000000000 1000000000
542931753 322403221 252775093
1000000000 1000000000 1000000000
638452330 825086661 39972607
1000000000 1000000000 1000000000
667739972 413206739 724074178
1000000000 1000000000 1000000000
231274187 959206242 206547853
1000000000 1000000000 1000000000
171077652 11318145 153993749
282402754 25939831 278188175
882677455 686861527 982058454
1000000000 1000000000 1000000000
54090499 1173108 9891631
175675722 27427315 265091639
123025539 316629980 256218915
1000000000 1000000000 1000000000
320499754 740006044 767745112
1000000000 1000000000 1000000000
17845983 194344673 892639980
1000000000 1000000000 1000000000
613412498 658665281 896455687
1000000000 1000000000 1000000000
190203426 310232345 679440684
1000000000 1000000000 1000000000
767017251 934887224 693400637
1000000000 1000000000 1000000000
92323113 280162979 154334974
1000000000 1000000000 1000000000
170850414 344963298 375320862
1000000000 1000000000 1000000000
308507624 265345926 681427135
1000000000 1000000000 1000000000
543466239 619398739 519585881
1000000000 1000000000 1000000000
690605392 743492587 305767154
1000000000 1000000000 1000000000
164435425 122149548 82050846
1000000000 1000000000 1000000000
147849702 827762940 118630592
1000000000 1000000000 1000000000
571730058 103457957 486615691
1000000000 1000000000 1000000000
915624343 878269516 407157642
1000000000 1000000000 1000000000
916235137 291359310 278234663
1000000000 1000000000 1000000000
551105368 867508292 992790882
1000000000 1000000000 1000000000
859925269 66333779 630160409
1000000000 1000000000 1000000000
111104455 289897225 834302862
1000000000 1000000000 1000000000
79904799 10079974 51716911
94883797 37268329 431482737
52387240 21386356 51646533
90203123 36906327 160451773
251789716 76995944 709777206
1000000000 1000000000 1000000000
551528028 437214319 545933006
1000000000 1000000000 1000000000
382718778 923115721 31242110
1000000000 1000000000 1000000000
742554882 180216408 50158558
1000000000 1000000000 1000000000
920395834 764931241 804739274
1000000000 1000000000 1000000000
659976572 270337985 789102583
1000000000 1000000000 1000000000
343219561 466147504 716573763
1000000000 1000000000 1000000000
784495957 943283195 330570333
1000000000 1000000000 1000000000
297652740 669826630 219844355
1000000000 1000000000 1000000000
90259282 554600430 691816174
1000000000 1000000000 1000000000
593580592 478226680 539936788
1000000000 1000000000 1000000000
900424300 430310863 337088421
1000000000 1000000000 1000000000
474279937 120407135 638439632
1000000000 1000000000 1000000000
32837969 11784756 41711303
39430332 28072596 694343521
259304684 248201938 910943282
1000000000 1000000000 1000000000
517763717 165723114 440432072
1000000000 1000000000 1000000000
629426116 438091820 435819136
1000000000 1000000000 1000000000
985628397 757057872 347128347
1000000000 1000000000 1000000000
537998004 530644157 794544927
1000000000 1000000000 1000000000
973804163 963205255 465251717
1000000000 1000000000 1000000000
57498665 867138988 739609427
1000000000 1000000000 1000000000
751834111 914743905 632099106
1000000000 1000000000 1000000000
90757380 510179640 226357796
1000000000 1000000000 1000000000
597709274 47486747 85154462
1000000000 1000000000 1000000000
871917068 221049027 48673488
1000000000 1000000000 1000000000
916039799 641341492 26540419
1000000000 1000000000 1000000000
355536738 896262508 735834562
1000000000 1000000000 1000000000
425998839 708963841 523125762
1000000000 1000000000 1000000000
709062071 706072803 466757848
1000000000 1000000000 1000000000
167478840 10665294 597934726
1000000000 1000000000 1000000000
175597286 625506375 978914080
1000000000 1000000000 1000000000
228995950 629133570 218951232
1000000000 1000000000 1000000000
8411675 30280005 596397234
21117846 31677218 859987177
12768974 40732827 27360618
1000000000 1000000000 1000000000
560826549 620128497 592144482
1000000000 1000000000 1000000000
77759516 17873453 191153687
81420756 35606760 520338016
886924261 253129129 437609994
1000000000 1000000000 1000000000
958421228 149521963 945191393
1000000000 1000000000 1000000000
167412996 709313534 835246687
1000000000 1000000000 1000000000
310202997 479140125 794586963
1000000000 1000000000 1000000000
392559306 343987994 415399697
1000000000 1000000000 1000000000
735942616 409629324 3420127
1000000000 1000000000 1000000000
1696735 25523410 88305533
60203783 26725380 250413373
827202816 625474286 873878852
1000000000 1000000000 1000000000
458203354 715908039 759344489
1000000000 1000000000 1000000000
245514354 954019869 251496435
1000000000 1000000000 1000000000
248967151 847181346 807282573
1000000000 1000000000 1000000000
16115582 339452753 489133908
1000000000 1000000000 1000000000
389579531 325241057 644216009
1000000000 1000000000 1000000000
140280358 37960833 618529608
1000000000 1000000000 1000000000
269729123 83702034 806647362
1000000000 1000000000 1000000000
824617217 275462231 415803809
1000000000 1000000000 1000000000
154290356 893214139 625898168
1000000000 1000000000 1000000000
141811741 3683077 578880574
1000000000 1000000000 1000000000
316192889 217473505 670329927
1000000000 1000000000 1000000000
862044960 402371243 362561637
1000000000 1000000000 1000000000
856196759 191407095 340774312
1000000000 1000000000 1000000000
744695005 447163889 518573085
1000000000 1000000000 1000000000
150206646 2095508 7659787
665844739 9794700 63368407
546660199 338018348 819163358
1000000000 1000000000 1000000000
187552006 838441265 848251324
1000000000 1000000000 1000000000
477900980 737634387 990379009
1000000000 1000000000 1000000000
855460887 85733619 744558580
1000000000 1000000000 1000000000
188203480 584474537 771266160
1000000000 1000000000 1000000000
321449729 336865188 7838618
1000000000 1000000000 1000000000
40602000 37616807 187016339
1000000000 1000000000 1000000000
124120580 684321101 193542186
1000000000 1000000000 1000000000
574177784 401912512 430301179
1000000000 1000000000 1000000000
89146051 731890343 456863429
1000000000 1000000000 1000000000
152081781 19913856 174137634
254498334 32280403 267367051
310777944 772497617 724977179
1000000000 1000000000 1000000000
18506376 912502422 467334114
1000000000 1000000000 1000000000
528975099 468659162 183143639
1000000000 1000000000 1000000000
841160834 116061062 673323122
1000000000 1000000000 1000000000
264721674 46080299 977829816
1000000000 1000000000 1000000000
428144206 180249941 376080265
1000000000 1000000000 1000000000
69012532 843340170 34368001
1000000000 1000000000 1000000000
75398223 109496823 477321263
1000000000 1000000000 1000000000
477720022 897524872 722196808
1000000000 1000000000 1000000000
591444060 48085402 405692211
1000000000 1000000000 1000000000
476147372 950516605 431465200
1000000000 1000000000 1000000000
549619357 135758877 232402259
1000000000 1000000000 1000000000
710110297 954500703 737724076
1000000000 1000000000 1000000000
174365530 19231600 290247646
205666806 33634738 309096564
24026861 2514653 55417254
34799486 39998193 349609638
61022682 489058112 314316779
1000000000 1000000000 1000000000
132698490 11521889 718319445
1000000000 1000000000 1000000000
704885533 63695591 54295579
1000000000 1000000000 1000000000
375461157 915160842 657599784
1000000000 1000000000 1000000000
113131339 441171358 824551204
1000000000 1000000000 1000000000
709902602 812592456 181240650
1000000000 1000000000 1000000000
696965081 178327036 793679724
1000000000 1000000000 1000000000
5435717 102300831 113774670
7821285 115944113 772959789
8634662 489595976 646231694
1000000000 1000000000 1000000000
594156104 86327730 557941991
1000000000 1000000000 1000000000
857365821 643146840 209612787
1000000000 1000000000 1000000000
444551219 464793621 637362935
1000000000 1000000000 1000000000
752662403 298672451 76142002
1000000000 1000000000 1000000000
664518355 490265871 824344352
1000000000 1000000000 1000000000
293762851 123706506 217937554
1000000000 1000000000 1000000000
742130177 613075518 31919281
1000000000 1000000000 1000000000
120402565 146342889 50465857
1000000000 1000000000 1000000000
655250303 144514290 488750757
1000000000 1000000000 1000000000
974965458 800106503 944142787
1000000000 1000000000 1000000000
675882456 890642965 647765645
1000000000 1000000000 1000000000
332019603 940164334 939774958
1000000000 1000000000 1000000000
891714564 862086521 695278208
1000000000 1000000000 1000000000
73356241 24796086 708241183
88277934 28466195 730613995
554423515 941503593 628497431
1000000000 1000000000 1000000000
122676325 549534037 219256130
1000000000 1000000000 1000000000
0 0 0
500677931 14463267 50100189
937541319 245233950 653597397
1000000000 1000000000 1000000000
834558823 966896241 166870853
1000000000 1000000000 1000000000
208036653 638113505 923882031
1000000000 1000000000 1000000000
258036837 404087633 227346184
1000000000 1000000000 1000000000
626491866 491751034 681838327
1000000000 1000000000 1000000000
817156857 515157863 97620877
1000000000 1000000000 1000000000
242099373 139557329 245854779
1000000000 1000000000 1000000000
492580249 883410202 656721888
1000000000 1000000000 1000000000
592162561 451053090 556136061
1000000000 1000000000 1000000000
77045007 579790885 448460460
1000000000 1000000000 1000000000
199643060 878212558 247595431
1000000000 1000000000 1000000000
805151047 557968708 707817420
1000000000 1000000000 1000000000
721171581 523832768 444826314
1000000000 1000000000 1000000000
450913553 740702694 674170117
1000000000 1000000000 1000000000
820494472 906798210 935545348
1000000000 1000000000 1000000000
179169085 283047753 434629908
1000000000 1000000000 1000000000
439738207 902785178 103304484
1000000000 1000000000 1000000000
92204615 6109232 76767040
174314554 18375656 258988117
489616093 51649972 154469532
1000000000 1000000000 1000000000
104647896 82157344 919721695
1000000000 1000000000 1000000000
7705212 10810018 307784270
56240251 19689845 590689584
446704698 810522107 392777358
1000000000 1000000000 1000000000
344277624 753116682 74086874
1000000000 1000000000 1000000000
2745896 104050236 159322337
3934879 143563774 600600064
77028 81686931 125928073
4405367 169244338 334661716
310774136 123214167 832286564
1000000000 1000000000 1000000000
918391757 537155671 679365610
1000000000 1000000000 1000000000
109310518 731929826 388608953
1000000000 1000000000 1000000000
666682902 754791500 702638397
1000000000 1000000000 1000000000
642471245 900949381 524866809
1000000000 1000000000 1000000000
319359777 864810741 164638357
1000000000 1000000000 1000000000
124949022 105399610 576851215
1000000000 1000000000 1000000000
7964883 396259255 61725198
1000000000 1000000000 1000000000
804014609 508814192 977956401
1000000000 1000000000 1000000000
439419804 759571072 288565698
1000000000 1000000000 1000000000
185931211 955863340 267891755
1000000000 1000000000 1000000000
875092119 974473728 455036290
1000000000 1000000000 1000000000
767785167 17925685 76075220
1000000000 1000000000 1000000000
89342720 873596827 745299980
1000000000 1000000000 1000000000
465479531 201939782 636780057
1000000000 1000000000 1000000000
10817815 90297843 2514728
1000000000 1000000000 1000000000
724330238 840875001 910970073
1000000000 1000000000 1000000000
798865505 757156273 413699806
1000000000 1000000000 1000000000
144764386 398013337 819827706
1000000000 1000000000 1000000000
585766225 227459551 826248774
1000000000 1000000000 1000000000
692557542 300305526 866625044
1000000000 1000000000 1000000000
585616214 635848373 655305632
1000000000 1000000000 1000000000
152257898 381400746 752008517
1000000000 1000000000 1000000000
868914173 27407117 724417132
1000000000 1000000000 1000000000
32853595 972434648 927157845
1000000000 1000000000 1000000000
79078655 834201953 154878868
1000000000 1000000000 1000000000
389569340 153839699 584889889
1000000000 1000000000 1000000000
624150604 46646987 130238552
1000000000 1000000000 1000000000
152805694 863580804 147160600
1000000000 1000000000 1000000000
971271457 482886339 460440578
1000000000 1000000000 1000000000
773095296 938301179 992091571
1000000000 1000000000 1000000000
105572579 59430874 467704925
1000000000 1000000000 1000000000
513664997 333554170 406969373
1000000000 1000000000 1000000000
417442997 96300426 558420263
1000000000 1000000000 1000000000
162540739 4700144 16135260
207011319 39686594 40388731
243253443 833785855 858216022
1000000000 1000000000 1000000000
200336097 974485117 270023964
1000000000 1000000000 1000000000
565450055 652740436 589671156
1000000000 1000000000 1000000000
559739807 258248562 714493493
1000000000 1000000000 1000000000
776387914 838423790 312702566
1000000000 1000000000 1000000000
2136537 76964999 345716695
7970521 184722266 385887361
5407915 252771840 31122459
9906438 334498636 41011899
358671302 548632484 140586233
1000000000 1000000000 1000000000
156626925 420696372 790458033
1000000000 1000000000 1000000000
708963882 112422574 405831176
1000000000 1000000000 1000000000
628081958 257081160 710620887
1000000000 1000000000 1000000000
962087166 496189661 860256376
1000000000 1000000000 1000000000
239102040 149588864 775645794
1000000000 1000000000 1000000000
278399090 963269562 68233178
1000000000 1000000000 1000000000
671463268 322594259 899005669
1000000000 1000000000 1000000000
807768940 355374474 122543557
1000000000 1000000000 1000000000
45989859 143833705 886459874
1000000000 1000000000 1000000000
399843329 374267615 698644118
1000000000 1000000000 1000000000
747976767 306277836 754036319
1000000000 1000000000 1000000000
530302321 401231119 830409497
1000000000 1000000000 1000000000
239573424 904620899 424944583
1000000000 1000000000 1000000000
162463888 805578326 882228293
1000000000 1000000000 1000000000
209726931 600330411 499247945
1000000000 1000000000 1000000000
274490876 361872472 790584455
1000000000 1000000000 1000000000
529630876 481237410 706805702
1000000000 1000000000 1000000000
537367945 462866432 618623067
1000000000 1000000000 1000000000
599491420 515756351 389559988
1000000000 1000000000 1000000000
378707 157813823 250524147
1780320 550188265 285258578
488381864 959123766 512119092
1000000000 1000000000 1000000000
742485691 564319501 166561137
1000000000 1000000000 1000000000
637394231 842346718 509917364
1000000000 1000000000 1000000000
613874778 263342774 473935839
1000000000 1000000000 1000000000
991618302 486822346 459744009
1000000000 1000000000 1000000000
660570934 813613609 500828167
1000000000 1000000000 1000000000
610448825 711543797 884586524
1000000000 1000000000 1000000000
961072752 865757218 962812628
1000000000 1000000000 1000000000
674260870 230776101 914589362
1000000000 1000000000 1000000000
111307471 793666795 377206547
1000000000 1000000000 1000000000
693148475 625108575 907773182
1000000000 1000000000 1000000000
299654120 561726384 422881106
1000000000 1000000000 1000000000
159674291 335631058 224369988
1000000000 1000000000 1000000000
730422077 586431648 125095544
1000000000 1000000000 1000000000
10179572 911056246 619677519
1000000000 1000000000 1000000000
368716303 20100027 97121979
1000000000 1000000000 1000000000
762985571 938288287 159523306
1000000000 1000000000 1000000000
848262615 233972842 79737553
1000000000 1000000000 1000000000
339876834 178743031 941486226
1000000000 1000000000 1000000000
356391962 424408881 38819494
1000000000 1000000000 1000000000
297292855 437463917 422035247
1000000000 1000000000 1000000000
995724883 10987929 884362069
1000000000 1000000000 1000000000
2025560 118569193 44005352
4380663 522463003 196858002
24003242 622047946 393367574
1000000000 1000000000 1000000000
729348596 575042812 783678238
1000000000 1000000000 1000000000
963821000 429425944 939314301
1000000000 1000000000 1000000000
679934125 152836202 966957719
1000000000 1000000000 1000000000
678689367 97572453 182237430
1000000000 1000000000 1000000000
308553438 39498426 578115127
1000000000 1000000000 1000000000
641784378 663900998 662747707
1000000000 1000000000 1000000000
621848219 166565513 863399666
1000000000 1000000000 1000000000
734751525 499797811 921268749
1000000000 1000000000 1000000000
34380202 2990594 295271798
76764502 29143276 946408465
273348816 845467229 284094408
1000000000 1000000000 1000000000
3298418 911161029 39684652
1000000000 1000000000 1000000000
965478319 159418563 559321968
1000000000 1000000000 1000000000
506668119 444400928 222946249
1000000000 1000000000 1000000000
970600934 181627877 422866924
1000000000 1000000000 1000000000
567628322 921911996 329188392
1000000000 1000000000 1000000000
615345012 822228351 875629654
1000000000 1000000000 1000000000
176177990 14023452 46959502
284238039 38340593 82770125
136892727 677065309 251345455
1000000000 1000000000 1000000000
117711644 754885926 330188491
1000000000 1000000000 1000000000
309778250 275105878 929561389
1000000000 1000000000 1000000000
257625984 965433282 90359906
1000000000 1000000000 1000000000
662780089 29331809 214280070
1000000000 1000000000 1000000000
850988055 902337744 5957705
1000000000 1000000000 1000000000
114386344 13202395 240800188
228489771 26336704 290272187
184812606 651519744 167679269
1000000000 1000000000 1000000000
893619493 162291721 286990635
1000000000 1000000000 1000000000
370568234 405383634 720005290
1000000000 1000000000 1000000000
58890000 7771800 4851626
137301282 24186890 132564939
777879882 542994092 391833656
1000000000 1000000000 1000000000
851292621 394787268 714478782
1000000000 1000000000 1000000000
959252752 965119187 480954171
1000000000 1000000000 1000000000
28978383 17960659 598308027
49672054 20183198 602821261
931068997 136931937 765597784
1000000000 1000000000 1000000000
387752961 284362814 29101647
1000000000 1000000000 1000000000
286404979 743995795 239399148
1000000000 1000000000 1000000000
541218660 473627149 450700732
1000000000 1000000000 1000000000
116603858 294936663 285840388
1000000000 1000000000 1000000000
393553094 920807474 991697080
1000000000 1000000000 1000000000
409280687 409083217 958440734
1000000000 1000000000 1000000000
349848736 989172134 124810499
1000000000 1000000000 1000000000
494808261 605147347 334890446
1000000000 1000000000 1000000000
46392224 235839692 427009858
1000000000 1000000000 1000000000
137240426 822679446 125981101
1000000000 1000000000 1000000000
695332736 201902807 86521631
1000000000 1000000000 1000000000
972514844 303610583 638684106
1000000000 1000000000 1000000000
463291694 69927011 524674522
1000000000 1000000000 1000000000
67401773 271257814 558734949
1000000000 1000000000 1000000000
533367897 25193524 1271420
717666213 44890386 5047653
751281081 746669083 625021169
1000000000 1000000000 1000000000
103853973 4342119 453371369
1000000000 1000000000 1000000000
583224403 234015891 484244969
1000000000 1000000000 1000000000
351493316 171808726 927956135
1000000000 1000000000 1000000000
196761413 938330417 322966570
1000000000 1000000000 1000000000
10945836 323810272 416292304
1000000000 1000000000 1000000000
134553403 891344324 256588342
1000000000 1000000000 1000000000
903265354 523160903 866980336
1000000000 1000000000 1000000000
937662773 640944622 662424553
1000000000 1000000000 1000000000
709289727 415141205 813684404
1000000000 1000000000 1000000000
835102514 873909303 983364928
1000000000 1000000000 1000000000
625040418 844238816 164026232
1000000000 1000000000 1000000000
799358522 38919806 470147962
1000000000 1000000000 1000000000
862979394 358613686 187409316
1000000000 1000000000 1000000000
72904289 4119402 105342986
189388864 7825173 200275653
31795776 20415966 79931424
131563101 33319315 162224448
64530302 898274232 943303946
1000000000 1000000000 1000000000
19023927 21684450 1135647
133660976 31684380 170520142
727242451 91169276 515081112
1000000000 1000000000 1000000000
327181370 925966614 219378437
1000000000 1000000000 1000000000
537046100 878417576 562909514
1000000000 1000000000 1000000000
226612170 151226265 225716775
1000000000 1000000000 1000000000
679949533 846173212 274383028
1000000000 1000000000 1000000000
217163965 83907538 593321332
1000000000 1000000000 1000000000
498809048 418767 140341034
759941752 509667 983465312
290737474 3768534 591855609
1000000000 1000000000 1000000000
843538524 318356781 299050699
1000000000 1000000000 1000000000
414915505 62371311 251559802
1000000000 1000000000 1000000000
455133848 894676730 199367337
1000000000 1000000000 1000000000
54035741 195672504 830361
1000000000 1000000000 1000000000
982973584 125170933 902379866
1000000000 1000000000 1000000000
863849548 313241645 146974351
1000000000 1000000000 1000000000
944391819 76429593 620464332
1000000000 1000000000 1000000000
247914314 595772294 137646405
1000000000 1000000000 1000000000
129038804 378146067 837250862
1000000000 1000000000 1000000000
868098225 32945115 339154609
1000000000 1000000000 1000000000
574335613 626169512 221555969
1000000000 1000000000 1000000000
22733774 5580746 862869594
70960458 21349041 918323883
799297046 327800137 431098246
1000000000 1000000000 1000000000
680442974 714820451 593508238
1000000000 1000000000 1000000000
13680248 343492929 605633097
1000000000 1000000000 1000000000
139186787 959620677 622685434
1000000000 1000000000 1000000000
786733081 96585092 779399832
1000000000 1000000000 1000000000
744807193 819902733 564108645
1000000000 1000000000 1000000000
72062890 905621056 148355774
1000000000 1000000000 1000000000
475165675 526888980 498332891
1000000000 1000000000 1000000000
839504784 806718535 758324125
1000000000 1000000000 1000000000
676201324 2152089 30719803
868970149 2626497 42486555
508701475 439260209 32722875
1000000000 1000000000 1000000000
583404882 677770050 965978732
1000000000 1000000000 1000000000
121342379 165134282 997688733
1000000000 1000000000 1000000000
282403340 4312437 30942526
312402430 34742697 280268489
830404213 773829408 736392897
1000000000 1000000000 1000000000
647742136 103466733 719297399
1000000000 1000000000 1000000000
866724518 516907746 323061010
1000000000 1000000000 1000000000
9779496 12195214 297052191
48377625 23169997 590076427
664307034 339560102 44180342
1000000000 1000000000 1000000000
647197613 832802483 917119770
1000000000 1000000000 1000000000
162389379 462811 26148603
280679305 35474819 225395112
685444611 119840818 967924574
1000000000 1000000000 1000000000
515310716 565457021 67484065
1000000000 1000000000 1000000000
831965460 136635997 904812847
1000000000 1000000000 1000000000
842148655 685589977 612481432
1000000000 1000000000 1000000000
571162447 142781245 227907634
1000000000 1000000000 1000000000
777099603 211887009 791345770
1000000000 1000000000 1000000000
729558778 950313132 609428195
1000000000 1000000000 1000000000
12831888 612676044 558665626
1000000000 1000000000 1000000000
755942562 760592511 427793119
1000000000 1000000000 1000000000
786098722 662674470 144684308
1000000000 1000000000 1000000000
590455860 838070958 535249852
1000000000 1000000000 1000000000
106724900 244054561 916013986
1000000000 1000000000 1000000000
151873339 828794440 678286140
1000000000 1000000000 1000000000
493922669 142677746 796818493
1000000000 1000000000 1000000000
830623208 307156756 479610161
1000000000 1000000000 1000000000
953401256 234349094 791428613
1000000000 1000000000 1000000000
352074468 747818337 132057200
1000000000 1000000000 1000000000
212104985 247584517 161003753
1000000000 1000000000 1000000000
512088703 510174212 835598307
1000000000 1000000000 1000000000
353359926 818662362 584386432
1000000000 1000000000 1000000000
359883872 707369948 68702625
1000000000 1000000000 1000000000
710894659 620593659 580645685
1000000000 1000000000 1000000000
905662286 483053447 81421374
1000000000 1000000000 1000000000
758590950 926005624 873151554
1000000000 1000000000 1000000000
330224462 509209734 45649598
1000000000 1000000000 1000000000
127561287 20234874 102625290
175234734 28978088 159582785
946230133 292336746 892412307
1000000000 1000000000 1000000000
637093656 524527504 567687176
1000000000 1000000000 1000000000
985261754 973256141 456113190
1000000000 1000000000 1000000000
601388605 456236816 564439908
1000000000 1000000000 1000000000
801609161 333031686 130633707
1000000000 1000000000 1000000000
413264990 827572117 760904294
1000000000 1000000000 1000000000
614692734 996021642 471923619
1000000000 1000000000 1000000000
428913713 413141457 14041669
1000000000 1000000000 1000000000
63934836 219047710 818302676
1000000000 1000000000 1000000000
608614115 97930315 874061583
1000000000 1000000000 1000000000
939266669 275226583 435304508
1000000000 1000000000 1000000000
575355051 235834938 583395272
1000000000 1000000000 1000000000
112917513 40075749 45677108
1000000000 1000000000 1000000000
370040490 474423904 84634389
1000000000 1000000000 1000000000
113155879 4912007 110046147
300273051 28143477 207544849
993677889 996228365 988445263
1000000000 1000000000 1000000000
974537552 815561499 303196547
1000000000 1000000000 1000000000
506822472 871530632 896990864
1000000000 1000000000 1000000000
17850394 929690014 883578594
1000000000 1000000000 1000000000
905233668 563503379 615003100
1000000000 1000000000 1000000000
919852249 744262746 462965550
1000000000 1000000000 1000000000
972722471 433809418 993120291
1000000000 1000000000 1000000000
79585652 760441570 506118037
1000000000 1000000000 1000000000
977094853 415807522 705059269
1000000000 1000000000 1000000000
20750652 91925841 116211839
1000000000 1000000000 1000000000
753999763 819346449 565161009
1000000000 1000000000 1000000000
304810925 29500157 364103623
1000000000 1000000000 1000000000
131811910 80678443 71597470
1000000000 1000000000 1000000000
235859409 660817355 650540411
1000000000 1000000000 1000000000
960306665 558757771 822545410
1000000000 1000000000 1000000000
604346256 877846602 431349267
1000000000 1000000000 1000000000
12336530 180013571 386554248
1000000000 1000000000 1000000000
513457641 743473206 89883034
1000000000 1000000000 1000000000
469338750 866388051 969429075
1000000000 1000000000 1000000000
946634552 593889784 933903141
1000000000 1000000000 1000000000
191176684 7328858 125668774
194470303 27487381 296430378
246128292 271378712 491640395
1000000000 1000000000 1000000000
664051357 825851447 587938032
1000000000 1000000000 1000000000
6502307 92542390 97497452
6955713 192284991 632222152
959250927 710553573 184457963
1000000000 1000000000 1000000000
642479546 541962202 665684232
1000000000 1000000000 1000000000
2307899 172438638 261166348
3767070 243334575 482567984
497116875 134904476 807469966
1000000000 1000000000 1000000000
818393225 507858988 962771335
1000000000 1000000000 1000000000
72399190 768956944 720331353
1000000000 1000000000 1000000000
7260463 197219095 220324038
1000000000 1000000000 1000000000
329230908 716055139 194052453
1000000000 1000000000 1000000000
32289610 925737434 413314992
1000000000 1000000000 1000000000
175503257 825300758 839131740
1000000000 1000000000 1000000000
272493240 435003754 941933095
1000000000 1000000000 1000000000
121748644 992284654 940556102
1000000000 1000000000 1000000000
22142044 876978127 390574064
1000000000 1000000000 1000000000
680913628 787169835 847472435
1000000000 1000000000 1000000000
71094674 56062660 631530520
1000000000 1000000000 1000000000
480471953 72437231 179549037
1000000000 1000000000 1000000000
479901040 531904089 996826627
1000000000 1000000000 1000000000
332913195 775263929 698323327
1000000000 1000000000 1000000000
779623884 254741571 311144523
1000000000 1000000000 1000000000
52455307 289394892 232986235
1000000000 1000000000 1000000000
875931542 438650483 353670595
1000000000 1000000000 1000000000
634294826 444401505 628042944
1000000000 1000000000 1000000000
718220461 738648078 655975621
1000000000 1000000000 1000000000
229705251 283832048 511162027
1000000000 1000000000 1000000000
877539075 283427790 430157548
1000000000 1000000000 1000000000
609322450 223728242 439037347
1000000000 1000000000 1000000000
396369726 222507478 384766924
1000000000 1000000000 1000000000
283389344 380080207 344996289
1000000000 1000000000 1000000000
766638742 391152919 118482709
1000000000 1000000000 1000000000
46231821 85391 50573333
578219885 294459 608099807
558974178 206081143 433633516
1000000000 1000000000 1000000000
510513642 102752798 135311444
1000000000 1000000000 1000000000
455771670 200917056 913603089
1000000000 1000000000 1000000000
611987876 500548144 691105809
1000000000 1000000000 1000000000
381161687 170457569 94566851
1000000000 1000000000 1000000000
120377439 532448 379383826
150637212 33873493 434090120
5931769 28779011 811733410
6969098 164422224 938179313
692955623 199731254 586255232
1000000000 1000000000 1000000000
304022180 691776070 516813922
1000000000 1000000000 1000000000
656606257 12955278 449955648
1000000000 1000000000 1000000000
42420404 16735933 220652389
73315231 28524675 711222891
600279085 555893977 984531236
1000000000 1000000000 1000000000
247702236 381741588 127647588
1000000000 1000000000 1000000000
176620379 81934189 156747152
1000000000 1000000000 1000000000
54816774 506528656 912918849
1000000000 1000000000 1000000000
303651864 738377105 566963494
1000000000 1000000000 1000000000
216051533 134449979 954326842
1000000000 1000000000 1000000000
616426029 572549213 91243991
1000000000 1000000000 1000000000
980274690 560659390 266854590
1000000000 1000000000 1000000000
88252421 905225722 989287794
1000000000 1000000000 1000000000
117843177 733199 21107188
282670050 31963956 82415494
597886559 306471359 305172226
1000000000 1000000000 1000000000
6883883 316520123 477882839
1000000000 1000000000 1000000000
276178502 658666788 838519296
1000000000 1000000000 1000000000
420675360 90145115 643548794
1000000000 1000000000 1000000000
230295654 609053382 524137531
1000000000 1000000000 1000000000
125164789 3532806 170366858
302676362 6480264 190473412
840314901 254126151 465650738
1000000000 1000000000 1000000000
901240518 204840560 372936252
1000000000 1000000000 1000000000
471782851 576923824 769362210
1000000000 1000000000 1000000000
953502044 27738163 20747022
1000000000 1000000000 1000000000
811947104 999124154 553846343
1000000000 1000000000 1000000000
815041472 57639813 464140162
1000000000 1000000000 1000000000
80734697 17044229 338499395
82479257 28238030 949864104
405155142 233578193 221041771
1000000000 1000000000 1000000000
809145387 495989928 884636105
1000000000 1000000000 1000000000
850293734 679180598 186617015
1000000000 1000000000 1000000000
653626490 939771762 697769502
1000000000 1000000000 1000000000
723775440 928772238 849529006
1000000000 1000000000 1000000000
997939150 280121439 317770707
1000000000 1000000000 1000000000
116881943 22346944 17451434
390896201 78443711 19643982
477971383 180009910 694023450
1000000000 1000000000 1000000000
529980501 823670039 612855710
1000000000 1000000000 1000000000
928162894 284785286 915468074
1000000000 1000000000 1000000000
234972088 975438825 493082730
1000000000 1000000000 1000000000
503145194 479681718 470565322
1000000000 1000000000 1000000000
539158490 27174329 117379848
1000000000 1000000000 1000000000
975060276 359484612 357510429
1000000000 1000000000 1000000000
276532578 30846340 63782941
285861203 33605354 135445765
715608437 916921119 742093401
1000000000 1000000000 1000000000
833472156 71068605 844325827
1000000000 1000000000 1000000000
774142886 270090186 725916645
1000000000 1000000000 1000000000
3997810 62386478 35920062
5980498 575611281 274949184
482892380 277870820 424881547
1000000000 1000000000 1000000000
736337367 944085767 805289609
1000000000 1000000000 1000000000
27520966 991627210 448152135
1000000000 1000000000 1000000000
580627654 73420033 117341893
1000000000 1000000000 1000000000
213025271 137111650 22069599
1000000000 1000000000 1000000000
209730451 222785611 23263663
1000000000 1000000000 1000000000
554550305 667250112 774449652
1000000000 1000000000 1000000000
10788476 396687259 558207945
1000000000 1000000000 1000000000
428483726 425236799 249900563
1000000000 1000000000 1000000000
62003020 979634810 378028455
1000000000 1000000000 1000000000
83895403 483530367 165417121
1000000000 1000000000 1000000000
709947681 315108474 502151699
1000000000 1000000000 1000000000
977603910 862656075 770640894
1000000000 1000000000 1000000000
937997519 237435877 306558851
1000000000 1000000000 1000000000
632251718 649524204 701657825
1000000000 1000000000 1000000000
927478041 963135560 121980816
1000000000 1000000000 1000000000
375201153 940712108 554072789
1000000000 1000000000 1000000000
218814305 114776218 379125725
1000000000 1000000000 1000000000
892859770 860591370 568047602
1000000000 1000000000 1000000000
206992873 7160844 310091254
1000000000 1000000000 1000000000
659599645 180731915 727217996
1000000000 1000000000 1000000000
476100514 518844140 311415383
1000000000 1000000000 1000000000
197796885 12454670 226388643
233704596 14958437 248620266
125363266 138305973 300434088
1000000000 1000000000 1000000000
71456637 516829927 373736429
1000000000 1000000000 1000000000
834200135 954698443 831552744
1000000000 1000000000 1000000000
951019667 391543315 440084635
1000000000 1000000000 1000000000
54658164 648313386 268479493
1000000000 1000000000 1000000000
600502363 818597263 566893152
1000000000 1000000000 1000000000
934909394 856538189 364465407
1000000000 1000000000 1000000000
973961801 899478416 589631749
1000000000 1000000000 1000000000
939156913 93908737 492929047
1000000000 1000000000 1000000000
837112705 656343911 72392929
1000000000 1000000000 1000000000
136480671 499612464 698317845
1000000000 1000000000 1000000000
715232134 868262923 397897798
1000000000 1000000000 1000000000
94476142 209782 102086426
106367301 912025 429466423
314592401 191187386 910343131
1000000000 1000000000 1000000000
816291725 459035327 861786390
1000000000 1000000000 1000000000
105525 246721321 753130563
300638 332762186 807841237
340916259 179648935 151425151
1000000000 1000000000 1000000000
638507103 313169818 250518308
1000000000 1000000000 1000000000
939638502 13554767 462686265
1000000000 1000000000 1000000000
341877101 607547774 341474605
1000000000 1000000000 1000000000
103250788 12279458 20092846
294753761 15885881 52436475
689992916 901308162 407559159
1000000000 1000000000 1000000000
971622903 248599183 156452188
1000000000 1000000000 1000000000
113727726 541154881 330705394
1000000000 1000000000 1000000000
777052281 377723084 502280920
1000000000 1000000000 1000000000
223836136 667754533 246296334
1000000000 1000000000 1000000000
84656760 6785940 212863898
172981225 17736744 336053761
482732306 472261044 334777024
1000000000 1000000000 1000000000
340473468 292962234 490005272
1000000000 1000000000 1000000000
923285457 293667542 591647412
1000000000 1000000000 1000000000
398910134 776953315 914225326
1000000000 1000000000 1000000000
642731053 559901064 757641094
1000000000 1000000000 1000000000
906893373 192158880 6744041
1000000000 1000000000 1000000000
121874191 109621041 322421019
1000000000 1000000000 1000000000
836537705 805267219 133354214
1000000000 1000000000 1000000000
559331675 440964527 881361669
1000000000 1000000000 1000000000
247260982 649730990 139874490
1000000000 1000000000 1000000000
959743255 995006662 219880079
1000000000 1000000000 1000000000
156896294 661301588 61521325
1000000000 1000000000 1000000000
147000010 638350393 714980833
1000000000 1000000000 1000000000
438148618 310758324 607350389
1000000000 1000000000 1000000000
131611760 137072470 542548224
1000000000 1000000000 1000000000
815833800 955053015 74042584
1000000000 1000000000 1000000000
751075224 784606867 678236478
1000000000 1000000000 1000000000
797529625 400252117 92172480
1000000000 1000000000 1000000000
668616899 287960555 827248613
1000000000 1000000000 1000000000
571114456 929303687 564919507
1000000000 1000000000 1000000000
512464113 315339561 602043775
1000000000 1000000000 1000000000
761443 47818821 28657759
1979915 473901228 269947523
766948996 995221367 122576613
1000000000 1000000000 1000000000
851739074 644138885 187758751
1000000000 1000000000 1000000000
597319432 936440556 235235702
1000000000 1000000000 1000000000
112894006 779644801 100992736
1000000000 1000000000 1000000000
957672301 294572149 752395653
1000000000 1000000000 1000000000
244433724 1915537 63822068
324058904 2151837 415354843
548323221 31538056 19747432
801349037 34643524 34510447
953595788 926052529 22415196
1000000000 1000000000 1000000000
636078520 31468256 394812429
1000000000 1000000000 1000000000
558565213 56610211 703518550
1000000000 1000000000 1000000000
527872827 332974633 796962837
1000000000 1000000000 1000000000
208594801 305792453 341914718
1000000000 1000000000 1000000000
10633329 38435499 40201241
11443366 43212952 611275856
874425564 574757748 919654830
1000000000 1000000000 1000000000
74251095 19164743 304084320
162994067 30917498 332372607
684111660 361419260 629166426
1000000000 1000000000 1000000000
386197849 126533502 858781402
1000000000 1000000000 1000000000
446838943 77883662 779010922
1000000000 1000000000 1000000000
28286923 2010692 285433051
91834051 28979301 557001106
137479869 2615763 104554445
150748568 22096812 176452775
278659014 840306687 616938297
1000000000 1000000000 1000000000
746203239 408828653 840428419
1000000000 1000000000 1000000000
85970899 984475286 642689666
1000000000 1000000000 1000000000
629014205 85684518 696415792
1000000000 1000000000 1000000000
569841767 324177323 708335092
1000000000 1000000000 1000000000
976332161 781480653 208717566
1000000000 1000000000 1000000000
292067537 610548044 735442042
1000000000 1000000000 1000000000
907692017 606615024 931829032
1000000000 1000000000 1000000000
178683037 224454938 226136840
1000000000 1000000000 1000000000
956998668 462424840 366362979
1000000000 1000000000 1000000000
748236813 123435238 174657640
1000000000 1000000000 1000000000
957376194 341949106 769306638
1000000000 1000000000 1000000000
447421509 386453922 346106819
1000000000 1000000000 1000000000
451780611 826154152 42250188
1000000000 1000000000 1000000000
908883448 859563306 601439443
1000000000 1000000000 1000000000
148417152 4548174 4032743
159690908 22829753 48693159
67402538 178313857 847527827
1000000000 1000000000 1000000000
326490063 1185635 67333883
1000000000 1000000000 1000000000
160036499 203217547 865092818
1000000000 1000000000 1000000000
511708659 813372987 761816986
1000000000 1000000000 1000000000
51843264 569190866 349862769
1000000000 1000000000 1000000000
538873217 583691351 118535524
1000000000 1000000000 1000000000
571778760 908376676 648387905
1000000000 1000000000 1000000000
154670666 868276660 511388704
1000000000 1000000000 1000000000
585768037 649429265 205716767
1000000000 1000000000 1000000000
204628438 380658592 494170593
1000000000 1000000000 1000000000
406356694 505348483 63103959
1000000000 1000000000 1000000000
324967284 408392593 801886189
1000000000 1000000000 1000000000
214226390 190208027 670879236
1000000000 1000000000 1000000000
188074666 63177010 536690342
1000000000 1000000000 1000000000
77931858 245416494 491645081
1000000000 1000000000 1000000000
311963328 605877174 744780178
1000000000 1000000000 1000000000
947658551 246524424 253261878
1000000000 1000000000 1000000000
298692531 924936470 982994829
1000000000 1000000000 1000000000
691310625 445102504 678404758
1000000000 1000000000 1000000000
32215997 3914044 387484375
53396561 23651571 811838542
847733157 782086660 680967337
1000000000 1000000000 1000000000
263722550 493935177 712158256
1000000000 1000000000 1000000000
1418832 39689444 149570776
3204146 405597231 637860188
133293614 761434519 101794923
1000000000 1000000000 1000000000
14181715 804216572 272261792
1000000000 1000000000 1000000000
991207492 979743935 160650897
1000000000 1000000000 1000000000
762085324 68815849 367273246
1000000000 1000000000 1000000000
744725877 407140559 520673632
1000000000 1000000000 1000000000
729685688 961134737 676397309
1000000000 1000000000 1000000000
769893416 968163427 297585409
1000000000 1000000000 1000000000
155615898 314210020 953311294
1000000000 1000000000 1000000000
832128971 248750685 687604680
1000000000 1000000000 1000000000
522609217 29078753 373357183
1000000000 1000000000 1000000000
953877844 928500354 925554546
1000000000 1000000000 1000000000
753800517 292480669 945531607
1000000000 1000000000 1000000000
395795717 507749668 454760710
1000000000 1000000000 1000000000
116226535 87549478 728856007
1000000000 1000000000 1000000000
728604730 464299889 917281872
1000000000 1000000000 1000000000
929300348 864935038 160047240
1000000000 1000000000 1000000000
792643373 164639961 790831844
1000000000 1000000000 1000000000
817568705 703834658 283162990
1000000000 1000000000 1000000000
484072106 370993881 713131080
1000000000 1000000000 1000000000
475889912 143287828 952726698
1000000000 1000000000 1000000000
873304000 425743942 984401167
1000000000 1000000000 1000000000
540417150 878091229 769061408
1000000000 1000000000 1000000000
91601443 851236793 9890299
1000000000 1000000000 1000000000
701133612 735131386 155850765
1000000000 1000000000 1000000000
227609173 695361081 223536331
1000000000 1000000000 1000000000
694127935 530857884 415081553
1000000000 1000000000 1000000000
654439054 993605792 346187029
1000000000 1000000000 1000000000
325626277 535877198 922727549
1000000000 1000000000 1000000000
647098041 361346058 342456290
1000000000 1000000000 1000000000
917688865 734940998 973860414
1000000000 1000000000 1000000000
560397486 822295577 816444750
1000000000 1000000000 1000000000
441521406 15034865 370259596
1000000000 1000000000 1000000000
283682041 87865668 778745890
1000000000 1000000000 1000000000
185084140 48988274 881912138
1000000000 1000000000 1000000000
854514583 694259973 70451047
1000000000 1000000000 1000000000
335436995 335453278 628566863
1000000000 1000000000 1000000000
313270184 750882358 495423581
1000000000 1000000000 1000000000
751200237 690378201 52175610
1000000000 1000000000 1000000000
644678401 197053040 307325825
1000000000 1000000000 1000000000
197458514 687458800 443393835
1000000000 1000000000 1000000000
762463011 933024790 130589322
1000000000 1000000000 1000000000
968714304 723084686 295201126
1000000000 1000000000 1000000000
763337838 485679912 700087048
1000000000 1000000000 1000000000
144760300 223642520 384325889
1000000000 1000000000 1000000000
987224508 488775765 329148458
1000000000 1000000000 1000000000
400618136 832503428 297834436
1000000000 1000000000 1000000000
7799417 9436059 105813602
208194538 18022738 123417051
82056313 16618651 196690326
88975783 21442106 502861060
516321040 276500810 814528808
1000000000 1000000000 1000000000
116503987 629888100 707151682
1000000000 1000000000 1000000000
39417808 826178021 902362179
1000000000 1000000000 1000000000
502539783 355033147 133391820
1000000000 1000000000 1000000000
492989949 16261781 79769710
1000000000 1000000000 1000000000
439026862 49719134 414011345
1000000000 1000000000 1000000000
819263087 918532145 838477691
1000000000 1000000000 1000000000
228389981 100127049 162905622
1000000000 1000000000 1000000000
485225760 6715895 703514890
1000000000 1000000000 1000000000
107191041 175361324 300271024
1000000000 1000000000 1000000000
828957453 663944909 731474548
1000000000 1000000000 1000000000
53283999 575593607 234692546
1000000000 1000000000 1000000000
672977303 235954985 465660700
1000000000 1000000000 1000000000
443566 28993559 330743786
38825109 40363812 480028869
517230807 275332471 111452788
1000000000 1000000000 1000000000
244057477 252757551 68915750
1000000000 1000000000 1000000000
311929045 41719586 539125364
1000000000 1000000000 1000000000
32288906 306272428 659923279
1000000000 1000000000 1000000000
719899079 888745846 754685696
1000000000 1000000000 1000000000
682963576 544888934 442383286
1000000000 1000000000 1000000000
978574007 514354823 58239531
1000000000 1000000000 1000000000
234254335 735094386 439987602
1000000000 1000000000 1000000000
217667133 126803015 943328521
1000000000 1000000000 1000000000
976859525 517699012 330927757
1000000000 1000000000 1000000000
881024398 834941523 725884369
1000000000 1000000000 1000000000
332884785 975347802 914017067
1000000000 1000000000 1000000000
725096101 572977808 508992411
1000000000 1000000000 1000000000
81548536 423025211 119278328
1000000000 1000000000 1000000000
2246542 224375202 37917726
4015362 469547498 72508201
819792355 782128566 453625827
1000000000 1000000000 1000000000
490732554 134764878 578470227
1000000000 1000000000 1000000000
732415128 397958185 820035128
1000000000 1000000000 1000000000
128075184 917544436 281612222
1000000000 1000000000 1000000000
834879649 122620894 948546198
1000000000 1000000000 1000000000
18062728 1499081 466218275
49101311 22550770 589983260
558353588 241010270 134671390
1000000000 1000000000 1000000000
121018145 347687939 729268483
1000000000 1000000000 1000000000
984958477 713843166 295316954
1000000000 1000000000 1000000000
13445343 27652372 89738380
320749451 28954250 230223317
630001229 1368881 276330407
1000000000 1000000000 1000000000
374897791 495567994 95680963
1000000000 1000000000 1000000000
324033433 23267757 343284760
1000000000 1000000000 1000000000
831938100 678697166 276490207
1000000000 1000000000 1000000000
17812105 296415398 538884231
1000000000 1000000000 1000000000
425031 186157417 167475446
5780575 814759111 284207602
550867406 713694463 379493498
1000000000 1000000000 1000000000
738527069 406494871 978426231
1000000000 1000000000 1000000000
780820563 223032754 570393143
1000000000 1000000000 1000000000
777654904 745941300 152029970
1000000000 1000000000 1000000000
894751313 2754195 459314385
1000000000 1000000000 1000000000
719116752 429517179 491308222
1000000000 1000000000 1000000000
2097783 242843728 649978486
1000000000 1000000000 1000000000
807435037 96927353 5044365
1000000000 1000000000 1000000000
667152718 419553390 255579779
1000000000 1000000000 1000000000
269924919 81523536 212833477
1000000000 1000000000 1000000000
988870831 508095353 996827940
1000000000 1000000000 1000000000
986922818 668239421 762229148
1000000000 1000000000 1000000000
21854892 12274207 312063370
40572203 26968006 691020517
1764981 90389859 45452153
4368139 516467475 276462248
686498009 145846773 163422381
1000000000 1000000000 1000000000
169939264 898244903 292415974
1000000000 1000000000 1000000000
709678311 749074667 637646725
1000000000 1000000000 1000000000
507997751 101693117 783844668
1000000000 1000000000 1000000000
191920175 536687146 622389021
1000000000 1000000000 1000000000
286977074 299152816 920254412
1000000000 1000000000 1000000000
730490184 622313110 446680555
1000000000 1000000000 1000000000
330793562 228876296 280937846
1000000000 1000000000 1000000000
599787801 778374402 790456805
1000000000 1000000000 1000000000
51844371 25208723 413506336
164403540 34066132 440683016
993446290 260408948 6354242
1000000000 1000000000 1000000000
206302596 686680048 504816243
1000000000 1000000000 1000000000
993169787 354624516 439086771
1000000000 1000000000 1000000000
376666138 575975046 98886901
1000000000 1000000000 1000000000
431122993 970116434 541746967
1000000000 1000000000 1000000000
319315512 471012908 554594494
1000000000 1000000000 1000000000
4895089 39573900 16460993
5494587 709596007 59913069
329676460 134250041 652168198
1000000000 1000000000 1000000000
695259900 508069974 492367064
1000000000 1000000000 1000000000
702232097 648821937 997096745
1000000000 1000000000 1000000000
854798857 509403641 315298559
1000000000 1000000000 1000000000
564484884 929642300 517482825
1000000000 1000000000 1000000000
218697238 677169163 368808655
1000000000 1000000000 1000000000
477891426 792354185 340071024
1000000000 1000000000 1000000000
794483479 468680996 84907637
1000000000 1000000000 1000000000
564701660 331366393 412858356
1000000000 1000000000 1000000000
813433765 13476972 107228325
1000000000 1000000000 1000000000
743265580 137489399 235147902
1000000000 1000000000 1000000000
913758349 487385754 847606723
1000000000 1000000000 1000000000
969536312 776967212 979156513
1000000000 1000000000 1000000000
331159241 674322651 951459664
1000000000 1000000000 1000000000
727169416 398667535 18325515
1000000000 1000000000 1000000000
96189941 648995532 495774091
1000000000 1000000000 1000000000
493603150 961012579 353432883
1000000000 1000000000 1000000000
206268524 26774995 25314426
276870770 34757964 269739337
187412546 36929580 152119237
1000000000 1000000000 1000000000
