1000 3
392542250 390352271 324343678
1000000000 1000000000 1000000000
25942373 750660348 882204123
1000000000 1000000000 1000000000
352015468 942697208 946624854
1000000000 1000000000 1000000000
519017847 437317637 23156829
1000000000 1000000000 1000000000
638678911 248731864 845056428
1000000000 1000000000 1000000000
716160801 134011253 69330462
1000000000 1000000000 1000000000
892498127 711781610 890362346
1000000000 1000000000 1000000000
49900106 644661209 274791466
1000000000 1000000000 1000000000
614605053 51649644 327302512
1000000000 1000000000 1000000000
408015534 883397573 935623819
1000000000 1000000000 1000000000
658909173 200985318 376757666
1000000000 1000000000 1000000000
690856789 133025799 786389337
1000000000 1000000000 1000000000
86902583 403443292 169536342
1000000000 1000000000 1000000000
299638463 762253369 716728840
1000000000 1000000000 1000000000
795309577 624543344 993782322
1000000000 1000000000 1000000000
132215508 637249832 318478202
1000000000 1000000000 1000000000
817064341 659092974 440152949
1000000000 1000000000 1000000000
920961269 190120103 835958056
1000000000 1000000000 1000000000
234971663 425440394 830037132
1000000000 1000000000 1000000000
259941847 709046744 13973251
1000000000 1000000000 1000000000
216182654 95634146 422018801
1000000000 1000000000 1000000000
706118359 697331344 502228081
1000000000 1000000000 1000000000
439277765 831445062 200078910
1000000000 1000000000 1000000000
534449330 569774649 602691858
1000000000 1000000000 1000000000
97479953 8793559 584838199
1000000000 1000000000 1000000000
905396170 694645700 58522703
1000000000 1000000000 1000000000
746889386 769808654 355252596
1000000000 1000000000 1000000000
808593854 611890251 856553156
1000000000 1000000000 1000000000
266972081 361584256 232068854
1000000000 1000000000 1000000000
150885936 998120919 515394727
1000000000 1000000000 1000000000
641612242 793390082 52806457
1000000000 1000000000 1000000000
627255815 727507913 324291223
1000000000 1000000000 1000000000
761493370 298234587 729390974
1000000000 1000000000 1000000000
258081663 926488830 293876102
1000000000 1000000000 1000000000
209678621 112196864 372262051
1000000000 1000000000 1000000000
191871049 460339226 447242975
1000000000 1000000000 1000000000
912855206 513379781 295185872
1000000000 1000000000 1000000000
761394385 733278249 67540855
1000000000 1000000000 1000000000
979781573 676598788 52366970
1000000000 1000000000 1000000000
741156571 629437787 3930329
1000000000 1000000000 1000000000
446587704 787717490 582154727
1000000000 1000000000 1000000000
97874767 103750251 897000324
1000000000 1000000000 1000000000
968102969 382477540 985530248
1000000000 1000000000 1000000000
463794164 779705278 926779069
1000000000 1000000000 1000000000
536967243 603400990 380786937
1000000000 1000000000 1000000000
866102881 472196717 996812647
1000000000 1000000000 1000000000
200079632 747713715 991791550
1000000000 1000000000 1000000000
443821649 405685035 67479606
1000000000 1000000000 1000000000
392688833 934213993 936818030
1000000000 1000000000 1000000000
99032433 74071993 448925968
1000000000 1000000000 1000000000
725910243 194899593 565272061
1000000000 1000000000 1000000000
622664051 82701419 638471981
1000000000 1000000000 1000000000
827533097 86573631 393565901
1000000000 1000000000 1000000000
300695150 826206164 397863917
1000000000 1000000000 1000000000
960419930 403572921 782655851
1000000000 1000000000 1000000000
514495581 468343708 944452955
1000000000 1000000000 1000000000
42576737 723978647 499757846
1000000000 1000000000 1000000000
194283325 612217919 955582509
1000000000 1000000000 1000000000
674620078 650311174 403503419
1000000000 1000000000 1000000000
186781234 87194902 367096498
1000000000 1000000000 1000000000
684949457 648205117 956680019
1000000000 1000000000 1000000000
344547885 705461830 652062361
1000000000 1000000000 1000000000
35839712 589877729 480981361
1000000000 1000000000 1000000000
756724123 763552130 221311970
1000000000 1000000000 1000000000
673060539 879023620 969913854
1000000000 1000000000 1000000000
81751576 459315589 6691562
1000000000 1000000000 1000000000
516499992 701271370 384693209
1000000000 1000000000 1000000000
795833819 539331858 897822480
1000000000 1000000000 1000000000
254566252 658639397 294055050
1000000000 1000000000 1000000000
487964265 293969357 913060882
1000000000 1000000000 1000000000
701425860 413993363 476703417
1000000000 1000000000 1000000000
461197072 229160497 417090254
1000000000 1000000000 1000000000
117010607 948396310 511499730
1000000000 1000000000 1000000000
785100801 668274672 92440699
1000000000 1000000000 1000000000
611373623 12159272 840823583
1000000000 1000000000 1000000000
579614928 700340136 166996090
1000000000 1000000000 1000000000
284150846 706106028 559128855
1000000000 1000000000 1000000000
410517778 306025071 98674287
1000000000 1000000000 1000000000
682389958 851228365 624236527
1000000000 1000000000 1000000000
580894492 750719826 454016249
1000000000 1000000000 1000000000
279435071 714108591 821529075
1000000000 1000000000 1000000000
78099930 731186507 235288006
1000000000 1000000000 1000000000
551978793 846212657 599932775
1000000000 1000000000 1000000000
676110688 311413876 202443044
1000000000 1000000000 1000000000
10462297 959348066 251217613
1000000000 1000000000 1000000000
288924086 656186141 81830864
1000000000 1000000000 1000000000
101999845 248022993 340345756
1000000000 1000000000 1000000000
236825212 34947992 311807134
1000000000 1000000000 1000000000
945036648 678789375 84494349
1000000000 1000000000 1000000000
940917578 756067120 306057930
1000000000 1000000000 1000000000
321622927 255667224 734642476
1000000000 1000000000 1000000000
588112967 941280263 643009210
1000000000 1000000000 1000000000
399083118 911054574 968800047
1000000000 1000000000 1000000000
930697682 172065713 849484538
1000000000 1000000000 1000000000
938315953 428768469 852034548
1000000000 1000000000 1000000000
966527886 409208375 179222484
1000000000 1000000000 1000000000
734835720 795492369 276785931
1000000000 1000000000 1000000000
262290508 791466985 348731564
1000000000 1000000000 1000000000
191327035 366387104 322434414
1000000000 1000000000 1000000000
683144360 803846459 475917584
1000000000 1000000000 1000000000
422368956 837364310 986053854
1000000000 1000000000 1000000000
186081428 577308988 123035949
1000000000 1000000000 1000000000
139266663 672486732 451341827
1000000000 1000000000 1000000000
437332821 287056560 240349474
1000000000 1000000000 1000000000
234204965 656650832 654042427
1000000000 1000000000 1000000000
914522452 696279817 756113951
1000000000 1000000000 1000000000
202100556 86745632 346253451
1000000000 1000000000 1000000000
476866402 138585423 733518888
1000000000 1000000000 1000000000
764239036 795635402 4856849
1000000000 1000000000 1000000000
648654873 908920952 878221493
1000000000 1000000000 1000000000
132484633 588474445 529396715
1000000000 1000000000 1000000000
991443883 252279693 419661164
1000000000 1000000000 1000000000
809639896 614720300 403019253
1000000000 1000000000 1000000000
618367884 975936921 407263666
1000000000 1000000000 1000000000
288433264 986562305 229154925
1000000000 1000000000 1000000000
405176313 265329706 552399854
1000000000 1000000000 1000000000
287859014 856429271 618039798
1000000000 1000000000 1000000000
772259245 696233093 58367038
1000000000 1000000000 1000000000
557548717 721263240 322968796
1000000000 1000000000 1000000000
549245371 722019516 283878563
1000000000 1000000000 1000000000
967947468 671379818 491436269
1000000000 1000000000 1000000000
123651815 838360465 95992281
1000000000 1000000000 1000000000
41665961 830172050 825916053
1000000000 1000000000 1000000000
62991997 793625342 313949722
1000000000 1000000000 1000000000
474348163 241898700 916720925
1000000000 1000000000 1000000000
157899101 72751514 723525442
1000000000 1000000000 1000000000
467393761 99183422 958546789
1000000000 1000000000 1000000000
153237079 892470780 221342601
1000000000 1000000000 1000000000
857341312 613625042 707198608
1000000000 1000000000 1000000000
560067597 564059607 413266380
1000000000 1000000000 1000000000
717352396 244924229 697298712
1000000000 1000000000 1000000000
249482942 326851343 603865606
1000000000 1000000000 1000000000
566728948 733610628 401217263
1000000000 1000000000 1000000000
417880816 637682314 787771331
1000000000 1000000000 1000000000
591761069 637089250 189285010
1000000000 1000000000 1000000000
834331645 63444757 471730234
1000000000 1000000000 1000000000
580090743 640751643 503474063
1000000000 1000000000 1000000000
784503524 281585468 623658643
1000000000 1000000000 1000000000
402860267 244458984 766321193
1000000000 1000000000 1000000000
413283450 260721204 435284142
1000000000 1000000000 1000000000
980153929 892363146 586973308
1000000000 1000000000 1000000000
171371878 399184947 647416814
1000000000 1000000000 1000000000
589665294 99310260 435014990
1000000000 1000000000 1000000000
291778170 152739724 665088326
1000000000 1000000000 1000000000
778245048 15689084 283166877
1000000000 1000000000 1000000000
731793908 747813611 638888462
1000000000 1000000000 1000000000
177357069 877185443 671263580
1000000000 1000000000 1000000000
592450335 488155512 506558556
1000000000 1000000000 1000000000
132867957 402430515 820617818
1000000000 1000000000 1000000000
467952300 440987966 391070633
1000000000 1000000000 1000000000
152040921 478665712 753493886
1000000000 1000000000 1000000000
429775402 231289402 255067825
1000000000 1000000000 1000000000
445620683 391407652 987752637
1000000000 1000000000 1000000000
18006387 336591750 10006667
1000000000 1000000000 1000000000
210729346 236997992 541240312
1000000000 1000000000 1000000000
671610822 788197906 558165009
1000000000 1000000000 1000000000
495523652 320513294 220966944
1000000000 1000000000 1000000000
374390322 648967332 777503050
1000000000 1000000000 1000000000
671865270 346642064 84670263
1000000000 1000000000 1000000000
378059714 167205143 48737398
1000000000 1000000000 1000000000
161368383 98912709 92108767
1000000000 1000000000 1000000000
809942045 410056705 258977741
1000000000 1000000000 1000000000
130741475 249779158 826935846
1000000000 1000000000 1000000000
723008153 759009692 242154305
1000000000 1000000000 1000000000
417186061 807834847 654418371
1000000000 1000000000 1000000000
558056236 667680383 48274433
1000000000 1000000000 1000000000
280368881 48924016 630557747
1000000000 1000000000 1000000000
34895626 909263262 57448986
1000000000 1000000000 1000000000
925442660 843769866 114753147
1000000000 1000000000 1000000000
109957661 747855796 412297040
1000000000 1000000000 1000000000
803829614 744031254 214839676
1000000000 1000000000 1000000000
972638847 88350929 371866973
1000000000 1000000000 1000000000
963504476 437667318 514361930
1000000000 1000000000 1000000000
157077261 293835528 612816582
1000000000 1000000000 1000000000
52239709 199173490 794257714
1000000000 1000000000 1000000000
700445528 607782958 895829377
1000000000 1000000000 1000000000
720572862 381497041 519368827
1000000000 1000000000 1000000000
692759181 904793588 579424216
1000000000 1000000000 1000000000
565466771 590080500 2681758
1000000000 1000000000 1000000000
804480626 731048523 731712541
1000000000 1000000000 1000000000
243778148 912977861 878591491
1000000000 1000000000 1000000000
995614172 719453441 549924031
1000000000 1000000000 1000000000
526520139 230458610 820257594
1000000000 1000000000 1000000000
470800783 969482600 909797008
1000000000 1000000000 1000000000
4862425 467451536 697803479
1000000000 1000000000 1000000000
313308636 49308211 196532153
1000000000 1000000000 1000000000
76154330 38597085 385308579
1000000000 1000000000 1000000000
580673813 970760071 437618467
1000000000 1000000000 1000000000
481423279 960083396 394672610
1000000000 1000000000 1000000000
588166559 468336912 679227488
1000000000 1000000000 1000000000
543656022 990859487 456189713
1000000000 1000000000 1000000000
272984572 431742284 953729149
1000000000 1000000000 1000000000
521750194 481660011 891882551
1000000000 1000000000 1000000000
222595324 827154569 429309933
1000000000 1000000000 1000000000
807213075 489776103 448585144
1000000000 1000000000 1000000000
601054107 997482902 622766474
1000000000 1000000000 1000000000
692638407 131978061 834057789
1000000000 1000000000 1000000000
697897272 161017087 238475948
1000000000 1000000000 1000000000
682140151 982694193 745319445
1000000000 1000000000 1000000000
776373078 384704985 392001431
1000000000 1000000000 1000000000
860767121 877544982 1411058
1000000000 1000000000 1000000000
639483917 67554771 764302433
1000000000 1000000000 1000000000
781640141 450571642 812756156
1000000000 1000000000 1000000000
961897791 780950313 975428286
1000000000 1000000000 1000000000
189571192 527117844 586886450
1000000000 1000000000 1000000000
265347662 972631813 646187454
1000000000 1000000000 1000000000
72566509 799008954 196881001
1000000000 1000000000 1000000000
524962613 880079049 107231645
1000000000 1000000000 1000000000
223820183 528858274 599652453
1000000000 1000000000 1000000000
809466576 494939072 412721386
1000000000 1000000000 1000000000
869877436 489793593 289501852
1000000000 1000000000 1000000000
666743854 54426454 519579728
1000000000 1000000000 1000000000
308499806 64092861 734195435
1000000000 1000000000 1000000000
936411458 647322148 95703236
1000000000 1000000000 1000000000
125694649 423552804 487404663
1000000000 1000000000 1000000000
122660695 772113957 509930685
1000000000 1000000000 1000000000
439631270 436740603 766223266
1000000000 1000000000 1000000000
802875289 233107362 111675855
1000000000 1000000000 1000000000
810652002 974949180 215794407
1000000000 1000000000 1000000000
331384373 575288468 626947845
1000000000 1000000000 1000000000
169658783 526738680 723109375
1000000000 1000000000 1000000000
758822151 685890852 441240182
1000000000 1000000000 1000000000
71791756 924521369 827537768
1000000000 1000000000 1000000000
335386092 21897909 704735844
1000000000 1000000000 1000000000
635440690 526504026 975889933
1000000000 1000000000 1000000000
414009532 219600936 946137731
1000000000 1000000000 1000000000
399364393 61454889 375165668
1000000000 1000000000 1000000000
895203748 257602844 803827889
1000000000 1000000000 1000000000
889378592 211207591 825889040
1000000000 1000000000 1000000000
307440185 586844284 661638657
1000000000 1000000000 1000000000
52152680 20572689 381988652
1000000000 1000000000 1000000000
421245054 264931754 931266914
1000000000 1000000000 1000000000
140929814 505985107 956579633
1000000000 1000000000 1000000000
33894757 382670224 965327153
1000000000 1000000000 1000000000
705991711 589334865 552247775
1000000000 1000000000 1000000000
692124561 213758705 993963603
1000000000 1000000000 1000000000
681344919 368467538 451817636
1000000000 1000000000 1000000000
101734878 829617477 233447187
1000000000 1000000000 1000000000
314317972 830841927 735829971
1000000000 1000000000 1000000000
428118757 571326414 869486754
1000000000 1000000000 1000000000
586329901 914821697 362209424
1000000000 1000000000 1000000000
180452866 662191795 14603212
1000000000 1000000000 1000000000
628026661 457261353 37715245
1000000000 1000000000 1000000000
544550054 789853444 349309744
1000000000 1000000000 1000000000
703708049 770121864 951916771
1000000000 1000000000 1000000000
14864721 563580448 667174430
1000000000 1000000000 1000000000
969727209 270454937 388594131
1000000000 1000000000 1000000000
582358025 465280057 862579721
1000000000 1000000000 1000000000
320934647 997448481 60939606
1000000000 1000000000 1000000000
37986055 479501775 545509115
1000000000 1000000000 1000000000
854421266 812935918 65753302
1000000000 1000000000 1000000000
696512459 293477702 290825641
1000000000 1000000000 1000000000
755929301 483969457 592077180
1000000000 1000000000 1000000000
410841644 217944195 395058954
1000000000 1000000000 1000000000
817382893 77861480 199271477
1000000000 1000000000 1000000000
421262534 407405522 104577348
1000000000 1000000000 1000000000
180850702 97949995 664491276
1000000000 1000000000 1000000000
741087421 720395069 369192329
1000000000 1000000000 1000000000
41765108 591439602 996182388
1000000000 1000000000 1000000000
176874057 819586763 578377930
1000000000 1000000000 1000000000
40191026 752676021 469674556
1000000000 1000000000 1000000000
795248564 521249493 202523831
1000000000 1000000000 1000000000
815766207 624235636 684559643
1000000000 1000000000 1000000000
15419011 625246120 810103642
1000000000 1000000000 1000000000
587149668 965834608 894496070
1000000000 1000000000 1000000000
722187800 354089566 135076734
1000000000 1000000000 1000000000
298109003 688753640 508098357
1000000000 1000000000 1000000000
930643948 17203256 584983272
1000000000 1000000000 1000000000
135122828 919118909 544399438
1000000000 1000000000 1000000000
620173206 589156090 996091452
1000000000 1000000000 1000000000
377748173 986527153 627293247
1000000000 1000000000 1000000000
460712095 491537517 904856351
1000000000 1000000000 1000000000
778181732 448489858 418075511
1000000000 1000000000 1000000000
348173828 189709191 804014144
1000000000 1000000000 1000000000
558645305 775487900 526034799
1000000000 1000000000 1000000000
963825426 330240449 763128902
1000000000 1000000000 1000000000
527458194 359490395 458440496
1000000000 1000000000 1000000000
891956396 996752674 252224222
1000000000 1000000000 1000000000
479450035 198807297 320244622
1000000000 1000000000 1000000000
865886546 117620740 942647960
1000000000 1000000000 1000000000
8942222 505708088 937864585
1000000000 1000000000 1000000000
663092017 145032163 524492712
1000000000 1000000000 1000000000
965135768 318659065 691590255
1000000000 1000000000 1000000000
127998697 921371290 629535306
1000000000 1000000000 1000000000
180522682 339348776 364420197
1000000000 1000000000 1000000000
247880549 412852605 824107282
1000000000 1000000000 1000000000
406839236 196216856 624923754
1000000000 1000000000 1000000000
990529152 671282509 864500949
1000000000 1000000000 1000000000
406579544 108876265 45017866
1000000000 1000000000 1000000000
74316582 685554283 349316666
1000000000 1000000000 1000000000
46034818 331476441 580329244
1000000000 1000000000 1000000000
402678340 448495065 113398746
1000000000 1000000000 1000000000
257684411 858987729 928563076
1000000000 1000000000 1000000000
317681099 575451080 374318882
1000000000 1000000000 1000000000
871904429 604188354 498230025
1000000000 1000000000 1000000000
175448584 21815457 643743615
1000000000 1000000000 1000000000
769855076 745168256 25428888
1000000000 1000000000 1000000000
220430481 600210623 91027422
1000000000 1000000000 1000000000
69331105 836707046 141117213
1000000000 1000000000 1000000000
211440549 807981833 166817706
1000000000 1000000000 1000000000
86407200 476483401 889237168
1000000000 1000000000 1000000000
945401153 154158909 604695295
1000000000 1000000000 1000000000
91797313 399640850 261241734
1000000000 1000000000 1000000000
751362906 952167124 147753522
1000000000 1000000000 1000000000
443818163 610601776 350296903
1000000000 1000000000 1000000000
296962834 75668411 318166375
1000000000 1000000000 1000000000
597943031 999878365 3004177
1000000000 1000000000 1000000000
543391575 11375713 44478875
1000000000 1000000000 1000000000
747916076 389583923 697306016
1000000000 1000000000 1000000000
319438831 686224374 606355723
1000000000 1000000000 1000000000
12524298 694752289 390761278
1000000000 1000000000 1000000000
497578907 323705526 344929920
1000000000 1000000000 1000000000
891729571 941381470 753216551
1000000000 1000000000 1000000000
138651405 76402333 717382917
1000000000 1000000000 1000000000
928619657 134510812 139164683
1000000000 1000000000 1000000000
720411863 290026234 4084574
1000000000 1000000000 1000000000
906002977 230316220 518510421
1000000000 1000000000 1000000000
421589324 313925037 807820098
1000000000 1000000000 1000000000
18276945 706697834 126304303
1000000000 1000000000 1000000000
7693764 719308785 799331512
1000000000 1000000000 1000000000
585752009 477797616 650431586
1000000000 1000000000 1000000000
15592645 469436867 27722025
1000000000 1000000000 1000000000
940225735 946609554 137106981
1000000000 1000000000 1000000000
204190008 850953836 979875471
1000000000 1000000000 1000000000
956833246 861843565 909089371
1000000000 1000000000 1000000000
441078086 842812167 348241933
1000000000 1000000000 1000000000
184000757 83168239 935886829
1000000000 1000000000 1000000000
999686025 997093149 632797392
1000000000 1000000000 1000000000
266845894 313034586 862812954
1000000000 1000000000 1000000000
300496678 121201113 398094393
1000000000 1000000000 1000000000
190649714 623485430 259332144
1000000000 1000000000 1000000000
640733783 637375900 833143454
1000000000 1000000000 1000000000
887589534 94672193 186410037
1000000000 1000000000 1000000000
600464228 472335775 21440723
1000000000 1000000000 1000000000
265968038 365955689 102301755
1000000000 1000000000 1000000000
390176969 150803964 516433042
1000000000 1000000000 1000000000
263941199 513034533 439265916
1000000000 1000000000 1000000000
607478041 57331527 253464178
1000000000 1000000000 1000000000
588173989 927508826 125306044
1000000000 1000000000 1000000000
734593764 711986801 756300645
1000000000 1000000000 1000000000
987828170 717254265 215130899
1000000000 1000000000 1000000000
467067433 998951818 653830899
1000000000 1000000000 1000000000
401453331 792906980 824211530
1000000000 1000000000 1000000000
940073584 572183956 168391328
1000000000 1000000000 1000000000
258977703 509625304 590132388
1000000000 1000000000 1000000000
364355366 902930278 194830912
1000000000 1000000000 1000000000
673284246 990299559 725149473
1000000000 1000000000 1000000000
753639121 697643415 252823441
1000000000 1000000000 1000000000
23292760 450960146 515523318
1000000000 1000000000 1000000000
884157811 856302342 381890954
1000000000 1000000000 1000000000
514653562 663286703 121515886
1000000000 1000000000 1000000000
803334407 456218463 155255542
1000000000 1000000000 1000000000
759808584 868054589 266121467
1000000000 1000000000 1000000000
728326312 212707857 39287406
1000000000 1000000000 1000000000
932546827 841317238 517752649
1000000000 1000000000 1000000000
368097313 681267569 82265635
1000000000 1000000000 1000000000
507192305 66047063 699605008
1000000000 1000000000 1000000000
861947220 364676622 504908957
1000000000 1000000000 1000000000
940345681 722754170 673354863
1000000000 1000000000 1000000000
337349173 661123297 88937899
1000000000 1000000000 1000000000
875135112 1572399 594427369
1000000000 1000000000 1000000000
971393490 318048689 513530640
1000000000 1000000000 1000000000
201865830 857732370 937538807
1000000000 1000000000 1000000000
234677848 829716136 645921357
1000000000 1000000000 1000000000
16093305 359778253 40780061
1000000000 1000000000 1000000000
132042822 492088229 236580651
1000000000 1000000000 1000000000
505303143 965857676 882343920
1000000000 1000000000 1000000000
774120754 742631339 942282896
1000000000 1000000000 1000000000
95966095 312144357 941949078
1000000000 1000000000 1000000000
762122796 782745557 288430835
1000000000 1000000000 1000000000
999641337 332457917 386971804
1000000000 1000000000 1000000000
696905056 149200114 304087584
1000000000 1000000000 1000000000
997848051 647084698 171532921
1000000000 1000000000 1000000000
306539642 869736437 523944343
1000000000 1000000000 1000000000
740072320 868327081 193154855
1000000000 1000000000 1000000000
68055476 536629923 917128526
1000000000 1000000000 1000000000
118369839 474023635 46097458
1000000000 1000000000 1000000000
554660768 360842745 747180530
1000000000 1000000000 1000000000
746493200 213784683 89081870
1000000000 1000000000 1000000000
348031905 614734415 30429385
1000000000 1000000000 1000000000
11063079 209014228 564169645
1000000000 1000000000 1000000000
491567398 146362879 873890539
1000000000 1000000000 1000000000
501835576 665918547 923130939
1000000000 1000000000 1000000000
681423313 875910576 800907410
1000000000 1000000000 1000000000
958135864 122044403 78085393
1000000000 1000000000 1000000000
415587083 277142232 73065255
1000000000 1000000000 1000000000
655834405 281022783 641983569
1000000000 1000000000 1000000000
885784138 552470687 699317224
1000000000 1000000000 1000000000
525367198 813536367 149783034
1000000000 1000000000 1000000000
508259530 386765369 231462324
1000000000 1000000000 1000000000
80777696 391997821 870853655
1000000000 1000000000 1000000000
27934883 559537177 969770535
1000000000 1000000000 1000000000
652255540 629581010 387338201
1000000000 1000000000 1000000000
752671284 55922466 215470619
1000000000 1000000000 1000000000
996926882 349317091 574642928
1000000000 1000000000 1000000000
801437303 607903184 633203945
1000000000 1000000000 1000000000
827146337 953627362 949279276
1000000000 1000000000 1000000000
414925908 292248007 5488507
1000000000 1000000000 1000000000
192232723 365168417 680285534
1000000000 1000000000 1000000000
820737509 865319671 851393522
1000000000 1000000000 1000000000
615058100 406707936 679152725
1000000000 1000000000 1000000000
340500701 88678865 193218468
1000000000 1000000000 1000000000
895155047 458930278 601222512
1000000000 1000000000 1000000000
18132263 438655728 595347956
1000000000 1000000000 1000000000
455398057 226971957 433541221
1000000000 1000000000 1000000000
497503001 764065401 451464929
1000000000 1000000000 1000000000
788638653 764345308 679880121
1000000000 1000000000 1000000000
643248790 395394249 279847456
1000000000 1000000000 1000000000
263838802 521026865 837705037
1000000000 1000000000 1000000000
473279353 927850048 2797711
1000000000 1000000000 1000000000
5874349 742160518 848257363
1000000000 1000000000 1000000000
893888481 360507224 487118902
1000000000 1000000000 1000000000
888593613 887293935 618248004
1000000000 1000000000 1000000000
653423547 389906241 691627706
1000000000 1000000000 1000000000
241280424 768509716 202194262
1000000000 1000000000 1000000000
432463167 221029394 895390271
1000000000 1000000000 1000000000
950474143 528503393 599333832
1000000000 1000000000 1000000000
434658225 120651870 40198979
1000000000 1000000000 1000000000
486742317 153589457 499624001
1000000000 1000000000 1000000000
580599357 246002239 535214580
1000000000 1000000000 1000000000
636205723 599717429 475906715
1000000000 1000000000 1000000000
795521246 181552437 692387521
1000000000 1000000000 1000000000
332484946 354530543 573010979
1000000000 1000000000 1000000000
796363285 118563465 546170062
1000000000 1000000000 1000000000
607454228 608912846 820093350
1000000000 1000000000 1000000000
374717972 637357964 837763532
1000000000 1000000000 1000000000
572752904 379644907 63568147
1000000000 1000000000 1000000000
373996161 689530055 912103075
1000000000 1000000000 1000000000
637208091 123210377 470883051
1000000000 1000000000 1000000000
224806798 572562278 297708908
1000000000 1000000000 1000000000
472273344 207020761 253689924
1000000000 1000000000 1000000000
762068187 314228186 593681580
1000000000 1000000000 1000000000
203768001 499925719 906529098
1000000000 1000000000 1000000000
597615716 252780135 83100365
1000000000 1000000000 1000000000
736406409 654123062 312465854
1000000000 1000000000 1000000000
201964993 718827512 700587391
1000000000 1000000000 1000000000
424292367 917384159 773365855
1000000000 1000000000 1000000000
758097797 56444994 121308611
1000000000 1000000000 1000000000
912231361 733162541 568479862
1000000000 1000000000 1000000000
587419130 26573381 261422745
1000000000 1000000000 1000000000
85422751 382478584 663023355
1000000000 1000000000 1000000000
139447997 24849060 551777227
1000000000 1000000000 1000000000
601872850 319554915 485723383
1000000000 1000000000 1000000000
597991489 813612316 461731625
1000000000 1000000000 1000000000
81846435 587993077 907246372
1000000000 1000000000 1000000000
810768084 984915330 999669051
1000000000 1000000000 1000000000
318664197 740667077 716662065
1000000000 1000000000 1000000000
712247225 318440244 65304645
1000000000 1000000000 1000000000
691730791 214139580 62898746
1000000000 1000000000 1000000000
570484820 553736205 175963426
1000000000 1000000000 1000000000
131344628 668119461 161569795
1000000000 1000000000 1000000000
88177627 2299548 758933444
1000000000 1000000000 1000000000
280446122 413115546 352068397
1000000000 1000000000 1000000000
456964884 173371776 676193926
1000000000 1000000000 1000000000
86535571 108033259 342771403
1000000000 1000000000 1000000000
53828228 730066931 426712548
1000000000 1000000000 1000000000
223230770 483207669 708557149
1000000000 1000000000 1000000000
648886843 660630830 545154549
1000000000 1000000000 1000000000
69270363 929261959 207703467
1000000000 1000000000 1000000000
646137921 516405564 431334436
1000000000 1000000000 1000000000
375102701 671183953 203310758
1000000000 1000000000 1000000000
337976889 348088252 114966583
1000000000 1000000000 1000000000
147324103 241727835 988344759
1000000000 1000000000 1000000000
140290722 812816303 399798331
1000000000 1000000000 1000000000
779041704 685297466 766003784
1000000000 1000000000 1000000000
993686940 537761783 787531125
1000000000 1000000000 1000000000
929704059 196009544 388789570
1000000000 1000000000 1000000000
546946737 592382786 755802733
1000000000 1000000000 1000000000
433438145 341314974 951976957
1000000000 1000000000 1000000000
90751646 970373425 766400859
1000000000 1000000000 1000000000
236473326 283098985 155016700
1000000000 1000000000 1000000000
654741266 147470877 749402931
1000000000 1000000000 1000000000
494080321 943427194 352807515
1000000000 1000000000 1000000000
684714768 687050002 675641800
1000000000 1000000000 1000000000
104155584 792981005 914147300
1000000000 1000000000 1000000000
174625048 267102136 403616379
1000000000 1000000000 1000000000
315945702 580660587 712880012
1000000000 1000000000 1000000000
37243576 852485512 822847901
1000000000 1000000000 1000000000
549923887 746407356 488171011
1000000000 1000000000 1000000000
506640275 5263397 2594395
1000000000 1000000000 1000000000
18601980 296406445 203947545
1000000000 1000000000 1000000000
167334400 968562391 164761116
1000000000 1000000000 1000000000
564602674 141044244 12740413
1000000000 1000000000 1000000000
877074250 94743374 124354459
1000000000 1000000000 1000000000
261533264 615857523 312353608
1000000000 1000000000 1000000000
806820158 104606803 429779255
1000000000 1000000000 1000000000
403759029 446527025 752462217
1000000000 1000000000 1000000000
889747405 411757966 282274208
1000000000 1000000000 1000000000
619567231 76896456 521048656
1000000000 1000000000 1000000000
782602496 46941329 995413516
1000000000 1000000000 1000000000
952105 391361446 882491323
1000000000 1000000000 1000000000
968948402 629146939 168611295
1000000000 1000000000 1000000000
536508177 536743002 894168623
1000000000 1000000000 1000000000
803012074 850424632 477622061
1000000000 1000000000 1000000000
702701022 791055164 595481314
1000000000 1000000000 1000000000
854367880 295037169 123248897
1000000000 1000000000 1000000000
649036405 387884384 227435829
1000000000 1000000000 1000000000
323333202 290630570 931644074
1000000000 1000000000 1000000000
745709535 643216440 646524088
1000000000 1000000000 1000000000
856546535 33328903 511716603
1000000000 1000000000 1000000000
613144838 951725718 723261265
1000000000 1000000000 1000000000
986770275 435886487 217294517
1000000000 1000000000 1000000000
468356884 932281653 520643955
1000000000 1000000000 1000000000
825765126 516294032 363807024
1000000000 1000000000 1000000000
685850305 860014172 99259168
1000000000 1000000000 1000000000
232410845 667931501 842995202
1000000000 1000000000 1000000000
184018668 405259568 899559347
1000000000 1000000000 1000000000
792585537 477154597 796979315
1000000000 1000000000 1000000000
460965388 419259005 599675817
1000000000 1000000000 1000000000
217765535 858468008 13052338
1000000000 1000000000 1000000000
468616272 245037243 767247182
1000000000 1000000000 1000000000
70189054 612107314 887870869
1000000000 1000000000 1000000000
863463058 836506307 800361676
1000000000 1000000000 1000000000
272441302 198864664 243371830
1000000000 1000000000 1000000000
636359333 823231988 480923787
1000000000 1000000000 1000000000
230908126 382388094 94057003
1000000000 1000000000 1000000000
937062287 603838595 841417468
1000000000 1000000000 1000000000
43268206 868021416 128767493
1000000000 1000000000 1000000000
522578265 476742359 401923655
1000000000 1000000000 1000000000
192340579 973770192 723034592
1000000000 1000000000 1000000000
68359777 222420514 640981096
1000000000 1000000000 1000000000
882416739 248141190 126879863
1000000000 1000000000 1000000000
872793481 832980222 185207565
1000000000 1000000000 1000000000
431415841 166065857 380481313
1000000000 1000000000 1000000000
260568386 634997386 267521087
1000000000 1000000000 1000000000
330851586 780822992 548442796
1000000000 1000000000 1000000000
66045904 480516328 356926136
1000000000 1000000000 1000000000
783590890 491028447 924472255
1000000000 1000000000 1000000000
3012754 286581274 61823176
1000000000 1000000000 1000000000
214721957 531501661 588666633
1000000000 1000000000 1000000000
856279195 164992740 144598769
1000000000 1000000000 1000000000
530846383 791512994 923658535
1000000000 1000000000 1000000000
768094506 934315660 139328683
1000000000 1000000000 1000000000
403796946 352709758 396256341
1000000000 1000000000 1000000000
478593698 744950547 762659156
1000000000 1000000000 1000000000
806530408 184492817 684487910
1000000000 1000000000 1000000000
410547329 444203251 84884290
1000000000 1000000000 1000000000
523862824 277487028 623538723
1000000000 1000000000 1000000000
557936688 281929380 118113222
1000000000 1000000000 1000000000
343960290 549558997 710632668
1000000000 1000000000 1000000000
508682079 332753518 655221616
1000000000 1000000000 1000000000
633875045 747947159 801067659
1000000000 1000000000 1000000000
677354236 803440922 891941099
1000000000 1000000000 1000000000
710174609 150005293 837268469
1000000000 1000000000 1000000000
573121971 768069432 586617996
1000000000 1000000000 1000000000
575543472 482463223 712730142
1000000000 1000000000 1000000000
653391183 782303994 56337072
1000000000 1000000000 1000000000
718367984 314680751 737828648
1000000000 1000000000 1000000000
459592205 900133730 978247171
1000000000 1000000000 1000000000
287819040 34308174 651344297
1000000000 1000000000 1000000000
442406117 168659212 41979923
1000000000 1000000000 1000000000
781638538 704025529 743407784
1000000000 1000000000 1000000000
845142350 123039311 321782943
1000000000 1000000000 1000000000
242970729 408076490 224963260
1000000000 1000000000 1000000000
88530032 522263674 299899023
1000000000 1000000000 1000000000
335499271 307944049 572577758
1000000000 1000000000 1000000000
51544202 160882981 730144337
1000000000 1000000000 1000000000
42638441 60708292 899858794
1000000000 1000000000 1000000000
547376839 966796634 175786152
1000000000 1000000000 1000000000
588055701 13647140 811880496
1000000000 1000000000 1000000000
464922443 803288258 21151905
1000000000 1000000000 1000000000
703770782 332343238 53255419
1000000000 1000000000 1000000000
547759657 995466362 130281801
1000000000 1000000000 1000000000
186598355 451028988 426259235
1000000000 1000000000 1000000000
762356219 713136587 886657456
1000000000 1000000000 1000000000
210406333 939021457 361961115
1000000000 1000000000 1000000000
569479103 842026653 499404547
1000000000 1000000000 1000000000
849066623 826476847 835586424
1000000000 1000000000 1000000000
585067092 736782488 288672219
1000000000 1000000000 1000000000
648985605 527824129 277035157
1000000000 1000000000 1000000000
623565251 85766758 211699500
1000000000 1000000000 1000000000
138203879 844314621 596578583
1000000000 1000000000 1000000000
281353283 166242600 757278666
1000000000 1000000000 1000000000
533499222 141432340 361995846
1000000000 1000000000 1000000000
541307023 734040775 201256267
1000000000 1000000000 1000000000
663581796 846508177 369030115
1000000000 1000000000 1000000000
693784002 773603970 205861328
1000000000 1000000000 1000000000
216355444 31971443 714472943
1000000000 1000000000 1000000000
289148583 385392107 222467710
1000000000 1000000000 1000000000
381635948 653596986 895551047
1000000000 1000000000 1000000000
470629364 117735433 453162300
1000000000 1000000000 1000000000
692322556 75401143 252440228
1000000000 1000000000 1000000000
77516433 659603912 240385031
1000000000 1000000000 1000000000
969795061 632392088 73097129
1000000000 1000000000 1000000000
512417551 228847707 24500439
1000000000 1000000000 1000000000
69301584 560473981 147774338
1000000000 1000000000 1000000000
380463702 742664432 771933610
1000000000 1000000000 1000000000
71408450 68382040 97276972
1000000000 1000000000 1000000000
765986952 567785529 767285316
1000000000 1000000000 1000000000
441979636 180623032 342381997
1000000000 1000000000 1000000000
594258412 412175048 507886801
1000000000 1000000000 1000000000
542995166 356699216 70810578
1000000000 1000000000 1000000000
952999382 269570499 692481078
1000000000 1000000000 1000000000
974860457 116634698 445419963
1000000000 1000000000 1000000000
79215414 4232204 884094119
1000000000 1000000000 1000000000
804469888 888275541 949300544
1000000000 1000000000 1000000000
778466976 348936158 364239520
1000000000 1000000000 1000000000
954317765 432137884 429344974
1000000000 1000000000 1000000000
52668126 691456913 306446992
1000000000 1000000000 1000000000
514081784 555484681 195422582
1000000000 1000000000 1000000000
348624272 536202285 136014173
1000000000 1000000000 1000000000
843109736 516588922 258011924
1000000000 1000000000 1000000000
971191223 649577675 996713095
1000000000 1000000000 1000000000
330465883 716505393 657015878
1000000000 1000000000 1000000000
394348404 657668336 960383759
1000000000 1000000000 1000000000
902735822 475724907 627149602
1000000000 1000000000 1000000000
326259153 447607024 324138052
1000000000 1000000000 1000000000
224748520 357419334 334674532
1000000000 1000000000 1000000000
738124986 738631290 390872378
1000000000 1000000000 1000000000
954841241 529887636 703957461
1000000000 1000000000 1000000000
992735195 246847142 912409449
1000000000 1000000000 1000000000
411091027 692932705 184794692
1000000000 1000000000 1000000000
816412232 935304220 308278025
1000000000 1000000000 1000000000
257826688 267773158 21111600
1000000000 1000000000 1000000000
511052646 23835848 458096411
1000000000 1000000000 1000000000
295322938 922317229 23024040
1000000000 1000000000 1000000000
62611312 937171553 392603146
1000000000 1000000000 1000000000
427700720 634986956 875037985
1000000000 1000000000 1000000000
765848598 499395570 581454055
1000000000 1000000000 1000000000
273571197 778527658 269984768
1000000000 1000000000 1000000000
0 0 0
136795734 268189175 71422246
375511150 601870965 146366639
1000000000 1000000000 1000000000
70494260 264988171 699287461
1000000000 1000000000 1000000000
515533013 496767591 824586033
1000000000 1000000000 1000000000
903325957 63252976 992354375
1000000000 1000000000 1000000000
554338862 711761547 776348948
1000000000 1000000000 1000000000
488396351 206540446 73675740
1000000000 1000000000 1000000000
638965196 741423165 698878296
1000000000 1000000000 1000000000
643045199 407923657 284522182
1000000000 1000000000 1000000000
322641104 267509648 276852573
1000000000 1000000000 1000000000
172728727 968934074 582250989
1000000000 1000000000 1000000000
599222272 838298210 465007741
1000000000 1000000000 1000000000
424601930 126672643 19441826
1000000000 1000000000 1000000000
344781691 812463138 279284268
1000000000 1000000000 1000000000
519509020 668139579 249916114
1000000000 1000000000 1000000000
657282393 563573040 824397564
1000000000 1000000000 1000000000
942311971 275901536 926694420
1000000000 1000000000 1000000000
337518890 627439118 633978384
1000000000 1000000000 1000000000
691038278 710947164 737945210
1000000000 1000000000 1000000000
773308093 120770401 487396053
1000000000 1000000000 1000000000
108217084 34242394 707536695
1000000000 1000000000 1000000000
795329353 207502072 293659987
1000000000 1000000000 1000000000
271067587 523281139 156277394
1000000000 1000000000 1000000000
862994047 40547773 528080742
1000000000 1000000000 1000000000
411527405 744310254 691851097
1000000000 1000000000 1000000000
278002393 548279116 65612276
1000000000 1000000000 1000000000
386062113 584693186 284883575
1000000000 1000000000 1000000000
585521041 834123356 203824292
1000000000 1000000000 1000000000
453180022 990632392 98972208
1000000000 1000000000 1000000000
958224796 17677957 244129878
1000000000 1000000000 1000000000
251263794 558619535 570682253
1000000000 1000000000 1000000000
963361555 380456986 821922266
1000000000 1000000000 1000000000
761576020 585053309 476307198
1000000000 1000000000 1000000000
654250642 256485264 945000224
1000000000 1000000000 1000000000
496614041 967253679 222184898
1000000000 1000000000 1000000000
317501590 621411048 658383384
1000000000 1000000000 1000000000
65077539 377502303 633952309
1000000000 1000000000 1000000000
862775405 242034878 81083756
1000000000 1000000000 1000000000
205076696 448200870 455187811
1000000000 1000000000 1000000000
291600281 860906005 416537338
1000000000 1000000000 1000000000
711533764 862694953 874640769
1000000000 1000000000 1000000000
473527852 340277492 750356263
1000000000 1000000000 1000000000
839027875 731532136 373773145
1000000000 1000000000 1000000000
11287206 294695110 334981633
1000000000 1000000000 1000000000
468461409 400221696 348086293
1000000000 1000000000 1000000000
533035356 58860009 966234570
1000000000 1000000000 1000000000
560102615 950877113 717825323
1000000000 1000000000 1000000000
352535794 576688154 808104681
1000000000 1000000000 1000000000
899708449 601182980 802048756
1000000000 1000000000 1000000000
8912979 985757923 977980092
1000000000 1000000000 1000000000
808512247 578405913 378078511
1000000000 1000000000 1000000000
850951256 324087789 835671695
1000000000 1000000000 1000000000
111895085 998165871 648875549
1000000000 1000000000 1000000000
224714991 213492180 980280631
1000000000 1000000000 1000000000
976668816 524730726 242938105
1000000000 1000000000 1000000000
204295302 159167701 574127077
1000000000 1000000000 1000000000
715701104 861757505 759989857
1000000000 1000000000 1000000000
91831884 49972239 492026562
1000000000 1000000000 1000000000
376358410 384502464 182255127
1000000000 1000000000 1000000000
926897229 969447834 919243056
1000000000 1000000000 1000000000
883810117 754307366 378539030
1000000000 1000000000 1000000000
660150886 778405958 765073395
1000000000 1000000000 1000000000
405033633 428255019 52926706
1000000000 1000000000 1000000000
790312319 941697919 148998101
1000000000 1000000000 1000000000
685261467 699423788 353749120
1000000000 1000000000 1000000000
174084149 369943487 555952638
1000000000 1000000000 1000000000
445022316 726115206 903811012
1000000000 1000000000 1000000000
24584973 432769529 534204067
1000000000 1000000000 1000000000
896385863 794446380 843128611
1000000000 1000000000 1000000000
814545845 197452859 28070212
1000000000 1000000000 1000000000
627522771 441889869 921142982
1000000000 1000000000 1000000000
434957764 560659665 962368399
1000000000 1000000000 1000000000
817274623 733966945 566709834
1000000000 1000000000 1000000000
612019290 626249536 986547332
1000000000 1000000000 1000000000
740437341 936533168 161636680
1000000000 1000000000 1000000000
647378445 984717138 164580349
1000000000 1000000000 1000000000
963456312 755545692 781774979
1000000000 1000000000 1000000000
522597702 953862031 673375030
1000000000 1000000000 1000000000
142542998 684882167 356795824
1000000000 1000000000 1000000000
807463772 278806681 72267596
1000000000 1000000000 1000000000
150404621 262188191 710619913
1000000000 1000000000 1000000000
341883250 823372213 581927442
1000000000 1000000000 1000000000
228110001 109461935 58814417
1000000000 1000000000 1000000000
933217871 38142559 760194472
1000000000 1000000000 1000000000
564131446 722613143 683142382
1000000000 1000000000 1000000000
273956116 157129681 4063101
1000000000 1000000000 1000000000
127188110 837966778 501024403
1000000000 1000000000 1000000000
488744420 306729323 368551994
1000000000 1000000000 1000000000
336743571 603506400 923830519
1000000000 1000000000 1000000000
991452418 963663453 624486493
1000000000 1000000000 1000000000
11668515 119884621 720434680
1000000000 1000000000 1000000000
203719696 800351048 345251487
1000000000 1000000000 1000000000
119115276 817517856 822471572
1000000000 1000000000 1000000000
86790556 475194772 992910915
1000000000 1000000000 1000000000
911016611 717568200 849008069
1000000000 1000000000 1000000000
667431679 264664901 756060754
1000000000 1000000000 1000000000
154107193 518310734 364871044
1000000000 1000000000 1000000000
330555211 716196115 58397193
1000000000 1000000000 1000000000
571250225 427961122 622884328
1000000000 1000000000 1000000000
258571733 207471425 881564351
1000000000 1000000000 1000000000
482857874 802196019 141729608
1000000000 1000000000 1000000000
763785010 179707419 239662994
1000000000 1000000000 1000000000
929282775 201702711 171609558
1000000000 1000000000 1000000000
835745892 333189545 422701951
1000000000 1000000000 1000000000
941229388 264887206 253614459
1000000000 1000000000 1000000000
735106467 657248669 386171373
1000000000 1000000000 1000000000
446487552 275163926 118401225
1000000000 1000000000 1000000000
502064639 774439177 931822869
1000000000 1000000000 1000000000
3075227 680250441 521672150
1000000000 1000000000 1000000000
458133043 550835563 22165102
1000000000 1000000000 1000000000
563534177 245356483 828524568
1000000000 1000000000 1000000000
181325835 480576927 257608705
1000000000 1000000000 1000000000
316573180 238620436 8193272
1000000000 1000000000 1000000000
284893506 701524817 801139168
1000000000 1000000000 1000000000
145919974 846793470 459247446
1000000000 1000000000 1000000000
650800974 160883417 642134672
1000000000 1000000000 1000000000
972181166 924183173 571324350
1000000000 1000000000 1000000000
90996188 335908773 634684180
1000000000 1000000000 1000000000
781374406 223294575 721973261
1000000000 1000000000 1000000000
430465021 5070672 729404966
1000000000 1000000000 1000000000
468513455 777693374 535543746
1000000000 1000000000 1000000000
657151987 109971145 329724293
1000000000 1000000000 1000000000
436393686 40427150 276613003
1000000000 1000000000 1000000000
136929240 853796089 523114981
1000000000 1000000000 1000000000
798290831 596732612 7691252
1000000000 1000000000 1000000000
935594583 964597436 336476275
1000000000 1000000000 1000000000
752419415 544697962 358116926
1000000000 1000000000 1000000000
954358694 658018607 550628885
1000000000 1000000000 1000000000
853570624 752578453 30013854
1000000000 1000000000 1000000000
193704742 830791685 621326783
1000000000 1000000000 1000000000
306352455 953425813 853068400
1000000000 1000000000 1000000000
984794624 90440030 722022390
1000000000 1000000000 1000000000
386998571 156188926 438117967
1000000000 1000000000 1000000000
461598037 276099993 207098408
1000000000 1000000000 1000000000
11948922 398963809 539281961
1000000000 1000000000 1000000000
706249333 221657938 873689257
1000000000 1000000000 1000000000
456134223 554423639 585119602
1000000000 1000000000 1000000000
887900206 291828219 657596164
1000000000 1000000000 1000000000
627517808 127152229 948485794
1000000000 1000000000 1000000000
723286183 47472511 855893598
1000000000 1000000000 1000000000
657678215 931647321 976508089
1000000000 1000000000 1000000000
76109449 975425108 481643665
1000000000 1000000000 1000000000
772560150 808699551 795007004
1000000000 1000000000 1000000000
829900173 152896133 634002202
1000000000 1000000000 1000000000
573264536 76703714 470353345
1000000000 1000000000 1000000000
676695321 930635996 227141656
1000000000 1000000000 1000000000
856360524 661941880 387659236
1000000000 1000000000 1000000000
177227840 487762741 437956238
1000000000 1000000000 1000000000
392824316 848320048 663438928
1000000000 1000000000 1000000000
728301031 948397357 255663513
1000000000 1000000000 1000000000
620190951 515994220 832586475
1000000000 1000000000 1000000000
551951047 658943846 610887149
1000000000 1000000000 1000000000
911462942 820020670 323703342
1000000000 1000000000 1000000000
712348643 103256162 31212543
1000000000 1000000000 1000000000
586737855 148446205 182638064
1000000000 1000000000 1000000000
616484491 771750818 983856159
1000000000 1000000000 1000000000
535207886 642270843 942064808
1000000000 1000000000 1000000000
609924607 482103840 40154200
1000000000 1000000000 1000000000
354618163 37794618 41762763
1000000000 1000000000 1000000000
216223438 645004473 363437442
1000000000 1000000000 1000000000
810443003 802045465 247760318
1000000000 1000000000 1000000000
900732062 971802537 937923637
1000000000 1000000000 1000000000
160479178 536517600 28259379
1000000000 1000000000 1000000000
192848395 480378958 284708431
1000000000 1000000000 1000000000
383103871 735251290 552366087
1000000000 1000000000 1000000000
222840365 77731057 196637411
1000000000 1000000000 1000000000
94164865 681889123 496668932
1000000000 1000000000 1000000000
605917150 296349829 85061748
1000000000 1000000000 1000000000
577799312 443908083 365424467
1000000000 1000000000 1000000000
836463850 295059651 377239222
1000000000 1000000000 1000000000
455649847 252207239 431937016
1000000000 1000000000 1000000000
335334377 218945323 899614714
1000000000 1000000000 1000000000
322880825 234084664 188344630
1000000000 1000000000 1000000000
947086259 546258438 900482108
1000000000 1000000000 1000000000
470173560 804273176 209281917
1000000000 1000000000 1000000000
716428316 5177303 812111570
1000000000 1000000000 1000000000
852489192 239016104 738848584
1000000000 1000000000 1000000000
5792497 246052790 667240212
1000000000 1000000000 1000000000
589356967 362406327 574803251
1000000000 1000000000 1000000000
889603214 620521371 809135555
1000000000 1000000000 1000000000
102876403 115353557 187174440
1000000000 1000000000 1000000000
580599504 319189994 511728692
1000000000 1000000000 1000000000
21321786 595684959 58391472
1000000000 1000000000 1000000000
506009762 87993690 4382355
1000000000 1000000000 1000000000
962343361 974490578 618595938
1000000000 1000000000 1000000000
933202027 659918277 270866354
1000000000 1000000000 1000000000
766204263 498901335 712633882
1000000000 1000000000 1000000000
767870230 138298685 255851151
1000000000 1000000000 1000000000
915959510 843664917 148675610
1000000000 1000000000 1000000000
536435728 877052194 818889450
1000000000 1000000000 1000000000
753242299 782013367 827276952
1000000000 1000000000 1000000000
941536166 624182911 201483605
1000000000 1000000000 1000000000
476186019 192240631 476173878
1000000000 1000000000 1000000000
777420865 10786129 293009236
1000000000 1000000000 1000000000
134269677 88859275 616820377
1000000000 1000000000 1000000000
936847017 748811218 527491038
1000000000 1000000000 1000000000
418339368 548136091 48317665
1000000000 1000000000 1000000000
600010952 540725521 72139192
1000000000 1000000000 1000000000
130726039 715243696 898963209
1000000000 1000000000 1000000000
573145787 255729047 479374589
1000000000 1000000000 1000000000
566894426 905185527 316867176
1000000000 1000000000 1000000000
294394799 719380283 940298983
1000000000 1000000000 1000000000
460710482 629252921 927979959
1000000000 1000000000 1000000000
540798298 830436780 779117167
1000000000 1000000000 1000000000
974134181 897553727 290362451
1000000000 1000000000 1000000000
974145421 306933933 689780251
1000000000 1000000000 1000000000
614686526 241211343 686028184
1000000000 1000000000 1000000000
141115590 730065908 357087000
1000000000 1000000000 1000000000
363971214 2042253 531032670
1000000000 1000000000 1000000000
513032589 542366238 549785911
1000000000 1000000000 1000000000
141980155 227965221 333444641
1000000000 1000000000 1000000000
225869248 490084508 192086868
1000000000 1000000000 1000000000
454071049 966860639 474481833
1000000000 1000000000 1000000000
695311256 28590882 942798523
1000000000 1000000000 1000000000
414809573 925160729 803234422
1000000000 1000000000 1000000000
208159826 732071910 354146560
1000000000 1000000000 1000000000
700541040 710189159 913953768
1000000000 1000000000 1000000000
611939084 163755494 941866838
1000000000 1000000000 1000000000
67710975 74686695 981626522
1000000000 1000000000 1000000000
990713160 58133663 569406300
1000000000 1000000000 1000000000
741493964 819145950 134925555
1000000000 1000000000 1000000000
395352645 525852691 432781085
1000000000 1000000000 1000000000
805183124 641077539 860451755
1000000000 1000000000 1000000000
673706531 792578136 715602391
1000000000 1000000000 1000000000
920402171 27475459 963724715
1000000000 1000000000 1000000000
214707134 703090871 420546611
1000000000 1000000000 1000000000
400066103 22497751 30368042
1000000000 1000000000 1000000000
320247055 852507548 328346532
1000000000 1000000000 1000000000
698066969 313235711 897926272
1000000000 1000000000 1000000000
466778283 585289960 668626903
1000000000 1000000000 1000000000
487547374 6444576 232303065
1000000000 1000000000 1000000000
431501005 37823085 261948536
1000000000 1000000000 1000000000
91192646 816241831 297942091
1000000000 1000000000 1000000000
847033229 86226456 282180111
1000000000 1000000000 1000000000
392110574 928595389 117555934
1000000000 1000000000 1000000000
513178194 965782559 98516393
1000000000 1000000000 1000000000
491705364 559295341 804602690
1000000000 1000000000 1000000000
389105098 881868560 481280474
1000000000 1000000000 1000000000
112554225 249440181 300447558
1000000000 1000000000 1000000000
547353874 240046787 400322425
1000000000 1000000000 1000000000
432584680 530915253 819961488
1000000000 1000000000 1000000000
418742787 759978463 896301467
1000000000 1000000000 1000000000
129404753 83668699 444226935
1000000000 1000000000 1000000000
444702039 391866665 724298616
1000000000 1000000000 1000000000
976450594 452314697 785564755
1000000000 1000000000 1000000000
425049160 227372080 539872698
1000000000 1000000000 1000000000
689305206 772683615 15194627
1000000000 1000000000 1000000000
611376454 887696257 658500287
1000000000 1000000000 1000000000
467427541 519825267 534424191
1000000000 1000000000 1000000000
930540697 524917989 6766803
1000000000 1000000000 1000000000
26928173 523693663 414028845
1000000000 1000000000 1000000000
81281338 554421962 710623715
1000000000 1000000000 1000000000
601321082 582653005 352223699
1000000000 1000000000 1000000000
886292017 805516235 131034430
1000000000 1000000000 1000000000
482950378 634364490 475875338
1000000000 1000000000 1000000000
399498800 905735332 966577795
1000000000 1000000000 1000000000
763838168 697534552 578105139
1000000000 1000000000 1000000000
143267479 359197332 382234509
1000000000 1000000000 1000000000
608243113 724927273 558953718
1000000000 1000000000 1000000000
635984566 764976215 505454842
1000000000 1000000000 1000000000
648254005 950982740 64464823
1000000000 1000000000 1000000000
420808191 747876005 372925799
1000000000 1000000000 1000000000
834425992 543262903 582811058
1000000000 1000000000 1000000000
435778425 889772718 474261871
1000000000 1000000000 1000000000
878883039 878071116 560195273
1000000000 1000000000 1000000000
339881102 849388213 566284447
1000000000 1000000000 1000000000
937421376 809054276 996725446
1000000000 1000000000 1000000000
182095775 352773835 53591637
1000000000 1000000000 1000000000
625825177 53515654 808741819
1000000000 1000000000 1000000000
14125731 292028961 393537938
1000000000 1000000000 1000000000
139441738 598564592 369164017
1000000000 1000000000 1000000000
96848043 827205819 880945479
1000000000 1000000000 1000000000
697535234 643248471 257844279
1000000000 1000000000 1000000000
202178060 737422290 29089260
1000000000 1000000000 1000000000
539314508 104345965 910413705
1000000000 1000000000 1000000000
514014269 407989125 125695665
1000000000 1000000000 1000000000
89899856 168970808 807615753
1000000000 1000000000 1000000000
964233356 405052970 976130142
1000000000 1000000000 1000000000
226549453 778707384 881562388
1000000000 1000000000 1000000000
666279407 523063560 256455178
1000000000 1000000000 1000000000
128630560 657209584 327628522
1000000000 1000000000 1000000000
232301071 263859008 422997814
1000000000 1000000000 1000000000
691073624 425231071 948771865
1000000000 1000000000 1000000000
558644843 296617819 206650209
1000000000 1000000000 1000000000
915897732 728699515 358208337
1000000000 1000000000 1000000000
717819206 626683012 324926066
1000000000 1000000000 1000000000
798441834 212796487 735947031
1000000000 1000000000 1000000000
41220408 220734346 106878497
1000000000 1000000000 1000000000
905648451 783215997 482978695
1000000000 1000000000 1000000000
534561084 591579639 943649491
1000000000 1000000000 1000000000
473980980 568429179 15203902
1000000000 1000000000 1000000000
344256174 754707567 556869803
1000000000 1000000000 1000000000
213351343 608372789 467264588
1000000000 1000000000 1000000000
931236557 822847680 684550808
1000000000 1000000000 1000000000
943000414 389047285 919100792
1000000000 1000000000 1000000000
176204218 298659998 979775805
1000000000 1000000000 1000000000
733846092 871175697 735363698
1000000000 1000000000 1000000000
212496840 937641533 559040578
1000000000 1000000000 1000000000
817779215 546195466 422830295
1000000000 1000000000 1000000000
702830759 977219840 484541719
1000000000 1000000000 1000000000
452015371 865419244 425991270
1000000000 1000000000 1000000000
295396591 911351353 895344125
1000000000 1000000000 1000000000
565854726 618708642 760857246
1000000000 1000000000 1000000000
318884605 881172929 245588225
1000000000 1000000000 1000000000
564710935 300708632 923917991
1000000000 1000000000 1000000000
948202164 808517253 975217402
1000000000 1000000000 1000000000
21794602 882970628 515974758
1000000000 1000000000 1000000000
504525352 830620608 684420751
1000000000 1000000000 1000000000
615229266 948914213 195035650
1000000000 1000000000 1000000000
134312845 417077888 463494887
1000000000 1000000000 1000000000
61914282 251849972 546220154
1000000000 1000000000 1000000000
288031940 387131643 771326372
1000000000 1000000000 1000000000
834377945 380089388 907391217
1000000000 1000000000 1000000000
421916147 142738581 943794487
1000000000 1000000000 1000000000
277618770 106952452 109413060
1000000000 1000000000 1000000000
741236852 81986816 711302502
1000000000 1000000000 1000000000
330456185 753044844 933137256
1000000000 1000000000 1000000000
182639471 480569697 256637714
1000000000 1000000000 1000000000
246233071 321900638 36793370
1000000000 1000000000 1000000000
80120998 451143555 195144651
1000000000 1000000000 1000000000
849334120 639946658 454338596
1000000000 1000000000 1000000000
153685502 138365177 493952709
1000000000 1000000000 1000000000
671698183 696385566 147658907
1000000000 1000000000 1000000000
350600825 545976149 141941389
1000000000 1000000000 1000000000
48795171 446825426 958897059
1000000000 1000000000 1000000000
364025101 134823656 339476020
1000000000 1000000000 1000000000
357398368 719419071 277529755
1000000000 1000000000 1000000000
384696488 743851181 158022739
1000000000 1000000000 1000000000
470740928 906775223 443519906
1000000000 1000000000 1000000000
78636457 40901496 898641731
1000000000 1000000000 1000000000
293808466 249924611 696865725
1000000000 1000000000 1000000000
866778400 91744944 247106503
1000000000 1000000000 1000000000
127127576 23151384 999632049
1000000000 1000000000 1000000000
583845411 252690982 371626208
1000000000 1000000000 1000000000
106762216 540998689 623037630
1000000000 1000000000 1000000000
156669581 672766648 627204921
1000000000 1000000000 1000000000
948248759 748177126 590250658
1000000000 1000000000 1000000000
359027735 463296817 247699759
1000000000 1000000000 1000000000
195965618 80069438 296087230
1000000000 1000000000 1000000000
485222770 70318314 298720916
1000000000 1000000000 1000000000
802380029 374230084 176726567
1000000000 1000000000 1000000000
235387402 68994795 676428766
1000000000 1000000000 1000000000
679195719 745075824 557801694
1000000000 1000000000 1000000000
606396090 421415531 692002883
1000000000 1000000000 1000000000
171815974 192854446 741198498
1000000000 1000000000 1000000000
974846458 359268278 138445801
1000000000 1000000000 1000000000
130076280 677769547 855694500
1000000000 1000000000 1000000000
543991694 436738395 105761140
1000000000 1000000000 1000000000
54562321 821745255 965277611
1000000000 1000000000 1000000000
230262973 409458106 285697552
1000000000 1000000000 1000000000
391398331 745556846 289998645
1000000000 1000000000 1000000000
530449321 591767325 346664176
1000000000 1000000000 1000000000
430594313 525614387 973071091
1000000000 1000000000 1000000000
289167175 526707817 43238866
1000000000 1000000000 1000000000
234942097 560670251 587436445
1000000000 1000000000 1000000000
745848514 836562712 682922413
1000000000 1000000000 1000000000
480015223 794267538 874106274
1000000000 1000000000 1000000000
166320778 517475259 385349502
1000000000 1000000000 1000000000
919100685 432533597 719930271
1000000000 1000000000 1000000000
42071435 237386878 971599732
1000000000 1000000000 1000000000
975033389 171772349 972902596
1000000000 1000000000 1000000000
972554559 152394288 866523347
1000000000 1000000000 1000000000
101463415 765747614 559187195
1000000000 1000000000 1000000000
663219453 342116308 595951020
1000000000 1000000000 1000000000
667568923 551682818 384081172
1000000000 1000000000 1000000000
718528485 498229997 339483380
1000000000 1000000000 1000000000
944649620 127693256 540888308
1000000000 1000000000 1000000000
259492458 821372916 66176565
1000000000 1000000000 1000000000
490250023 126550789 955142177
1000000000 1000000000 1000000000
909624697 932243792 829587796
1000000000 1000000000 1000000000
526891764 605558041 710199267
1000000000 1000000000 1000000000
899335327 368495389 946146592
1000000000 1000000000 1000000000
992432286 125043790 657785330
1000000000 1000000000 1000000000
282891439 804112982 522874849
1000000000 1000000000 1000000000
457706177 574176443 490409867
1000000000 1000000000 1000000000
196143638 724939601 358612995
1000000000 1000000000 1000000000
932495199 859890358 768375017
1000000000 1000000000 1000000000
435739178 613923222 6092602
1000000000 1000000000 1000000000
456246769 627659020 310565277
1000000000 1000000000 1000000000
669733345 523025468 871898817
1000000000 1000000000 1000000000
