1000 5
237884622 31894396 877014 626154126 275200588
750090859 452512664 242289838 929058578 601700947
684459311 421307661 539534299 291628189 557417248
982711373 524475246 656263769 612105913 767071457
354968494 471181657 506986461 662077971 167505438
894257021 898251825 980714738 946466731 283947488
63064756 213071826 324485626 315981128 51015875
185135525 985058640 573600578 895796802 596692292
843516295 55468234 593463890 85106890 390621842
862345473 190938071 598711939 882479532 676981265
128540999 267616345 80976645 301154763 269405234
728388508 642082300 82635350 325887165 932734904
301443741 780896858 194132330 231908265 40749828
933149035 943580024 374651099 834666611 819242208
40231361 54308232 406668835 174096746 372009546
833614453 161874610 620725315 817009905 790496082
107026779 168072160 751186536 665117680 207200745
408516996 746368410 832725057 943664085 408345661
404051160 553046202 584200144 417400382 343469495
823743308 780029621 716017439 567090346 763028327
59210070 63734265 261679499 21857084 710653606
673163128 738799732 417733082 338369624 779890516
446229532 259902428 647450906 618803266 386401172
515985304 914994229 700727965 966787331 913883043
287979061 216836829 170331671 118447306 827274400
520038611 538259148 983747922 255681531 878055567
45660985 96955599 31355900 855967665 858136306
347748168 964675578 622937740 971807370 992014522
562134805 120452417 188094532 828208319 312259802
738250803 599404861 714453694 979265575 454405604
288224535 628731333 228463156 164836507 63660745
429484128 984410185 698254459 198961570 933091114
542031310 892477961 228682056 16100461 82291905
562407757 988479659 882209159 447305340 481887466
238193201 382656982 336556335 4299968 244733005
860095031 385810057 531595112 254894162 773897330
437996394 145567054 298733768 423171406 349056663
854507613 952882811 883117609 728005865 830641680
170276019 226549322 199385220 263543925 45956779
827045796 443985367 660400151 958927772 505456132
882782204 41981520 350768392 36307848 123934589
921139507 771351440 932300786 58997775 660839821
301787577 13069583 433946 116416291 214715337
679864350 111344575 988528193 607558025 990160130
71463061 475819222 577243738 103269633 446004558
793202704 620925420 911700405 836416168 447852805
83258374 531525259 81592914 324107718 282371645
647237181 598374803 135819964 516740795 361613208
219123035 23905005 171049976 389100068 744168208
569316572 344998829 573771318 957959301 887054599
112562172 623238818 185976177 268937712 181572324
969572697 673795165 451718090 513346506 572903050
46837769 19334613 451991523 59061083 179461373
358146418 737244889 875053154 840990529 337497700
437222706 314428575 379072704 323936433 247130401
950369386 826611705 472835757 469992637 387264032
267804739 354273000 613734592 370075641 587571522
754012716 511299261 719569799 640523470 877259352
47161472 265561775 51039035 157996803 712367947
289339730 476146109 887424697 539336962 720655294
64842935 539752825 90820391 676427882 135845267
639470128 854956489 567524113 959604832 699403104
139317867 116952484 33099385 400056244 447885125
849112862 660628950 255655543 455690583 536751422
83445241 654593058 466200095 50968779 175595657
391088925 805139903 476548152 495829461 842750166
41937257 416286649 457092564 191052339 88957110
237079361 556306134 606797966 501829026 386503178
40480760 111974990 231722644 80488508 26072951
547856588 149384876 713525669 436684409 112701473
64996074 654916394 242620138 81070208 80469803
325702658 922779027 503751180 324551667 393496376
109260076 74866879 395651587 566111461 87533515
911878250 912817023 619935059 862877675 627251872
112484089 110761192 13843775 26019940 17163670
321068048 394898902 792321636 892213826 221544476
727361917 16025809 137213314 72121363 528181044
905557721 420856935 214608925 156988941 862489817
341301292 527501796 259489756 589715192 488334191
357305094 786420698 802014999 894618412 676032941
603007630 552046832 272447368 114624794 762488612
790684273 812671064 696097318 415671296 803408988
176880628 363178776 170478798 175168648 111764164
483647920 498013731 201613652 322880839 642110315
90721902 466557496 77317117 303324206 120190802
964356530 769867597 413775958 665737637 442071022
899650692 126030593 376793723 172521922 462416110
918828079 342553990 441727686 538292073 690010069
240514805 484502802 328473671 122810341 189821338
541090611 514106542 979270121 989878906 479226360
59230717 911597361 148816997 332344577 186446320
923128832 977965073 763134975 432506547 500921928
229492156 223639833 531656056 29658229 341429663
887541216 426178954 957330744 170232327 368925880
63941367 431900916 413511829 421192488 351371555
836163749 713046442 464680497 802579958 421399732
55313545 511806201 39162566 635451264 146909048
202100820 967880111 903087952 637541959 872288686
758945844 116218248 278643749 110963752 616662994
830110492 285633572 767815328 448991189 858120231
148806346 439828825 354214045 57483120 56402427
936371078 656426927 943006099 93172476 497222321
185640622 772496880 404036262 252229494 159424147
504421106 822467789 918773051 790217932 598960561
424452440 53259021 714708748 156630420 150793880
962517134 718267294 990247997 827754080 276333250
269666136 22582815 664935885 701317459 402734648
801459688 324691806 981929786 718967240 693905698
27638273 251198993 342617258 443754581 67714756
785029458 798101852 510024367 494873262 346905016
687424391 24320982 784994049 210497304 240979797
793405815 64898138 874386741 917475322 326623966
215287796 187996255 581454443 575803931 45369708
842658747 863566899 934548038 720884881 685475286
563598119 400875929 395376479 505774459 654119308
685752234 964503572 798070366 598689517 674990979
60078778 436210619 349403881 128022902 2842226
593218436 774022786 524210763 868572665 559920903
428883690 382082604 220903746 99762954 319326033
589619684 928347175 513488629 117571778 498369013
352813774 74099701 633848434 35458954 392406012
701172335 648247194 993660416 666073415 451372208
766779286 275659792 131193588 481300244 521478607
980018639 361521643 931920447 519910076 624124090
196064212 148877243 185746186 149097965 644585536
614796400 900326365 861536757 476803627 777897388
280727795 30152804 8564704 453310020 38894573
903781054 564289648 213397999 985480295 687880332
606404803 157734975 127433130 271399005 593585044
667607047 662771437 183602513 617022058 887230495
118251562 484248831 36897388 560414366 690728150
173763452 892888169 394986402 561228615 863547910
151112622 795826352 293632639 213574162 296851612
548223550 944139875 660995468 387777604 691215639
193956301 772341133 128327494 290275448 615797461
332023613 916085621 179132584 433517981 892633103
471462802 461737273 3204333 119837906 431867038
986221662 875777476 904035103 578528645 472969981
614872733 219815006 2341278 533411996 676644341
733594829 910931953 586591399 802182122 710708874
12304942 892333596 226799810 668371092 671077814
929092530 938444802 395269921 759801355 988744175
40849770 325049458 205932993 793729271 84571724
349809300 508396993 722458413 847644502 834862887
209029340 319434625 119832984 45606447 151371666
461047854 413153787 236758748 271208728 690587597
538875140 46598642 128356006 394924205 579911233
900821908 773234401 966857267 448464896 636713893
548870960 1578282 429385752 484030300 151381322
969328789 365355922 602902667 928627560 425223869
494770660 99269874 110467665 215725984 169446652
502899453 215553193 153474828 954896054 444555589
630384186 574864626 233748876 553560876 300818011
869333516 943269232 436485899 909379891 974673592
254974134 200197348 365474190 621080558 599018631
736965119 742839913 435115921 892048298 814953768
318693575 472182754 168437253 820289239 383173801
997846076 806102131 902919637 904216130 576041490
473475384 977189332 492967005 42536739 147522820
612101683 994415101 628878462 74237649 552461396
53059732 201143026 154452314 307423142 340303314
67459693 348996133 569915445 519894546 694562697
174662390 25539670 125217086 935224181 462047683
733978831 61431745 399823786 958741938 559044862
105473513 468575325 355281779 49842521 535271184
657205671 584243539 990641426 445562631 617970350
572372598 444045302 153829271 102985910 258113348
894290596 526722991 979129292 526106972 834374086
456762963 287799028 744793334 146918506 564035143
985420779 816791208 995290758 460793798 748142540
795258673 95804791 20645656 252767417 506871940
818216936 112836163 725395389 745377747 722731285
601749005 820637098 633818796 43351854 457862090
893414965 841629969 899401189 629013749 854463904
490315987 231543224 399191834 732121760 71519884
771670922 255375474 586892246 972142998 781279608
626431023 128256526 424745418 67384323 90534771
714458362 755550321 904051308 994011342 601770716
271315903 495851634 351698737 353192115 13265187
988391559 571202385 915485771 798581195 355133164
780754122 55579187 90952216 632241419 719943473
854684746 586775113 281477726 840577345 970771901
583041452 10702101 601497671 727452184 342963311
958286891 493629207 750226489 962994901 511874009
306173055 6031426 38663799 25378280 317579420
310535336 33245467 844257221 185205124 648805538
590160651 215616368 139803510 552713842 138112758
740373875 502657760 977947739 843966677 516789359
108517665 50884635 8156067 594689 221608207
772506261 975463297 337563373 21133061 553823716
213803999 525274854 46059206 195199790 246440336
311132244 927685241 131289306 949514387 301052994
77890427 281377661 327637867 4144858 914914715
393042172 797436490 953459640 12909156 973008976
626009107 209745862 70804797 713459109 458735164
769538259 379119154 798311776 970935372 682362995
304655865 282559662 430743468 359080501 317338957
668291714 299305287 804313910 485743488 579837689
543290020 163057047 177979511 112273172 155860037
886866693 650720639 181739752 696393017 912917112
484997643 328486533 424815909 129797902 351662946
689602490 371380624 773264572 767968237 796389102
211567840 386930548 736969038 332711442 594832644
213464269 731079151 868369195 560441806 775894913
765935801 184892075 198660392 382062588 347103848
998728189 289224628 607816507 827575890 536235101
48525818 76981128 292101901 169316670 187104977
235681236 666650387 520780682 828319112 951660296
134843420 274806027 454076839 122031376 658027487
743598501 558689888 690192094 490460162 957064223
23185875 524129243 66604147 38557745 194413776
836177688 792407354 683248261 244804299 303532567
268318807 253580236 376224779 262660001 91253938
580588290 774467762 673961376 512073869 404913707
877394972 532166997 495510495 608262035 359564111
996313722 970247635 865550903 980059460 373380996
104779375 608693241 723931565 401033755 292743575
224572626 929623705 811596542 629598823 988845676
692604673 165515857 578902053 16790952 199714966
848858891 908147840 891532034 180424968 421548579
121754734 455919004 497516185 175620633 740596573
458192213 846392755 701438689 880696466 859900522
282263929 447610491 839395361 598956765 225225458
369227641 571884749 994111308 895189114 668715397
348878528 572457162 414072709 336508629 758820360
537476100 730265741 815427932 569344868 888733490
164950898 643514336 12349168 643659798 806727826
343967461 936851717 643178305 773883728 955196366
272461877 554560224 530802327 246253068 45899393
570134663 863790535 628864591 710885505 62385692
41132630 547592388 137302759 857645687 659927801
116812971 633726151 304517673 901855115 767627301
498615732 131938505 407284717 104913229 667732457
820273283 645107408 764145248 757866074 765224055
625538720 47786190 226091546 278522693 451639195
785543228 146422792 975662902 995136712 774376973
368673028 833649978 598031751 260676165 125523252
708161778 879204470 657613248 668339408 932085078
294105294 35815650 334189445 139559522 624714380
857099817 612386784 663033607 358771583 635379988
234343641 365929573 386373209 379337565 130973225
466090045 377778463 421721779 518764268 995852006
891542903 151766102 122952362 340038086 108380678
996897786 568412210 633939185 971341790 393872662
606115775 167118987 667217501 73877639 850010560
933784813 268660532 798874200 902699239 944673025
209293544 141209894 778166780 106605179 25117533
282861780 480842632 789612386 925915616 550974842
225068178 136096364 367790560 241358338 495424213
575195973 184822780 639197726 440548566 970562577
51101459 344292731 715091213 500470958 84993972
56893552 728740971 872711215 541598552 990626357
95688391 565269595 77212070 318830338 582941096
835021298 885450875 803619423 561722489 898843888
623715662 628785391 551905341 70227262 82077422
898909595 935972987 578932559 391019473 83201643
236769758 270470692 475203074 408056329 255082503
300881821 369674925 759925598 504760057 461609000
229260451 465118189 62830820 204443200 91874689
230049509 764181001 562412714 543711353 851784038
7765283 588170178 347984349 258618587 426306691
758426046 838757358 730056108 337458570 655746859
227302243 59238123 265587431 855989126 121577091
781235343 695305056 801638486 867053241 979548129
347286607 552065626 624469344 667639034 18717787
788236701 616489064 696940681 951322049 236874231
706058782 391802112 162032310 527310000 944519141
759643532 772162074 757504785 583449064 951319068
149083459 128450438 16916737 11795738 194968777
905496021 692924804 230646544 63338280 689385996
203912642 557137545 278266965 111816844 462808004
996150937 902981129 566831878 287215919 790997778
64961677 111450386 33347637 383579386 541527217
420484710 632471246 704791728 956994418 589814213
110701239 706036617 337703370 331910602 340252103
697510586 933674036 519272226 821276352 736111297
510328763 423840468 954191203 365479501 376177560
872906650 834792930 956466064 507850853 964566078
166406621 337924569 168591300 232659086 558199321
483753885 682088051 569342510 577837209 611682498
557468897 30624492 357695648 302226261 409226882
687013535 567571887 435177607 432579517 606681065
217309493 198504633 516333929 533138507 601600625
746979140 913431947 993798732 810844728 830014545
503536734 236065432 425815984 38054316 875391912
639782106 755264756 701718710 301323043 883379164
90621882 136858284 74310988 560509351 796964912
607767835 501696251 250366040 948633574 884729503
433430694 40928940 45500572 208390843 166889633
894636039 464625937 541432551 459104853 920575191
431722674 68548089 894201439 213661873 15171820
468039681 222483162 996723981 688438014 139772443
523445443 345980216 548920665 958399532 190861759
946678082 514987806 596276389 959919318 281208235
900834779 773799810 316490411 515504886 504708877
954681565 953691503 979832944 615037577 728901256
673647142 148243905 695598521 563716533 239509258
773201038 789911625 806958328 610807925 460686247
519754696 117408158 634640700 367626802 567478193
553194542 367717919 693238067 590582180 773373609
412715389 75987623 50482995 450654159 142129700
626332808 921415692 586200616 641441784 354677351
380498307 913877183 188724248 504485847 675532795
783691022 928308006 941021285 527100793 723034006
445475642 694311513 964633543 232149045 341912170
817990422 841227272 995882286 630273011 349587553
751074859 122732303 339116933 417038615 401409865
765190254 623456240 431460297 419043788 929875922
189955304 110950433 779264733 495308643 508988020
984354619 509900534 917031849 949235103 551152475
869847665 386203691 248075837 39951827 74548021
914038180 690164141 454822147 922750888 169084220
97582276 853604607 437538152 624222898 237527052
840323543 989092271 787295302 774179976 839776088
484153694 214951144 161153534 721638454 303638110
882431465 650188184 608432544 991080737 425470313
170492975 743969521 312143136 222045309 364900573
883945041 801834297 741045148 707341215 634714587
942907289 125994612 42816241 76912530 18347105
998568116 795050548 574748606 473400340 755385151
373207205 351716054 347733903 433102316 624477176
906022287 491531711 794499735 680745325 758778817
108728852 496105083 574414482 372680881 421859899
195999858 571512449 771226081 528151893 631908781
372599687 407863080 282058920 498969081 716383794
689762323 855596691 345292449 894569552 822886985
500192256 138270334 114102944 74348999 609660597
675880828 458256851 256227130 223408278 851959524
92892477 168969414 172570338 670121363 719241407
94474619 931819528 794100674 723837049 784633712
36285263 146070312 102584766 107020014 555673311
998956069 263942006 941259579 210718394 886192088
22107464 577357449 643335158 20290852 780918581
510319272 590633375 886419860 485583709 872861241
487294538 272231815 258100619 599802843 113192890
656907308 461496451 376315733 832622808 338889397
195291677 99792915 82644863 395564309 455554035
202273062 124625255 854011068 752369136 998676025
257933556 40745243 582402713 301999206 327619737
732084605 298735123 871978492 624058434 742225790
129761883 108356339 19337953 113565584 211482157
741040871 179585311 712531775 797657649 993979617
247285483 274949066 586436322 517740533 85668517
998425713 384177587 768861798 727118190 779920858
50127012 156403129 302476760 279566116 424535105
130594231 914716407 442735178 680923027 640541526
521136049 46212508 580512931 259049961 243363065
564272720 78659462 863024813 887666425 605988226
601105938 339368095 470963409 554139121 729709062
975754155 661782250 560016875 994604351 763003983
187838123 330513980 363854272 365643763 80044855
386809935 898010098 826734517 620219429 344492031
69770109 420776990 606613463 378999433 459510316
652705542 618569479 961326048 400760413 481886880
451058076 34069231 414741153 429653750 336029087
827203192 779427600 669867066 592395125 690178213
450842518 720019779 789032950 510275358 280270123
790837024 786329156 924788314 850621886 516352346
651631261 652065394 156028148 502950900 172343873
844360819 827339754 173299205 960897586 212720815
166751009 770991707 270653575 282221715 916824897
790858079 874273398 736761108 668704230 989725809
48445294 79734773 255163728 496633588 108686534
334415058 373210308 822322186 511406482 995155263
19758947 813812732 18898145 773718968 88808685
96830063 874874705 976111031 779258042 935697580
578844802 73879923 797724609 25531050 29126853
836458126 226033043 937312820 254951045 125219576
10877373 694354200 576298403 528717889 39669796
827826868 866301389 590786889 628563558 455839986
574997767 160400153 396547925 293290539 123973975
912725145 919980057 478403880 939105929 308845906
359695689 239500860 711256902 136791266 53733586
821816453 673706728 953573935 649920600 699521403
254831169 301711580 668170016 174032486 450107513
949814726 979899341 834268414 691679852 599464553
732685163 355927381 128947308 403816061 532698014
780521686 424115210 339335369 621031829 644237588
138230211 795383591 780142383 18650559 106658333
436763188 999964008 977157384 137789193 781585848
299648964 252536440 149512660 621799533 118907105
500296209 665215923 670807412 665854195 224055310
43073205 306584346 187074016 363992417 324981146
925780418 669691300 785667630 429345716 882722087
823852058 756536566 37017889 451389659 370169867
926228013 971997404 322945394 649783669 402382353
301966006 245095274 386458489 72699999 341944864
523101878 911267673 810004631 144427543 951179064
6980105 156671741 323463492 47073478 39722137
487576351 673423316 589144696 146665208 201420866
711487029 151717099 152053978 526124785 46738516
821622682 863342424 269779026 734136927 615723843
4045449 153538725 770488289 158006556 189519140
606978988 611914318 775841588 165590597 579866519
797080918 147021455 339278140 680897987 552810343
885653372 631795315 340873967 753296061 896025771
206389856 80197210 63726471 671400939 137628944
396897467 872164370 183536952 942243290 406017836
207173873 124250944 322817349 315353742 322645843
845156864 499051974 449611332 493111563 451871820
163408646 343388611 52565081 443801822 435636126
664589710 524053734 873001821 906547680 658314960
831375307 613282341 593695681 841753577 207236296
959557377 847875529 685316628 850024563 444583571
162545145 696413043 611316085 729830151 502776517
370212397 827838953 905556896 756470815 856789194
298901520 120542152 317930731 15101402 414688463
789485756 911822964 444988355 958066189 660192100
153772826 488711815 624646396 257519912 595770834
740059527 496252488 746345032 456088506 783673940
608280259 415388316 92525643 536008946 263302487
825584283 808341538 853955135 945889687 974247355
6056305 552940918 379021639 65376257 28268167
551053901 720876460 921303363 813406548 932276525
390452836 144511331 823701385 337497445 394535709
699975243 483957539 854711527 789936453 618442179
206931842 535384503 235793880 933954731 243935153
685132932 899300808 513532219 940055677 515954063
501046174 198243951 185204551 296656213 102387497
669867980 324015046 305289091 320762223 862912494
516531479 417519650 605519045 281776760 449056939
679849704 664863982 880608677 596673091 792382817
238820560 214113699 300833655 100957350 294482297
427597762 323671767 675360566 323626023 816279622
563468098 730128546 600840387 192117370 86950038
608269643 731486764 747686887 239758371 224686869
23751849 165090792 134408171 6636886 449174764
614015979 829335147 636155105 926595451 662862454
7704410 771251661 149015534 819067572 7095025
607069449 931131748 863652653 884561664 614192495
296833978 44268367 243156440 417416619 217183743
409951269 657478489 803395535 759134672 616627965
45947082 469425936 734536270 282667906 383439809
582176193 480486834 748176252 877582647 498905896
267639511 337797689 519825802 125288254 60370247
949413298 394660964 758483113 630049584 966705915
25879707 482089187 163540400 217005076 738552645
586298406 867891100 234603459 706690943 955472716
473936941 99782199 478872864 280349891 74917549
954380291 954893339 598872397 834229366 345843299
397213529 99939696 488479814 51144646 136595277
447228580 992436806 798083232 155020899 922239340
12936817 61717736 338096649 124797203 233397295
494347253 958321375 355470886 555319629 235224954
845128445 332507759 525392127 361931837 276482173
972015188 692828156 735938189 897153879 755003685
14995894 850192643 218932375 294832155 709130241
293220794 881806077 508238467 581705361 809363731
855339956 406701411 171430663 173522513 122085516
915497328 806234310 294463978 459228915 957057950
75918336 83784987 457215442 492965027 597117871
370140207 697745659 800752161 824898099 938408036
378812093 924806940 85348059 522198698 427338015
675123721 996894862 344086120 665953125 608428143
223934918 221459041 17713694 66986592 85396003
672164948 557138817 238971530 729513976 614013753
354910231 313915982 793591444 723230398 263829509
980710993 568194630 819521879 845986285 646543131
200400372 667978950 136910393 565728826 195547264
560687197 968797795 604925557 724950634 900682641
350829217 63137348 543179757 599773192 326118525
787449793 664743016 738680284 727414245 814853920
581463051 194504793 73680065 190161919 541841777
890821191 371224547 248589554 817270988 754339453
242495328 188648677 105483503 572752228 692495436
474699618 629188645 701587386 975959424 901606455
82858186 104055593 11708400 312164908 10358743
188773557 623520685 960583399 743040353 597894472
209202279 42551790 219772538 409475704 111040367
217362279 897016553 942651598 789652662 394873789
442059863 165808297 1264917 690865967 342376583
470618424 765893371 132115359 733197514 403254689
296836131 93717014 154392098 471431698 542142815
982731920 379818514 460142065 974213231 922737260
312415823 252349963 77448179 190703186 42238924
949006740 262538546 451074033 306012710 589205638
719433473 230931990 326392404 489411242 250260516
840869790 566313703 607056411 620605659 909596385
218181831 260583118 101285870 794705822 107272921
503274900 648108665 737189099 827805706 636349248
289074847 404388784 371308502 650269630 384086946
720863082 855893532 982882987 736837678 425513135
105121024 74383171 87554999 443994142 195111258
964758570 645652952 570489168 617247784 578418461
37654816 562729232 273148949 203361653 152049909
847221825 842750499 708585267 992030216 998426004
564777615 533927059 193795181 775542995 250355207
928252395 880143444 838753414 944224639 883489982
144745855 266227821 473241938 20428241 277249127
345744537 640147311 985111595 314130431 717228286
232201560 469947430 670619526 918112799 185041956
953220915 678407293 673323058 983849097 734259451
319328614 72034847 283036067 165210954 282024710
482793119 654499878 851594070 823808077 476563552
126074705 352234093 174796701 589266754 26631455
939722592 509900488 284726173 807190905 490577680
0 0 0 0 0
628011924 198580607 202295350 450479948 475042584
647264938 299783200 790453594 513191476 333770921
679156447 867584805 915746178 570365966 895953608
70934490 501934107 394358497 67977784 374970542
654095918 555471159 930260692 95839893 925012361
150625574 362353786 680916336 378904734 612913510
371192215 675083984 800159260 484757366 941039539
215812921 338682995 386943424 825463295 452509180
771551409 576056436 804057013 849988099 511306429
262883586 239693072 564985352 95851149 332018624
398502970 967766650 889588248 980837193 465198163
196178749 138840865 86292164 42092365 259775390
886634272 791283709 127033443 900533338 820388743
107934379 620477579 576871671 227398350 930934768
674620258 686114576 793405111 948415235 981664352
442832529 116739224 49681991 190442991 374255051
460913997 803013419 361322585 424220098 721009059
182603965 46784793 62594371 9702325 319519233
396392078 279805313 318095853 631061466 337743854
678392808 176459541 448318327 833090690 195772135
975265842 243486212 735558240 918455582 642907720
132247124 741143949 491496517 96066539 590435632
814902963 998116519 885110428 636887890 692686386
771115900 125289212 154235367 553298443 253244898
929945513 890307422 457335532 688717757 955085568
517725873 528667 227134745 225134293 802680667
592409817 371248668 983263855 679220256 901490216
63953955 501789579 88181635 88633723 243515587
620301260 662155927 535013420 162198530 402532722
706719302 112983636 119044062 294651221 85201776
991256022 352687400 372491344 701458919 124374025
31177819 725561548 197208742 129200027 160453043
552069654 824060463 504511940 544083602 703111150
363838241 609993023 115116760 141089174 698545887
610454051 775151485 963497285 936709056 862496117
84596720 35660592 440181708 442334193 777261930
514888903 698913838 677997262 744714881 791743852
240422544 243697410 490271073 485283357 345063652
257884407 414405836 784758774 887083805 510066788
820955358 497199263 141762920 451548742 276785186
985477892 617046428 702394447 916484610 482429139
42117000 616871746 714860349 221192039 360657698
872647170 913458308 852786682 620028465 994628179
603363536 336026750 838908970 435701167 283108708
923509572 932179962 878743846 991658171 610482388
378392392 61957764 126628063 837801079 710055906
676311381 254707206 882926496 968351367 930000606
399232794 384714660 288668560 162603536 318855345
836494529 621462203 385695219 412437357 595318005
728274281 420519216 35135429 465337628 375238638
880843673 828263904 93500127 821875705 980886442
145724205 811983816 381179522 303993594 608518868
733372559 817215554 721310753 465846126 843732084
708640198 92193763 489906214 775594209 426551609
826027333 273740282 532052448 945547249 956405735
32236282 152676265 62594666 558455220 363962927
535893514 486412536 581747047 836666413 492494657
384624404 51727754 545651674 598063419 820886281
977693998 142724851 876363227 645185543 928133208
359352296 739698652 430899500 83533223 533736806
512542126 806607524 483292058 717639441 587321371
780948192 58515159 131622194 96210999 149099544
794209907 815081838 731369392 337428342 531944911
16370107 436571486 282363191 162638054 20200017
777196663 625621931 455378992 675070685 122214559
236029006 639553324 100113646 737517589 402497369
635360660 683604112 863089499 973162537 464923051
270267340 378738294 667317008 114076626 249040256
322315469 629903684 859347608 548919184 521063460
128392881 620700916 601701862 21432108 396100489
929344059 995317601 675232076 855193231 534148299
410100093 273806647 152925400 248214517 302661096
806389447 464348027 292878295 981203995 492414324
439272942 387377190 88978524 17168286 469670430
754119338 743345397 670969722 299039056 940487450
537136882 545539519 810821912 111410827 432763155
809422713 965997632 827902398 195576819 693025239
278330443 580187070 684838804 496881687 75717558
528356727 978834546 756956102 521935990 332663851
610367990 684540650 602171691 404527608 232058153
934307867 715153111 824081150 866342846 755562581
241030241 408542095 320279158 875977550 349292477
462683720 440976028 627942427 971226404 363285417
22723206 582111184 56501206 875373717 210371112
455606849 990098351 410131702 958147366 362455602
446907428 514835777 37889694 509529560 247762130
975699176 751213661 117255951 712724793 622429649
116200001 94809114 179006171 425177317 41877984
263078045 297611477 389062989 963721223 745938215
346522649 62069128 661277690 576299970 671846419
912716775 979185460 826768623 648654379 862962372
24182539 113688363 104440272 244498141 543530341
126191075 659917982 417378799 676988130 715854543
280031117 309734939 275131884 643112952 559987200
556539683 825241141 927227675 976940825 922586138
188735966 130487391 608723363 507061289 185912314
214843279 485327206 611748633 985339439 366145767
33982816 59984566 256530981 412384800 410551055
191547112 664885956 687843534 450962394 999656205
286447639 551834557 279576822 11225290 329849931
482688370 623526757 915542672 298496296 900506776
465714396 254976079 860951815 306795089 367913105
657579085 863428394 984259694 704656351 565620995
666425614 652165855 248546764 741158216 324242747
759065956 716514759 746179874 990932935 975937313
534099548 136778392 39955845 161337968 467393827
879691645 948321781 583061837 481079041 931369607
266471838 175578263 354523736 610072110 130171137
868952361 722535657 415176455 911177083 854766156
381320017 315294225 8724039 361362790 171091275
516238282 533398931 919918069 961193923 368478717
118431828 3870798 53681392 356074295 487240825
164065330 561488427 529685380 672589786 685150300
528427376 756994366 210276421 264560587 59960513
546807934 762031814 215766238 928823663 295425705
48224276 393975182 498372296 505666089 144548870
538263330 980394905 553077290 993800091 815052667
42295938 69666193 455992865 157667461 495167125
563804276 768896668 821811809 461015026 705047395
429254807 455950019 395713050 604158346 321005798
763741822 895891211 902164077 917288961 823849474
356277803 773741072 75591361 238356419 18823339
752706373 871778772 445722907 521120106 596774777
181460734 105302446 375420275 681488793 30173336
582767247 853919072 845741282 826493353 155502487
463673137 129188031 752564223 235895305 38841659
828265157 452060074 804270778 305464333 864948959
212573764 294765389 5779589 225815361 580451907
608303060 578720848 541341644 656325384 652011124
448159566 434705037 231662933 662388776 128558841
712995364 792619376 344424163 820042798 590473765
318526093 348099303 326626212 219473479 94323007
336989854 902212795 873402407 326281808 919751884
521370070 466741987 251732207 200851133 608869182
618671067 536018077 606614574 315654717 612979315
257194775 166938375 373385767 198404164 92804842
326505314 666448742 445574923 631872598 600251211
542517852 295169776 371780610 217895363 617136860
552552241 441857646 405878659 460803680 867708761
568164333 328688754 877106778 822213816 316476836
946128822 830372903 888524172 844803643 439394114
108999337 316859235 364913013 568680055 622562053
860467674 388042720 606317155 963641922 981101490
510337936 632737007 169334440 152822152 407123296
763350476 884149682 227563411 738069798 687724689
652672683 765400414 119780982 225878627 653352943
709516506 939228376 248482264 345301094 694812753
438470531 396072861 389200038 255953756 328716297
624882410 548805552 895691392 801578919 705791590
352431530 204396728 959789682 209245635 804260868
360276127 345461977 971185268 943179360 908783354
161905901 45223585 363743677 91502808 33450105
724538566 921457297 452786987 784654174 289657034
356279119 157387934 763983592 606053800 372406307
940687869 164845310 878448309 976024253 945011675
704670874 469846410 486235883 216280454 308255259
876482220 581806890 581118700 740196786 542134982
73041233 13938885 47149998 359381303 67524632
684911685 15049172 603892084 648919869 426411567
124896109 429471450 379371810 32140787 496720318
849042470 596134497 921683082 318438816 991274608
50303413 338784465 40701832 358149409 457090442
790750819 712254287 50860479 398396417 672707785
86907167 682222629 505837516 112286778 70474361
320724723 790866508 774631964 828565934 158055440
197494276 610198171 69513206 153899240 188193702
391406472 878566901 711643803 354403046 863398612
354439300 13643895 126429321 605337142 223854184
575893694 690227467 753291348 939944027 550401180
86882085 485702024 298073295 639613984 3761753
246434646 966157481 588732481 984477696 732000161
64564736 450865145 52671430 218596415 300467857
339162797 813952898 510951166 230399048 573654247
271451945 142412163 666155277 150696241 647727738
442472221 169315546 905655121 617997627 712127366
208979232 587624712 253260243 298147779 24669025
344828624 656510078 768102161 485235289 969841758
134389552 183160075 191686836 684280372 549741676
745882569 505089143 610443421 782055714 782857690
241404739 526737867 959801346 415188574 484103587
656618095 661097322 995065847 832326820 747099933
207328882 317263388 125844065 406214370 100174104
723328208 423212053 745052182 801080918 342479807
575773341 761870012 682798767 846678355 191622019
852800827 991159830 926345893 972002291 814770413
553070959 554274739 6494903 529993453 697144244
846715575 572677585 883042306 879044041 758843032
409029901 549902980 915217770 71338038 936678740
771515762 880517459 936675827 371959661 987096261
780040528 859386387 626930456 306918081 128256123
820665613 955227928 847838799 909423999 528325570
553711211 164333471 82167639 214444262 720923018
590009958 724330939 723723845 628662954 798776636
37753193 721683986 800690721 310893591 93224456
750978271 791134165 818040953 849462904 660494457
229408367 214586430 3767764 216365214 42742907
696714996 938129121 364679730 926206080 626966386
427195574 681964710 649329686 348421233 366769871
601328600 827001910 682967845 731320807 698650958
34264450 470599453 13672914 62538818 463085290
52677613 648487958 545461332 905727613 501156571
287518860 294174254 865640842 502751628 208853636
782954653 553159988 936092445 514250155 311447681
724009615 198452915 101489898 681613281 406701699
804286475 874862545 564314628 905904580 695462658
93040537 153165127 577953393 281745738 538635449
888602021 836101752 931149742 482169981 588941728
414027078 48851897 277134505 128686858 308647750
907716347 572643813 612380617 726900645 633564787
545836511 302787226 44982895 561566262 539724281
819236822 415841831 216020068 905876942 929183956
16831044 338015627 218189878 636949227 326595977
524480314 877543289 845144177 750302011 395893780
436484838 165973936 221907124 554256286 167234268
631863671 768747765 266876707 622029438 418497822
246098172 191287126 732570149 194096064 410685585
697776584 922346948 752151859 789309156 547321655
264969200 286285670 144189121 877407898 39287284
758280873 922863604 450712089 916766883 568215883
321225092 33397624 284084004 463774108 107318305
621955915 851215263 660909074 539419462 385463161
710689402 328005504 293796491 817295939 84442681
940451190 938246958 789789991 882794457 795675809
73340575 182097186 834035901 323608419 194709389
131174574 433445921 845333583 862653574 726087236
793523657 364879802 729811707 309035168 716129031
820516189 706312714 738082309 989151728 752737107
165720259 408196315 203633434 214007618 624428015
856255902 651285997 264154615 915695182 706339357
194101724 558664808 100049846 171535956 7075192
573368526 872192470 859732053 228939683 784263881
249233497 573781441 51524607 811572825 267438093
541750078 709321815 681530103 922373741 799051074
139551225 6434378 782155472 166107412 10308872
674992002 98039297 945445264 803437356 489615130
324191735 187891823 788747522 314003202 357303446
451469124 712914355 808289395 735792943 593817648
78402126 829272 604274504 18831259 265935373
389277080 124121768 913979472 517071132 987894247
385859301 827792482 496421332 127000610 299641216
636387576 837200170 888391275 851009466 713916665
214404301 405629958 33820120 40657151 203700206
963220293 830835132 488276337 539398869 978952894
215461661 310572131 549354915 8277669 300288122
786258206 654804365 611217857 71643871 463885394
216765839 859394958 33616401 452712233 207652074
450832209 863825344 280364943 559678504 216055847
417246426 332828903 138408133 519393810 635597956
861591927 871673342 357205803 597994164 660940212
26223214 67395963 433191644 101572136 175397566
414912334 660472114 800428552 229395947 638281610
479442573 81054062 940604739 44960008 671808694
482023755 851181332 969712928 402316311 948241363
491203443 259442855 153829848 168815551 809445454
656811831 572062441 180668634 535338960 951639423
655136787 354048645 733661908 132075312 24116052
729331914 363197718 909620972 273211704 148050244
521780734 22549361 849755019 247951633 205620477
673253866 670064140 980304197 755153278 328104385
826641648 358052688 92140675 676001310 442201845
952229575 738483329 988030433 950419902 801477690
216878561 324176684 97615412 11853908 314534510
443110685 698093442 295953509 547935777 779006870
721242027 572324030 338864966 388361923 79517543
777796703 697040024 854825338 886266058 246946774
293898502 400810975 141452141 574158194 614163871
322469572 555275937 301465402 784689353 637735013
236570083 621218565 283548390 664333243 142733101
775012115 674349712 887027743 942390718 904285106
26605282 646098738 77365517 21138197 41427985
35501346 753837347 798991424 606613504 236941438
785645314 270519356 53636898 527562112 38243338
931665266 297430596 166719552 539713738 579007316
199027210 687747761 389918956 489832871 8506567
290765201 885918762 717247817 800478806 872400468
431912787 166178310 265217278 43705071 621320106
463341666 439694212 656939804 417633449 720824563
592987595 45160945 414887839 70962911 526007889
803838971 212392107 819280293 162245271 939168032
1159263 207882544 489075279 232220293 573434471
568496591 885873444 765380260 970778494 986577807
566200569 429953386 968292948 46790443 417995508
948721219 752186674 988265039 937479492 491567713
58510068 504222824 134421929 268905916 212150693
817759988 786654552 429782243 476329750 286671826
491851751 242955104 182498108 175175609 131811333
965007795 969988595 489744876 464183189 690541999
164723355 367304089 247600515 166268024 765775656
685368349 783470955 766004762 614535452 933366921
503032437 420933734 51618806 239409187 820416457
697848973 633378224 676809782 412164486 848915960
5723623 726667928 623952295 67048934 557268198
702930293 826599257 935410225 278437018 972130098
560819032 443537228 41851342 312956740 211432417
819477356 715809918 205959127 884860385 565811183
465521800 273207174 444419030 79531452 274922376
979706569 569730770 920358169 153431496 700890631
76783245 97004064 891968469 746292532 320247393
343076900 849972969 945310723 763239028 911720948
120142802 7393579 267044683 59808243 423270175
327896615 28561723 725059507 854006059 612952831
188060705 281619698 714777351 282940401 271483276
272254668 609917228 924089407 313593333 782977987
187931404 1330003 210621764 455209366 102936170
347689288 509942490 919233080 532668232 401505181
620876432 321735708 684991090 818242041 59203655
682705561 492195054 812666591 978219182 235816685
215448326 268436820 578190718 341408821 401179872
980568073 365654578 879809429 511265815 605524203
100360204 286059297 125421534 6357262 490779739
719285723 941965003 529898948 980666041 730397079
716272212 340937024 70071706 585654295 91914299
848134619 427382143 322975675 964662289 267948503
307830849 264441623 149716616 363260861 722433404
992676301 984395737 989846838 885472421 863368103
620608037 588467367 107395843 105554398 516738729
865569073 751945408 142795610 594272330 946808985
130763005 675961989 1690100 674720925 646012963
547776092 945609879 611796574 942233200 780912804
520339340 50010257 588457949 32857911 61360219
780279792 802557883 761395445 577565619 277873366
19464825 747906347 181673008 180145011 549736181
149206686 911291770 493923653 645853343 915883073
279115196 223770788 686703026 79982461 183904240
376511391 857017103 731729693 920588354 618927760
221861320 486315073 159228060 482312273 223102098
995288456 541173881 966085471 889389771 976594192
32913851 86512343 377850438 310728888 362443578
589399476 376752123 623226765 573444768 829453802
348117894 299390578 484090943 653258993 225512374
473670225 912760481 905283052 885913489 368851968
864632465 698922509 203038473 78523952 464113211
958623778 989217299 601894683 226054729 579322975
410798597 78568170 105402706 627131852 223798566
491611569 819989182 513980046 655660861 289443946
490591399 200759668 42716826 403935737 601945286
904855536 678592156 152794786 473199721 929072696
245376784 333620551 472822728 616433650 338887868
358404188 642467580 803400212 814696898 847231733
339344112 235913177 279451222 110884065 990503376
662215665 294140926 897277424 885006844 998997690
229667396 335766056 100202134 123591367 345263218
609208524 620512404 138964340 632812699 966057323
181274368 503369335 468152614 9125208 390938498
443524806 851729009 764178633 199096733 969406043
555510862 392867122 139870680 361064151 157500804
776323119 623754868 907318227 680524019 996676235
107825717 60918063 686602273 237533673 336166847
730784923 420275927 831060611 353562224 674133564
25806562 125607932 197669320 1638510 47337345
844889236 880421639 381645709 17187567 736796991
82858337 661478891 12533830 31534739 662834544
939747039 765493229 545898674 441443722 767289037
383374251 183354590 72652101 534140747 314682013
896303761 834638865 579849915 708518378 360895738
583175171 97556905 162177305 179103215 27545320
901652199 144821874 809396419 346147033 629064689
225902701 410213190 221629880 935367907 12594423
593506336 969640867 418271572 987140395 439905623
432245869 351153628 511896180 31478221 125325494
927467834 621753803 830809914 421158235 604676210
390549301 45836649 235681290 526810911 226985102
766547110 989549995 745620203 880879952 245208925
252628623 33738542 744825613 197380657 319475380
647954911 492823041 963559420 300974074 815401395
350339334 242164731 87803972 188993826 215956554
822031509 752530169 800496940 579468296 670945749
135744718 309359633 64609617 560862497 126591397
772775677 584459411 183040803 845519827 839628180
277166228 528671059 269185794 411282238 269359673
390269110 925190822 854944084 530960827 645560319
54464753 460123175 68756885 701208021 778918568
888654537 811905868 573336868 911276284 825407869
680058183 407401268 348304769 86696037 9059448
967481362 471749830 752950557 331943654 532690750
481821306 822592725 88260034 295831675 235213924
884020642 963501405 532069040 679426349 513524320
556604672 169313619 558061269 205979704 669946476
867532860 441888886 873388053 677510899 957117230
212075806 826168531 475444144 228602802 244837866
719476373 939249685 826009237 714779784 375780241
72958528 428393837 699681589 482098263 271695704
483384352 895857204 818443544 797414276 331822064
313272917 406650263 442279709 819988909 126099304
375081746 489382491 953939594 999916118 486276308
49469032 394647845 755972536 476207232 123107457
568424833 497344610 946982523 874914107 437495582
385361262 269010566 46863232 56823912 65799263
410717406 277523549 953977608 117373404 700268725
350156974 70751258 33008530 233156721 168488285
541395381 621742798 729861518 298616101 738995897
381933310 424681150 448581379 332694804 619882783
956050594 856176864 702924831 412774213 947334106
151827751 395075441 360802680 58700549 55336398
568142801 713861877 716707435 982742292 940986071
508089191 152039853 594990337 867010870 510833095
824186499 255414392 880790664 978267051 593214843
352388705 159636945 325680405 300143610 55053900
677202878 877086941 839447251 478775459 741388902
104353339 765009639 196180872 4374098 63224049
508907708 864700849 609056218 126387482 186847807
675835743 40910225 742092381 484115016 92422404
895449817 935350307 962253986 787001875 569206920
473010328 529637445 829185931 588770968 411297168
648105847 952292124 838903584 768013366 584290799
285200255 25600213 154112418 731609309 203660352
915616756 350103538 899966261 996824100 252729896
65304409 182684487 61761044 21130886 852974976
202582653 627091897 628626340 467881134 855817453
223965728 108280065 414000799 79095230 744079010
902502448 886248547 501901525 578882307 994898817
621771307 817940381 92322412 459904159 42694036
853463034 965471246 601671966 640475570 519483712
66589721 20404600 13734825 430839042 24402734
733540106 978232472 785998320 679630609 147862154
56559111 477303223 67869189 16842089 196202229
355972915 535661009 265919101 383433059 465643255
804758092 10340291 295685506 147073962 160856528
931940652 832408974 326599593 856015617 450603851
530802296 555176307 261064346 28313371 460384012
779555659 714067915 500643828 325423892 679413099
128751475 717748427 614428177 87393765 274015020
999564229 860460049 676824836 540678820 929467539
498487422 11543768 91052200 25421276 737378718
504408540 467035203 500469023 337192984 778417581
284385751 630318497 142976991 496798263 198966476
879461719 951069777 993752559 525542500 644908419
375698244 510321489 248985823 274989726 307385931
500277970 854445404 859345712 790622457 501619962
536344306 70688762 313037463 225062396 329724641
714621289 252611309 754756718 228157560 596071135
63492862 709776883 568174883 693331926 545026907
237490073 867064759 610818944 781595017 928561750
484904579 237663817 13744330 404282926 237170654
659869831 852428009 577708737 833753483 846627537
347022664 339094168 750585624 410282776 97483856
799527198 641644477 986099091 896715247 715591437
67302411 72639701 389865365 20198749 188876418
332889587 391455390 465992776 39215585 270345894
675142730 375518935 400692651 158015614 532073131
759294427 860223741 790080754 462514572 532193255
545395328 117343163 698953024 161228494 601629138
734684931 500711460 970184079 966217003 939505925
884795682 319041606 610946664 220434415 450242913
954157395 979550669 952130383 902025942 916750020
25389762 212661111 902924734 651424391 487326819
457234441 733170489 965856039 802147199 714023351
2073436 21470468 586568670 160548694 87373699
703831263 22679469 980759352 377800832 403656707
263739172 31408765 243873508 480534429 131164301
924927820 538837696 562536848 759713564 894701803
400569706 546912027 8675011 183749426 491851476
526335415 616787999 804341885 855800148 768576086
321906835 651171769 261768399 199248991 583124768
528365473 995945888 706140776 932225374 587369489
733544556 121702106 147165054 551928366 478301631
910395214 249579366 466529559 839853842 787705439
701556048 147443674 137390628 76957728 491613307
987206736 896226873 379273418 515689943 659976962
584009173 530180219 500460496 88772154 443906953
962177885 835393943 942192385 274835462 526752423
442130510 227194618 659178449 505654726 28903552
981137540 328297149 659751771 595305661 644560484
464746320 343467618 672864583 334763148 34579165
605898517 529069219 933397695 943108197 495385216
539258480 597709070 364990691 157432736 206295641
758970315 752118985 932422287 527803542 712630053
291733509 69990716 76673215 245705150 166537687
595713050 514813761 893527152 863494039 419236617
427478797 768607219 209778893 38289107 272284670
503721388 952238067 690937867 704790608 585550923
517589661 67582171 244933303 42768497 958363074
900752859 285875806 417173315 656271770 968385380
236106430 720000010 187860493 384346255 227094065
379407188 796241662 813199846 578780363 376956764
135421824 508902281 574090583 194245089 133834510
637720595 936485359 988017133 984393286 898050276
858022852 153555584 637543760 332870613 29906944
897161242 502046625 834510126 337287263 248354827
62853532 493034718 194328141 484929778 373569520
637272455 963768112 195801871 934718202 519408575
394595642 50112349 299006050 572656955 51655874
719423277 862209760 790280039 582394973 399057309
768938173 243193925 102532238 534842914 723358198
849095449 730462432 779969931 619240347 964862052
246896055 198970218 222165968 279520682 261873810
898391711 695356388 424119215 786371742 626055055
261247290 616166396 260579861 643331615 38982189
774076366 895824464 792523774 809338961 112265300
177174705 61367709 827504497 439371394 298138333
779251641 992590086 855997697 752774226 736924561
106413470 388751753 180608817 89762328 225766824
781848482 873169331 268551602 888035248 364756435
197883727 31962488 487818374 895605957 115846527
325145760 80836318 977141774 959425642 918307608
32936842 74274588 167450080 774600409 500738558
672391634 984584211 915877551 843546778 584057161
253350195 191932884 913432799 253083985 761550885
266457849 741246841 918511541 760497013 952872946
318281789 128569714 88681050 91829833 111136099
515313500 752114516 649337824 994295083 307563452
284431748 377350580 518018671 181675678 153205951
789431586 806005167 770948708 251358038 859129745
55505030 409566695 257621704 467461821 120216150
219851380 903588621 496256643 529514919 506791755
243295910 145650962 166174278 259132162 952207712
985266091 291176580 849817255 946139221 959395247
721585352 320042091 626362700 790005592 591698009
841714163 775634016 745898056 877904174 599775073
262567530 342156668 311463325 452702384 137057773
662592337 520367258 554582346 945917310 535313188
68304795 284825806 341531847 176493418 154661463
474543316 697949574 393853766 603264559 596044873
17048733 122028297 534003991 576819226 33342661
450732535 551412938 959401725 925287408 437708531
506886869 370752348 175744199 546899172 150359799
554506246 630962677 947323497 640832898 712393944
534821766 688870370 720583647 436042812 251355962
716159202 725499191 798791734 763298602 933845440
440899226 391354682 921622025 39167528 361236245
547222088 943072203 943046584 405986285 890669955
459636368 656661575 134226947 267223109 407410563
462440923 799264557 932219801 271774114 891143143
945449181 52290008 211533773 852131324 181592295
955262020 691067337 488926198 906978131 439542425
312841379 634581655 256587127 268917637 111356398
424893358 863275965 891372753 512369133 655188770
9628458 298414265 613797559 63828648 674663668
945846632 904193696 649864969 990482541 686942873
663500051 27373417 20675499 376233122 11174785
829459688 438939689 401976082 389347256 85058856
569872257 343016729 656794961 390464556 386435634
975686123 941827492 790779889 982710760 719986406
105184870 617201487 35755188 796434590 555370752
950583869 745025626 687254130 855062156 585301771
661458736 225330772 552264698 550606638 367642375
752206489 695703482 770230659 891637192 844268205
431303254 50828029 12166335 577214395 623067681
466945621 251902600 128930894 765765426 871810865
287477028 754532644 266235940 266007106 201236647
790605929 831183495 731747577 367742717 211902629
489157561 191077828 550188465 266163816 918036650
922764845 301702530 932233461 679144783 979863678
106023737 509489265 785488517 58205586 125282623
671970209 966831979 879700088 691860918 256722801
328412816 94230621 103074046 61151708 360074915
602165865 967884413 327414825 470367626 723522887
368676348 243010220 647331 21498827 45743455
708797994 511012689 739320600 305938434 935290741
882122288 81305706 258341254 109725826 913349464
939958917 935556931 552061477 319348444 964177530
274670469 118624114 53631990 200949076 666001528
297855415 214101858 156899158 277356890 789026294
679000446 211329377 160095183 290134834 638088785
788543158 896117770 759688734 585932701 900487470
143288540 16806458 112122788 308179072 407533164
210376255 806761676 826402306 774618678 596165626
115857406 337818555 570635016 199743809 97594822
754619387 712784152 854491421 403964564 836267825
799554306 122176337 137899510 48527065 82436214
900190704 790252473 829042389 129910599 770502689
332667503 419081675 307509354 565742720 218895318
429722259 578670499 622628701 746844513 776621462
247163380 308797570 686069901 189632681 855552452
644314576 399020268 833526344 446370506 985325798
874568886 432810839 102128530 169624697 772755128
968990690 443344589 219328546 437068153 916633484
39779866 720815874 210463114 44862044 875617405
808678140 921070418 719170906 288665088 968933774
17371521 231399741 512809238 69660506 16298695
577180869 327557320 648517817 106340708 59161907
81253922 780487831 49730083 487775694 386209367
196677130 967281367 221334140 534498754 893254633
641256298 28341500 4801111 659297517 270006632
973555067 806936000 631472477 920871061 642963146
46786842 727348864 74327668 280770884 312046575
415975563 904783550 908113023 698383760 600125306
71460447 71861197 431283615 230744270 534242995
354015756 641648532 714707988 612514150 750503391
63691259 495341511 306029393 199301651 95626448
498520023 652630311 872963811 581925984 387793028
414108855 8658802 138269591 2476294 384847148
921915110 234728027 922438262 266707894 524258890
397515519 182727614 35762811 519594406 137113271
627963516 405531918 731135486 746794172 756377852
8977186 175835614 516397368 754930997 545633159
642716267 396347131 713676855 934039322 966980054
165281936 289366088 562941573 214003849 286887178
619107577 828168513 687252885 722867796 678981228
270060466 179299902 502718691 173523269 64236800
474313407 455124519 945098445 519877516 428737633
685454437 346064060 317622069 797107742 774892999
837249950 385233949 343539555 855982507 971693591
76337413 127401770 143287473 381987396 440450180
479057522 504994644 893634700 445227118 879014541
221438587 330419562 905076544 724518786 489935914
841968984 472574726 925404924 992576677 596447619
392918983 66133435 244166520 464627531 206940364
682179298 603101254 662948166 860525914 902021037
253256081 579034745 587293148 331967400 342209271
425923532 765464702 833772478 679464701 794005237
64392932 115749985 339558668 68297902 306266480
889200968 487368322 394226543 96607794 685470441
316959377 301370144 175867204 192534237 26658005
613181306 934695123 586489777 767798251 311413123
309427674 277013832 235972659 93077038 481451731
600742410 838437648 280546925 910872367 814072127
632551386 56902297 241684061 650832484 76845155
966764589 550729786 596033935 848370785 829448826
716678663 277272162 16793435 289278347 443654006
752325406 381295153 46058326 876680597 927203553
115417226 196013642 178065754 546839531 469142810
263724739 611457116 895013062 924001321 586210713
171191044 286704307 3407379 665574844 12607798
223248065 496872783 134125625 723607026 605715515
403243429 683575843 476820390 47351912 378193632
735509211 771216221 836909851 373835000 685331405
66908758 215390742 238731562 398715184 100680228
261042472 463350636 269801854 675102927 805424323
158325316 291264711 543046195 286027209 178718884
406688621 886444261 771078473 502302297 873715318
346372820 237661726 191948171 566490580 175154289
664876335 724764722 641294565 955347943 295098683
202622527 248649138 4804124 202989430 578596483
795692259 847758817 98662604 974182400 694020271
167018015 194691496 402698860 146445214 719792361
411290351 323238237 613620565 908769220 984085875
352479464 357292675 930623904 165650627 96223486
859012085 667701655 969574564 946910888 799094511
771927769 216039143 221652495 162797507 159897627
859361899 441762876 389670119 204245560 563337780
619877069 500000981 136787934 788502139 666978621
932083371 539931065 704079739 821819167 811118546
580201090 97320658 429196090 31616248 540627823
941037978 305226166 761080343 483446141 709222723
227307565 418917893 296513152 101762172 73695814
408736745 763208715 823400849 567266611 273900267
381451495 482113483 183195874 637827373 46383244
770861256 679869572 432117155 699701804 559464720
6163783 784319488 171791376 652725616 195668424
136306878 994960920 255559547 719471195 920117334
622505572 765184183 89977768 308695717 447537496
968322234 824593960 983081176 905279738 918183166
849697528 526131493 551176744 59987828 87616807
986777456 898721018 857904630 160862598 821019570
476840181 203233656 313502139 89479745 847247380
690627905 223684932 489867089 900015752 940692400
416979126 951896653 64619836 762029351 496488682
870884200 954773267 91145714 819108412 519725762
625815810 139206974 31188096 858686413 198676929
665828002 261162167 859160312 945584088 526398070
648848263 386379405 510939135 176427222 394387322
653542315 397569250 947640880 589732999 746429510
412403196 404096277 423150636 692736232 842176404
593829727 963196029 450391261 855317768 922278780
98019475 22771544 644398895 475984163 567402220
425020729 24207220 664980263 992339941 909132243
131187798 801903051 51584912 54791655 125152650
449086886 807442400 997780781 61627638 292230497
517664504 266894984 646335077 259877667 189900075
782576032 591811705 673878735 612801207 967241517
813620416 27773376 455342038 78268749 761525815
961624534 906793113 785600923 614513828 818351147
138015742 27488716 242373945 823525064 316941748
449424998 254004866 894369767 977511182 772469851
135926333 552617538 804265157 76128696 208276679
945361610 920876685 855642614 751851763 553323792
426489632 199726667 259002600 123601201 170738075
533438537 403663188 714199000 399215332 204757522
153050087 71633671 216900207 633928258 662889251
446519379 367747808 459729553 697902112 778675214
882645122 231813661 517375753 364175444 747416477
927231328 622986031 573395699 909302286 836016186
20415587 89114985 176147846 40214929 417118899
937115117 707595626 197624360 299807547 808408628
557787163 86929338 447484856 186225534 381669664
877932899 207659868 933912574 474458184 449280080
332963281 420458159 345736447 13462776 749803743
836516002 700669953 402850577 558960920 881576810
147519885 35792854 5424094 213439157 367629394
238164897 335716326 883661325 831003078 900450241
395231807 722014174 170201243 147349738 80083572
907421526 774037342 289690441 871452073 583744744
329710070 32404102 660513164 23774192 195988070
351661738 305087688 798662604 952843051 308798157
203143588 130411266 949950243 32137201 542596153
373508734 220519190 999341087 323879885 666065615
145775222 23618815 502708557 524064947 83537073
785045238 961880353 888088668 632102115 276535024
561764644 138323500 454072290 472229807 449320651
878027208 767281050 914115162 993162155 652705903
86875378 250949258 848946761 372809936 226439013
343539706 671463850 871864366 744217006 490185690
129485873 119544008 514619636 842167818 115059894
933267577 296540972 620386507 992508619 469565275
234151189 213840785 468952681 293610496 31771929
731259587 663719490 801075529 307074483 458068529
513858332 634892572 417252736 586158777 371942568
719103952 970875248 704985939 759340177 909732433
194903840 361849846 710482441 215875155 547249714
499373472 655959472 964867159 579245446 675318859
190142975 107991186 490474379 831743395 230135286
278245590 407599164 822009382 956742056 945306287
237779355 67253460 262311150 609717934 297050749
939880948 405675327 774557990 888134979 758409879
289724721 871954594 167632395 562953953 646294250
885620223 898023896 675658191 732636394 785494845
648206146 241942619 602512760 219118000 2578967
667143412 436362427 683777936 765112288 414254927
214937594 545209231 445531758 409287840 176735210
539965911 572876997 930986612 828251342 554719599
687986039 353827374 116366126 41162321 147901404
727618089 640613280 607402729 278280101 726155235
301552152 365506553 135723967 123920649 414043973
967633027 864985660 796669891 244854190 837022251
113641610 282605600 670177889 296694266 184171719
654253956 529383811 907827784 667775937 861934992
41021703 357883138 13994417 95000318 809378023
114574994 527652985 240620911 511541970 881468789
675134545 12136651 966246382 123363712 336134815
867691812 107336252 975363159 847052648 662705977
221434621 636981558 265561190 411751714 85044434
474434022 776407513 643498037 900785841 918758387
102237526 356793394 344812525 242026865 447752483
409447406 570798903 911505935 293305445 550795268
513609165 487846564 733583218 256427171 34076466
823466585 737248498 876125230 509483338 427608239
189756389 46952299 529545523 104711607 464112707
483538087 690800686 897243218 500353328 846751744
486348929 186261547 528139313 331410549 602656261
619888318 661894591 834311416 891350995 764745131
237598005 745637996 88227133 220849354 130984625
328016130 987938433 830638641 354327064 839927695
384445730 451194162 20295048 140390490 189511408
598117015 685967610 590640126 757385466 191732710
466309807 685507085 195317619 202183715 39524150
791092053 797258189 799110357 217546152 443371322
510808188 103862641 281579609 178807698 121818670
924196237 981098127 719729519 964127626 586554422
26840647 390445601 37312193 314598449 484397604
92689985 957576909 422526644 618388284 491956755
80578777 508899177 543519052 388884847 650388524
549755908 593135581 628688997 800947432 702139069
441910370 305271755 312051310 169986015 524897790
921762827 462818407 430360069 194273931 655219817
660986815 321302119 196126537 77210784 395695205
696337103 335758608 856200156 577007637 819868546
470666990 98252674 238517271 103208466 599843810
884320150 549994114 396800107 719147952 943084223
697987843 436409406 279142141 114466842 627194574
738915316 439375499 323137472 867778188 905300432
486929204 491440455 763960056 107044841 224174107
962961541 533270291 802441847 263119004 850407142
846335089 467551162 290569626 861062109 53160903
931616894 612978670 562438086 924907699 628300143
322252573 137677424 245578661 342892787 904848362
357240984 725931747 538772811 817346396 986313031
48899776 665523583 66857932 159972841 346925655
776857793 999185626 981976304 881289030 701673655
219400647 75085553 96568199 393892130 590181634
695009900 361213421 480271409 452657354 997535234
265428837 666536960 915603737 618940458 53020465
963741859 803071246 930729113 833231821 407783970
157672128 372854875 404284672 91310059 362884686
482730697 383359635 436271141 287845485 935643173
637760545 222996879 355299859 11345998 108434899
794562793 464897172 911342335 474501575 841836826
396359825 739549648 643849971 149737831 552998287
759672470 843731588 800136386 392090713 574841337
99057334 687652774 613913425 410951293 7330484
427230697 797217679 732790336 576253061 222376246
24906758 412878634 439785565 271342842 302756034
823733713 431196410 470584060 529329412 570111777
303023662 365119256 374767007 224983814 249134260
816788698 452664412 550310108 242218741 323384475
319836946 544902557 386159585 452800544 116552696
946417337 878785028 414117503 615712257 471908236
296945661 531117614 629306010 516673797 92183329
608608864 849113629 994496892 533827145 148553912
478464833 336182853 528331253 507977239 752777085
713292416 980041297 891594866 592774848 873485911
190576469 8616181 527535081 394247398 479510594
230939016 484110962 711296103 573778444 904988583
246700236 526575858 626618355 138870327 273098847
703592870 776682068 864570005 436926946 705461541
780411573 124684700 7328284 891506148 317524017
969689909 759158583 443114822 962780948 389885362
541707829 44306021 916789186 303678821 241478453
707261847 761832251 985561976 732058321 669314179
304396305 30280074 408132668 985027707 77843626
618884503 502790351 422346077 994625985 315679362
54126412 636797427 145378948 254754305 40289044
276246715 789274898 832097941 575599260 45172989
119635946 234302536 451890422 748185680 414805396
732883429 470575014 840112826 896007109 612114218
219859573 480112776 392512374 248852929 605828283
302889032 758851826 621982005 736014150 823151384
51325845 158082214 316135205 482126233 204905128
521693343 736388685 658203747 718837565 309882253
437394816 452747030 208497416 156512907 373392669
739843412 690520988 733709918 254922989 736280529
229536686 799292258 269866707 299340835 121585861
380177379 905166108 883733381 687466579 927632469
85498484 223489305 2949587 158978348 39519711
824829556 223664170 49934528 465792607 278707979
371056466 389940169 382444323 45102388 509355882
907489654 589220817 568629896 801317062 900053341
735244501 220075789 64120826 312208328 699063530
815540659 872921502 489375128 418212202 937513423
150958957 415614767 294082658 61661914 11227419
621477099 987017601 373597785 726533071 560740851
263241848 595231410 370888491 93362695 729313114
792827679 937274746 607933799 957733200 925464247
357698976 217180079 171373784 368300435 739629486
950240520 356549245 226686118 704812764 889819820
769456461 140284711 48492162 230671458 415191137
879761941 410979560 235403176 994577479 606245732
679364428 276378907 893314727 125050647 233281619
919788130 532129038 929655249 955083235 341954794
618073946 381696342 27177986 119511955 301406479
928462017 590043635 311831241 967079988 629016044
191070010 9061973 93240843 316093707 367067292
937634347 454606253 866451835 576381341 450829911
238672694 339772569 424916197 520152971 18088494
546175062 871263696 826129679 804643257 401347804
46505556 602722000 16538525 583622149 185143374
860803057 607882481 703150663 764779045 502512263
831211732 179573680 151341204 264782203 95815399
893385303 521130770 424797371 873553093 942840308
93679206 202883335 770259459 273029126 342913047
796941510 237078562 777718151 504748145 509118459
338030087 181578060 343795963 209240684 72930470
586820631 593749847 531470465 257238433 150050933
368444192 52431926 435590279 448070142 173113070
510040123 251592726 935858535 456589334 379024458
705805295 161878474 468299210 484795775 552699053
775861622 196629144 747362905 600410871 819532048
210705969 118138617 579259482 179774178 371053019
548070980 144955156 904701812 210260124 944362799
111397713 739536044 31986312 92763141 237420943
261761121 817413120 249406057 820152349 280153846
139441656 30509583 274584872 114662229 326002264
545765385 457039006 576126517 213192737 828666939
445426098 990513807 289095299 305360049 99391510
758099805 996690112 564756947 947239319 129480645
70572624 712910893 493635678 290667779 830883163
960076006 997234518 806231768 921546544 878397198
155098367 196607549 55520050 95798365 222491736
436406648 593871456 170955037 752959796 989976130
109103670 732885932 96679814 39577724 710552055
188697294 880282909 781638833 58055288 937336980
53802463 121390567 544687826 242578493 212375834
782526540 667147970 788766952 989923882 297156006
174419050 445292278 439658391 158638541 61425677
845904130 455896057 658103182 481591408 912998144
427936704 278981859 605919324 284252683 178730044
836814010 539906749 845979432 286353540 918914953
773731779 110022791 215787652 750144939 198080078
791637858 614251466 424524409 942944961 818134975
461939117 160310265 59999769 462845226 505833569
696931323 300238967 460175253 464222527 811764420
213992842 376702263 211763849 243320957 223803097
920415433 833005762 372600514 610162509 555502903
822519525 603804944 112740082 59071614 53781959
971549349 914727867 925026810 738559708 585004874
426451243 500890677 36924761 300670194 99525635
593948994 855585636 555459990 456289272 100424406
5511046 54303 875188542 431511130 516695569
444757341 581362570 935272600 974305980 925439305
359745459 278175602 622987195 695044035 333099089
561793000 936417892 705632648 965909169 926527679
98733771 90579085 50619322 83600750 35051353
418601698 489309267 900482244 809017766 744041860
177683275 267471581 782049118 335727229 342485042
375648452 286967916 894409805 488097858 736897376
188591384 108602853 305991547 382531888 151061281
554936685 451935599 670732713 385059122 496391358
540395186 107473690 125595841 74949111 199718056
585856373 136964627 549674686 486710958 244248011
82303697 707736578 623421239 482758889 872986984
880592381 875997093 642919659 666011099 995836514
489398795 90388221 429621620 433268529 65817174
728202684 941384224 924768875 766104017 849736483
119136995 417090591 916215371 247253098 674811998
430671140 848990805 926239846 252056014 766872939
745691058 543371413 831913963 612607054 36679903
759012204 706676196 870610300 818491960 138187380
274472933 94221388 178431441 336192825 90803633
669103422 333993262 568638617 489159601 226950153
397521399 428861466 173408136 60860831 68863971
970899224 639404726 818228802 861716341 127505490
457365472 493502304 302746493 416868914 117015177
583690981 580059626 575533185 625730986 497178295
320813410 454320099 59543136 710167879 45830465
398245734 595892792 646039588 839922263 660247002
196483469 32974145 858585607 457972654 3122494
867689563 931753991 974788219 691871285 710637002
483824848 294135188 334850880 67331454 679739789
547815736 859004240 863523539 334542105 898847958
219328458 572411213 448341005 129023361 615568319
277389498 836671903 728443617 591438188 832517070
161392514 660046530 159834640 65812433 460407139
507439463 668579651 759198523 736614356 805847850
413722981 477422219 647046143 540006419 161056928
712066087 611263924 979931440 917169122 849265707
58565863 137770353 699497901 389829313 270792550
533614402 566419544 897981704 981963182 901469882
607531499 161925234 128367682 275532187 345788959
685623021 442642814 586159435 550299660 841660635
373437773 179752600 797021705 176574765 500393299
913996337 719609780 978383083 960213062 941882071
3507490 528446411 256761966 571190074 95437492
505887734 986653161 533822127 953231185 627088555
54853537 147730635 42631159 336862218 140113712
61991194 546300936 546725930 469980396 780725363
444596620 115139909 808530928 302785394 100480333
662812144 806283132 865840552 827953804 361545321
426198485 97357347 36321315 824060035 171203689
753344295 449801115 272541485 925897945 411812109
82916899 87072947 495514795 514844258 46438462
407895993 631565030 962797544 751538533 955748353
425962242 25288173 121198627 646899187 90405334
977600207 864422275 627888436 998067423 990203190
419623364 351587264 50643167 229134424 68816911
676744492 564625428 354814970 439960234 492369265
415489966 848437550 229252012 403944562 218217828
508187483 928789203 677269558 420480242 382603202
28040970 720584080 96110231 818428697 140897423
979289722 895561029 247672125 837004399 718022009
776728556 448876076 849511281 397336260 559448553
984331155 959531432 876543226 734438057 804237839
252606592 407990733 522501457 614788000 530245221
842754907 753758967 599764019 958864720 575996603
455479403 631216609 595027037 700722737 5510817
887011267 803192912 745261307 988915832 466828516
573175401 277780828 841186966 286740026 312070422
844773864 615661649 934828846 572027632 913860148
775728357 344250744 479650881 66422633 563411060
950392152 529955458 486764370 424980172 593965439
441580523 552951333 405847030 376126839 589973270
584947197 815148686 806827193 666521171 698493797
499292314 255603783 8768158 241753674 338038997
830235386 889162794 333233280 944414870 774842996
694729722 181997439 294154175 452017940 369993204
930724076 373659277 494914942 999160878 962291427
233619572 115158088 126262917 338676726 316093594
292386409 953483930 582418470 417548556 781551750
472918846 389796677 71148995 428738026 486737489
769453801 783482373 916551530 723164211 657580580
153615968 386679309 50579021 402888905 355000587
438019068 500641736 865520544 689670825 402263297
275110395 205944940 413929443 322240398 846043251
833651887 433431612 765301811 445107875 865477974
584468541 131954096 679481404 579618639 750339463
796233616 858567254 970515809 830626975 853985270
471516290 198780424 295872572 36259599 552683266
508901787 567024088 371617909 917487270 943533574
171696297 81977180 461139752 248389962 392639515
767318193 240147109 512905763 367011672 749279815
346773722 137403031 724669988 660667987 752047401
951213047 264925540 941856767 746339842 779030474
26589323 123946474 100926658 279892453 67241681
858832809 550544723 721776817 579993622 921414024
878821716 281836548 243190347 481743773 506895151
968363695 468038497 838339886 577694046 588427762
114718787 288197075 142417347 64044710 510554340
391333515 355861951 784219199 695046512 976988058
9990010 387779336 38894226 41920797 158739952
35735213 414528622 873137152 858920425 518978560
142717034 452289057 166507671 27404061 14046564
403283282 897976914 460868581 645044297 144203041
66216417 309035324 38088726 268478595 427858543
269517718 621900982 513739156 759788299 475164464
175585297 410968414 108778054 57730482 18564468
597715647 573107193 617014326 413211007 620090461
283284236 281943472 268865111 667631402 788092244
535794515 731370254 931151855 734215306 791494817
267441533 379778360 825831726 226314756 486031267
648387564 919633717 842724300 758296947 615125999
132420887 409680107 595181847 732137354 261259599
467974709 432222191 647023087 922087123 684035133
26723004 14109130 648905726 418676467 635285110
253694535 783869791 843410932 675826796 848072911
201586363 520453223 616591636 430272012 61678710
725420706 845291841 786338444 509232297 231859784
156910642 162570239 629256672 280343008 294584321
882765068 168836102 988859387 361827285 933558973
17416805 234037950 796959651 32040551 1445707
599985313 335950604 889569069 328354055 452379794
407056670 439373663 480039615 134378042 165738375
922112055 643287601 880357669 455896367 904279242
388557968 598095317 161251500 300131416 806040005
835019231 745552700 485321522 941351060 965381382
695598210 758065063 102623652 347662826 35632664
742842939 776063586 701538478 908675557 387127633
332841713 886556262 894623524 299008453 11236699
915466721 968936899 951660778 920911883 942466946
106061519 83172805 186229294 509315701 404238201
448216703 928113462 844735720 542652961 971646596
666615523 509862544 48344386 44318370 286475852
685302679 841702102 462588554 787846049 940448063
10018761 471593260 631783304 161535737 259599848
294164050 853966805 766996170 956927677 750476718
197238047 64354010 61485838 79651973 171367530
918610154 368559550 814435617 355979004 529072670
769273192 231979062 371974663 232932854 278710230
815916214 418603096 605400947 479087779 438620983
802282967 192223330 673090816 315261341 319351146
871154056 299945927 992786586 879320081 329060603
357196678 68498269 147913829 527936647 5374270
652757730 251986375 240069027 704943993 342154346
63685895 234961024 570415216 166772358 97938312
745821929 622144772 809348831 804519051 475384414
400934708 245874542 595489692 376900336 386258561
595753656 754289033 697285309 849197356 493964016
109210475 296908657 328043569 498045355 417216860
856385420 523301590 655927491 743536257 658267651
119131640 610902139 364172419 378564069 12237062
981948803 807962416 669522528 859347607 691724604
560253011 122103686 123981571 672510431 126244222
735682311 231470546 787772935 872533606 667137803
69229840 422896265 147730155 38258808 547639067
744176276 717640946 967926646 632854091 662147412
400113517 439701248 191790049 238901098 83623838
420038758 578034107 590632934 411472953 791787549
893698114 229064297 188482761 44924519 293436243
976257609 655783970 673867428 581529790 589566873
283654002 662105160 453503288 258695314 137494342
853475191 948461781 487539804 487647344 803976175
257887238 79037605 375851546 155825150 7013276
320288037 989798264 981516429 494732399 954558439
380416642 302075093 28498287 100017741 799485234
811425889 864990966 776476014 544629945 943156014
42799820 436803424 394146050 440136040 158809905
535041122 946069929 945398881 532682577 995196111
618410414 183794542 470380045 483906265 119324721
800325424 821764941 846879380 906689262 258382171
482386273 2006761 62489084 269320620 438835224
805121300 684908279 412626972 784113512 734238200
143692957 230276157 21243233 33270364 406575092
985069924 319400076 837760444 115364116 808267786
249915257 313790606 101204165 668733954 141242218
858759139 405848070 819962558 829980585 823413395
279557405 380841476 133931282 54146885 465164651
361640185 857171109 716582363 452730448 517332981
284679909 386970111 158457818 166115970 85954368
372102701 743031436 518289860 521599358 91073944
84895416 779752355 342342495 12559662 722511317
976770745 973264311 519299513 595465559 778505985
20239703 97384013 289953206 147668624 921267011
988748202 590958911 597871715 607314130 942479396
97306307 161926759 75216834 5306793 61941230
599678791 991972419 232550594 323282461 284196838
454236752 312732943 849927452 801805763 126656164
605786741 947632073 914990479 813760850 252171637
595880790 35361117 523939309 565496299 239557452
805595085 570154602 700612236 849667997 612452180
556566274 180297285 447509516 269591525 258716106
586607617 941247597 722460136 578148731 714158182
888095370 687512589 23321779 434829694 220351878
912527839 878149791 796320030 644607527 729503860
2934176 88916595 436550660 57866286 593988699
32634391 531804801 636237212 960008309 605593503
36836967 566013400 314338292 121331303 375124872
719192195 829718343 799542861 522160190 883881576
408911277 73517359 245693061 541283159 377428605
772924678 497248756 779119918 975169373 420841970
240569267 21413501 45239373 33674319 737262445
474818996 788529177 750434620 547082913 913941199
791947745 399659535 24234897 429396344 270044671
807822804 666266242 955274061 951250605 444229501
569359453 92932678 835875645 18266644 98173305
735078115 338914445 962709674 200026146 974161528
175135528 318250298 248495484 844478947 250766862
262476344 809462585 608467510 849409833 681695599
386009008 897442045 84580759 133417263 88576219
607450542 932993267 576997876 390241382 930806260
107873623 277364335 170372347 234418868 140361714
573025556 978569456 444671023 800625610 753622173
212974175 140986846 495774093 187274612 33751139
638069045 781293417 626428683 889343980 198160555
138502421 227708062 1906222 44648965 508051907
513765321 466220427 366574185 884220281 795134033
490234519 507522542 54454665 416503913 425487863
781454270 731240452 805305927 588015901 549446087
870324052 415169242 243413726 487091496 735079816
966370187 602189313 323290407 543068870 830449077
482145828 179773106 420443882 96366092 54133394
927954195 508712903 570148751 197205202 69480596
318602052 573457548 410165232 299232348 493057518
797973218 705892698 905120723 708272336 785023909
35326880 167351653 555387500 273713311 213540444
894622954 408113049 730560064 364287671 281905403
392683435 115947745 116982229 108988644 287167879
527596321 564321998 931366810 234860396 931091117
211340657 301700148 471145081 361527545 73584546
225907259 812999263 719052716 820388698 462185946
228878490 434761830 23521300 120163362 108390875
556914334 670293472 123727834 960717956 216985066
295015769 401620686 791161397 267405686 591276018
345580122 771647562 924763556 345668976 680945469
335309527 539009757 627153733 693111551 445300801
855453002 966419269 999559469 882615338 537304780
701772204 661133464 186548559 46705323 508833613
882008793 931846650 686909355 160553287 794413290
683520857 770742092 445040899 466056998 163662706
764704782 959364095 695436146 584128736 507998625
157592095 212575334 70992192 718374528 148112416
681734436 737543354 489645302 747569004 727672589
157707896 210222781 118845593 84910609 27924354
401215610 515614442 971791024 310493474 934775863
572738399 43223373 194051445 453687982 66859085
970358220 225009812 478167336 564027414 405310789
218574990 46015126 392279954 14015077 175556543
602886098 852421315 768829784 466575613 219941370
362576912 641410008 237380014 306767601 367298065
493942469 893443654 912557991 865568357 670251910
744462892 97239697 74881458 15111853 450633051
896414668 817152078 560736778 791249539 791174150
2442624 207857735 252577924 382711667 585978438
184405689 480288313 929600245 860684806 897258086
639088248 406275050 145164543 24600488 100318403
740468520 486925070 194261717 843220088 300201777
503401319 59391769 176875987 525620977 245171911
893025096 728754841 530913425 834470373 540901069
460996680 676956721 244021590 336732338 731707914
946634595 954303060 734145480 806706139 966271179
148398213 61733916 200577384 282102487 97682255
667546964 256342270 989387417 655016648 380819797
146199351 317790413 344907109 437347181 333025238
781694388 869481758 447074392 997665423 474102906
127596234 676224559 470278433 2582671 38290838
350867800 959666529 592318309 456208937 729276731
53650163 76634163 326702965 14384606 351630138
164147363 405393657 827846811 138584675 988679453
135724469 101312327 674020463 188373352 342776724
591698038 239494323 938929643 820019041 732408240
448306675 23275964 771600075 81271813 155580018
493429317 86285519 903988411 440281940 402786288
692790169 59075790 82655262 102572931 903483699
993740765 154838207 334223939 635984105 973581490
799322925 634972237 246666377 408211841 110182203
901832398 950999892 387477233 948934062 987847410
548832830 336358701 410902689 454191240 525199942
641377965 424075773 942394966 845714823 672830203
34967116 583374543 204494203 464245800 468999665
819382362 665241350 408103752 846002102 957313136
96549599 288526454 566468204 328294610 740509911
504385256 372629688 617682651 856793228 959851732
44730847 366953162 304964588 682578550 76337777
612180599 796500614 437923903 778315623 402162288
725333426 657926119 778515510 234885701 608464503
879979003 696599340 882437463 343812151 793619310
308794327 611546576 225201014 105740838 126853478
314801503 750232359 444381188 210101595 785103964
217566313 202056237 707429132 50156070 636562677
223323296 275158125 754181337 906667012 758825070
64973983 673025135 505744549 248523439 292061154
605988105 828655621 934560172 923784073 969823274
390665044 254620967 380067531 273091114 411728891
424085670 856906869 735873874 566916015 609242312
192056839 169191959 716292033 299097066 312434568
532341233 327311993 804309627 549053006 392218897
177082609 444598286 707887253 169937195 518871793
909762091 543757127 835539146 321958731 818485810
416006566 822755576 412535095 446442554 431020142
881922207 875132954 914079311 909685117 936364702
169876795 329509645 232226078 252447029 424943163
401370532 800718634 842562538 947884047 693809785
335511938 120218059 710689938 466252481 201288651
884555842 517652948 987977342 583891275 934523684
49426350 483713803 326891185 626658393 716132110
96984993 748362930 852798871 642784680 818019169
667935365 534804512 387898603 221702921 1685268
833739905 854598452 873676891 772144678 42248497
400227515 382496558 246598765 568129004 311798286
406504379 660236291 855299167 598245046 332810434
863877681 124366540 218360573 578030317 108595723
870351704 899336738 232412536 688433036 973962510
198252660 299176932 569132467 466910637 373776317
241347123 486863296 792243575 678461407 969939707
218926779 300052049 911841555 484859585 98819082
965472369 950813865 973840754 684094820 457723935
389018118 9586823 628014504 202561176 32756728
410928820 925755264 689190884 536078087 974552248
100519168 712972424 91561471 536790479 427185106
649596005 941440012 839709325 908863880 607250542
609720377 287037587 202711919 86893046 462839778
724257745 921819769 615336478 781193771 876161765
12132529 312889496 102664371 254943807 156366026
471984150 349062217 942870354 712685012 495410755
374091908 629346138 819093809 917268535 420666005
633223203 734495009 857396105 976461923 656460526
660080386 295295812 350640691 363820891 102454738
674357815 389698811 749717496 985958406 565662177
66505757 62974866 293127271 661322870 35911119
231468353 113112857 926451970 794505439 281818674
141006328 730749433 324588045 244048601 53940539
487584226 739472872 393331550 536040009 393206304
583701795 686317743 345847012 11416531 251021673
669738326 788934785 892784437 607667640 318931301
277039136 954375341 8604614 48913752 148804897
574046468 993301835 629470257 789913304 850341468
578011458 193557779 1734375 235365765 579984085
753431978 376905749 983540947 722573643 879336115
439176944 102769965 94922957 420519964 585964946
773087441 146713674 570814604 935795632 597130522
175154782 107778455 224364623 455899832 7974447
765068754 597249618 793942858 484922779 342549071
380049026 347752003 66162582 45954905 275667658
383928955 706537881 571813360 211901782 891572657
314390545 168715548 116208864 223176780 322376933
615489428 475862224 882814597 704308406 635148092
470795973 714093209 835394773 109383759 45894561
523794860 720781767 888881509 443868363 161727929
251107979 794227360 244116583 784249547 802259938
668649187 999026684 318481295 879950842 854671067
344433747 749571339 164569212 415642510 426888762
514694374 953090700 674131023 786465779 456457021
190794659 333457266 204398666 586784575 211001693
632004727 612752166 472595955 942343471 859265319
69556187 5615832 681468438 571391949 610187588
372389603 232111090 850528421 659301427 616500911
493803464 326482343 64362132 150615742 299171680
880933510 777860112 558047266 294448109 939973508
24195954 46335528 239817179 205047709 23694019
201037624 49465719 768640600 208539527 324666741
326049078 572082845 26758926 570048741 558355639
662361886 641357221 409232002 690034558 686543349
30995534 442444258 692874200 281148685 120921371
888372670 465022686 908072244 400718974 715276800
127074848 352672306 694910365 418779164 254573165
472248464 462044513 706953413 863495252 936416135
149903579 252695053 110757602 33833045 790514006
232859236 485910787 303366244 624955761 881808930
347583234 362132489 742711056 17982428 441264576
535689077 779081867 948120750 980042201 956941974
777200348 837929086 766750349 468795637 630817364
959026562 927088928 988093309 813756974 729418773
117838643 515947894 384041792 8267590 381547403
571991080 848545277 865362687 831581838 922259382
30908222 389656348 213125765 222444279 112526086
970359361 906400797 511925218 930748658 371016301
365895087 294772107 508386099 117507981 963293715
545212745 699452186 622842799 318106049 982465182
342922523 644939137 58879368 455722767 208799140
730899255 855474208 103887951 827223265 356079649
181724269 884925917 692775675 35144278 194529393
330684136 905426352 810920810 889531751 654492321
521087980 626361914 67954425 819365686 629138467
744602755 650187275 922514583 943042959 904436712
186629502 148003932 622749775 672936467 369737675
425887205 673951443 943669505 977233913 600805650
124210987 197033807 559137462 564288546 160439854
627727679 240946562 559643079 766956305 706754819
200157169 246193112 237777086 639848535 488415655
557915105 288953233 314516783 882831356 908762940
87300611 711183903 242356834 309669755 164193216
444141160 811869201 618884087 640037151 282257823
239631714 95734141 41494005 167520482 145342309
286497469 219603569 351642430 179590782 379145250
421085044 455785535 82250708 105356029 323860448
513306963 846017452 604545781 415586324 886589169
119878319 149717681 650853406 267870068 24978584
855391740 388735354 970574336 397072847 565625574
812876414 353561685 279107339 281640347 367566105
842631360 957373158 514813731 797809318 645399242
522575340 565646081 134805773 193351840 757577735
579672357 674609596 558933866 573480610 801185318
125108327 208463301 343565933 191076170 171544073
898816222 473057527 652038272 842578518 341336998
276249271 70672448 203104268 759457813 642607569
627492550 861674117 343599301 986815217 718490196
855588151 691770959 78939484 240931274 232448965
898251463 866043849 292227165 791686412 947109651
13590816 237997563 237638602 91804442 376994273
957551045 857336297 963736536 428441366 733346468
570792289 184930820 303217635 734332446 193442728
613757761 780727002 764376812 901439944 737144135
33745255 248788131 108369533 335829699 296721364
102622240 680226682 723199129 961197669 687671037
399554543 531487833 502361443 511799547 41081192
911730520 780677735 903054777 802170595 573955199
449686748 265175404 260547465 338600417 123529890
899849031 775269015 857088170 483769088 297793088
373895672 517111478 660391150 246620514 29733701
637282384 798080887 915760547 636774409 469703013
60188717 44881798 301078238 184253238 273737320
605240667 923037994 641384508 375810727 462556792
27091474 391488814 460633852 120483684 243968230
344883317 630238145 838288722 726106155 641920391
5586686 80446871 284253661 626062697 181843613
197655030 82109305 678700991 680660226 996852779
29678589 588320285 144931669 169886946 343269985
786813884 620937525 523261057 232046364 643222583
392864667 293521478 51554911 690312504 627495409
788583205 613176566 205086397 783030561 669798205
225879384 232591470 620832520 63307159 263599098
804103057 543055266 907717376 387131247 808128678
755360730 532328608 166158299 337891158 552491973
904185096 981313979 594238721 701069372 810275482
296730418 804004812 452073523 1558934 630134607
562547109 804260790 719727715 344512761 698570274
835644351 281947232 384288166 217586221 215613985
840344083 952705066 751603719 708840055 264973995
50906829 80836865 103662280 301546939 137987929
563359659 712868538 763996524 953143641 264481081
54152562 20916046 803750853 522794898 593637417
348428238 348805589 901850862 644164171 893320564
566520952 538520267 78563103 130313765 323849975
941933931 682348082 717017626 809118085 943282453
467079926 537303640 403833047 118125930 422656575
685918885 935363619 458016346 211653068 489434144
38751897 473040839 114321652 749350117 374757652
369704776 829517277 832617410 755995970 714060913
704927120 697930894 109094220 258740427 777218361
777332780 817425442 672608663 810726688 974617227
625712647 164766917 478792288 139986283 71949050
960084808 210588679 883644807 816652294 660283969
409656089 153236345 401299686 191739803 9602688
798585771 512313214 733956284 269519366 396216001
144894729 244114250 215688684 429905019 34065312
431439544 662505658 237074308 802623346 258152372
405912919 340509833 542895504 172325974 462910272
529744024 909205390 732614018 828749155 528150377
90364392 453006314 64977970 231223915 168753989
385516715 606274388 775130715 408415344 908275885
583030388 68132844 115064058 585991203 705516407
707550552 327949109 323552631 883925702 739573793
453869339 668332367 65217668 547263971 339340027
994904962 683026432 130754485 748410311 545807813
185596916 156849534 253393595 31069944 18574165
878200861 230072317 312956760 705161631 431359927
187681560 361886530 643710558 240235210 261064437
432115547 950685266 683563090 736582378 388924713
23840205 465692240 254172331 10975681 94205852
623154063 831958199 390869682 406874188 693312727
585703856 83649593 128809492 194166821 525263059
611320637 549018448 512535392 845079194 858037391
169208238 657558854 213764662 143718555 573112634
995551202 861791524 873500867 230495649 927093213
136470598 13506230 69019234 640901825 28493903
256043130 748065376 479931951 783389089 157106250
576140108 11704155 287383189 699369092 46388881
992097419 23963121 361277873 957810177 640032193
95906094 269613496 415958953 83127608 124081056
243407788 294046830 740039306 130966407 374939204
619838252 283265645 192865745 179805333 630931595
879106137 929060625 300290089 359870954 717385520
184955334 375407027 116942684 146751698 34595921
817456724 643706781 873349940 925104101 305293443
338600920 630445870 593132767 337299164 13465882
497134652 640736036 717264078 870570579 795165378
256123851 760210622 334817077 54592026 189898138
549081115 865878194 883318078 598015888 489914083
801220826 281466419 170927182 102309 735263343
868733434 699682412 882489431 712938351 953836628
748081397 352894234 477987703 542458100 850067692
940250749 955051902 551860090 627918976 958078437
435741254 870656721 868926700 304767519 551458999
882254869 936616948 940523654 523212820 602230113
563857109 322907615 534990020 135960993 165457547
919211680 819240080 843300422 387129597 435714557
718989931 10062438 349555339 349586355 929653200
921342503 420844387 696927223 668576586 956860340
182348508 135634711 129832584 53800633 292061173
263205930 824250074 169141111 783584113 931292681
358754743 52902578 599917075 81691923 5562807
545287358 410475451 603038907 159448462 744774706
589160978 96673051 155422235 405301240 83483168
869358160 922461811 632086712 852375347 461996352
182687426 257693161 225402280 357440251 225127127
936980411 405567458 620118208 902973852 558100786
458625680 294759516 396582283 158319480 79562366
864470384 813737756 654815715 698656734 110088118
499879718 796078514 252379561 266552821 646003682
661551391 863555753 946894826 714744521 894495908
158283488 452446387 526603708 211209015 522553789
386995443 576502291 970935715 929763189 844250013
589743169 322871987 277220817 616786098 330312329
660898232 736641881 826416204 760762727 436403675
163364465 86709613 138378779 177752726 600920599
179028961 332287503 606951646 474289002 861209975
26407628 340154795 135372969 38464697 179463954
160239295 814472389 352364275 857036973 401588943
271027038 60010691 111249084 45524193 366692735
412799008 602807119 920526297 104713434 841581361
817749956 488174542 11935988 522688657 534214202
824904170 588290475 306478689 886849664 694409836
109186090 55407943 345610622 223175727 30754386
250559631 688464895 450829122 535631899 192018219
186390375 494201734 450244328 425207312 495928994
372850076 660532796 666710093 549081245 884445149
480913846 842854822 360312602 55818776 28174171
612917475 878104386 526486025 125801605 586686753
28816161 477445926 505604547 302502079 117378869
181125932 604026439 620794811 604610624 859209699
490424441 654266128 68475496 248599144 594531316
628925941 921748720 498155119 539120584 776949657
565092252 110324888 284001337 64035161 327072614
899563846 548212819 897036698 473964755 419211277
670643415 392077831 465368144 69934046 59245454
802535311 399120825 984073685 665173006 728842013
17141050 669571611 347406814 396106797 709704625
865206795 925666861 351908112 557787560 777706059
397054156 170822133 55109382 202913272 350541571
678208951 819230168 332957652 876230990 494041434
135564629 4121816 238303936 716161620 812888293
685253006 608625542 948153438 886703091 845922360
202543256 335657874 428486771 308093297 456897781
861638791 665983270 843434589 595828138 759211096
26560105 155895621 442064538 807452405 90177021
881487198 383698612 564361290 823818252 731742048
779644540 692979918 13828463 404882243 15474546
783813539 908186791 543985926 927588241 122040499
118175624 148209856 440285124 448602703 378961133
956514521 593169717 540301404 930837030 483704404
10410508 453739716 193637995 213634335 296793420
928714328 973424618 908895732 529117786 543243908
337418140 308740498 379218344 37475867 114425147
410788034 623400416 788982458 730689489 671550715
647183984 165857022 434264321 224889400 174555610
814032677 643684761 745037910 500413655 402141939
28912504 75288305 223708062 617314220 137996690
273107414 921835094 554127383 751366083 983493685
155418814 189265899 232097336 471460902 549328361
732589335 764348242 610473839 774211598 994637556
500207295 1227230 710411968 92414804 241175215
836496697 217569855 755704910 888866088 748423330
76636750 319135424 577372050 210452928 163981610
673043282 931597983 999920933 448741797 266548394
94490797 804018917 727497539 329236365 526491125
430873701 883307863 743193347 572886971 891852489
39847394 486301138 220775414 134090623 425155663
937554314 710720235 717970117 812971432 887069378
150884522 121906245 685754672 119912826 309082253
663601141 925185903 709350897 748628841 678260371
608479615 215222558 567273534 167891000 51727502
830847031 749967632 836107576 332314819 414554511
105192099 23683210 127430243 373622675 475119318
365550777 775401866 341697160 944493349 843178658
161526040 804721463 346554203 451936551 556778707
738917805 953111949 606212713 585217224 670948781
277525225 451608074 96298410 319975781 228657793
899220983 759246844 736233173 850199080 840789557
77357476 112028061 538009654 323585115 481025902
343449957 538486505 632145472 341670537 860773418
48785481 163176580 29103917 289000112 386601552
75876458 170763864 551469951 668102620 992806674
193456440 846785436 80499763 613719263 463259685
579998887 918920151 335162164 911047315 499659819
145395021 15458476 225180307 224661225 146299310
381385283 24244091 600910164 531469233 917798392
256901376 561394016 152258540 143605546 519015378
536437164 880896748 919062546 659397910 587841256
378972434 718265677 56411976 45318127 827118530
951288753 812728085 108851399 910313106 955800626
401492977 69345673 13849786 171803694 82718669
665784198 108876684 950651481 380640875 814604891
78962891 220417525 418945597 621385953 142866537
187910930 470479350 521848459 938318309 460879346
27346081 603893643 543538433 84199881 44578385
278013521 912578141 993819384 627199623 840884501
277329886 11427284 236671780 307668507 256036798
823087050 761937738 356947319 887170149 988694065
239731979 422510967 285737767 445327893 118037103
436170453 638125021 579160075 793423895 592315866
170179717 52839309 277591984 50426327 315465908
237930077 59530701 923497041 670960988 622825730
467097697 239819305 259892992 269537038 106567764
621390694 861433547 747010165 776037400 625825190
796007467 409356632 227550025 673972172 517900145
913687022 504176498 457973192 795207222 922102296
646037684 904444218 527676426 134398637 736570295
781857764 906124687 693411461 232043719 773624633
423811454 110837964 247245887 705472284 261737773
492823806 495438836 991286395 851877398 412868313
643576699 414464929 973403119 676794728 948238820
1000000000 1000000000 1000000000 1000000000 1000000000
110387096 127825092 388469773 59563674 332577372
378450909 862854490 676436756 238029406 337467197
459651041 333110900 241954968 297941679 801755042
564465744 629751782 982835380 545708305 972309448
284388408 225058693 538791306 295595352 288356421
453016550 274725079 782175816 697720093 376706945
359017800 543262763 638815473 107210787 301580374
588174909 972767588 934742625 885558398 592289819
439819890 151413652 190135785 669903248 266801102
975967320 339562574 590051129 873051496 671096841
78223785 18871217 506814300 145447791 487345156
122891782 451919153 569879829 362641430 571319897
866769524 529159817 98296748 26270906 914895111
872602898 807071145 838047206 470722884 966970705
303095978 117047382 435988392 714433124 792209146
721964943 753826318 769014795 927050658 831472884
278452302 179548867 18779560 345657645 873984193
957824214 753685703 258893583 939086986 964586212
166164321 248988238 730916072 99955822 185972975
419530197 975312886 798918978 343223039 316367496
149823922 208246328 161323991 120241482 491385448
470075981 722444102 326957549 591779133 808971234
583168198 635479070 122536347 12419016 269630364
789716060 695436133 549624052 337359987 940566016
