1000 5
100425567 184817132 239768757 129311827 19405204
397572592 218079146 716519829 438462072 350789465
68841744 243073092 480908458 602801263 61410381
608889378 789635358 580264264 797720808 544100570
74641343 155576796 291294706 126799287 182427994
930608892 300547985 722220168 636513999 882180134
131799403 428673357 42142584 277584182 212703293
406350399 727585517 433628916 430683889 716671251
1330553 484066564 553679586 547281205 338747778
585566500 740135237 832698843 568625130 822078205
255144259 788456958 54084180 17967930 288855663
274680077 810077138 327088859 817142808 306558429
12092323 845305960 596238613 78748486 613721301
512109715 898274149 846482441 632208617 940210914
513930121 480424674 506441957 270773133 346518887
872386581 731783469 837241579 475969387 350510235
205157914 498174171 224498746 314382043 432313165
301206228 709723840 951929894 490603801 842492644
417745844 478404818 339204984 402832777 467666488
730641309 546685354 692502604 835806438 659184006
48358079 10269812 5730117 55335567 149163312
537504204 559976964 871482151 614318647 674436413
382544909 225473193 455461428 337087351 105235136
731290492 921588553 562486073 413255174 174358094
195811672 126779566 340286073 588013801 858334181
615273412 385733955 684754210 593277352 939482196
2023288 149625472 500275049 78825069 652059131
323795112 220965013 895971119 473148396 866321857
621377604 437452070 7540179 501585373 68952191
653398219 619387998 520679349 947935091 246239078
377424747 826703525 267747825 792607203 395781972
812017946 995487641 304068721 876395294 762941817
49714861 137775335 51335416 649284403 375291082
949927759 879204487 364815056 983439994 503599000
198891668 534443395 89600922 47611462 467966556
907661643 617895899 93111034 275577466 525366878
34133760 272303506 345689428 504410113 141263633
110731956 437920610 400001440 591524976 693963600
406351257 315189024 57924480 575893176 375160500
701429305 766187666 93278854 927942486 468860861
157582226 511207145 525522117 569370290 522626382
505612985 766373523 662485000 631057658 742899559
537029162 171093809 368466494 49987540 24284962
736584191 623006595 508521235 450099410 704773404
726178797 49914077 82418701 27160415 16669818
976579670 705864760 547053099 285892384 566520466
360494335 553863475 7148410 710428990 155034145
916974633 637657170 528830581 808761051 563179012
149085693 356966119 277871345 463830701 82607088
459186758 682587516 339710420 888490682 415101571
493843361 556952258 558924634 80501165 305200589
794448904 732456350 796243963 184140304 797801248
632639986 21871485 191117009 386778670 461048844
713253545 335411475 853608624 783989994 640444392
216649791 281284832 124890302 84730153 817836072
857998411 312479786 322385089 408689793 992452087
248843885 600368380 303601869 101173532 741056030
529350382 946940886 719090430 957703946 939457080
554263486 30216197 271064918 548009295 102915856
815292563 122247630 566510643 936498335 636183541
467731499 396780526 251736819 493693826 314680582
878530804 956305997 478688428 736396797 781364614
455056640 329532179 342520592 658941655 36798452
477009512 365895546 672762830 891096509 447848152
637618453 139670584 52012020 397505545 902117597
838984415 248673247 980657197 921439111 933977483
115470892 635209292 635433829 58969679 42531575
689673442 897801390 909823917 234834879 69897440
349015531 165784294 621939698 345988073 171325012
777640165 552310772 746145878 947269043 792280264
627423236 288593887 322328798 91118392 364911895
858218932 646492770 651347006 463099927 981930441
215402719 201858731 294488144 500335791 202575808
290628035 928127403 430509594 865023407 721284955
171534560 204959077 654107803 148977116 682648835
419348373 699418827 733281845 335075160 741216415
12584474 528457335 262102163 268432177 10407362
181439217 574953969 967441264 620018838 14532146
436687533 319165151 150303903 24417338 437481571
788462845 701989477 485666502 385105421 850246046
400863456 633766973 865694687 141418030 224178512
659550801 987568006 918771570 573487065 479732484
360180855 584868646 951056125 243453332 749967015
550521514 629517648 966737987 658907782 937320429
145335809 568350822 559637358 225377256 95148683
856141031 948351409 636666050 268774384 921321336
89389931 438026284 474249516 458033767 248531525
251266324 730129822 840553902 524480309 366746980
182987473 540928121 216294659 673435792 3780024
673928614 766664463 903365755 731303712 226495059
422439097 494076574 648198559 477138707 207316497
556048072 898732934 832315828 599623732 513884147
366263049 9504182 159263209 495531530 575022927
758630902 466953892 281879365 768821686 843310472
243562681 357562878 171929897 241663251 106784271
379356711 474939097 649626044 895951885 160781174
6056482 282358843 265077803 504751254 135208687
351555448 751480624 556053353 690491353 197307364
691931736 155355017 348027476 58254873 120047842
993127752 301061176 679557211 297273241 875880635
159406989 133139015 203104059 274956747 66297086
799436211 649662626 902135792 768650447 213781311
73390884 9770866 664410570 153586607 670647821
760343791 78237945 906899378 212829224 901757411
27154819 764603652 331122707 367356133 110473685
616070682 916470389 764994147 506128689 539159455
186839048 54991510 504921795 486511466 355436723
541494071 304677500 721132451 487952705 382339981
279738706 63797569 14784255 42405078 212558205
912418522 223887329 314130714 612740071 591329350
115544972 261913094 47563298 523656751 371810276
550620890 491796133 666986631 853034157 698051380
184465011 788243139 4187017 310489749 366011392
245084349 852199702 110751463 740073978 800577770
18266408 221087228 22566538 86950716 284083744
737605871 616067215 788905577 717212181 697397523
198620212 588920887 825411508 188364469 813478731
802045363 648154866 893289215 553930236 823756354
502377463 204919939 484526748 260297954 240727417
789835619 278262878 660060327 816180090 749557075
565138963 504357589 257367770 172311853 733110066
871034632 758366615 467105541 993220378 849229716
71331710 70649507 132577132 169203557 422946984
919261184 505147694 268930559 252245645 500454543
1987761 698343898 313607956 250051242 452995768
923364599 949361743 979280071 531255612 575850124
169153137 4232014 277320682 125855660 298866473
635938178 220525501 693345738 840406771 622435858
268686393 844826180 3295766 563371374 400383981
829759039 885626115 700058088 925224792 737844477
547950261 288662396 220825033 687147009 68825569
949074204 657198999 623609640 930661257 455922345
396630366 528689417 107147869 346515324 700492392
815539579 555259879 678714721 893009803 708612223
316670245 157565118 396903178 116795248 282023254
989655949 191264643 466627874 259015952 588104145
165727328 630469156 552590803 51985884 297798111
416500645 798199942 636766421 512592395 897991398
484254796 135252326 190921899 320400485 336957970
746959573 636588847 690532977 835965869 563325981
2452648 624549629 128045919 396633261 96558062
517372923 762018660 712543839 655683227 215554028
250359649 637418694 282280154 138240381 745428601
433112687 725270600 282737911 395295264 995413832
234283321 65369475 401387330 142124152 831307082
577107148 475379964 846709615 710205682 923594390
134893259 410344438 273324925 209893573 729307046
208868285 674730356 864730205 241851247 889128455
351013588 138920156 85953312 535257420 538096551
788293306 563590561 358484401 827947354 575242674
96214685 102143994 346018207 740193635 373113062
824206261 590461330 572343982 846383737 667423495
133254009 612810316 67783753 497213090 237311335
614525395 830865392 180233317 796504749 489754043
128654146 110831775 418940880 84541791 168849752
496117952 198763345 434236027 641805794 349125221
70606444 149741505 420590958 275275721 139467435
186379367 437563205 812802617 613691104 940118387
69293140 406610761 297020880 36471812 530026802
722448433 461635248 797116180 716325423 638785871
264096569 350122186 498062704 13314616 133577809
785117241 830596652 916553420 311464277 162076224
506319616 116570903 246915462 389869753 394732315
763509717 275693250 763892629 659829951 785057994
84838165 326703387 561105771 152425679 456616916
237810799 358097141 953244845 554554478 710654734
494591385 13397186 152595045 593393171 316759817
870006346 844938840 181691601 793538029 918421202
388049852 112191403 585551717 55937950 892087962
738462075 505217047 734944807 416805694 894399528
508999257 855345723 757627724 18296291 748790877
616013151 979010553 980699341 252099422 803484452
676122960 381141874 31571402 81374828 46138802
685243612 531085057 795278080 384081072 501456380
289846739 68341554 451736127 1594385 662284789
317025446 314790000 991865186 274756670 907097492
124945639 249496258 832665247 372256559 628897897
290687437 258646329 941879373 892486686 854193325
352239284 585883981 418855663 48870178 909108713
591690950 628639925 478246258 751397100 911079187
230450037 457555437 315535022 87815452 129151041
494871615 964723323 529021322 206265959 834608738
193817828 844963707 85440012 339886342 65687683
297546205 928348851 159882503 634247464 139243484
769657650 30641604 605316284 476198708 105837059
799605024 959536841 769897044 653883959 760825705
252547709 555340242 18250253 385630873 245744439
607645537 872734330 604234008 390743586 359648651
219353646 614531365 179118998 437033493 318381219
641400837 926888697 940489818 553921716 519662213
20851544 834383354 5008059 584484677 45672213
545678815 953576111 341328416 890861554 940304265
407581193 10334879 271562712 50100940 413209958
810776140 781439947 669341389 77838816 642845614
205887464 791103775 629412841 481451601 106187996
371485040 836096248 865794353 774264972 771195187
510419106 577945584 522139713 78444236 578408787
703334253 690497395 691316431 994999539 641507456
474090327 313076927 569032249 513614726 16591653
606810689 599336216 959554028 745580833 754526010
714000306 361038567 60552437 194521742 561110784
810670712 706910169 620488618 997284920 744063177
399400473 265708248 552027902 381865771 138860721
619724341 324752353 878159856 783547800 479541955
261513951 687700707 381639681 560229736 287428314
890424162 757689090 472924553 678316570 354544894
794664635 73495564 411904600 255053286 173717809
819484134 81625154 659784062 650287622 223021559
80326917 325857681 327586891 324421281 485775087
555230295 346792926 331593680 939997500 704262605
177669871 391837002 266425938 173509021 627423176
892865887 719108629 883078217 453058856 722558081
4214643 28738799 64020692 702364531 141374952
778811896 989969313 703342909 864112467 410324740
412772291 327129483 334558065 452881230 92338090
604644379 506966105 444279939 888123793 978341357
326407818 552711363 10668281 280151346 397451833
796117799 772911903 246141572 360390520 723599216
284169314 126244390 106721923 769481714 441811386
832575011 141863454 679092826 903209376 601142292
317286556 141373425 525235003 478223084 603087408
527056380 641708659 738757815 504481725 823512631
190593299 86547417 323658666 21103316 324944368
464544150 638776589 723224290 812852447 749051081
259822451 243635526 568379146 263759235 253634473
350510183 532694911 650991501 744836834 991027697
372940652 569848491 620631768 218646066 482784445
558667515 852186381 688012966 765252584 612896251
629965959 836399548 96175189 50902167 439249826
750986764 857518346 529968515 736831099 607413671
254970021 854078101 561389380 598018836 70801252
762809208 872894885 579393279 797848201 480987275
703353848 569717274 70705465 130681713 496882395
801165706 881844189 854533604 744473094 603236753
282338671 190046557 75557564 323068817 389618828
961274203 642894997 827623647 703964925 421047590
254817908 92808088 768180870 238054667 126967993
356831559 682868784 803409505 810785708 761009666
766790721 303274169 16562181 429037664 447361329
868803155 950313802 40609469 811932996 838103365
28577582 4603195 163422762 105440545 128095884
925238779 16394297 528812380 729211614 970932342
659567959 306978687 314251513 370394472 253685393
916207078 692934635 759231226 538321107 351328869
560802609 203113494 164287871 8454378 550629593
906610325 263121326 211332579 148217442 775851045
456615051 650631645 229067916 165616540 380883279
871626770 663782209 584376789 621829687 897938783
816883824 472015597 321201354 221832758 414131109
965870606 648678344 813783312 646497036 550233280
430709510 124844524 525928115 353223985 207384380
452747722 253314005 748681159 896343655 511313967
80453603 413928941 21201246 136327944 489678573
629246190 615409568 74442196 702538012 822723485
523146567 135866949 248435210 194521296 402090745
616872614 376673292 423611997 960991194 616792282
524346972 214824555 114205520 1562788 567570153
679348049 315786489 239496673 742472838 981472466
453506975 316386654 393625491 636233762 640347019
497709841 546484316 763964403 737821087 690405874
435611445 202348889 349376447 23398359 29021674
553687860 553987681 891043409 661302762 139409268
112215759 59762951 638460006 240569615 933403436
938347722 239695173 864638420 662150439 986126218
487056955 771093187 57537687 63742704 116896068
688782561 926015349 331179520 318611522 602086890
64939781 539628027 252872834 214924906 78725844
461941521 960104596 485768719 872400630 389882762
716319459 429577736 298822357 292300083 145714785
827092579 622209711 479317105 361248801 927921243
654537266 162559544 153161610 60169360 500435020
830111231 469392463 415200320 672026682 660917760
656727068 298598495 110369114 216054002 36855268
865562289 773314829 169857128 461622883 352690290
411508632 308951653 391667031 32555828 122467325
547623008 868539095 534659306 817299980 850635308
273704869 715716923 245557636 58082031 122274086
809306540 766574783 868891859 421419616 289429484
519675462 30835574 163151102 486153807 501212843
892775066 178775509 928727050 801612788 768269827
145562502 330743619 671460585 810603281 779118367
802259479 485765748 708138249 978355893 844090172
338751380 663887155 28600017 249464952 581415986
542502475 995466240 483444840 964447652 764057850
424752494 114850116 62787172 118692467 148345567
789175409 227103095 654022200 929299634 342825289
476005994 5372633 348374502 122481009 755727657
890846832 666138554 353118459 463262763 957373091
458208975 475270570 702197091 271891070 555148218
478876835 500230839 748946198 630483413 983269633
339545793 58335636 444214926 497818148 293863067
740560762 844780677 515954816 988274541 803858683
94810467 36941508 175978147 316636905 138097220
786213101 230155319 828156606 976553405 342942126
327699802 86343558 326326412 314854961 430750742
551256947 207735601 865559408 692406379 704140824
37029072 81976421 504776931 981150241 29322429
120384887 343967346 578286689 995455795 179305788
652009439 236229803 43486464 36748564 109764984
883019198 375763435 61154949 743968318 796599866
2547747 87229329 279749775 199828545 34693458
795810293 525002479 876397709 691294002 504524684
55373038 156220050 173575758 65569331 899950007
545201242 464784416 866501890 417966223 956459200
157775176 186761565 793354784 115418250 424143012
847860818 697769372 837410640 197597708 484668666
458766938 245160779 28664327 508852666 61282902
578948610 456463591 399912875 955227537 580795673
130395266 256283478 347212246 680975744 555070900
667234934 871171493 826205184 746152616 695766808
718025230 24940675 510392973 125762738 601096868
937241991 133610834 708017479 587911654 681558625
207856908 912678722 3800931 186457760 28738157
789113092 951126851 792381812 614293304 622578024
86043148 559702354 576172514 115708239 343070559
192364965 981259251 970137367 404099520 667274321
332259583 397511656 411387739 106916195 667822775
426988061 994088424 643129755 944500661 963174396
175833629 306435309 659876477 249329269 573842032
336609327 483888829 851352261 887436963 896778974
80483825 160092433 133768851 311823195 211266184
727647469 362050965 370997264 806974119 281358772
225858239 249283671 475086060 175703238 784354256
619888763 444647168 960802352 893930301 839408872
73318035 116886989 203224542 271667260 258733245
410082577 454010215 427460715 708193691 716618290
201837107 778556961 101807561 98029886 298019279
469766039 899928617 435858974 436062288 914808870
56358138 641195558 775482661 521122087 126520696
308374843 907434595 952595232 827273443 742939375
24418806 46708790 67841995 206905233 66142039
482819199 284226385 710680634 970314110 232140761
289268649 363477640 155924165 206521049 155741362
535838207 617787316 656672928 866312945 563051559
966899154 473707110 164043566 467978549 100708425
982193522 996626750 525840863 790906519 209814341
450499611 219771096 254672784 116887685 277084954
835866014 281539465 471601026 253001038 756042515
482906615 696886682 80043556 482242194 74282610
682971569 830776283 191249679 933061025 738312462
387421984 79129249 752956971 119091910 374648322
476719859 251152869 870382085 174716479 486562260
42111067 42759752 319045494 417033131 23267452
417928025 770248488 850632556 661273291 29508221
60670377 530636272 171655947 114492775 68462543
745985250 542580597 974051228 718278462 683386685
501027288 562406764 796078205 91201657 21728096
896717412 868872505 797215517 188026389 304814211
112283684 618107964 21130163 170662730 141479431
154011383 766266323 795163395 381859790 651088313
2647967 336593104 475685010 348052294 69285545
353949304 394700325 568037657 760346812 912017154
366850463 10390427 109019951 697275961 673030388
840220737 209370565 224496596 809966196 964860019
192908406 530759568 363668203 164884259 249051366
347945925 820088791 529685696 277680381 268821977
170713989 232719372 25620077 56069228 201838265
521768963 411439686 570017686 990302766 533873562
193141260 319055968 84686039 362275339 443059107
538974670 846678328 917547468 671414264 503648537
450914696 16680699 65006902 383009691 22114755
473657067 665624278 241130362 973395710 188019696
70314654 325752444 362806008 205205982 332475502
506308260 489645671 921806616 671560493 724075583
43254471 514097918 332809922 511947177 149345122
615118100 845758605 614081345 745465947 633357923
30828569 701881850 757247250 420375906 249686149
713179367 950144696 806153785 458979317 903341284
432028449 574077660 517718970 176026956 56259252
816279912 792900791 764397574 526033852 653550561
272101921 233272251 294218368 329488204 355041460
361954036 714115038 705973367 463244744 839425990
178620948 663098444 634357548 445093504 393124429
889599864 929197732 872787462 766900542 797442712
19856059 66979762 368912891 273095563 173935576
77437763 598125841 768766599 561819374 423347719
115818845 280488955 733220033 83272184 315813032
210371221 353619088 829200056 709755280 722009268
74852830 514627526 711790120 314916028 140222906
463558852 806496503 860334047 491606126 907124131
253536320 293896793 333996028 25388493 741847857
574158250 341929902 380193534 48470701 777195215
421282045 34479115 99300840 778234015 216116042
804601252 659142543 220591814 962734625 690329590
479282736 715425955 287319631 519891696 216358407
541084016 843640794 433556476 534059386 785523764
274059532 631271381 318043862 676574818 379305825
425653016 731890705 981263160 704606868 778323471
264456088 417014580 62030642 706260900 199253388
404616511 989789636 350245342 801968741 629111369
507542265 107321893 117299754 528831307 6315852
613538517 477271835 910166208 606954124 765353655
705883405 490315743 32867254 255042541 202913631
863431954 853327966 144952456 429606528 917633454
554318249 364047857 147544099 310875043 145367545
604619186 666573787 813147833 522902502 588809079
11114591 158045071 322020094 865453789 226328921
339630859 845694910 545532072 966702100 549708288
456560867 383795473 606669186 388244537 271143808
722027536 975888659 732670664 460691753 308638114
769110056 266656899 137395777 361294253 341512454
863450692 730426711 910263375 568954157 553973105
191093382 275627469 317101588 35693746 661525617
503632567 803418641 518611205 65338962 811339350
98503770 306309708 39706063 232277587 277156665
682696087 695722884 137010243 743777027 524226331
565110791 264210446 335318278 78979686 96671327
855982383 788669642 397881394 256886156 928206213
77397888 92050867 888730117 378254687 493438885
283566185 805223254 929230595 944346278 986428227
842479634 899526177 671069689 496821727 39494875
990678504 924298007 728006667 636048309 118170870
418497926 57479275 271723383 266155943 209827507
576767430 166611045 966626750 761814242 922529953
730478657 573416181 7510136 451393189 450114619
856601489 681657662 413445753 997342394 630220556
279728346 620681916 587645171 334251744 53073120
807109971 693929190 749506385 850471289 515390521
86504459 373259887 193896843 503622264 33288066
278052515 933971895 549761082 641688053 542641993
205324819 115745645 532094477 700806194 50452273
371018140 166022435 855075721 947227685 627597331
225847204 604745517 140081463 496866371 388254212
697724678 938412104 472947823 758975983 909560783
358123706 472898029 64906558 710965228 381702834
813443455 650070058 681104308 877590412 434687651
103693592 156148058 487034679 76188122 295215564
624809324 794939444 517672682 132071313 556001526
309977887 270787150 206328173 99027993 207122518
857421281 498258226 453280313 405574987 441422599
372175626 575043672 213973559 13489307 365963321
864239775 749836884 443218920 173664207 544501059
496373340 142361812 72408309 830748502 354998719
616245519 585209051 318102418 908474026 988328310
220774680 10817008 132569367 748015291 744293849
497978141 264571903 465593654 959954615 944040286
96670023 589870538 336803156 219459360 75312734
121395153 888223878 836234533 972866845 264482903
540033759 315754753 550219742 230899863 425152621
646815483 588169659 633039963 293053132 774337444
0 0 0 0 0
823598733 549300439 583471501 299062480 963731731
1558763 622101076 132373868 106002727 52612683
282413190 772949923 598077316 938761873 778152941
123754585 412828341 613128858 260060124 47943158
159136781 992855629 907768265 839792139 317439816
323852902 239398069 59364889 7346146 931526065
589974286 774131138 515464292 115336053 943776734
35832817 1160075 825801641 198027027 35465214
536043741 114438933 909936990 931665230 612999671
4723002 312919523 290118846 109461131 259090589
297503296 654862127 931278741 799365171 732480408
146717387 370409337 376920787 81949792 339703816
856656158 602604177 860780659 196743481 728107077
804084549 10956227 64055946 449410136 367967003
954058259 801606985 451552289 829997364 503038070
618214218 652432153 438967382 52712280 668707108
856308405 995889303 441203256 513884223 705909000
269006402 47787841 136784458 344096645 443534283
394929728 286694214 327909168 514696405 979555149
144274819 564350097 376569261 554640674 199041868
871468768 693025602 832649345 583652168 629210046
419978240 587285915 64233 183242400 217287283
867868397 768789757 840083935 588871395 445361735
125786715 844033191 69191244 6235732 363197676
135568206 986855497 132312856 884135291 489391211
330195946 19710096 227314813 247643003 160976708
649694245 587334668 700085237 440694239 556532506
134361574 361733927 214561023 925766540 39030917
685693306 960952912 633428747 968602969 977920990
64915703 813416591 16696659 79691450 258442239
374056081 902873717 686447858 921221687 843391739
409250739 723356487 119627524 332422600 859602645
784501974 947840097 174994686 593551839 861925267
418416397 908426665 290028596 283056285 522119923
676571633 919762815 800492174 509273848 810365662
730739232 101096266 678213613 171624415 183991186
732137730 214155669 961354047 733846099 778944719
229486807 188649808 514778967 281603511 137308297
444414591 329987028 654251859 791649265 824249128
351131346 539772484 34595399 303269305 2419605
866634231 630938315 278552578 914182996 309819216
582552068 25151169 133507109 65211643 591887366
785170458 912927038 674122635 730247496 617594733
697058915 118235987 142574652 66314181 220932742
745337806 496915669 728339226 510027879 970848894
153692439 314699963 344789468 661853741 694807330
760055474 735254803 754109889 807194832 916682312
486994056 125291301 589375275 88993317 658801184
651291753 665834484 662811149 271678841 669111589
74926610 502513075 118582424 295535616 170291213
838247011 553767766 322568462 612525619 930363438
50963285 125976717 375053855 143223055 415485475
984264956 158842449 868949612 767149155 619169308
70703930 12484689 140075511 48721318 152206808
856042097 244558000 186514980 214143605 492834345
261592494 13090457 106191812 36761228 418405122
829547335 163362287 793355991 887998545 721840632
89193080 497050567 407036563 305666433 188950333
167867514 661733417 895395902 757454943 870328238
94281803 277797265 462292315 103692415 554220707
770102144 988264484 965660633 152812310 789063302
611227994 368674480 402485421 146160910 106095402
758712057 593591509 672685870 219255820 442474310
626317056 197744498 802681610 640910163 40625407
641464063 493904147 940532476 661649126 482757521
374267097 93154292 58919007 306530339 282985497
523615275 108920246 971834162 559759993 770652193
603212869 781467311 403427614 223052531 62057070
955473009 863253866 585862320 304756738 63743366
23527633 419777089 30053300 167641814 102864018
290803342 826092479 119402225 698444165 572463638
45972749 238187380 758534825 318763743 150352923
431382228 823945011 899107134 601566067 715645451
560726739 159397879 592194186 733289384 293401387
759489047 879537373 743346351 971795995 940977255
59715455 238098123 351013649 285170760 15964240
197382550 500573806 953492155 541663914 250099086
56755020 781503658 33954403 259464162 354712296
166135811 861003721 151550829 408648127 470574885
316950803 162188814 741461920 263929933 771579157
326437502 658174072 951590339 309357899 945411365
224294725 470641302 47442770 395982542 370866230
895450720 668404663 563863136 805738251 992638593
135233269 59276169 729299563 692956869 29141509
829800564 244905749 847612848 796179256 515301793
185052356 160778868 62591151 219389357 329066551
199143429 553007451 667975945 444121301 620093294
576697524 176321789 183297313 247738188 645868755
773490645 191741713 325837355 743303032 739430685
204769069 4720165 533030220 770836259 742055109
264507458 134768283 865736281 917973208 983203334
409228783 390191732 223051223 508490651 555811445
845279591 835096516 252524782 854013212 672029434
274185423 261782620 575011493 272177054 347039133
409425767 820115687 685305078 716749213 489339342
360332281 201157797 815242154 57500010 401319154
921039224 268120976 848094147 440803141 864310734
21063848 534062371 56919124 382326121 310161533
546746999 664847230 843964638 422198685 620384276
88043484 73084350 302836297 262151012 94121308
479595146 523968063 309351005 895120582 702995835
12564057 423437956 649864193 207249950 481002158
379769123 835533631 987632819 227471982 604202358
4565574 101224426 24637766 553032659 226095150
563380702 348897689 814359187 650031458 271675392
67867295 720184476 441833739 708771159 1575536
958975745 889559378 700090927 912549480 353642405
564266836 579875831 108896365 808018002 410922301
704946745 809430636 628247298 934946194 950337897
864159823 127362336 375221932 5199488 75148281
979184895 659345409 809197492 65682316 631976500
506753081 232183131 257044061 293583784 626709935
689124939 466475549 351242478 374730870 773564767
114038496 376431962 961222231 220492203 4653857
313452641 580416980 991762748 244191606 70849223
377099018 429730508 235069498 252973018 596141375
447268578 855388861 720856967 836946474 708273577
258252566 754893813 4943794 258419005 754211299
950761040 790171993 73225572 905454704 951568362
616869503 136686720 86305777 118489738 469094245
792867502 530335309 213526488 505747331 526236515
334242133 868979071 135959662 783634507 172906079
932071666 886109613 196273277 974429522 266696660
90525442 645264354 93132459 545354455 370668520
905265415 781868931 540967190 996646355 593734970
125468345 175631466 333345281 23579353 220835540
573998839 673910861 552804505 263641211 429592177
664054254 241960544 184971765 40138480 196116051
969951912 324828350 357726634 104637910 496786739
163161100 730613372 605848542 85596610 634072233
276034663 829220375 771179604 415383102 976325329
575311815 435453257 170806348 99050907 565376098
899895282 550602127 559495013 158412083 609955043
408295451 224430716 9823329 48285819 147576818
459719822 485090080 696659633 807076571 798154486
122900248 349491619 217102743 275306160 610189283
185393132 474693710 413260037 664188428 925286421
331321626 391298203 31675821 5128928 132995945
751707147 666688344 626366495 314145664 368170055
724853480 560964960 342587423 229215564 627436697
875467045 955488105 792341898 695410709 739045252
297304923 275447788 76177464 704816331 549640925
715993523 511200528 494411720 972207665 834854805
416644463 382856481 266947872 849816744 97183046
544352740 954028892 577951409 917806579 451444551
669323798 74539016 349466188 19587356 161582018
798920461 905903776 562996466 704706724 392189395
241066708 528457408 99075978 99475249 740886958
348863276 687350003 819007001 296990879 923882902
380270725 953262270 2234217 635545090 437519859
821230061 967018258 745049754 661429152 565468858
576443415 473776496 249808934 105856614 715959837
702665115 960745729 848520244 156577881 831747412
486880712 502957762 485162179 632201012 222810321
923704398 984346479 488868471 987501755 394781751
61369622 359811290 359758231 225405450 24964998
805198672 446370731 896381682 646593800 421710845
71637564 190198307 886393984 322642169 83103772
413544115 984462799 934350428 632800299 182044506
87336629 49168031 492061231 419504176 12046283
447485454 654989928 570645038 575366801 662006484
149088161 96322012 73711479 499175124 610042668
679156715 919496498 711151157 571103881 970921209
117538951 618511091 29459703 271883656 22094232
545337043 630897144 277608049 766048486 776512730
618290152 434627075 529305878 152444528 420786699
764053824 818472162 950883826 335477553 841644864
199900697 87777549 616206311 80404466 466333605
432279606 409033649 780836549 688789080 844592577
87393480 87742347 171737045 463859930 600240514
556472392 124106729 412906892 561529140 769608350
248022064 230441232 232228454 370653856 639807522
705928709 529648841 944906774 434465507 986116497
112796928 102417921 740477930 556261396 200136143
840575259 649281683 814473301 670268267 318098084
55771561 576738330 579739618 399323956 580463103
329565012 918993344 747319607 840627344 594531810
654969965 115377182 7192472 71155276 93247312
910211455 413793432 929668767 351737823 522802101
197647003 131376350 389881120 217181721 39883923
514189242 365533526 705486390 374840814 337756579
201710003 829041435 450358738 49810632 552742161
530959622 866030511 646807717 69109668 990086662
442388315 86794479 818469104 755556400 883456882
484187349 386756202 923362808 965781292 982006433
162430280 390008986 71205391 184712784 508863016
362249880 975897625 569486108 560177828 893654377
366814539 40620309 497674978 622585270 63614621
830341218 530246266 882751086 767781015 833681890
227076477 521003877 145583116 182617879 259688038
335525772 711707228 352426164 440830666 590744283
682288346 448031973 41747449 119416242 133918778
755632047 979514727 124548330 239838962 542086719
157701133 455152250 259970500 88248219 253375617
965233908 481246527 547351054 399350191 548959147
110984496 41516743 8613247 45443177 113458427
526264773 777264749 798568629 563722062 656639666
178333299 47063723 282124518 731733240 412891379
703208582 132657736 927937548 859690006 707381996
437209382 269416939 365787751 324146092 166155639
981496000 709956491 612566103 650455107 594103380
686757540 393361121 643668703 29800524 81878333
875700942 618017955 911267558 35451163 535939680
77028736 317952943 541190886 53608317 32427537
345674155 875593647 833798997 911401453 193890178
676507645 465446944 535277001 572225163 529517580
866394348 813250771 755133081 992439979 829516090
412743729 389669626 160728394 684668069 688892986
830010138 409308752 173908931 686146253 906288103
413678786 674659491 545019200 627165794 213806287
730749865 840114453 626175936 830075726 566375497
484549656 22348527 26367997 1548512 845360528
650794684 394893683 949859818 741488531 857830042
1916517 97146669 237755877 357465795 828268143
606205756 465062525 567210401 729731746 873975016
50812283 1338423 788969193 135519253 215044159
205324467 815855901 800550732 431480791 947158550
226610600 154137600 432270450 379674672 496923340
527958353 899931157 563772805 705258648 825297733
13467412 230966672 73391640 108628325 793246258
65510515 549325402 337048281 167513786 916969408
82705935 550531426 196480692 291408486 146527738
734484886 697244489 444700700 510707933 221720956
58142833 199020517 272841841 507545174 139948913
852130890 794635416 892812562 592795680 944768314
31752928 699946949 202441564 847234608 63294666
154772235 988796987 826365416 896970778 253240643
281144096 773420135 763031134 46868775 70398093
929692684 789922903 850352363 378504458 588951160
532692866 776067681 302784067 266741574 485959022
727754769 903133924 917526015 540084718 676138751
15560570 46457511 391465926 311723064 203032458
990555636 628389732 610351734 751699193 457572649
958270779 64329733 194288402 939437751 2644642
983599800 805924045 405789458 961413715 230355819
253671114 805521186 180252236 801428415 287322632
675873110 951124028 578041051 912143104 601794426
24660135 333823792 612897454 23686015 795010558
240832873 995893639 747437733 377007904 885358439
452481574 368415569 42232183 598911682 217013966
600847979 618083091 180173718 934912456 580785010
736884924 142639620 881414048 419114322 702440589
811011663 234232537 912351856 993956675 938962341
22491005 498783551 14605876 128937603 14360373
279587497 824715762 939852571 659056819 607087367
296562502 459246793 482553820 197815458 195026571
705845539 478770104 890389838 482524860 898326827
325747461 102379235 202735395 446221897 115340420
471425564 703937223 252685228 755546339 831394752
328959370 270431210 254451907 354919977 350140032
705230913 335220522 845976161 915389105 580946038
726477480 483437517 525980763 514881546 184171805
742541612 569443236 635675378 701653190 410138603
645291241 606567525 962343643 120650961 389767587
730432217 853792221 975994023 292098576 875926862
284732408 686345987 306844391 443753073 222319324
307897581 853166208 670783135 784618279 579504531
571894660 496044750 291299534 206821235 398379570
806961392 657508037 461232273 914954028 756833971
401574472 328561045 80279643 91192902 227506370
877253120 934568670 719005647 915110940 846183139
652100858 436835241 597053863 14132562 263381620
794838465 849910710 640725100 868802365 326209154
108794454 446199570 494453257 193523663 709285806
630745662 792290697 607670684 754986728 759738928
138750185 815308394 654039 36514154 426639188
372209409 962658546 348753289 927322956 614578735
172372244 147616651 339297311 276435971 94998030
842286158 157930781 971810259 750657099 501253484
610212185 263579421 38591659 461095765 252673189
690842465 268728080 147269320 840189417 739872034
241402309 641311469 51167417 32998471 22949378
329248391 967363317 66480765 317840562 490587144
540868763 205531915 765364145 206438595 385544987
811905806 596585077 848920802 525471291 712395313
74242268 197627487 614835384 220774812 446440794
604171130 772991666 654375460 890151154 504428513
481467925 296426177 261035251 126485455 70583568
925170386 878632746 559464708 595366337 398906516
238309884 443128853 828713609 166278946 731662473
722388480 768073406 900510266 212283445 904926144
386254498 457476889 758898334 769634273 71601405
1000000000 1000000000 1000000000 1000000000 1000000000
135181758 478565748 182598616 372697759 375456723
475599065 638815668 349322551 741657639 798654544
456411952 416248119 513630954 205198928 359988235
566207421 477922744 777716172 747480117 681202454
71839057 186233461 25891561 391852601 565516852
859066769 630768552 66772332 683727475 829822889
333682687 62662821 806430695 6421403 424609405
477182270 541576916 968480120 661302499 956766782
405200558 831106263 304634660 426714252 68794657
421438820 880177425 405351788 690046387 243627966
96131049 682718996 201010552 214131583 297312773
655681494 869555909 291843358 967579400 945144945
315093757 549784086 381974486 325810066 21570046
325751673 930499478 659505294 722354282 251641862
42819550 178925548 628247921 84860962 870703134
780888685 601849782 651545369 734739511 899506683
153347609 296340400 48573541 127264385 179895308
959081044 357913009 76309449 345939264 671108335
479994590 91110497 746728854 270489519 249258074
846801049 853353200 770381647 585915023 609304766
310038484 296960595 191067185 307216390 4866701
498682932 472053080 694074916 583249409 738964209
532386826 283717243 296692328 468528388 394773018
539764817 962777440 553069364 930285961 419631954
312155652 332836536 359969226 160590545 410643490
351073656 893719754 858392134 864584257 602217643
116575443 73483775 117851782 61773173 341371109
692177763 932489897 681916025 858828983 553598578
440652422 219853848 73766755 80752158 951283225
594326139 951205528 170092286 747906137 978505604
180425124 262147912 412306346 51697205 207878590
817779153 883709848 482982701 102392007 773477420
724918195 30001599 88653783 384528234 37305985
859802469 413944755 707036082 644006730 854837040
534792030 29245877 12748465 574958833 220367466
943654871 151068724 156858356 722092055 772220722
613496059 158172307 95218869 453275442 385010952
777914724 288319669 120604672 601812620 558105842
553179412 592564267 82685289 337949734 48184754
881839157 694848662 434554610 348640322 85771264
794057816 673281744 152043624 312340675 919120050
851713738 783721917 876966503 521956357 990042686
462759100 143277176 199993846 9543331 683083801
729163073 506835896 777511462 497339942 965749964
12967214 853274433 34353703 52811022 149801860
320230249 936048971 442805496 775027636 327036992
218650010 177092741 493864257 503915317 536516311
443278061 901905963 914567041 697379561 846400297
422763866 605097517 626828600 288626610 274885912
464047845 985220201 856693254 325318580 516916646
355978214 406313944 136665177 282912653 559443053
781516788 954025047 587757131 356529425 815751452
130660185 59845532 478430718 393873138 700944146
208343529 420998589 509330101 572571137 747999657
58726886 71190084 104825913 188854203 499631685
271774931 650216061 543062092 834117455 735373839
272357212 428694307 53574880 555957452 33323194
730162376 562618847 208026863 635867517 571643470
122350111 187969698 341589892 542768707 22442832
301917488 763899766 574410317 601484632 436494971
307887222 33320786 106721102 404572835 562725605
527799603 384652679 161949096 415758836 744170602
193086312 294134061 685966443 154391395 231560632
540443821 943422081 898137480 458154471 712676013
351358824 430485317 358052060 462094285 302439824
463838838 536469929 610798562 586048219 593059219
23502909 654841177 264811218 167746143 94732049
720263428 788253322 980140669 332002063 231048680
670836925 116913279 326709582 257529899 285242381
810032545 761612497 826500723 498295704 821729929
604177967 22680397 321988239 754840236 188138117
943954706 219589690 783254078 757072444 688223256
923810802 51017490 349305400 164072683 267301433
940899650 700667719 685109390 565658244 377251612
46218127 220158808 430338513 221692709 453436688
862490503 866509051 932607124 686910482 666186467
492678816 138923728 17691417 296609971 446036530
705022569 626881203 268804396 775302070 504786484
637037610 79424039 884314034 457726399 17280721
765894708 523903938 964670761 760118501 959833312
264435097 15670246 319420308 780403083 53168964
625672850 475653905 731554647 879592619 622166763
611204266 427769145 424185827 531325580 513379335
708345326 569004802 452429483 851602129 846053030
153283813 208228135 773755848 99067673 476460422
586778582 950534535 908830519 375149154 761674884
629187995 177031186 111151874 126877504 130472741
830902296 221145096 961516715 519701132 370212240
74383415 564268741 154376384 511990610 51800283
319725035 864499736 845872333 977734301 512082659
579329722 2336427 147900048 236538474 330028245
680239314 702517186 561999761 994032704 868271460
15884208 818743633 352668776 139173416 90337338
563866928 944378408 704499919 367826299 944360449
55740612 164065973 196563673 581861246 655418073
630847376 989464474 456471453 985736553 909077055
263461148 119633473 97886841 830264829 70885374
881811416 288074172 913392664 950097343 95872913
66816617 126877905 287656391 65286776 454536789
192522986 275951166 822770366 210386902 804506470
320324971 786702604 46754915 566909273 85095413
357878969 832999682 693561297 605036277 915499444
394554127 190143105 418344733 172498923 168196988
535757817 870738418 508043720 892661260 326919694
119123924 193341245 775484838 272892704 202940714
280074540 633320864 932107302 982655231 849207229
448992466 350506800 397787621 267630519 723334362
695810337 500665957 562330968 873486737 762417768
778126989 305573961 674582198 341551755 104672263
853871733 371278377 933458512 437553739 396206905
238343641 379040177 107398020 35585000 20772663
845492763 885233011 231468576 849614020 926860230
74203137 31557554 221525897 661747477 488290053
422591411 945688726 558610803 784750304 655909736
96123495 669585317 102293975 56629460 385763807
862759853 758711310 977534180 512727210 950588644
642048245 559113529 14500425 385554576 151970304
649629312 842680589 96174903 525767722 844834762
152196905 502068031 404483969 79802046 551401143
658417741 874883513 621623736 987041462 651480893
68629326 278803976 197523305 1313526 60493697
493583345 701171919 844290615 597775223 440888206
414041018 5551691 238452402 261691945 585084361
718679930 718310231 766995562 304242659 693418339
315864717 808952265 689203861 60875695 424397790
318724003 829705163 861377950 174455721 761470572
65380040 313450157 390106418 742460308 49882
141198670 600003846 730118735 806325300 608508126
499614492 394513903 36402151 154241769 619858031
572988563 863279045 351481824 951750460 960811220
54917551 450964647 671352372 296255953 331123063
795888560 533488993 819856156 348441666 699050350
539893015 142803919 440723560 829292383 147882720
610701490 496043426 496592850 905355164 204804349
2087415 366552634 647985448 457386948 332159661
93922161 684838735 713224684 833777746 554726272
338724146 24185763 163660480 288819052 61084168
403661980 897499613 918617648 310414585 73824589
125469174 218969886 130112957 99790298 122175426
613041469 678560372 488175939 414251707 874265644
233001962 855743318 35424499 576876947 890321907
899019123 911258302 753218339 593597492 972975885
607340309 122950807 142389647 187123154 679731933
755969455 428918219 803808523 433876839 986381689
663315893 879304743 195172885 279501915 80985681
757823521 900825680 832913253 328897437 425703421
472502865 427563602 533030601 3702397 241084353
675540790 879118322 827680511 81862100 417891413
452882649 448640968 528516327 188259543 432897822
620348492 607641466 617540476 479068859 645535403
18900682 240308724 416053419 511067595 205451086
628720478 502999528 802894429 685174322 829786955
423731732 166695762 250481759 300718583 818153603
767058768 726997910 720413633 330464859 859656576
736383334 226559004 155622806 245998195 551103461
785792768 672597740 948673034 472371663 700694018
109793623 573808481 589186083 681245677 121225798
254410045 788872779 688800907 702086098 767685606
343566587 112194432 287207071 198329141 357945024
842513953 537363050 612196873 966207770 626482773
59371215 215477618 691406252 558318492 92437086
219112274 285329256 840150715 584223870 975725936
51425366 121061793 164727158 439157541 519247293
538924535 939445759 351556747 968052691 614817522
399698270 344304394 7834183 130021236 101347437
673111752 900391308 817360074 265946339 916344429
458115807 14022063 442455008 164547955 53518603
810521310 798677312 531262902 572378811 271358074
61207463 78425541 805706745 347217639 229122199
931165528 407634909 835718181 410936744 442701455
42142993 312636854 195133603 79269947 815195379
513058939 714720096 213401402 462823540 977907104
385529094 75008392 151182192 158039279 148228346
931496334 441136850 430224421 376345871 270682960
232245241 85447391 188626887 683122626 138280868
791020327 137990305 435755551 930309837 290236944
440012264 34260221 381592501 69133771 598272148
876899586 714240235 685189611 468768191 696964556
519203888 20271399 157699441 710691692 350959109
867644970 676511287 344471261 869160827 534876195
199549499 551815070 398851656 210311609 203700177
210411550 595733161 911310656 707637356 354264800
33126931 276850323 710048871 286289472 156406746
54585012 372795214 818678541 677977896 324887424
196613767 34973436 180785874 376548319 394329483
890034235 799082222 751267626 699521840 941316157
253601301 66994149 275240123 177997268 180616620
806275053 336940534 322686246 870435401 249595815
108319600 256535713 400798597 186629688 843914636
773445732 988377892 911093001 351794582 848398428
786544984 94740084 37417397 886296784 790611939
858181528 132714137 964662616 998063981 857416943
233195795 437359193 456432031 190578969 369791953
520266188 865569200 535259465 465861783 810467375
34145375 69674638 378884977 233228997 895998686
623739806 348671061 840311033 841596071 952102121
242912847 12398257 337596556 146712043 466507234
722385004 426557720 857833550 545130568 945390257
489451021 168703914 231814698 512995563 174968238
628497857 354935148 362220979 829676988 264095918
422548967 448370187 309076349 115420017 310780018
965233612 807676498 554304348 875090295 470078230
166163696 220068608 227160192 51805284 328089161
617952913 248776736 227290642 187748609 480909433
23244663 764307608 705780141 373336081 9326950
388974267 793166566 959285527 428766517 758769249
284821431 419512331 749282813 16945737 58682249
988487279 804521889 884012567 151009090 585896282
52789196 810682155 375204067 75276832 715820420
501647617 926889099 989914363 753761458 754443534
95774983 408517771 630151063 496130649 362339323
841239045 667208201 678740738 591143761 653125992
417276554 32897479 22804322 119060321 605027143
545559037 161232457 328471279 790467917 868949811
135822710 215319886 190959581 544200204 210035510
339610138 328103451 744749405 834315798 442278418
27364746 179804008 289966432 267602549 746424418
46245293 724677390 448399994 987248867 890236519
392708777 171281141 306708754 381942321 253617404
496532833 431408361 318335246 939827547 704179250
150157383 236707895 567082179 215810424 338530454
463779878 620934906 823216259 316919310 878360604
74713731 668452371 802590010 338282700 122026191
294176776 785819046 919155597 991769569 172649039
267138957 219189078 549291846 49674154 27396082
360656283 271014772 858802313 591379068 857879417
755261881 313256895 372653129 35329641 335958081
984984615 476497175 574871086 49400629 570355100
229697349 448292952 303790701 608579632 292962714
760340648 899162272 334015436 732605866 470636207
591476607 149567162 480405014 346385686 704129557
597201613 684396037 683021278 707103340 743876397
468615318 71879302 82642765 291786947 279170333
753573088 632815971 184936169 406540959 710983332
198525557 626317909 439976781 36496145 125779205
486092236 842217888 440684960 615003019 566297460
454000759 185738477 354071469 335995963 408747385
511452632 321062654 648886005 860110543 916276269
70057974 450807481 290537184 209557042 51465819
668868215 675365459 473304921 214066940 398247077
95246597 140683873 21595678 853116737 126201718
874539423 926455478 93751596 912738346 607719579
196527535 85420862 19460903 517554003 409128247
833221595 190906186 476277978 870228440 986881432
728731267 267135627 284857743 220965055 678367243
886635939 729988398 295556294 966343290 772626427
423905839 195928554 650468139 261656987 146362239
771849942 301417625 934080980 475285451 294474041
204418923 443449018 185076665 528557489 105512193
550584970 945229636 730949257 886945603 389009708
396231296 642139324 191310479 76628311 985856694
673922341 651185757 564908416 939017112 998437918
158498373 817849005 370532267 344876275 788362620
366851816 935114774 870063362 795856631 938214128
95947882 481013672 145481758 172577023 207510143
651071971 512329201 561339730 417228624 605554674
216616989 102472011 40166648 780256189 287089505
384586288 935767301 498095799 942360238 790581398
213151888 802864258 325075970 289836598 66344665
870752992 885483874 984662036 426649533 705629957
364476409 234933986 226209184 50436724 480461647
520391389 414956143 921669241 689505791 629863878
757394904 536358200 195737260 934081657 109291801
833479687 618630704 653818247 954853344 176765580
369278227 773953737 39045791 424571700 9030881
498432657 817507569 279180007 810514900 406448724
201935101 527960003 97587788 193315338 250518137
324548317 945748706 346003652 233790674 614164105
115439499 412735570 195115482 194518233 784147111
797536249 709222293 888509162 487245257 799071436
305000416 330379612 208178410 666816104 609297507
401932524 610838846 738568423 987709929 952807996
489596068 544584290 53021140 365195270 226757255
836119447 938959098 567558712 792810512 615074519
142983075 524762608 191582666 415400817 894781514
278153764 830533601 760962224 943057768 992879944
328033495 920930922 50307393 96360188 515908442
771769472 988784652 342315158 514070861 579894046
368089262 246216605 138456397 368274972 567600592
656677207 971679569 688216863 624958532 774861810
104528792 194098976 624111925 10903489 138861965
742717644 575307276 989271467 627956489 216574875
656074980 312838015 846749686 668758143 137409905
961072267 912609702 987579826 764380091 560058870
934055773 144381427 530118764 239469409 16348124
961861183 529387887 851246064 354498060 112519832
181354121 294628831 86682899 488531606 25051829
940590352 707057913 928945262 647497213 473700492
377799678 78043079 503517062 228964651 288063104
790596488 796578708 602578773 332659503 385091452
601222493 93943365 387922078 42848242 24602082
796130147 113312333 846893850 281547633 569756768
141987991 687119360 14565882 151342549 448935996
318901408 880636443 118480919 316644658 899229951
190540126 383610907 406513995 134104472 52411308
639326720 900499567 620923433 349675634 482213401
534252107 420162535 297447872 329757956 437261887
736937856 836731964 572937314 676241848 540648850
287163658 56922807 10510198 83428620 216573030
435814720 750089789 345426555 758164557 961491021
151150894 512384203 187687593 502145455 50861316
611335527 822680339 438474235 569633221 61464639
207228259 423538599 492093450 630926972 531949157
749750374 760886587 697140172 912761441 613487174
87738527 112728635 609098354 252462821 12845750
118854884 950208815 643185393 397944340 762479502
217258356 825583671 361159457 196233574 194215643
376881522 873749463 563532686 454887746 847427577
271104884 28115335 468927560 17989019 104751898
567272416 88512149 530221380 699757694 343479479
429541402 704116143 478028534 257609840 536198999
848737806 988206473 484562353 619980466 655097440
324406835 108779644 459532726 199468624 302417464
487820204 443301156 748006160 783558204 401451499
288160453 124773320 371852753 582331000 270069129
582418445 955546635 745264212 871732405 722122260
504789534 636744532 445491213 754952884 13543924
987421862 645299113 480760612 805574728 318170820
336057722 235634767 588754211 70770435 209169460
881267445 905627174 701389023 924664834 770990759
366618413 28299928 644750867 38640611 235220655
787453840 943424653 727015574 987341800 321087087
210690125 636395378 827734862 293468988 840508216
752535207 848263929 849963926 500219646 887974377
337156930 325110975 265640212 512696756 365697793
792129766 816888691 267453395 971041323 705038064
545936590 487415724 281382817 392074581 181753760
719117340 544908290 656601749 550770922 514449546
295182239 156941407 201122828 429457593 783322379
341486120 713943151 410000106 873204261 889369830
613770575 633559707 445473119 33467497 253756371
708016741 714137209 943141366 84986650 597334981
111579964 435429719 197371464 577911867 65838471
481799624 789466644 723203219 919259885 884495057
260315282 21459713 558332079 403871533 35305520
471775990 434502662 558715133 743581983 595004464
569065566 177215808 300392675 380644293 320163756
808902532 890357044 730401975 827344962 606818131
308274854 219579078 251137253 861354489 238469183
786464889 230317281 521174825 976522151 826012968
30653004 2699864 25993613 45233319 43795499
247387819 406924516 824512887 633511594 723675910
36640020 718684542 132602667 417385943 626681747
767006335 988898764 761371666 529078737 768657909
370258527 665725601 424001310 281968515 196610009
457495099 711031553 580596945 396200795 943644979
114997280 633577782 110954994 368883648 92045654
616361275 695219921 578408948 535294970 277981233
177198888 112605115 79482300 143511319 44957303
694168757 966072994 965487275 372757547 679681921
411798379 661948293 67549650 896289499 66861282
529614817 848312006 239350234 984617591 579218108
44546849 336443716 533405006 300783240 103879965
45231303 716559499 578823901 997842833 642859196
642182749 565293405 180398937 349292831 367530149
839156532 895243818 198890069 507234121 732109368
530704542 118455112 235485306 13320135 86872663
546230440 244962945 893581839 106998999 564265885
93297784 103689477 207603470 273333292 558264637
193377121 372842096 280647585 596681550 865442647
556764519 81372676 727583018 546245855 292011753
589519118 820501473 733196451 918638097 560537420
536113225 445315812 78199217 412751772 415896885
761093153 470151157 761980101 429278824 777016160
320829814 518063031 741444822 393183458 315400551
865940364 606566651 767615546 620377100 422397189
365754119 639961030 636207589 13358289 11008473
795529454 794987551 792279940 216014483 404928471
658303070 868561749 620621051 724896874 408539278
868010079 912650472 632087637 841097744 852287842
265848286 48954667 56291747 156922967 408888701
656450075 991293152 773135100 490140704 459640065
85457088 445274441 174933264 241094402 196347785
442105858 939947258 508240336 396152160 631543544
260722182 315827243 725456896 427134803 710571843
548135626 771605737 726657033 502397625 720769909
562128816 878356083 561115672 422067972 321224244
738440665 927994711 742678010 520785285 523805056
387024926 465772717 529761837 553368531 425142768
472829994 492325691 532445333 709375553 931323581
74769272 401497932 827473193 277903154 577264576
598417436 603007247 964546124 740681330 972976277
187901235 785464991 104527381 389189700 154913435
256437214 959402989 114370318 420710831 671729586
429312343 918935786 504606574 648656283 103354199
465016606 961083720 596854507 943390689 143586567
177484251 58795178 120812604 315501485 692192916
931557731 170607125 978197363 713982128 853692761
265486656 145276188 451892163 83170999 65726040
935117787 350290824 498693936 824023804 579167229
314454701 50855840 699611677 392221649 89918170
368813055 836722496 711128024 725966982 763480019
451453165 375412578 463665073 84379541 74660020
909748762 694342246 805767684 698014583 308390311
92426534 87047757 386635003 148944708 502241130
406563797 200069353 921227009 428329090 603987312
422715668 883821605 645267208 138431577 65053648
755813459 952985691 684076275 183109514 169790068
147607273 323366030 913476359 173096450 265051711
514379567 925103821 924681395 448530376 626834686
596363989 880989273 821001188 353860495 136382975
928203243 956163957 957182457 635435237 379407447
437675104 139265156 393624337 398642107 390769408
911828297 708181619 839675584 766202440 471050721
505916949 517346713 29077376 167787152 817915655
617276399 685583866 752600486 512955887 981162727
43464012 278087009 49208261 378628832 217532696
450388182 713569834 73952155 685214780 480298364
4115503 427755989 457374098 241045635 180408247
836106083 758920316 746104922 770435908 500341522
191724074 463265838 122436896 64216163 245603411
955633304 530443571 135601629 694319984 380655360
637383330 518037525 459743422 533494621 11121329
926971093 689409759 499472777 640668655 137740399
493131040 153432458 53869833 360769865 35939375
703348437 422969424 318683701 957453684 225734986
214267698 379813357 197463843 213042423 342318539
455569024 657384908 321625910 920440346 501775149
41603112 42654520 32964908 251379829 40596059
925216889 596491871 847264648 521342072 232979804
305531932 828087175 258616611 589811402 93999357
583910629 859154682 591902228 762725852 763024012
401305197 25577600 538074172 504765205 549994731
862189280 891415214 937381392 512050560 843784391
52076167 624998120 431732644 66055425 26624737
128265862 700820295 867851133 555854835 849230888
114174981 273830710 79457577 347299706 244241038
638477550 675293232 246525362 995206506 318683840
134367498 8656180 110963139 393534358 718387060
893148557 780047914 705859310 483145443 895391192
323869221 500558865 347495033 219529463 865184216
411558496 790372327 565416923 403036922 983252438
336558731 73263964 268305470 241739520 245986730
972244155 429095129 761312695 811062466 313198076
64905687 425075583 271680116 775276516 325450784
416830590 731491378 662271285 909049801 677257853
723186343 579453891 758037134 182336492 482235491
793955293 852728531 824984399 637917058 948515363
302371098 22383002 93933361 408992452 562269847
683969276 288211840 631461003 653675481 591411297
13014846 665065123 565311271 445107120 267520220
739830710 898282453 980879583 759412085 929546435
71603274 65333706 160539663 440421295 431411276
888182252 678981925 193814736 796063410 595239242
735025082 294780865 112062980 381832686 97526731
875558300 369710753 585968952 726494780 933127653
604372 77582814 712183740 365385542 491184396
644893625 314053372 875535213 713937200 712074406
554625671 317575694 426734262 870421276 151247578
628285097 594657799 624791851 896333001 992750880
238906410 317818077 21441628 188455873 474474740
736514605 937417226 943814050 319151276 670310531
46706441 115780754 144808261 58993752 558238729
621243058 587895565 733448532 576171038 563504629
674811701 49126217 504095621 210014626 664774336
727350422 553669720 554573531 915099950 957659517
813279348 501170133 185410357 482648200 31494555
817311014 760397015 351605630 953955018 565516307
45783649 141606708 17579758 65079153 379307252
665811400 981964714 507579170 695059042 757717508
182992934 471687759 474788090 66993120 663844104
195555039 612475220 709677076 445684201 870962644
373017955 694405669 5815018 311612299 179488826
809156685 711926764 863735427 703278527 686680225
329388903 246613329 154271029 97859373 374899080
392251125 652973573 292999462 477905024 717899620
158709363 232014052 357872376 194702531 6487168
342162264 475408455 656744727 832979637 927440894
721687675 757911212 192334990 310904465 225702132
978884926 966242535 647206403 619507857 279719889
581794361 500751525 235427008 432861373 360557271
938398093 757172988 463811760 585685428 599058642
214680970 467909039 83792108 476676741 646289455
605380765 639134776 491085027 864388364 812867360
433456956 457964089 358462395 696779665 428350840
608229757 737600553 705345216 711211041 558996055
46679435 793040381 406517311 141379614 729926786
432825307 879841237 485124264 526218738 841699269
649724469 821868603 59047086 659047109 488976513
961089738 959641246 132901799 718351817 527651605
181878614 359758334 380949013 207945241 281671119
554514146 654867595 733408270 479130789 656132548
79435561 270351023 209661154 44410076 301917879
590937510 443654231 443698635 962995118 999429024
377356128 397551869 685886924 27900979 415522738
618413428 760041047 757142187 293305275 667831791
122703285 416940181 109741751 12375084 686879465
616460937 787403828 332630593 634395174 970629582
63852316 443481629 228035220 254169537 626233425
425193285 719264542 577883081 416202248 932289718
237433415 120029156 412417883 80304322 370689577
287955536 369317542 442663781 154409741 879148745
136437864 751166764 328321632 392266602 289922403
986583455 934552296 556484598 950118174 543415779
381436870 560838585 338584560 107172424 73232506
736792498 637199457 759023162 724817220 689368380
555709356 248081112 638275572 230798754 286191680
587735869 396335139 937545769 276242959 362389545
356244381 866568528 237468841 110378533 889287538
616570969 913072730 266065454 310591020 946599829
90109716 494269361 559976459 182936235 786903529
263424150 504774848 837255526 692683524 835087659
261907304 850306472 573399934 3093911 176033629
408561629 945451240 585676457 495800039 420352698
566060300 112996608 461828772 725034484 32766459
929843900 999764970 494216154 995118836 374748174
611428712 31593541 7865426 403845224 152103791
629504625 578121838 230248865 504487706 705597111
33645391 230892499 169592030 160534952 678727292
661596268 498673640 272772670 956958935 924819205
327261390 47574901 501443558 287250133 463298884
526333484 995059128 949339550 691921377 738485224
249109950 709513192 137692932 650463082 677047867
338921960 864045409 979034212 754439140 882034564
710167451 341631924 477417291 623584847 671207151
789402415 824979812 591269982 731879653 960370079
48374811 146083611 27529076 534808054 248179260
848700401 369295123 461950588 794592081 708227654
224771141 233839892 119771696 335266027 12095359
546486235 760292753 144150531 628030802 573334958
487029773 347607979 135825674 109162286 171310283
899384620 898898709 732508890 683630799 330684167
30230737 242755540 438171800 272878887 147467648
336127438 742009058 464645724 668201949 799696516
192834947 199229482 424308713 825986902 207158274
545035613 619117035 453888758 871031681 436520126
539974960 314805338 68761517 2165940 610608100
807135861 894546200 459851111 986080929 880284357
537892956 736809524 266104252 404736151 83436545
820432271 974069913 584723197 426846588 929625421
182976479 219770936 70903153 456774354 227004946
755021685 966327929 293647104 771713817 405936386
559696787 339884332 57343992 402106965 154007020
730660976 699125012 322237701 748744968 307686140
459489568 383644899 785620574 41019575 99288328
831272046 667083033 891107443 201765962 679205282
319151866 429160447 302582884 189851107 600967669
375422315 583593338 475048989 559193955 662878793
359549181 145334198 148695460 77034095 32721414
743985199 552546465 889573382 335409157 147359671
104298928 152508552 253445799 35759993 37787170
949106403 300147243 409150834 562276010 229075346
311699953 137303688 46163597 31171602 358408342
456897469 983085705 654492138 199368009 634511377
72610241 211167022 425666103 96884937 231880958
298898515 853259149 930527120 346131240 482690966
32803696 752008151 160232193 594772455 206959124
253779644 869230228 905691820 630811730 973921735
375345077 268074953 516246314 557729745 340358014
444505513 747773988 728520932 812110159 787242888
458222496 67575266 784407558 576835988 253002328
745297817 989336331 985908108 748381121 931129315
273686016 366029199 68369202 64039569 392821471
579087875 774408106 125886709 202091561 921445183
399879976 126464289 642690946 125398557 496596546
425110924 689113245 845741798 283612057 807463321
692332772 229837341 116470858 231718324 202998338
990397990 623009562 619424187 697673603 362120634
219354841 64883202 224287060 407348318 478423362
712633740 136112015 463543200 487958329 782358759
723209254 38024646 624821414 198163987 676317629
962856238 257884642 858843615 998814560 886713147
401787096 254229287 479813490 210758011 515097215
801407264 811388743 644982919 786648928 979937383
193817259 520526484 22062353 376900203 760565090
199827927 936019352 519394643 532445430 913257885
153102741 157615476 478376229 520994741 128628131
273224066 847086886 703803000 751747538 486134372
559166935 55773766 18521914 227016240 564761280
777073936 961583148 389122651 918224553 784949790
222520432 677609987 177913938 108874391 362370479
975738047 973854517 916226905 539110627 459454353
108665211 297574822 152720704 45984705 103762224
497105319 986884909 372800121 118665701 498397164
234944648 628380796 18028527 631919660 305142281
354505692 973386908 985657648 812934685 717808469
126260850 391592462 366984136 343391730 494079022
456546479 918181411 825657607 767841002 518525151
367220942 154495167 660361868 643478505 456945045
665264769 936610394 757477046 957946928 560249071
567456462 359001426 568281986 437604334 159391902
800942483 729178913 923614384 528502830 386539849
112404881 155091177 182661397 573103455 93880951
215230831 483215128 839556202 754652242 295773087
24584714 345413147 37454264 314428843 147712185
201166727 612303975 897101682 665621768 766135643
361475560 464909657 182623969 88589892 581639795
414800617 815044950 918548502 146447248 811287324
182248541 527150508 617335489 258969079 217216995
226744783 663979383 707798263 723615834 459270350
288031155 67303992 519913546 613564806 457664723
393548433 806220115 982782793 662876729 622661256
404495065 530438568 522354247 67835305 653723325
601131569 830132333 935789914 728650525 827281524
41683486 181231771 148545144 287963983 79212955
838864586 385413187 708439785 469573630 224047578
644971711 809974052 178551339 143628549 138648700
906005600 832572042 337784564 545055143 364712066
689940135 193224166 32108403 181367998 304878877
889448432 227950094 475867721 401054111 663080056
452440804 627401893 487847360 168219154 369785889
708847397 674552482 844192871 653228174 777118884
80366644 767352844 380459294 66218827 80514279
363967223 795724068 465946823 472834435 416369650
73183209 67582225 732577849 387081595 108412050
980841065 937719783 873301490 658511224 361704430
320655853 3059636 317651881 597149104 77578039
927787750 144476857 679583596 969408777 424718991
26435804 281774048 550576884 37937914 726012599
849004260 974686248 725195747 989089455 939385280
785805352 642849233 62947310 227723741 173749279
801126880 932971809 638643921 339083861 838544514
665600998 204729818 702548429 124915933 93159169
894755084 415804859 841357362 447484787 683246211
648609143 56336675 47991531 273122934 536759454
752129438 624451377 500519315 342161285 615650312
307064834 103238962 662214466 233252806 171223004
601819925 587964772 829376524 668806962 743745070
788902788 159191711 500865528 337733971 349482719
952657292 269912123 671420365 967497743 887869440
155851657 120792684 262266980 467065800 57383594
486083621 343129308 492130398 917492798 386814514
299766305 857317356 92187291 405592730 404133580
520949526 924878975 749858217 803432360 471552857
72578192 759139408 811282895 703349931 622425757
311611204 842680839 815119781 797201077 654018031
533270723 891436229 3878922 52124305 347625565
906998913 943020571 440158590 382923508 363197529
407437663 219117727 614307712 426107617 434964135
729674640 455328390 942063070 911181985 973168419
296796106 27717171 45706330 76644287 275212046
309395909 554580239 255926960 617074585 627228399
366354588 319246914 285441661 586274801 350756718
378001739 587383931 303596630 644254627 451368402
574705306 149204834 497627077 155363106 360283992
725613367 186649004 626296902 508798566 779133214
607737412 168238175 264283226 572460096 454532745
622791380 942828193 504509315 920100938 633160605
23219055 487102350 881042988 30284806 263655223
341458210 972710281 949044756 240490681 665316583
398223638 126679051 734663489 61168489 523343537
634630663 322551809 766259023 747299906 684046606
412673467 52342020 110993480 590746707 231400166
854720527 376395728 720492340 965841085 781563617
350939595 637818881 304379329 389475825 176220974
901427681 943764510 712428234 755419287 889446427
153139789 280665358 260374449 39430575 23960560
583043211 561728468 744262260 206677576 570255144
589586929 390518409 349249754 755812092 296408084
904452726 872317399 445856247 758975134 314665221
408002587 522252592 575365782 93506217 374095899
663163646 571234052 889706043 682906821 699519528
298161533 128470419 442755134 428966062 722799608
695155023 681629308 930506463 742271793 869165538
60284810 467513760 85055937 567572516 222573365
557762213 540042259 186506816 803071287 844985344
451817069 222981642 426109779 131374200 907075717
613246845 923210839 652007501 753127849 913084114
17887496 41639064 822842336 611355677 286506611
996031755 324428981 909822386 813191337 390114984
398473855 700858153 387652659 279247368 535365470
456148801 868289863 482581637 905763955 844905119
197318697 600395843 218716391 304212339 261963842
367922354 650573513 385230425 933785245 721498255
807231516 747367218 48417102 408397503 248062336
939331360 777426815 580899264 775348297 602649051
5960652 759502309 636082186 737103978 240323342
149775670 798786767 694970346 940183332 783354955
333914041 507734498 211427758 209023152 140478223
667383730 519081247 308314185 408320795 543894865
466905338 310656253 662181049 203597342 360992705
525328212 443006406 963110478 814827689 571548014
31030795 541301398 842952577 107795219 519146787
652129172 999725613 925112245 151353176 933228508
137662210 66843165 703581940 539025007 386929932
873677479 985108132 821678727 669710849 578185649
701004337 69454163 90858223 296724082 225033662
867904480 910189571 293718361 416768260 393982920
447805422 49540166 411659044 142411237 343534216
712151066 293824136 452355017 467339346 946263476
76154689 6754660 157534324 649770908 495317897
361777007 510070806 960439026 887709619 776649443
39971608 182649346 570346178 80851618 14573474
160246729 731218553 942224680 499467957 904770397
829314780 207545 269888420 49708998 668460395
974644451 233279103 525211365 461215301 878506645
338454604 516256653 100044552 28335218 770311930
466747253 563635021 605269498 756252404 839638727
443314827 771577739 190770910 113368511 208311381
495447524 990001956 246384301 918175453 517539619
96828118 291372236 183115978 158964733 315938830
197939400 423814279 191163289 759983447 656959227
465973889 523030561 98200943 265206929 18723962
574615239 820946100 152254431 826668803 148530816
44156221 874566592 59895617 45733029 408066334
768337531 901517045 338853328 831883456 547150470
283969769 421221312 114058010 103810712 683977226
579611575 810191465 159894861 246257856 927334285
415633683 285434433 530708761 46245729 180506534
831891678 307713067 966342182 522196176 453908405
142302716 51030092 126201957 513906617 62321593
643303018 373379224 264402115 723314598 991679987
461892234 226932675 196112337 618365100 144200397
497992984 349140029 433820997 736491987 615701476
103301500 255775308 47468100 330798840 366070851
311326794 988686508 173297388 609907994 969271077
283636888 217925215 331865937 93579713 424334850
366666340 271095447 837130749 264873421 865209579
722682933 136081606 335729282 468698927 464469257
724843480 626989213 578374932 655628589 487810435
646226334 577311572 331714471 727608623 356893202
907105842 763337996 522159661 994761255 422517391
215029448 462399449 705317930 211538189 19352652
584520047 495796503 961149008 262407707 144074731
362069621 177324546 345646809 60921586 190625788
470675764 517940556 563608451 738248593 518176753
354914039 169136593 656570655 385045756 307906189
707524658 572704775 781531740 635941789 604157998
92710338 41262032 84784810 476475118 267114277
460433808 311050890 865505232 586679195 427989465
68508713 463144420 45978145 26912756 806732755
126208769 985477523 801275209 953269248 984834744
875529614 245383016 269179021 181805218 408625978
899600446 837518936 594816700 395966185 494683417
139169668 405131099 409506674 182561222 408031081
791952736 454983744 674408379 771780810 410127457
33900354 392218876 26177169 213479525 522480428
401607966 755353002 336227527 850640022 548810844
79951239 354971609 129418576 502325212 13592029
208926381 867273100 638420507 739385053 214894115
437492383 538140462 297779856 314300163 81161552
621166971 797926509 446042817 941717260 621978956
56623758 54503965 70985908 126097101 110992827
809042930 222825789 865641326 777976476 465181029
57676849 540812835 209320963 319331087 400941828
812051516 744874159 384673166 435462915 712930122
405089803 105885741 235980825 269143488 681911987
879143743 357942920 771472751 744816709 689474325
246045092 534892128 693842105 320355262 422711062
253159488 878934656 989858470 670841514 695338706
124314633 190272954 616997122 320613911 522834651
467877787 411236689 976112004 358188279 745313201
136033288 49431805 51957137 590762311 534539
779670608 135852374 579627275 977604325 606644656
231849843 645391576 344189340 379513240 481446956
882629926 888014352 652909156 393590622 929119188
1683967 652002069 103950251 110928899 18717874
29124174 841620233 286594675 954569019 214297307
246153296 272776448 85620312 79574375 503682321
912597761 522527892 618668098 440947077 604432922
656217843 72014097 252864261 299711611 907657922
781378842 318336586 739125852 767845685 958381753
74562544 252639165 43427398 234923370 244682067
447620206 733562893 550908131 971682249 641098284
35480466 47987049 196568073 298872687 755085570
265396738 541064842 947148115 975785619 795781729
482107024 95006065 14497292 27106508 651307352
743016636 435658847 395624559 61204362 680165736
31891726 655647339 812609317 237481978 172627586
391082514 962273910 827614377 482837801 732868419
192836742 284068337 375303450 844764733 19417638
458432873 326070908 452705215 879747459 520166749
224896769 59928794 122819549 419141055 49592101
472342295 818089596 183514952 712912147 369558916
207191570 295591716 774716493 88304137 548289809
259931905 366734303 912800658 575798884 754870121
204670421 64291515 666656758 316892246 361431314
523966006 391356382 862073035 813101121 828237235
279555474 837478928 138633606 434846980 224370429
480268031 851579610 587495977 761479021 856077470
244026871 402267807 197084868 134968491 614505390
275781080 494250520 551131253 932506673 632060865
174857625 180022123 137941943 544553711 85321250
594733831 203074554 568371123 804523137 261235141
360026761 42343761 173186149 67439256 230561573
774501728 334141120 884809218 339612639 443528838
267249021 700115434 368503459 171314360 565079083
698493389 801595023 475617728 764839216 773599450
254101071 204437786 936936689 391390883 550438096
573263324 635157093 998699672 531078616 845794887
221592923 176863974 116705322 103795743 810378309
976190606 232736057 841079016 558519377 929465124
238582460 149702393 193945216 113082522 173624674
318464453 604903262 647708267 889882172 724164120
15883193 113971323 166956254 413226448 39711775
554354855 590321265 406437584 749029161 156115079
312574655 419301983 800367253 32989539 198051767
405729921 540741566 992826707 167561495 725540142
204600225 54054998 306091976 610504677 960239235
544065400 172159861 681341987 874645578 997298643
343338030 282459649 185464534 258805705 12000793
349269970 650893927 985743184 472928083 624062999
579452457 470379177 105397951 364949485 117110870
740502215 834194240 127375604 973105485 981078246
178223615 919180576 674104700 948895719 98238221
367652900 969511500 747070769 976767605 365470179
410971756 370131392 106581121 273013883 567734802
804768838 891093666 423282740 549914374 905429009
121322462 150572685 267838813 104376821 340618822
869542158 350747586 374582820 398836219 899681961
186619118 36572646 130830368 489230281 353425681
851973054 398741813 955282827 740949453 855731995
82170990 161351086 164132588 646522853 583404407
586679524 481061272 594497555 738524385 642320051
157669218 207941256 232265644 744356095 191562927
546497619 626995736 459319793 975697200 605617228
87876 8036621 332914174 89525399 303207164
896416313 115752669 662722056 90048783 713333127
240251788 709725579 14545994 84630830 369265588
416362819 792028127 812925628 758147313 890927772
98842997 230359317 102115571 50743749 209874947
219118070 638488524 579305099 543408413 375585882
550746980 449685305 171719854 651104678 26574078
938066040 769906080 683537873 669348717 533790483
356400285 83203856 160894694 964644725 310188010
727643550 941657397 186988874 991967647 610504999
235736366 554485127 428767130 32199209 396698517
747450977 991118482 861129914 125568341 984698349
575469629 359554236 456957966 345371625 152505155
672609690 878720672 647028937 351332771 706322227
241487109 861605468 67000620 932010594 53280293
245548470 943334399 876121494 975795588 602833084
280861337 321518448 123424246 191028044 44794105
872640600 612446094 452715754 437975579 93661318
253600207 147757971 411944684 435799497 290011919
280379336 776430116 456973373 947438437 845443256
60813057 274693151 627059900 647027208 147954511
375260607 749917065 734133389 996274724 261784793
104441736 545874147 87589354 211056531 744985270
409162102 773565075 321657085 556174052 858569719
610407967 117932221 124217224 56543054 54030124
835367984 508937338 771387232 186446739 677556194
78758993 416974128 258591741 207845963 308421832
250811842 674316802 494665071 780248551 856569163
867870789 1391025 392992587 315976841 366412434
896821703 119733968 411224376 329256436 388645618
774280481 635563523 599306184 515295373 96117967
834679918 799669137 836670546 555964812 752982649
555493376 27733547 187613171 353153671 273832361
736168742 834542872 681584573 878627116 289072399
675087745 546337622 155197976 153553932 223351631
797841055 806543405 735551225 651801982 436427076
307844027 794124614 420145509 94630491 10579262
917074422 911280605 644131220 146068594 544438446
304260370 17876923 180240408 247478027 45462868
894188662 402423569 951103142 641160423 653361142
392178274 629024619 541638009 152008942 427836487
557200893 787288924 960876406 527075324 774309041
194744523 245102006 194864298 220737732 435122877
333965525 635901884 662655048 223152236 586671784
312806053 85530481 108604925 317201374 209127085
516886490 224552418 750879928 735512372 322732984
602593836 480329501 552647471 393761960 221388539
689226075 860787579 732976822 711543924 250070955
542256906 2341594 133023110 6290763 187168404
950491238 587545170 414648048 380688590 419090233
362466062 485141677 317975859 27791915 199749317
941066239 512745164 675622190 935333475 557747454
75340056 188357285 303143676 343973885 45943572
752700686 293745457 714523133 448667387 178191986
32799035 230032226 408044257 911738109 109235059
392612467 520624671 523089141 947260940 725292819
484332158 242743830 107795503 511040053 374238528
972727693 871371457 628284719 829094092 587263006
187397792 103191450 524108248 205748930 471853599
765330494 140773693 654432299 607001549 768278126
54210932 122723127 723979375 103079937 296981111
898256168 339965023 932946322 369048015 830334528
641770511 58723440 182642806 197405854 83512828
716016133 560018324 342746483 735884030 985445857
741431083 116417265 624287263 367065363 496678388
755371998 362082408 921009425 371965849 667383981
210804028 19643583 84318550 457829576 506725820
285284760 601408852 323968932 706926263 755734947
414866530 102063374 179307023 347975396 480551027
880536820 213471211 270453669 419900160 599052159
5877861 513661678 29958036 303137412 507781287
254068149 712672837 451060870 443004130 750383815
83660468 40128817 183148514 728168458 464542171
695808671 415500449 334205571 752334750 485259122
265529108 365785547 114663647 101465774 327168758
309138349 896474889 451291504 419675138 922036480
42338173 120985381 195308892 611198852 648168242
518417576 744097297 882487447 617724966 691111692
40514705 614682583 509533761 83565199 33644896
817063567 753731991 992207871 297574081 828165005
56866398 683571206 844894382 634649868 275976749
101737024 844435035 857976098 873673460 496914388
136286732 201331730 234434908 257584348 508886076
702532806 208809295 438274398 529969057 637562911
51722302 76146238 392929182 758271012 546124228
638984603 310046434 530367620 948079868 679807916
214117420 680461613 123830261 144544625 159678133
879855916 806125200 614491074 222868952 816073146
207045282 210787654 594611419 211198151 350902658
380572796 994657804 929847036 730105611 922970971
104107931 121367317 531565588 397322386 421455147
532207447 191592525 986839753 635276256 869781258
19407597 140680625 335269810 219920825 273271605
736570954 358278154 715042289 544956972 641395646
9421993 351292442 507103229 870717202 80577778
311984328 366528475 990820221 968442737 438110806
222879396 130081046 682872643 252342819 156582289
519416006 303685423 685024144 919022966 659910136
221872935 69518911 739104359 481778730 113578844
859814610 762623475 742650251 572477075 499698904
97344395 642010494 459094364 641499444 50371626
222636099 947596815 800494363 796629480 370072303
541143995 57402687 613667620 167822732 371910637
676134578 720697627 978604561 564715812 512275486
427295094 218897874 211913912 425364613 277282169
772641624 262465415 803812509 748780965 907434475
107387610 317270367 43396848 409164331 217419432
342593002 513098979 786384464 604675836 521843718
357646586 135311020 106466033 275870619 336300819
948826399 647545274 840073708 747180340 412561846
375277376 31861308 8470460 144012464 322224078
658350822 823223040 35611072 278146495 679598586
385620658 167040880 923232037 308934517 280829834
651689985 173211843 987255710 491789945 354792295
543490103 423694403 5337787 434439136 105469086
721676905 932070944 413431053 688662415 256657971
440250608 782299926 471813664 361045391 120324791
870626428 988824807 840778273 713194737 136332054
78926711 419149776 46632921 56990225 410509910
332482184 459496457 946442954 498717900 422164430
521136300 363959200 138703964 319116590 519720689
757633097 840742263 749148118 861823591 681548167
203987770 562845919 74571547 536531339 303119941
474305764 865516996 482254024 574114319 412683030
314716444 628494158 356558227 312904208 83347894
389872544 656247726 436416117 579855465 685604257
249456726 947732753 224698469 291758250 162570933
576398511 961902430 548887148 715059443 465515809
482152217 433599066 111430950 440381 232469885
712256631 732023902 475637823 712091959 630363970
150953730 50403882 240567755 33564852 129147443
555527067 763724983 694419806 946088122 232404951
645733122 39964708 605444116 810111819 403810694
738361714 607111481 694396734 872440816 618988466
235633227 591793807 609621379 86826060 136791533
862921651 664620180 674114686 288447239 591839533
268552358 380370603 178958627 671874006 725842282
530378065 650994707 813905280 760093607 792530853
424590372 605956506 89900499 432315770 112883189
998115173 673341080 441654462 934359343 594711131
112491741 254265057 98690538 64664293 172364978
278480777 909549250 850065797 699800842 849496335
719578489 387770191 491763338 184426666 173361599
997570134 575440974 815831414 221083210 327365663
163220983 248752164 20191222 1838397 77317401
479597004 591857771 510025394 751131139 472671245
553434077 673943822 658519729 499447647 202381888
814460061 714640234 926695512 626203667 959007981
15046215 688346083 615787929 115041734 315344542
523021021 940244657 812104746 396685995 572867073
4512985 197058554 403082247 534166142 42089020
103202410 210813792 837794304 683381165 138155962
354716075 219371355 55995964 79376788 367184255
664829871 297173145 589035800 834990921 923426943
496885611 555123677 20225697 512998703 320788217
592014529 923715303 167415637 629723698 752267905
758263341 198809176 259227849 687250593 124371536
874495450 495340297 736532920 695518560 661946120
58477486 96494693 406595627 87310427 354590516
716354829 446372751 792790403 604974433 395487893
347703438 29054992 76911593 61299501 301891436
597669671 383734275 570010341 780450545 800199582
452900804 859343362 91537145 365241113 221069261
820773123 877295566 242291229 495246196 684398503
902141308 307311490 77647493 91977659 610190159
1000000000 1000000000 1000000000 1000000000 1000000000
471950711 179041084 559627008 7774281 693142782
678118837 492760302 638080079 989500905 907414529
239631297 631348367 355209615 150098765 65919368
412921115 971142944 915145902 451687118 510889066
186252995 804341365 706721283 28910368 342852204
598345148 988150525 963701372 339537056 358639169
345515837 388192723 26145363 111489861 674963844
746351366 423542943 220130301 145187666 819009776
6953166 194816012 208408945 591414198 331729124
819628147 905805046 226907119 979214674 906393708
288634162 403816675 540808811 753423280 100850529
769810549 712704444 638644153 859230196 154841301
25408850 545976400 519657721 347700912 215600506
370693713 759185318 962852941 834260872 247718856
34933521 297821135 891566263 491298931 594483760
47409185 607096969 942523269 502911657 858539583
144546327 431990663 40364458 23865936 409939416
718181357 967624420 540566186 695093041 450564435
429457442 168733235 343293312 271898685 89761386
672253444 877638933 674243822 995590965 435559447
85034274 227128854 103516442 106307205 35951914
521116644 936076173 698075725 456795855 743176948
362141980 107990973 215554588 351245439 34976907
852272151 157455173 246867242 822823968 663469114
313752678 190124678 425597457 331159206 252594005
512453866 843733121 652050192 347768700 431405125
274172957 200451015 122815435 407078103 186992954
650725024 728210108 236974379 437310407 863842419
397375334 266665993 52429627 166901956 132967162
733876981 994071999 690801496 207770902 743160969
146368935 126284374 113845217 386438970 46717396
248598660 729532207 493547865 805273271 911566213
130050553 379205464 360369874 273423418 816568361
500226811 670960222 632216163 681866903 975136175
164590907 27637140 657072827 255059274 640624454
463956456 698244747 873025482 363527140 831337346
309597487 610160030 35224207 38603802 130350291
842581510 678130707 537771950 734605660 932302771
77278177 470602100 877516178 682991097 344980155
306765731 785168629 938941780 935763418 425273228
101450119 330778353 251127515 424568381 701054443
351255899 547937865 861478195 733994909 949397970
415916404 334177474 836830164 24192836 579251819
865124473 743504481 921888343 354010058 951941198
74409742 408282281 413280377 240485898 332134884
793974668 610409864 827377093 243148471 531350579
317792400 348411534 3997007 598195462 788608988
723164347 356731681 446550310 631548612 827441124
138127668 206687434 327733290 312922156 550608343
813593325 991654799 860463861 525580850 790980971
27419803 545912156 62352468 929604930 139011307
775320584 950805732 711035118 972994154 251930634
113975988 94844899 107823240 13487355 328244963
841646664 370597739 802662848 998179618 451903067
35777983 366076612 619449731 140090901 103469750
586404462 509231256 847492589 347894847 633133222
110556686 281329346 136951483 25962845 228000673
509543743 773526363 607069085 283259183 658199589
67702998 115373789 360697861 40555328 373634313
311574400 784660507 392887324 992830194 998739017
460452880 36804282 190873313 171403845 188186006
680268314 391916119 677315521 212783066 892666517
456938648 216135731 255039814 485158062 191815185
483409029 336199487 410871375 639635953 721415207
429546643 146388656 78992844 514369032 287419269
895922774 449095514 549879173 880422785 824482692
437815429 150316900 79988605 112159139 103277112
996872420 197359728 932745872 778869940 146020804
430938718 756016460 340952279 250489087 271637187
683336591 914000486 718783079 380439227 530763095
88174123 371325828 597024654 440083616 668442935
449866511 724413436 862213114 608302233 800605192
98473656 158858156 87642447 323379494 300589450
138768578 827986934 939911631 446578677 846295621
295264396 169620702 29665107 331734951 44877016
995543231 265912690 188083160 671948785 460374733
792239739 644846978 266305682 597079369 3966628
888164403 820794257 483346455 890193444 825495752
370543284 92302409 507686968 346634668 183705912
440914227 687671837 906738729 629658979 446972999
798589827 356031975 449917751 270385831 151625049
965216533 544587923 614226014 289331263 263326786
168734365 258992043 487348909 265004950 109991224
350918782 772434314 762759169 669034891 187657551
438191288 367755925 116046481 496700998 19209111
999081677 390929101 753853895 555830341 248347361
332975464 556378501 610353065 4760667 308071558
544090157 959681840 814105415 257400084 519905311
99287317 537468765 548717585 29307706 250931066
852454116 633034780 885804955 660478307 490247402
9549109 311727401 748056736 393167660 883703807
127683650 933164795 956107204 786988013 927680553
106859340 753800326 132700876 639879173 276755405
577193090 759915280 367776339 743620831 534209451
574230436 178931649 393652484 173086393 117842994
785209025 238185360 693813179 256054186 238040368
19816307 437475279 29595433 246354114 424197537
791544996 581507170 291526967 653446999 745923471
257559828 672122548 556196033 61280567 717253517
766294115 803553953 960890946 717503258 863310693
172758669 446876752 92276544 192630701 493468501
770446086 949850439 624945467 532920679 956451417
337659488 108455449 177208268 32296554 515522662
741580711 138427743 874019151 236635523 746704353
562504654 145781095 168227028 259170955 500083885
627942210 180668775 345624334 859786201 786638811
646969945 202368644 44786213 594176610 337884413
709041818 814076251 611101980 913414602 913278577
276204507 517994501 219547666 326077131 458243026
581354570 783448050 380558581 704101641 653137336
265842550 283920637 252220707 30496187 322190376
890221903 372408228 987462990 664178836 397772340
853851883 319487565 151167276 323157952 138453058
905791963 328227230 393604161 844375328 434985303
99279303 397761999 9731561 138172735 187331230
775659486 540734437 485006388 591901447 368003076
383327243 618718051 524988715 180738024 471650784
793111035 668785694 821070377 595944718 806871170
961357825 596752122 177993582 127093213 282528733
996350342 629479328 862286910 133691284 323003646
686902693 113090649 677747790 256650437 148281042
964043792 934297038 855962953 456765680 505020418
226885952 93248421 267714763 42736593 29803385
527826683 830165298 280040810 196288055 710624882
326195715 101521066 267862342 578837508 191464172
933848115 211441507 659891611 723336207 524131507
128337951 267432100 94933118 344247590 278896368
859090752 489763997 326826653 401598489 833187566
406315112 241186728 599197589 696384469 313225681
546497375 463617715 727004911 759267229 851119384
635844764 390695654 687484283 30537882 345601160
877536438 541377054 765293336 609574197 795997263
513488601 113466931 175643837 525754900 87682884
632520803 611299502 761620108 662374758 124860248
157912483 273764204 164779330 252182972 21364053
446851747 656556607 423058625 873704951 814464633
447707694 46593586 299282600 310830522 392742973
687950587 857450207 932491029 690128645 699028928
529791069 512865883 443388723 691569183 207952134
994906649 890395109 639312825 854493445 577435449
513339663 393584826 100176221 335162819 151355589
981647414 643967455 172730968 364628336 230421458
20808757 380642889 33711490 118686470 713060142
380742850 850108716 982959802 572414349 802737510
301813427 745454448 58898552 150332775 541990674
827627596 817635121 704421693 868495697 805233215
214498239 792941651 303744552 508625567 152129176
672579235 894946632 613134264 840386477 944898567
441695640 648354093 74788166 190793377 90496055
869996682 761662514 958417959 286719663 459380017
210371690 67066334 197946768 363164973 395802959
508366695 959386029 728940684 442827123 732393286
218714599 487660328 167326770 740962723 391648657
785137793 677914012 414759488 834297373 457435025
686266445 72689655 547382722 328413856 395825187
686293662 950933999 710129515 444341166 674780084
78404781 603652074 207173 88522548 59337899
855702199 772015902 703494025 729830375 634474086
178010055 506912054 89126886 429772946 10193030
893738025 570900104 616197847 853318714 707305845
569079496 309797888 333897769 336153194 322292037
844532776 364365082 617594961 502377559 776264993
650615633 139048675 288346326 249995794 671028484
662806559 325850895 360365198 360868827 708265456
26468384 198694195 822537245 808699412 499002838
103723183 693695363 948893443 882006805 774694232
347894651 99662272 213147964 14591693 134653805
779786945 638311148 685530127 845462885 421984739
27419255 167644759 303253523 692375583 282599016
756311681 890135761 506209593 787280476 379331644
195286047 248718384 426797437 21624334 440699435
247595491 799993095 430355697 528545038 795904869
747201484 247618787 391228671 296478571 128321060
798018670 457714627 569034116 859641699 825513411
643935350 664669012 102012509 165756920 189040243
700968605 891629410 290490197 482830658 201892018
174681292 707599626 61491679 217039035 413259119
634096729 929527788 458018940 603018438 573767262
176701222 493850133 309932328 690118818 243449754
632675044 637425725 651918632 747085066 270233041
141507631 261645745 146538938 198562222 873421829
507798736 862214211 845262657 420694382 989093538
805729679 33056175 356359715 514922731 378626246
879176722 710177252 365208490 640503418 628361691
231423313 428328218 115593411 471416910 700123985
618802970 500543055 394611302 947067981 818972834
511739699 822523984 129220275 724751308 80257478
831107104 975072950 576601305 789043216 778465892
416127641 425457315 439597182 320228691 84326761
627681576 437377956 640085121 990665140 735682176
80507875 96572225 112069622 262552726 290754198
228048737 103412555 876994796 285746548 694754221
444108617 27140326 319643227 872494328 824645367
878387437 807224131 484617544 898226763 993301487
211676513 520074996 484647795 109726128 291908688
310738861 860043099 913896201 825464206 298375293
468531380 595215547 26088216 238972926 528813656
614424033 909985409 652842627 970972760 701943189
467354455 503515245 693004065 132613863 227127956
869585173 818328586 799214844 325725389 554435816
52552639 479435006 517932030 176878319 338231755
384127513 854125104 877598893 645103872 481070182
334139122 258292612 277163480 405180558 650782075
544545328 826722496 555664451 909236471 904115000
545149903 219172393 186157461 122308938 24896181
760786291 875035971 317441654 829276982 322753409
127078975 90375574 167709738 448178171 504869541
917558686 145020634 514495135 711184200 655895636
650265326 426415953 675840880 543266276 323636079
663694701 997646469 842482148 585791915 759523173
292420332 134875645 334324385 476255569 242100948
629160613 349081685 908055431 630800356 667269546
583405947 868073022 29741339 122319352 654492065
661478833 910732475 446887211 398458730 765828304
681823 34930923 32175766 537897036 457258735
468499698 285088094 578300692 962259713 993354904
392065329 266878943 122400104 592622901 697780806
407786843 534871569 192405759 784192014 882960523
177056021 450844777 55646621 362515286 580064229
328303507 506514238 917764359 366552961 862167667
224247669 387457579 132558621 373147693 122887338
777912110 912069505 172117390 627925006 561463978
760329737 35158344 205472999 157278812 365383805
996808661 626160495 518965701 628340906 389369864
15862914 631237124 212814169 128218982 58479380
92712341 661766108 380749319 136148181 96278414
310021192 282287221 595130951 391422249 66899821
456339905 557373559 901185096 620979642 242000111
67200557 545367924 90134453 418297983 261719840
283809850 963311345 846359209 498277600 954391759
93203365 17114526 820771778 171758123 863964869
760166357 308142084 986836137 594147138 877685788
716807315 193327086 79281212 283265440 6269396
743880990 454244685 472093442 646119410 122843407
393065562 314541462 156375369 269852719 458711392
530734304 385678152 636343416 661351483 832750549
651509324 148565822 158952461 274766615 659889552
894670599 156758110 534343778 751279889 911107839
44207858 363108169 196777663 569955913 560241777
677570509 376996266 566422264 645123013 710011476
422217275 280163809 22491928 239629134 340429621
801244551 491174388 717571061 627791265 361817715
559257826 99869025 167958909 227978333 270746235
854486839 958112917 575974145 337002122 525953090
70265905 359175345 317826639 159044273 338530401
619370476 897702678 547576667 467150784 490671429
103548246 292853846 723988671 189074291 1202180
563242435 833096429 864840904 759953650 55482000
685021779 326857107 7203493 180433207 337923308
773667737 631208598 625041375 310779475 872591545
22669331 73823792 204849461 587119052 20900824
770252273 150146776 438928438 932012597 544672675
185798694 183499598 851506737 219045866 348686716
609325166 746754456 990848590 259958363 365875622
165019734 65855162 501595076 358125306 278511538
260200167 814011203 913924616 839495922 835016944
7944656 617595677 55655576 251294992 180144145
141657684 862887262 500369521 251573368 939615587
392307006 211500493 141549571 147086155 271434932
504966212 822286711 442092021 691633389 396517438
333991513 27710402 153687624 168976005 7312451
858364918 894509490 813725674 594550584 533521754
190279800 54062663 600706080 205090560 481236457
471269816 352268417 833140977 813033531 773914491
297388100 20537792 239593431 252125665 462174514
408328496 630267886 291187416 663081749 930748996
58950341 869376155 353759858 318672108 107012124
687096273 973220959 616157766 822470322 404534579
634556858 162566939 176903662 512782669 422880949
896578931 496104226 647211104 903638986 459353859
530226096 266099379 144510464 839117489 774079586
606244304 525356561 574518876 909293863 825628223
100924485 315639631 281175328 250164148 61739849
926903539 959733098 604639371 934645999 399214348
199243584 149433086 142470003 16780418 232534969
468769502 607709052 771823149 624383816 321728259
587500902 534857598 227214103 243915201 902758775
806137318 761908558 534578479 325854049 910649619
161622908 533099326 651051656 91630133 340000248
351491163 728649338 756539212 924538917 514236502
113827965 614902935 351056102 229361650 139093608
852974712 927662102 765977731 644163708 173286893
20681930 121533285 568267717 30986961 508403192
100871023 922671888 943801708 283233132 782204621
30819182 694658733 265618210 267126455 100084687
688374891 755102803 355160200 316233161 785227076
39823540 502335277 177305572 190960231 314558646
541759994 760415339 739503479 258097785 735409031
52779719 189837537 734519548 435923555 167444732
936241677 651002431 828356128 508642198 419553930
531715222 160651712 437796493 302747607 792925819
810819115 491339602 661577524 883290557 896919290
60830874 328878084 413951661 253218467 665340064
501268107 808592493 450564595 414590850 731504382
587655431 16589892 583824234 626304149 637648264
842752692 497088577 607320223 818325244 946279951
568470827 218954729 53067144 217532609 309544110
706931023 946133047 83064685 518450530 846544989
281406825 214219125 309282870 330963925 244036515
523809395 582638788 801878922 507973656 809232820
572621998 581614152 695195702 648817614 389738820
700268090 929104320 818742206 730883895 524927371
854699389 445044133 68669203 122152058 149656523
901910522 832834667 702782787 531195488 957069469
