1000 5
107339907 370373697 407878855 336606765 343823840
708979079 742045034 692741005 454121226 742616611
210795692 62425278 161660293 564119948 136231778
806076054 181360881 559310543 797175578 661427797
8953107 265403414 566273794 533024240 51560647
421407345 502172921 663269892 582626158 176434227
573859168 202944567 29929759 54005882 98146050
990618283 423174568 425116641 956080896 628021200
374498114 4559157 386107766 116945556 266038503
635167202 394360871 905011753 186876615 673606340
19180778 834824757 523471172 413913035 348770946
994762597 915156719 651297866 517482732 377630117
222190927 342784355 167856805 540756384 343910335
783951670 408179621 202010558 733903519 742238598
468941976 176872821 228641009 248202227 452688091
544246692 756309737 537589046 340440004 576321916
128310615 5835876 583970191 473224463 19991640
926654316 190671003 595168303 959268926 811135802
422869948 684886187 241123093 244689599 185255095
742746317 807806755 729324824 259214186 451710765
53224769 151462060 377417318 262396973 130882274
851296392 556354587 477173269 446482226 754084107
186940391 38998227 114734050 45530005 117016982
368513492 368710114 713222380 134504889 670400320
661720520 465332409 11593036 628620630 322669709
756971958 544555476 19251675 853264113 893195164
80355354 57475172 319897707 359224841 72884440
321602112 162345316 492539955 949353489 724691680
35381345 53009627 464377197 316202982 9965677
766583464 181520553 677633933 949070543 339857151
607447888 157704537 305918207 433640882 684817923
973754052 194499749 808413068 836761720 742845071
95725167 203794623 132242287 139841261 678994729
597590060 527575470 689613362 287822422 723231088
220956671 368742269 407328768 688966040 126739853
413813666 858078514 455748466 770127100 184837230
268457697 15213331 47892010 42368616 127595766
343696524 390755033 422728433 341392793 652657218
140693830 591414937 547830026 114227217 8009562
509484897 887744109 710436839 633049293 287049960
17226446 23100536 168278896 75980407 76139648
453752260 362039925 267818869 166236274 213912806
547619830 541291848 365467027 62238242 20753235
602011157 824514212 931976224 788024801 381072600
615835361 16686411 448490758 408981410 120852652
763428576 293482032 646398626 905410036 748217797
587859243 22082756 187158638 208779982 245920646
916840332 919832390 900412027 237849905 475775066
511561720 140793543 47574219 129299130 107837523
817903248 223537701 713230029 777975760 226508515
3499624 486742801 156088034 298068925 282214687
57925717 582702112 341677227 467573230 474203982
784959591 554021206 91385453 68060043 625068775
844372601 672416279 271979390 412744961 727357472
653057658 287337611 160459444 97081892 196171790
791760342 948358264 448584636 284239440 323212241
94001037 243764793 223524451 4118138 730956906
856199018 534387455 443776013 241992191 916074011
602906660 424552383 362221394 35606232 548315801
946793693 585197765 362936432 450239844 956840425
215417213 505842543 101901246 582168262 325663584
855618658 725624633 128597428 913350340 557197504
318239081 62157662 401274780 676321963 525771728
509935211 79987589 986757156 912954841 855258903
233742607 486987201 152644506 27110595 13685078
813015031 652712384 839649288 254956905 507165696
300872984 282385517 739329354 184940719 611118150
880052770 328130969 786522975 612644016 754461944
460590036 136904135 898477805 123692646 128508276
568030588 229435587 975307119 783220965 786579487
260506752 102232172 174334725 105165833 544244196
269158980 812498728 478220515 235141507 994013546
200200754 316982510 577372869 39326383 517934625
354156783 535470003 763020245 505441791 717843983
173116511 34874842 144877866 430773704 625091217
625191547 317279818 506996423 478481348 661093914
809159757 468154469 143519172 72142448 227779345
941572644 763170058 960082523 312233447 702367553
549548783 156328039 375338944 145124058 544424869
574565585 368520870 600383000 521481012 905138820
200514092 20820614 34166519 68834154 630487588
434391209 299941704 218371107 505301591 921652793
71730684 440070281 494376137 39492950 56507272
513141938 529201955 730774334 602057936 417984851
162730592 589000871 15771817 164645098 423795779
207739113 597860652 56196974 354606000 881010519
382904279 463644231 14113566 369490754 231274987
557790965 983878576 63461997 846842535 836454893
208913757 3296782 322491850 338147626 5966844
855679873 493004996 905400865 774400817 435380753
33119921 182208205 107731660 182909552 182739316
291500599 201636279 197225435 858230642 500563716
505915164 755116133 385285919 469269969 104714383
957294659 892550632 734863694 626278228 253626282
71806312 38777627 12720260 206160154 222846518
962212342 477641974 590148009 316181442 702289889
348047957 148585772 505715127 241406321 415063636
587926856 280276386 938667403 694285438 897215648
599509683 105105179 680703047 289013827 237643946
802698559 789736346 902546507 479213910 885355060
179689679 242297988 201971479 53516263 406700397
432470727 397931449 711220427 644026165 482182706
730609919 614592033 42631990 329723051 201507566
837131468 818170792 546076986 773015271 226728395
224058288 176784585 97294855 365680679 163933435
323354270 689584056 354175087 530109437 869771866
256616049 367539120 342894880 61085768 43367170
846436761 416581932 752364787 211950267 733692109
211013287 292125588 479741760 558862250 449886060
665396637 374601153 951841537 815621598 663364629
299372731 162703588 796665694 220153889 745065471
881681117 529145383 856371884 236584036 990535186
335915482 127890583 331772255 566418698 160753566
356206236 304055445 540418377 935005929 718269675
593188499 363383309 732583085 313531483 646677072
756859662 590659261 860090385 408845414 711735845
504777559 676646287 51207622 249524982 123808955
575416972 763789474 758525137 337814347 669879841
64281546 405336868 257769301 688107976 755708540
156128559 708734968 602880851 750189336 854955819
21719937 113616623 58932820 182255783 234668643
600491351 153412635 451056857 966713619 643119546
320821097 666436277 131574522 506860123 95850181
778051513 673107653 622862285 981559326 155419980
320469623 92655159 228730583 105144538 436896083
836926292 431556140 893138470 549708506 519361237
568553952 582794419 528961187 179568575 423150396
865386512 643002903 808997104 208035610 874391659
529473125 769631624 54062766 228133566 188691056
740088304 875631565 226928023 846023800 385755824
377184294 44565873 28659237 251850792 346087540
652613820 940316033 55155039 498804722 792042429
531214706 421230644 263917100 765649866 758799509
1000000000 1000000000 1000000000 1000000000 1000000000
294048486 327662376 756661992 76055246 26804875
932736295 414933380 797295909 569732142 663464188
238003382 34878853 313959000 213877861 189698882
287474749 489468341 690017084 376811492 901902404
440982473 108814608 774004504 497176565 237185702
755599592 146783191 967211686 996815878 415434845
133022164 227282005 309375627 368418520 57711058
675959266 417878325 934272000 938463865 142716279
87265646 427685736 145813787 447740089 173864427
182491350 680392191 809571863 518911059 794203370
18691575 198761469 792200566 88615921 23800876
184608478 869461303 995117018 310568389 43948474
252843663 582761303 296741656 11147024 266960121
918070471 644812019 398779774 836994553 294581613
108139584 347975593 311966299 16385524 494833696
893153044 703308394 380004652 41108833 648477656
206226222 67485254 47675051 372968819 152625552
228511826 495087118 319589963 807290047 226981983
241609490 26435421 43626052 177220603 388970721
363923016 361606030 820072264 857031155 786708049
308896511 107490384 252874153 189287531 607823359
928770208 371439448 307212145 786902947 663963723
422097035 147361156 160413308 430715039 55101906
902758508 599241009 456219293 468514079 833951117
485826634 139102468 254807256 398436523 284430099
539630664 644828453 974658997 520538700 434681888
281865000 245872699 560221727 637375183 294070678
548001785 703972604 750342012 944471816 333697256
190050533 203124326 616539001 426946215 115632887
711499706 561155505 864826903 508660250 901580823
751474113 123951014 366078100 90703844 324967038
799268406 501556617 808257293 438182667 587241997
222717542 511088418 87158045 21970369 342741142
264880418 748729546 199961780 438575015 820555966
78910585 250706197 618632955 515574447 71156548
137345829 504519072 984260478 640451313 494221551
728356750 791545431 125612592 535055990 32581354
875190673 949893740 856353429 535433885 82535095
499518268 101443636 130554452 699829287 216328967
562478738 164777558 605294645 979245577 436088881
15983841 158476394 811762698 381424810 1305431
332679588 748809892 826533939 578857206 396846291
748053754 70461266 799540987 350747740 147872841
800601099 339350021 912718231 748134635 473076977
650264855 755060926 717910330 135113336 463685990
798464942 806283082 752399040 392891848 759425015
238305799 365367392 574379946 208534952 537574626
928115944 495927729 594863690 462552812 989694772
538806697 232952295 476591654 71802057 672717208
559637336 681972738 586128292 496543142 903024838
149181306 285242481 45742818 84705994 534172230
777095440 708730726 992956336 393412234 739539458
338469043 531002452 473714980 271409741 241639376
763784244 790770392 520402376 484214497 912567523
798275908 74366499 13536154 553435730 291061459
922525334 111323414 234904111 786709275 433773208
20708704 519188441 92497421 690605820 252884980
48779432 985824079 939349760 844204243 315849250
304474751 162595520 286575543 83096140 79601265
702955667 238147568 434577312 326543952 922153391
59689632 216392508 645955820 555874596 234428849
773286277 349636476 953406340 870118481 579885846
704922031 176258102 663869171 189263950 14472416
919363887 863657403 729025552 641329774 53108517
360304429 39799781 152602665 67616616 358725272
501147075 312211280 232249121 234305959 533923625
425733170 46059563 549226983 385563572 111265086
459747713 201488640 687103451 403275699 229081139
165610049 513848219 89876856 401858929 714549050
404749349 541654119 790280785 514628135 863014111
37776509 290852773 25984542 251703354 172413971
95575716 723954029 446864732 909915288 765241130
108151371 63729359 163487315 379542203 49574105
456575825 149540046 687497034 755557127 757494910
201388856 107925090 251891208 371668808 446561799
742509036 190742531 821074566 865936911 638649642
27267242 62828155 75440983 506055487 237596794
301102307 799464657 986151525 998018527 254377420
305229454 135943430 601211962 179911649 59856521
954569524 524485215 756738837 320451314 736774204
452645072 69263350 87027525 793077134 31505100
822116958 103603559 727987686 928441089 890797671
408413197 80628616 257050493 57930500 702231828
885299133 259837435 716797255 565218672 744250714
681099320 295240219 288314008 487498865 348268789
806178511 348500245 985245326 669671822 348333076
30781705 492549157 373681665 388550787 134218415
147709925 891362167 437734524 672322737 231796133
24859971 266290496 163785136 464487896 72326786
290976392 647457739 386725032 763504256 223281647
495016848 586750561 149702323 72331529 848931587
529780751 737115253 816063135 339103618 990552915
150992326 461891742 277112793 359396684 109678002
328124444 560818055 613291478 752125297 437743451
123771163 226201226 471583144 169713959 115109561
538426130 814238072 943392438 377927094 621607381
79623629 348994766 21134964 141091840 672762811
739320438 783800691 712674411 209907031 768909558
17868703 51361053 206865101 301249289 133649449
531192504 702500354 532683944 384526013 711567078
896015715 108577116 72679064 687821002 115284348
937926265 898518809 426169290 772599289 342328672
46213954 601139987 422063696 8001131 441786020
184475662 639623382 633582423 939096693 756974118
29467125 241191437 646284246 20646540 523997600
286561382 394357432 899787583 58782935 723666129
54726382 200359394 163313240 424084600 581394468
396354395 329738446 897064431 617197759 782407971
570298164 205291510 598026856 123409764 63856002
653563538 317061414 900536390 610723534 508570846
345462270 238461816 159061851 149156866 37895166
379399131 267855192 776440306 576069068 883434941
107775061 516393003 736138682 161325797 170811742
788255409 552748907 774251190 868133348 194324787
198619363 290550607 129252974 268951895 351234963
402654309 713112627 343442237 270884398 641018974
232131061 122027878 711864530 716460105 167361218
631029200 410121505 770142709 809668248 796338221
523272385 505118330 164150117 376674385 79314089
537545968 859065694 412811506 658249562 121061612
498153233 243779394 90306215 712454742 61446999
719130710 643352303 743644614 867290703 200529398
346385792 305793320 36308888 103418794 75371357
983051121 769080532 191749225 154728372 222496561
66780811 106822232 210128346 811665376 725398632
725438516 310363332 768475041 890191320 898857755
36785555 209739117 268234500 218641002 342791195
717329220 400134251 504400718 452175906 894754679
623755315 737951206 433892475 24078629 85658112
939335377 743699394 507149135 315594069 794847115
526225087 101770269 72355862 334025068 641798865
638062065 176153147 972857119 630100386 851568671
196879709 320334919 224815608 38086381 111705180
628414118 585794688 377649241 251908370 457115689
80568387 88373202 860131034 173418355 173838187
927231419 258445308 979878854 857684676 502824232
633303965 257399947 97101287 35177378 692226706
699565513 636886104 868455629 214516348 756911405
23411226 130006445 36913169 351200480 168668922
171272781 624053224 600253088 456167123 756662631
534535892 321368078 290480886 254853362 292765419
691309033 411784950 809792856 662376988 445225281
135524958 420148048 231913962 166582770 264112425
371776928 476181590 657423180 449628562 300189914
371846054 454970884 505015103 787127488 227177332
414860887 701648209 561180321 965785358 324617167
341403574 183280579 246731836 617755909 132788561
692725851 383684805 600525115 732107813 210123888
7780794 291286476 82073438 140784749 38523249
435939344 746968707 891520687 312464621 958020122
187915354 201463740 227267471 138922673 688659759
661228063 292556358 977500766 904591496 719569255
59235927 8695093 686115386 132957442 472308051
489399603 757502834 949171812 499244047 591772286
550781933 23621369 83885406 580741647 26785424
995306467 316268064 376331787 784016716 788217307
255299935 166096588 90804296 315990557 114090088
685367675 770449582 816605929 630280003 368258982
67257032 273716903 162342631 760449493 309038901
522263452 326108799 769253024 877099534 754055546
262916710 117074500 90786962 339595927 225439479
840692803 563538924 126514647 727308643 260649960
637998256 181833465 189684497 631924206 256180579
982589965 408507750 789912377 687259059 381797277
301253333 71499047 478333086 60857464 239415590
358219559 912931971 947822640 136034314 527800931
147793288 341518609 138623367 175688099 110163542
349729467 738072924 563083385 503337822 379125052
123028254 182881314 707269947 159726315 26549575
230932482 257349130 828602812 881771867 454691810
481960541 764141755 166589673 179538403 244267142
578957670 845124435 211618595 494299457 930705363
110983239 26246286 505827996 387499003 543826542
695800571 627546828 749707419 521042187 591735559
659136723 137643287 677860321 330063022 816092461
740052679 419464799 682305216 470660150 968951480
564907499 155837099 232664582 442481989 13215237
672123451 283554683 254253169 870094348 592713908
813522319 197665751 446277236 73058513 705196681
814584383 441778813 706265423 131721069 884463329
151182052 282333312 66133270 105298453 183638489
951219299 299922613 300429669 740885296 917301988
184694432 82986727 278828055 434416056 164094627
831653187 361594900 651410509 466063053 527648617
393921417 402685169 104798323 382840573 226977804
982347430 481140968 791317300 438490665 424366071
196399861 75033340 810674933 459167540 706200653
445385966 81594284 959619198 518937607 878301436
487687272 253932751 162974524 637379470 371707268
766790204 295959043 710456888 752764322 509503538
197166756 547759387 708215725 343220398 57543421
689138129 574759178 756326665 664653057 256855208
672791394 428037087 665441361 49905387 606394281
960410688 558074151 890410554 95412954 908447988
202760256 343641730 285118324 310638904 207859342
631832688 897894006 601005403 352053650 389587889
157358877 86074380 232922007 865589307 510979446
328416836 94108206 722161660 960364938 790653164
533192607 684756144 61408620 475635175 190043463
563839430 912988932 942015281 476362740 555307407
65216755 561409448 143679986 121397601 481126080
99113843 723555420 655605974 540960922 651442032
577906901 249938705 339313465 30231929 107778945
709120097 429309618 854170668 570863429 379599292
271699035 284977228 40086992 31313418 502268159
352014837 433604406 445766461 975452264 585703664
481703310 126912368 954621158 692852743 7497972
805666740 202821738 979829748 869643491 49433815
33966075 82140712 41503501 99351216 52605984
402495230 849541317 47765480 629240030 503723642
154192407 11521385 227148298 88660922 214132142
999198663 202495141 667186250 683247178 973957729
445399683 5258011 517117199 326944259 11794603
581085716 360431688 937461311 691088789 772120368
386143201 148085089 127652748 732851602 78222390
619114741 216153214 500727911 939535910 815389219
875571974 495156934 364523072 225998172 310836918
959078771 636296804 648204993 307026727 684397066
34746794 101464788 235173267 208280980 759050214
341990190 254046444 459376527 666153112 809156466
282691056 220150720 54137918 77530847 413704860
856750047 460964001 209548781 297848515 515020912
523815397 757743090 452513096 178311172 185039002
894009127 761615479 590483469 425109733 715215222
269679311 2624585 532185664 81555984 9823199
498898527 316195212 779492996 705579056 401576143
157756183 270207709 446436242 575107488 413684660
590990748 389382953 992978286 769415692 958326904
308525887 319128329 91596320 527691232 54465017
489948907 440293349 91902594 650874269 577025253
89616614 134267475 463669369 88757642 819913721
321062208 578904990 983580872 335154074 826929756
96526457 464118600 963854564 684733128 454273454
104515245 716026071 975380043 719805854 692610906
309673162 199101857 404846125 650094801 180831593
523712383 388387982 554625710 857547004 776479211
372720514 40144299 13088667 181031135 231069990
992128321 218292369 108207517 657277725 895984033
58935187 370943900 6005034 173545550 254037124
229043657 373567561 968153434 489181910 486252139
371599784 129432995 172922127 96238102 342199088
628958602 456319792 324846695 246703591 662263749
721183509 155186333 548535023 941232761 483781711
927238060 161888321 775970094 997495669 793336831
730146995 63244178 616304845 110752935 458363423
862803587 799144194 999511299 460649907 469503162
580031030 131579895 141261775 714921347 166102731
799612335 481637021 592500650 965073813 392514520
356005569 47269714 635802844 253438963 310424575
372977294 120441207 771669616 956884699 726619759
417704156 78846359 661377624 322931607 439373527
503727499 111474113 988813483 339705067 989054002
237029573 515138833 120725326 476110862 14051184
389224743 625943009 636262537 576466759 111694360
438971365 93387536 403101276 52702583 5886785
991159387 310681633 661938690 418549751 54942540
178256159 194656101 277825201 644614399 227698399
216621979 898644235 646203305 989917782 296380494
194238532 629693376 92337965 45632586 441546547
206629047 743356108 809143461 546729883 805969215
383484921 687039083 490619480 45739093 303700462
604091712 748914731 833445191 214869399 959185829
544252527 262651478 80596808 807903253 50644410
574797288 517560353 275182653 875286386 164309416
667169055 214647095 287534256 29706876 261445647
896358859 635840130 515283619 152089708 573309408
299423683 385966763 390114345 541977081 293176969
357701026 439720668 830929732 877887014 748283468
37797846 84920257 352169394 700519978 152964546
808194909 245914450 395889537 896851076 560291585
613866548 117165264 189673269 76548657 70793308
645656588 340674320 440356645 549868908 346409927
39105448 217535969 521432778 65105365 180628303
89796846 821696369 747259886 921587343 312909581
231132694 360899189 320115344 144196477 192284694
849791425 926046719 994587941 348545668 382054655
302645872 83047747 560389392 495505017 299544504
436259049 162414788 977665249 643634661 308449438
146077799 412136923 102393807 471677606 49426058
537274869 484152501 255704884 951736633 67232503
592729953 229463598 53616225 149492301 9617572
863095477 363465745 971705899 418722685 971673726
79226082 57499848 31903485 403205538 267402942
274455912 391988997 203732314 792188932 790683986
31430461 108023458 47763337 59778821 834634283
317835312 538257239 724290905 237070971 976473780
928668553 246098043 305677382 375790828 71082086
969524881 537675842 868314679 522594479 618296197
472817755 230055611 593421282 251655422 259005858
477787514 297434986 829207724 545692243 384638570
242655457 332543030 314375671 119818463 356924310
926255029 372824953 522603607 664871935 474553784
47917738 462177278 927990194 16502585 150276606
596191319 644797347 946431257 69739395 998785369
383499892 585268570 286160802 218652306 590050738
969629727 786554953 685245107 495732219 725441896
602301100 648757697 164645508 20639266 240275291
850425297 754958327 265737091 233842230 949412957
194939444 632428335 339134082 446913831 411371739
988395502 806939024 605816851 523880197 464239400
278697954 174852033 192655264 514076892 226876453
903519411 445441669 371669435 787905577 300761715
517612699 17472022 512111907 193937438 39564793
527915848 446187278 524136183 677688215 584621726
486944803 751116076 203819904 34204956 660849990
786449208 817906731 642198603 491905654 748690734
445569220 62762887 293088364 843415150 30860789
691291787 502556964 919645763 864879895 448865163
30317848 486330465 341415012 51971944 254231840
192879647 549913064 594813901 306986714 452726618
38308789 695482447 221888152 134178163 6318672
154269228 697835626 258982211 395310687 35137278
34833846 573863951 488848566 71481343 274892036
215694150 602050312 698474402 624759444 511619527
533092075 364744192 251563625 91045678 355467636
747413241 380855589 825018480 893936988 598109024
4304405 182065130 667201021 24926790 717073468
469850622 405833074 840430291 256950027 990890853
348914177 31616600 285111038 403000451 79133029
537717952 494304429 286221998 478035863 591139277
133671373 44418521 31850596 258493928 45765315
249613211 728550498 581802682 647154718 373277412
570138627 336072440 181540823 32186774 45196111
787298171 584941335 915326227 156305960 318128622
67445964 323539911 309584064 810536533 146567792
576755745 566101524 502695749 836081171 193252709
261662891 301956526 490464536 211334102 657120715
632715482 613598088 501743397 320673370 857702226
346190997 476643904 325521955 223025619 7204177
710102879 936507039 691574146 305283113 134600356
9681688 540444367 202034564 271867788 418755316
381236577 572660557 816167451 322632089 771108567
503511783 465311722 253866439 535268930 47962740
963315289 523089079 262607294 702122880 424168903
180554224 77315412 496956246 23962540 708286095
624901117 354838374 814982491 54867224 753191133
403551769 123873153 70342199 39614992 711523237
779970677 137156709 517205736 432009567 962781049
65829692 38414077 423793315 8818719 336758296
222645222 733035362 601325452 414195799 518236882
464202065 104778748 283552269 78518827 124382916
634479259 469438564 497258872 925239755 425255759
261350374 415261774 235750937 335069005 566321715
667202915 474080525 645643522 335442207 699151662
336117591 518897680 397625729 5109461 217070063
575016400 546960533 839419708 296587109 282863734
935392970 144300080 673944059 640630516 205001205
996374094 274488153 899485404 888995720 601087964
637743291 23462886 184966648 211545938 210473468
978305232 608437451 252003667 440829269 787710464
222304752 297644681 473130306 497788195 380059195
932621306 653827375 782005285 525962949 603713155
45892679 385230114 543801489 424941778 558212184
739589387 698855280 870023980 514277687 666869014
405634149 129835251 363743272 150955189 787935204
623247024 294688890 706650545 448579001 997142834
785854653 26875712 561691963 63125502 494684450
960767973 220244870 888256068 139991099 919801170
254260042 258720953 377576383 56125662 10543426
399564601 688180778 500249341 764778434 259529492
403841226 147794542 324659427 389335844 107266557
413895618 318926040 643420534 873367364 693317338
861766825 90642493 48392255 199980095 521288131
864038106 460700902 994169297 243431145 819429725
399674578 340730092 220858286 1686881 162852983
791180796 845844786 795930668 62943460 390498829
294975796 306153955 238200889 244502273 64528882
363730897 995656566 897911675 329403158 528886512
371327518 146498163 431346320 333708316 377895528
997782511 509051470 500904953 418615680 848575603
490391590 1965071 218393966 11204350 816347905
856965403 160175375 273021609 228660447 963393914
805660324 614862481 489029031 571257912 272577104
1000000000 1000000000 1000000000 1000000000 1000000000
310474265 20623629 234578026 539220303 304946967
422647050 39954718 247257442 902083620 651357618
10851845 110471793 10826721 444289315 140233174
28944880 466516685 628884860 995732755 782306200
24614793 526600429 222418213 274349070 276382759
355382635 599899572 385312346 553576517 323022671
359507752 267621361 318174570 253853120 671163631
559439216 490184591 644648055 491585356 762500800
387800209 442805531 415937602 126694811 442132080
765594939 475960119 555817188 310746743 599978050
320345071 38319157 514314433 195476158 449304288
571767088 348972386 970481786 486412525 516411556
460028376 507368139 176805995 401172463 237292951
893610852 651609862 399571293 661430844 244709688
627021338 767925743 9129946 758921750 23859121
872588176 989540625 977758649 876822734 28786043
277397486 391207002 612411195 326684994 144239790
382530419 484406520 901221684 933655860 160515685
244066484 111623302 152767249 140129274 652178707
426713827 347326000 183075000 901952620 836487219
435563343 96903352 106073214 130044016 48569470
479668760 564112455 607767765 137794914 915125421
64780930 846216562 38024469 349885760 29504918
161860337 994252216 140301574 808500777 791690717
724820798 348094518 246144286 121218633 667705191
765687770 500421789 457996067 305138279 669318590
364701478 521339913 245650966 73344169 20288943
737109270 632482261 870388286 458989368 157705081
126108488 170691689 535343918 262172652 35571840
683302053 426795782 997542905 985895803 100886296
724208049 543584009 62759637 405779832 14508124
762615474 667673705 620998764 410452862 652456685
363715070 411805701 657933046 585116584 51813974
650819128 500276970 860488722 607059025 111516469
274405977 204625589 347930503 499883409 298190786
958164963 324835577 725572774 651748659 340233154
397555328 16207796 19012484 566241677 211177593
452739733 245962013 346734298 630118545 556947232
181257187 221798378 876948305 204686311 714652286
937096657 244383922 920549391 285480478 849260775
449640907 150927991 12171439 467068474 25012575
831449802 668241878 499873681 529870260 859690223
649239609 448464705 380326430 31588257 736973910
976309544 804991646 498096171 392618458 912594477
107270480 422812152 323379422 99176370 911709118
718551426 446880321 814555876 168586743 968886985
6096017 153434733 427688997 58064962 21238685
126975486 351123525 910931944 620847181 146030283
1232323 81454234 448489566 455415315 126853855
317478006 147308596 774664618 943321160 520904687
687959729 74359617 796453070 476328850 317889358
702548659 301081532 926104899 793584410 386737490
538661857 111571199 167677295 125923277 55997417
846294211 757498779 763239632 434797891 651447620
89245377 174845340 222055999 354584681 632243492
824470881 448065555 762635921 634767866 640487620
86334942 55045420 173630081 192532663 243581012
879628022 635617210 437255418 782864474 245315901
257361522 134465974 510439341 210378023 346207905
469360191 347900541 631676976 280820409 815515096
255403924 395378376 78679172 386485750 309162922
383131345 678416630 399872798 440663929 883321269
125626964 587766150 410207922 60852650 584456085
216656803 588458168 898623789 667317197 676973632
471647991 617191767 59403967 183023636 291459892
565422231 617302151 132327305 252629994 464708176
13608381 172921017 327956274 470669886 940217878
600378628 319772531 692289014 838736957 941051363
115367227 336611911 210543641 257447004 403102121
593913662 377806352 899326181 394349785 516558203
22184258 168919621 394962680 102348594 271649404
38088459 641444101 716644578 345131807 539837677
520408800 75040804 699891582 591377761 32874781
979758942 522059601 909634854 770562410 144080686
237316870 222900574 504564381 362207754 795590020
791944419 765730440 610352636 440266590 839300112
151891575 74689184 26934360 87421488 259285878
795942945 967837557 117328722 102928744 331425386
429245746 405595482 344431184 23502425 501301737
711894695 687791711 524888062 369098333 791057996
161836760 186944784 903145122 650841742 23460793
599131456 747985705 932668950 756623361 277630645
616270308 158956392 109937248 40458619 39993462
995421519 733346000 747622205 68786785 359791045
367586591 255755549 114116857 412068966 166183696
675652496 435952465 971031416 900018421 713387625
31874484 384349492 59429796 291518311 425060318
838325044 434899012 535822809 708077729 437072113
191078357 403165590 143195846 85640080 370691765
497675743 571838979 269880197 254980603 671003980
64651954 67376859 156619354 520413106 67724961
521564744 194187938 614368948 746013654 365748499
17631861 277265947 41791879 449135654 23113960
40414992 555591059 572663253 564284938 123107430
271682540 83317925 81861469 428560396 128699391
686959870 483861901 399607304 468898102 873316303
142240684 46402666 181286605 742264961 604858560
789950958 290688671 858202666 862305752 851144144
120074190 43025606 527903159 484635241 141196332
128472222 531503587 678719019 721763272 957309429
639133904 336070221 595843075 158021316 12270206
940314339 456334252 754124873 195272142 352204058
150919625 164834917 240099576 74962376 185927921
569644284 177203932 515721314 331886103 326425197
864544597 36161047 20633548 730719280 268986984
941614853 296152504 81965877 752082590 392646621
845005821 81408485 227574582 200452637 708339401
952067311 667601671 567500255 439625245 847749136
562075889 458876568 81474139 167023406 28993830
838278942 551086938 148809306 357369656 468059225
246337404 369765392 14413410 4414556 631603179
466179844 847996323 251468486 478371742 759213637
633594112 348018695 167207360 262638116 280901101
939302687 427893522 969907286 763139553 559441642
299514736 125396546 354073885 161206626 276643548
372003648 443172933 874151785 737481234 549300962
347471436 132721744 344567847 128831678 330530397
434167732 276224612 729708419 533616207 412777160
639584987 283413338 194053790 82619194 282877256
998148880 485373626 959398640 369207581 532299336
192755033 125166170 30146533 198573696 28174338
672318379 576669850 164756762 941708217 121436320
569766107 723110 141551772 4942268 312633977
683385161 373865519 944721895 768456971 809495917
369192534 69707193 5344738 295291516 285953622
779865690 495132619 137098792 397572561 755252821
76559238 463375871 287153689 411505576 43932390
629385880 508824204 494033309 614257723 135999735
104624366 64004651 139560727 782404016 192784331
173982670 555512660 954927447 806549190 309474947
432978487 465219502 88515939 91334972 483017024
702505819 699845053 548909201 378790246 531951050
2261499 652281386 650695003 235713149 448309124
418937569 905054730 901452108 275123041 488882778
330843542 173302186 634210516 585121144 312234845
409809892 443535768 783302595 861969044 706192484
785289263 251512409 543930718 434054477 7588637
894924507 768431428 979004110 896245477 7992724
595337942 5688468 122044188 159316524 785880317
935284076 830549681 454398406 376227187 888724016
3928893 29228602 306639639 493428412 108457630
580261939 286220540 970348822 958559196 713880512
422221699 297030704 842383353 207914071 691716500
669523687 776042384 903461239 321858634 961048019
575291768 167171906 381959348 375049640 301167076
640628926 800185010 422811089 518939273 973224843
386337833 49261425 60730409 701381834 661191368
575507182 237254891 834287487 758705970 810474821
20919406 677397278 632948891 246323694 396964395
88309964 727918248 925740678 677052143 860483818
239607042 355795105 542187246 44151303 14295352
862421672 700783089 866669637 192968081 147495786
397060056 158466011 365459 103366315 77494002
474994987 856624883 887893603 518367105 285834181
506840248 188894051 196207977 202105375 319568344
515017239 386113919 363151473 393531603 710129279
367191428 177000450 500999192 517451866 286474995
594143284 626769893 602592596 519617221 467251463
336717593 282811751 392989131 66875483 103683962
707195705 554854201 744234976 145522178 749411679
200158982 179203892 143077590 68648245 110714532
820779166 773729338 216246915 816315203 149800169
681558482 219708771 471820478 443362327 89499720
934740246 357019724 906449959 456867026 782145964
291069143 543567705 783645890 111977910 356713437
299717333 956454849 991608630 310575425 518212185
479805799 56418881 161366423 11754763 18950979
486561866 816885808 907904582 956937234 291793725
618897974 595025824 186682916 114043415 506892245
990215872 735243118 932286562 172097555 644942548
95111390 491881927 21700410 523064520 33299051
652587742 537069714 909403698 882854026 257990893
687436973 139299049 499369040 55167620 54004502
959536703 153887341 898679075 689034911 328022103
2366230 66010930 132907222 265637857 263237154
692564864 642471604 727776427 513469160 321371795
879439208 141043920 125066783 671429436 67103317
883226554 265980652 765829712 888953943 742634189
310605674 724500836 47324943 48408279 272498610
441486342 880860255 256066775 204889615 459100028
11088223 163278144 56584526 866523039 288725391
22936610 853194384 165324526 947686776 599250035
872621485 248080110 117125273 6183420 169698693
944904036 469060167 988631295 853601583 304344771
712522445 257372712 26094072 297147256 57061967
849683160 642986756 615909102 429664795 356459011
748671965 427911255 788801845 83411503 87712429
926701623 695990167 911821936 443754886 591138272
841992724 344113615 50116 433939550 147340700
907097194 362968661 15143554 990751979 229023929
356058128 662141790 684807762 203924105 123692421
555171769 856667862 836077836 482768498 464294369
17488422 38055645 216117503 35521822 125875113
825344731 868169017 835874292 535042202 464749708
288559960 31736397 813571812 630189360 8707742
762016166 594200233 845974954 641604932 90800304
250745323 435896291 84468966 44497657 296393575
587138896 653505278 849035006 346757133 338683031
349937925 711108271 182187108 386309988 120366404
386134064 738500870 772914293 564640719 384512536
323932390 446972910 289953876 324256501 53156289
859421160 725044832 924314048 791343371 111507035
266197141 1624605 14079211 471190852 133366668
773050358 308375030 644755164 787929359 465885740
658635804 460100332 566669568 22050864 189515311
931773375 477685442 592635348 216765990 893304592
308559450 188325423 314683398 560479120 46566031
505226649 424611649 553180686 703640921 825121177
522544192 762381096 724202204 533607035 646523927
1000000000 1000000000 1000000000 1000000000 1000000000
249106302 251762392 274844122 346182633 91277759
294577056 376528984 497226821 393765947 343624779
891010763 61116760 109720947 332071824 598731980
960518912 85608833 982879856 881328291 917385622
217696347 100179234 252483726 662671791 169653486
813638265 105237341 728273549 963202871 872345698
167497546 539415485 11253913 167975822 104877013
570406903 542019253 276210141 482183730 771509765
277110616 156056967 240024540 219618976 242485038
578405615 383838083 674496928 792434624 852327896
379832747 473395202 44230662 449233642 178538337
610014825 730628127 310899458 477758643 349056971
34662749 206549746 173523946 680867495 55757603
915301045 838096661 212240989 760590516 407959459
383900330 293014668 376051931 399154594 714495041
911291836 410079562 393341410 899557483 938470042
325624644 529853387 951801036 273470028 222488571
857021841 600048754 976533126 879500499 341867229
267823019 76027822 217932554 242917566 129208223
762940366 346444132 614731544 268853384 465873575
628110616 148199732 738960236 504530025 202434441
841595919 149646371 981323549 731878945 988756139
180743557 657890495 237325394 196044735 273317060
548399267 730062629 935067267 459204532 626336456
663167853 56949090 601353967 209878158 429673319
897703144 259511213 964553657 534884809 711576898
104647172 693932922 116965632 569460579 140706726
115663321 728051633 480483754 804525697 548043667
441942349 82414956 678596652 359424273 14791437
940171920 109978952 724860769 410193113 894061844
344329958 424380961 263026444 429910018 478472538
519184807 564211309 872036829 520666719 548277496
425374165 235398317 201771113 30175160 739101580
709032834 811507643 456023050 396440326 750974367
811446605 342032373 97395634 151837827 358172694
976496032 580536053 840756748 265419484 623122718
232390526 324350015 419992315 605773141 164638688
649607344 441103117 847094098 909661987 214826241
471767573 287259905 697181257 846448537 672599609
983747757 339262909 999907516 852709105 883292905
269875192 455815377 10069942 240627186 129791241
901589607 846310102 193083740 809608607 251298035
388879101 99799278 305305935 440658842 2733161
492013408 568536270 602064726 843525358 358520433
105576563 322400289 361701725 418965430 264499380
905904710 390324901 939984092 514987519 364629438
510971225 286758369 486030046 538423916 626502574
813820987 290028694 675618067 650498664 897260930
630622732 200437176 426740799 414416618 466228081
842483273 399483375 980391076 682293051 628943951
403305560 54653010 40537666 365507736 421139814
565374310 365801306 249583173 430164268 611292555
129240723 188048001 487334666 283266485 376956395
772951985 304440411 608234110 803783836 464581823
293302303 342621764 149933152 501369252 191326623
307841098 385367056 979136744 985178087 806674274
383762988 28328862 209470069 325343090 579057729
443639320 342347609 869093784 757135566 837209582
111260268 378497262 304193519 42552564 749916036
739034840 429156084 695514310 603538255 945700493
89693558 464227089 506326175 629711869 188293094
527884464 742411147 568779253 937347447 319308925
45724703 74705669 86469652 231731396 251066123
613707930 337732896 221750601 716888491 556070373
450731514 114661399 501824250 415265901 112657714
883739872 145178530 555620894 855894074 908152718
709100801 250054160 85751121 701186505 544930988
880569471 253510929 297723415 826614888 722920592
806940972 204050769 510702973 192568140 680729531
817892202 415933535 749685444 834466933 889281808
76232326 259069517 53590153 69395223 168373105
498538813 538115384 700413466 276728451 178502194
73412702 268224788 475494193 15492697 99227426
927829624 341147900 864200123 621491176 797183023
186000687 38242695 345391995 51571945 42487202
993179264 175610958 675733260 950051341 253120446
9450966 37254705 805556389 667431363 250173683
72437278 347685571 825266489 933855071 739262935
146576064 76283086 206746234 113582007 208274904
967173328 411265823 673875498 429121085 792586018
302171916 147178522 419299019 24719408 116127648
968526706 615056816 480834043 824744594 259180536
273067435 336659526 552050613 177901774 144538384
401900329 812789851 811164790 540964915 380904365
869621927 201764970 109706643 141675817 211838470
962234661 321957063 799190623 782392415 866218740
780621160 109865189 451683989 112389384 103944708
951123362 117713531 914147684 916800135 518820231
540573947 355776928 6712029 473173702 148121492
634116161 696745399 60512241 777418898 565704121
77620156 434519045 443041698 217726975 203301269
578654186 896180910 950515287 568528630 295121346
137689290 597017748 382802124 81068147 291986014
728012081 620678891 752054602 503857584 808780804
43394123 100520467 779171779 359808999 68537617
742453741 229650105 890353040 803251583 998642367
11668976 345243464 279661268 117167395 281244281
471680346 849951585 802026234 548884071 312801689
68246947 496103917 61744733 367504288 580206099
251583367 955732116 102238524 691597314 862910754
247210253 527007390 432940788 107466356 589434385
560967179 541470001 977506823 441761226 653088374
279307068 153389009 561822226 373918395 94096613
832323048 472296527 782168277 940473307 257909552
454248677 106741671 401307319 51264804 129950002
678979914 566240808 995347258 827729089 278709252
791308980 434447304 125727565 77125487 415895753
931908239 865923729 263754200 166718813 551852675
242273517 645708050 119796988 89396443 122292994
898887728 792247406 419761359 152537860 214759477
512708172 218151339 633549859 191391078 830511934
513411356 632657709 767867050 215571092 915040150
51537106 156425646 372955842 290429811 94340491
568954068 557757731 976662352 350785078 689584814
96844066 36268960 633857319 866612783 525731283
728181817 273393020 864105716 996348712 571514489
408619990 535247222 354505683 289661147 107227848
793187519 689555122 638589952 876295975 249069166
168558065 546231248 75158894 299430682 210924213
940100784 631000621 921231478 325292994 789203442
188838846 626172542 234312016 477421335 423235158
587244377 680783177 377796219 510838517 937233174
421854200 275157624 856623373 463274643 169604109
627377589 759698604 999657366 558779744 399485700
771102187 54384939 682455388 123325175 121153388
979882538 707383319 888238384 376616936 867065716
285528759 152658359 600997858 192432977 236001894
791496361 482552765 685840674 445653181 258516768
421655214 140293489 506404327 271342366 8259887
677791079 197864993 648241813 469812453 498290395
110853705 22345222 299566039 584444354 211565865
118786310 398674340 605548421 686654423 831864210
14095144 149019175 148819000 246942287 38574441
27537160 998831081 278171806 869912556 248202902
158628475 77694148 92460043 755000755 598081295
184263421 754019618 110501664 846368794 679074235
356318236 170411951 265293259 602156865 174185287
966486402 533965996 403243518 825429256 425721952
178945259 557559176 448785688 335654501 106452709
408449026 784383897 891076537 453122471 899670304
16213756 114455635 3197142 97181080 102706069
851938219 333072874 493293820 518906928 445652285
422198880 335697252 813526123 405073389 46872338
820327685 340306956 893498091 902760190 566892998
33072170 218118889 301305852 407970777 434456060
60074395 238507645 789036319 525852056 868409925
242111779 261846707 134751911 110759967 71099787
681809683 280833371 466219981 874657073 649085331
705581189 40231388 97496957 565345763 269216155
916135564 401723047 235342201 960512181 576121675
261965669 209609044 242181386 716656019 170265784
533150621 393353694 609849839 755803998 858264568
328886635 250855942 863272549 127083702 78103517
872719593 929353254 930197559 311737004 332270457
254062375 117664963 51780111 43323678 135987004
724624774 968785415 353540444 316404194 398754964
738376030 333659285 123844730 119460603 562605695
998699553 588411852 310157647 153977763 828149345
569316383 92792849 110782463 527209403 208201674
919438449 140810907 263201873 710651197 283229815
558245915 252770889 437640133 557873263 436123208
734657506 487362251 964669592 674641416 446648943
462490172 204545996 451678530 11026819 301149187
992118781 580717791 963526613 122433163 335346199
22244543 132506442 910272637 890896 25166538
184719774 489883391 911673932 948582970 502532050
200556144 459765808 449561973 557772158 2192194
279643936 796046990 803126257 740588519 7298940
552786061 576911542 527758564 407069241 90988229
643235943 741207536 743146735 508343221 623059798
165559279 277102551 249591889 265645080 499304249
623501753 321389347 811419441 964140125 587151061
149073749 656274679 128908179 102876043 47461397
994062481 885115917 410224599 286658267 552648348
340259088 407132411 47542941 417100246 325260282
858762603 635991858 963228806 487218443 606438287
347420678 249310699 30108667 2054501 145103194
369201011 940804009 37039417 493427482 694114377
580836037 246494830 257261665 468285589 370658673
682238483 427180724 366860114 784898150 469076357
695724862 244659698 518865653 321114463 30463799
924784174 518086218 617427572 454455753 763000372
393682154 509696043 457995756 132455143 189704216
524479247 736281000 463090944 310167163 845206554
887868686 507541621 489430708 150550779 133308227
954850116 741531074 686644525 568844442 138652017
102679637 52300958 727069531 47027402 329685072
910169198 90783611 739633035 54651976 699804105
369951993 93851690 644214418 44108096 459692254
830105466 100653678 815930507 577775592 744592299
233056649 71828193 165310617 528987272 43292998
401715719 496321021 945346224 728527427 373818390
666412872 568307635 132536342 558953665 178492967
735729307 636679182 959921861 736003188 189134434
60484988 216587346 2280489 19015794 450822913
795288967 348806898 248098667 322475284 801216144
163860538 65345964 405999436 557138788 272777434
465606474 352785764 933151836 609042698 967115274
523982167 800662470 58754704 121203924 182297122
809557184 904620817 429179077 125074026 335959944
11422106 247306794 608671498 164056141 105039293
884586389 744573526 656984534 447020303 738621155
78679485 523450228 134802494 311149695 441517992
860829025 727500769 811343760 398497874 571032051
175501736 88905128 894137764 631267717 121678730
280714812 299036290 979388831 853293186 238859414
256621880 349287250 352825505 414119613 117863406
468043510 523362448 764472128 505876156 683815661
441674008 162763940 14269285 49862607 482356118
474529413 413556143 498498055 605313007 739200810
536367693 380907806 617258941 281425824 358735928
823973002 402422133 754638804 825835428 815649365
607347299 145888133 43424110 205381280 173872754
770761113 410352953 781513449 842384880 505885797
134699198 59183187 442772449 192191883 951492785
733949461 532594614 464237469 205459175 954415851
325868377 143712169 746566814 700081499 126228181
781497222 205495770 924389056 967780115 351710041
94894468 369331399 577417735 103141476 271604577
831574511 924083749 718167375 363348433 471987249
333307745 448229918 487954735 297098657 115617312
723150160 699616443 960976397 414190813 520758987
16752561 586770688 678906050 373494772 583665607
266495740 723004721 741450438 412899593 894858345
144720180 533335404 590878310 49077189 231201412
360036572 759429647 853680686 399657018 474625981
13889169 54955655 113969870 630265482 61036119
192531767 281877069 364723226 709514726 588796132
806409314 676779741 323902304 209339051 83125079
835833655 737098121 798103037 462400425 977495881
366797383 46345742 414621635 548640285 395332604
984879054 128446425 441000175 910291058 478675208
8424448 674494520 243068826 231869522 199416037
994764246 855277189 777256068 473804572 527744398
166568458 235328827 843742644 269617949 28940551
999381391 302301481 997957673 561507686 455232173
190089618 98367354 353331229 263463422 572721136
338444487 333532857 885094140 886336121 821771485
299229461 218084615 428749483 622711719 546617807
608684330 288530832 737582946 710495110 572535104
273105406 208924046 110852095 118893780 2808354
914620429 326593990 993719236 565324937 301513368
74546376 548019837 561630495 311012368 185062254
762760070 620611738 900300604 909781902 246176623
465586039 367093071 85440530 521233558 350738288
682736109 378336089 739558460 912855847 533120801
283465789 135361871 519746208 305853386 240764519
559221332 862958554 521022944 666436697 301825599
402368876 108420757 308418025 134218537 342933102
985142123 134105941 568142630 517820242 957116987
222084298 288398362 306310913 235332914 173147184
397972663 607418068 823280665 515519311 897442315
119459985 544961361 290739 237140626 261763225
728449228 706666476 193897244 442087937 683768066
178043060 239792891 287977195 67010811 445893672
922500313 733138071 580866056 380317528 902368923
386210837 486351600 538723576 199991344 13734173
510395461 791228037 928384226 644519515 328921268
452701019 417444644 307809808 73029191 79994200
755325394 663326832 793510743 677021122 292188918
272096498 590506273 847217286 363286808 671575319
331916521 688860522 857816161 455015971 814575636
148790485 276364251 94779626 4267920 63789880
935329604 301843562 774668104 965844804 130908862
63348135 217396378 417547685 60250662 347909308
149407039 880275955 958235009 74826627 465731705
146228011 43070147 163848490 318575827 295608201
733674812 293126251 515637611 805612295 598635625
61206089 542463655 495206109 159624021 346671437
829173878 544678171 768621756 324925791 505200523
419660451 369069101 50835072 103782043 316446392
582555216 859373381 962683764 630613183 333540409
159779655 42783589 416479707 580112707 83931444
604643817 726774940 989550092 759729077 99626034
364936666 426569813 496369667 224914487 188045631
999580149 689363905 746757303 436296152 347603708
178287696 592609832 330839999 27292281 20909687
350808833 803404587 876586298 168590387 949434109
449541343 278790969 707503232 837551278 109284883
764334561 332751911 913177990 884328494 539151997
488459283 329162618 533167847 30906384 283651262
918519115 523225070 955695947 479552680 460208584
818187712 476583452 182555108 505864992 120566353
908031018 858172355 343238365 594640088 388502658
276595277 93060412 216800797 589636400 81254244
464957954 884906964 279865066 913501667 140754365
272715353 534626945 116412930 56764509 740776845
283876166 780946571 220535808 432396382 966180564
122622219 274512950 261840524 356674952 568983687
182672494 757937235 951141105 365743150 826703323
710426674 60512143 787583683 126929794 517394333
746213185 312949518 901983232 574630760 751504596
282423850 174977682 207429660 198904654 60006563
489371874 849622737 490562134 708523364 358608805
447968596 174768997 608001084 760101788 478103114
507588246 297608717 813947856 827873939 836514082
275780472 182902209 33586001 247043574 685336761
598683368 302721588 890798757 553739678 933728124
110426550 82561880 300270708 325845741 342394547
532819558 344433988 893826081 557875660 512626158
419323200 184911764 479147371 396435661 321108289
662364808 242446431 648850039 848547582 909100013
226568457 164447889 55926630 29808396 120662290
693035649 431755674 617996850 251672914 564758557
112668802 291396774 720369050 254061144 875957231
524299059 452074206 733229781 519275319 929453513
170583282 587136837 92991467 367665111 931881129
217135167 768165193 322341857 779793755 932461526
102144595 66998093 583852182 536386999 657650251
435094875 196960541 774916597 828194626 879184195
353848011 641546713 110956550 491452582 119619398
991573487 661390984 808081514 534702271 187645069
586487694 7651948 517173875 98987771 125233169
995874989 847203953 880452911 532516575 316431631
317911845 496053104 112209614 470397343 214098552
842436517 839729121 416229798 838935083 327647849
579851702 3572589 160168552 5588604 381160525
638024647 39013343 365925094 796770202 804866502
693645408 226324802 161117170 199528493 84076812
767010098 576155776 464359815 544192679 374883883
160351093 232253563 298630236 617193982 349969451
877533698 281584287 825172529 647780352 986220516
539449089 105029935 49637385 260558455 424338419
715381241 564808765 264459296 379924643 449488392
603400646 181443180 226418523 109780135 257227079
909823900 825492016 982504972 271537090 309828771
127036636 359837671 217538727 634305378 391184006
661915704 599487307 758820650 986059998 424012309
115424821 2195186 367110942 836105374 717209773
763193538 186337095 758472195 864137314 934787259
121229685 56074269 318863106 247392950 241467787
160589122 531846701 520712761 882794948 465278175
13385775 313420283 398443638 52195871 147835080
433175028 804624771 677876903 71111447 159990495
581859972 230811213 125304066 188162508 621091135
817329995 340591566 872494680 666182226 931252067
137365913 121121030 213767481 336780770 282943708
728751247 144662155 848450934 809675265 587890024
293795633 246602989 782468762 151935313 505875747
351560018 471860188 856188674 349012396 947121508
129710673 371367207 104355799 497261032 685536280
360122535 650333063 127170461 864984442 900999755
529320990 270411380 36754074 194489944 9523630
693935319 687102586 133935242 906510269 175670399
863487552 466387094 502487835 51093423 85221119
960433658 759776265 775864074 310564675 344166550
458263760 379208055 206435471 126953600 437755847
887754998 614239914 590444919 525810545 731642730
223187132 299619383 597535399 219514606 563107534
448193451 500861036 963915483 265553958 722534804
154880052 422662057 261073110 86562319 242959046
917911511 575930518 272240365 102110952 717830397
659664040 164623557 766304630 87087726 574090096
799625922 198497954 975090266 225826602 924637927
3202683 99793115 637045738 1751312 275623332
223465473 347183945 792962772 552202605 288479875
559197060 7779180 64871223 236447710 445864039
903983473 277166232 729277443 677600117 480535818
149616846 388100608 198384411 67441955 907343440
808628134 429086622 687511709 463649947 931933798
362339546 190914321 84979190 310277392 975371687
890613432 346670741 225119397 861537769 984516605
75598091 168862403 29897575 49452160 187195098
448257105 563632459 720791051 207115687 394506883
22926884 419835204 75669868 481927244 188738178
214756577 812176356 376033896 659569346 935507509
590571501 647841167 16785086 302637827 886868643
801073472 927911716 90108023 822695538 969686989
368579427 189299352 4166603 333956906 146667555
401847547 361695048 334132699 633438446 743441787
255061083 215505130 332446121 474403315 62489755
879977331 427624655 944427469 880123958 404921757
9305786 39969742 167724891 108193415 43996605
87688041 96665889 756250396 574309876 100701258
104910627 729675689 107218478 20215045 818325313
563093499 946887286 158656892 175254786 943595379
586896449 54480727 81310122 154151760 573387366
881622232 765000859 392393080 181781995 830734562
44550422 278159900 78136212 140793347 810453379
878034650 307975309 522640929 510562167 865934463
551480009 132938309 219943877 442053368 378128170
978755485 230763155 588278563 679641317 424423970
501543029 622266680 282607873 396002466 121623888
888705645 704423320 941304264 534246378 566704786
257740784 152152896 88754321 58392039 147085769
822534484 632635260 894403586 181838452 792813325
257116841 317959899 57616182 191602808 323097904
969834283 473870526 913197715 400606698 718611128
19031311 51563437 188362538 501892449 67496037
538108911 472267921 350446333 753333171 84308183
528462311 548508701 339332216 58828195 212197287
557535528 635422058 633257726 405590191 420712668
115763326 542284523 763379854 64262004 400092818
396506540 641644285 880171173 482206984 752375765
398129885 326618189 542628940 46954227 332135690
889222848 424142083 590359325 835831320 505958914
438932864 319007299 70352214 894714146 275545622
976618082 368886691 907153178 994371194 807607332
23819175 550184274 109641011 372084451 45989184
842753538 663538445 170822914 379418570 402972206
569786553 171673820 563269909 251876783 651474841
611651362 286636924 578679678 353938998 788452358
263048497 160851679 523996643 310926558 403400062
952011224 568610757 555911830 402384391 603357924
488763967 602472387 341701632 217685762 861690600
797506184 773649528 702266857 522183031 943083444
285142027 295106823 307801639 604081455 45438189
458337445 897945099 733190310 905809598 381120964
364074557 263269191 116968941 28264409 463619625
409922797 512583113 596326147 131102484 723698857
314841580 342882696 683458157 195839775 249789599
493673106 689501560 741652595 518021465 711297927
594868346 481700421 206392104 247026951 349216698
804291156 660675118 729619210 517753648 867912448
400262162 473307790 362700929 229624686 711235185
669116011 794832613 795662969 275602056 842826999
739237093 606306798 110451697 503730939 568534510
901271703 815159026 128723064 956697631 855832652
688410853 74920635 464010458 263633985 306041199
871660298 617694486 784264343 484082866 388483635
612733250 214957927 4403871 102216019 321630168
841455540 610112844 28326492 791539350 452336744
929352000 61588598 648980463 2859642 16626203
939506731 295508570 687396200 504629191 185770419
387890227 13581508 712354311 85593808 2399696
624923681 685034385 733186452 308692098 130711172
805483818 320632884 141698619 136295761 257197774
950805877 670737653 584813754 146477612 751018488
603576053 253874496 217863059 175157190 415608652
672949341 629534905 614058980 532075572 593318454
376933554 6931326 116955825 119477513 459762984
964583423 51587861 301090459 441860433 673195133
47781825 835179630 254277883 26990408 556804997
1000000000 1000000000 1000000000 1000000000 1000000000
93859497 107841076 180235776 118721190 741995102
211322674 784413977 774688371 856782656 877455574
764853328 490752666 224219872 65149375 317668184
875803193 532662358 508293417 413534954 900877792
175735532 183059421 269011920 26328585 204563373
342617530 466446736 845101363 526310250 886075515
306998815 80942097 496468305 617305908 58087728
562412796 121619927 600788952 953330487 363970891
87535362 17403468 366434097 313176 507154492
620465115 611951689 977224060 230845178 911019661
46547009 697456490 160243073 36496224 80075804
484139850 890027842 201416341 390035082 137464182
295275056 174505949 216225841 101817981 16198727
737706323 317472315 421613317 461240735 539346154
394936039 340793270 540018369 68922470 369343538
532170141 812140883 741244274 210097739 997269172
321178473 248223961 225132497 187856169 735758012
362418167 747413785 284649770 423295913 996819360
26398499 605945151 314898079 536345658 94855095
958928027 606117154 499394983 714745132 186590833
579713892 633714571 430890977 776511115 554688303
1000000000 1000000000 1000000000 1000000000 1000000000
495946248 642807967 165534935 172482912 106399884
878680227 776651870 788924673 337573064 526165146
421985132 651200052 106022330 195029221 426494958
874265753 965111190 189533452 381514221 894461723
141406679 234346355 124668654 317662627 78457726
503106476 383276164 635717955 327078717 80838520
558729569 18115367 394191315 763126481 294590052
826769844 283050119 679966505 794245017 741284378
158335008 33139770 621148266 134577887 452106366
883523128 617477957 757904000 440644816 498296904
20181922 475869116 602922360 530042759 321305743
514646467 826608786 988322958 945235387 431268907
200285591 632694202 343143624 82581247 106828037
860215412 807594994 860891086 753203084 270655630
242195666 690423430 529473240 193188903 504115418
374252544 783944430 649514563 476119560 546245108
762436683 110983454 511451484 255930049 124799942
854608993 755512597 560801086 976929428 144128865
264619997 238275471 849798692 182959462 213869360
439811070 556263793 900976085 921655342 261088592
687868698 353996631 350635652 705357718 349088833
700729360 862987752 792068462 860769443 379597231
383816105 266714872 339586180 476016102 380156955
763032746 351484532 535697856 521760400 713257218
385906559 68998020 411993861 133459908 221696855
734017462 825118213 810098904 388790762 854894207
216187604 300233482 434015154 109316225 128235319
242642481 916245007 848469745 434476904 535630086
181363015 413585149 701260402 200173725 29432572
780095804 523550815 860428992 851148222 286472915
373690695 70202191 115253927 247828451 767376961
478366894 500290187 757193384 473780783 950126082
66798036 423921752 91834177 23210644 63198325
990789050 640983540 773877810 245607352 951630058
464628954 86305512 204580129 431969845 716976766
502433079 259855241 950594969 808487685 798616526
577544730 206146861 45582303 310649958 39235148
759877689 583596624 146048921 947972743 872861775
76570815 21565205 162828792 30400368 322581445
675485523 211063404 851399110 212222132 442461926
245520655 915550803 140488767 395907277 106402612
1000000000 1000000000 1000000000 1000000000 1000000000
308671575 261635215 15947878 447806525 177059490
636147598 270593632 74628135 994194786 676535397
84593883 389251498 307636233 212724382 337271128
848252298 645895492 797386195 353370007 438273931
439542002 81151100 785060654 325765913 68383904
547688374 93738234 824069513 483759033 189083668
121335063 38022386 365151961 24415855 380151415
737432478 943172509 968905177 368451820 390328542
149489248 279791269 690816811 232055327 605732213
369807637 390539323 796025529 558974005 898793082
210740235 424000268 392322784 383843655 634450613
742468746 445907825 560036335 750031237 691399072
357899752 40210635 535292931 271669736 284995654
598583256 129112349 995477400 308607408 589517890
389476480 32495339 518048612 578473236 44054673
761494539 213501219 650486351 706744123 405238944
277721995 161170761 266732226 1462967 140724995
756429323 438130796 316276140 711528566 961937552
202720919 259085602 413902787 27087673 309829842
637551319 829420514 682936867 505771211 848215087
254169807 309337231 205156503 841496399 1726514
341122183 835974479 599750937 855295202 360507778
319779427 54375504 104925255 9286147 120928832
997065968 809017002 251042467 245897876 489564225
52123959 133415030 42893987 269407370 52702058
250430732 649204900 241382183 741716443 58887399
378473555 518602559 345691520 264137017 566746672
939503106 569139217 844486260 301274890 597566692
348287534 36648187 422171656 729467614 64538449
484369762 209558181 966239036 776264789 108599839
457600356 116284360 117823666 59314894 91368696
728995029 756715515 603973341 84605632 919054734
332848252 289818777 544235260 686750285 869449025
764299000 303672261 648512497 882564542 969513479
479165193 246411600 625556582 812727690 220210639
621095459 668673256 804440542 935585044 396802061
87093418 72617297 368218538 593758833 730279637
94063030 111071146 987829199 754423632 941485719
207474489 461788351 385065708 2781030 399202285
234051871 763010675 584842932 69795168 692844153
198036041 129859961 582934243 302539796 326549053
287211083 900822172 927124332 464369091 453145509
730277606 116007305 483722675 241768359 56011732
782621962 406165926 675245236 993392755 620064722
594283425 41889882 374463911 310817972 437308084
704039974 314546561 672763513 454099948 947512214
288163708 274519608 697463219 71072339 248142313
355035004 469308830 917271243 415489096 694369881
310682377 348873251 366479043 107807965 382618682
758887176 812781691 385665619 200684843 941757800
153932270 469533802 235134670 212940649 91475305
665808565 604683418 614470824 784716061 100969914
508332298 652355946 95605247 295026382 196626007
709538454 761094278 692943343 312912061 417701605
51762602 232814176 32093059 79406384 146068788
583946573 242781314 166022973 790619843 981856593
120597810 48849763 512274749 298302196 364803226
909458917 348640801 734868706 314633144 796092358
114045796 237962849 473038599 365160958 201971410
160487313 478015602 874933956 809680469 658046324
451927032 424249423 118067066 271731171 3604380
681607866 806372646 517167207 332677059 263318223
427499415 3361138 442866969 47027590 90884180
653960406 805484907 802475247 162953541 225352570
199779433 104488337 346926954 171214746 296770812
421962895 365949678 641368260 530344124 696673483
546068298 22607835 365609939 83166240 316174199
980860536 284717353 939152786 435049012 753518325
452388163 483101020 107691192 317991399 380409215
986208807 611928307 886770063 775278447 404244699
268949868 194986783 258690542 510041702 362879871
796712776 238608944 446214725 530659940 506975839
399436505 69554468 764008077 277755144 393957137
558030812 567943272 914093041 488874441 567162425
376620782 311073062 362368298 73406300 204257684
955696975 335468036 673543028 91662930 977402118
167415580 534729068 109808848 24458809 417899881
331012811 936770763 520008605 26704129 968868184
17571083 385917088 798507745 660843319 221051689
608814940 448496409 924547362 793103495 568002981
281851805 304421619 116351146 119462716 176214846
363534520 964454305 856433092 294669751 344181368
79870372 500216766 570923496 302907295 115958193
919921167 848881249 790163720 707252127 210476143
331339349 469452297 198105644 113386506 484675495
942459456 512508802 492435968 493272425 773381485
391364915 348278853 217840663 496249804 244947231
647786941 393579686 787801993 668839631 340920174
263832895 287281877 197627779 141349304 509206966
626308561 372125573 602752378 381335119 878794496
555361734 735784757 102729293 45459744 244201274
650071997 872619286 431842342 55049164 399332500
580693300 384258281 683523423 89461477 185396156
812955092 737006948 874059971 182031174 468751977
726908924 107917167 57582533 166162902 486519562
836185380 269018226 349071876 549287801 837648903
85716285 236838769 852320818 54051355 86494496
987158014 466724211 860606404 304045140 476450857
462269318 81393600 84821826 84478096 247654847
482874006 436108852 806126955 939905085 375496880
697490228 99348594 294787371 30921 155905159
759520690 534231202 360619134 427389175 400267332
312086893 59966523 294901483 445940025 93098404
763707453 139305651 502424875 527674185 451708655
271849650 528873266 573976746 540160954 18618790
343155776 770926309 941575295 751582817 30121051
26834155 407037242 130081017 61320500 697371698
321345961 636457066 557916998 439905953 959734179
851994350 138729054 396057987 32650824 177671387
921804932 321950064 966142052 653427090 817007340
85417549 41644625 185540773 641952252 356304611
240222789 269555571 498496374 792060028 946085408
804098750 576668717 118516127 124267355 669971062
848298311 650881996 957275981 343418740 776085101
524776997 97361931 344590627 339341521 122680172
881190415 192254450 605641003 754305571 901340264
49163201 47556927 360934093 126009218 215978720
66174939 601501818 597645690 778309642 784327602
879564831 263086278 461415676 191917287 3453465
911927908 272049304 469424775 817285830 712102985
281695117 72448494 314099506 94305876 499674456
869204661 190131301 607452971 591964464 876955957
196965380 122056049 418282152 143969463 361049541
474951403 212256427 785885201 457596140 956546403
98341535 431336178 160538468 119896131 423520755
172790041 685304441 822416358 980883495 572633092
578604692 396839698 209490932 169576368 653820864
857938926 420950951 493955992 291252737 682426900
336491419 207860072 33418565 460899160 364436436
340241456 287319017 137474995 763093248 377137648
353013366 359152221 282844881 219333305 53893301
877997143 379690506 912856102 251385547 628596440
52988988 21815764 647900592 607350560 378783863
516697793 284143799 763873308 705827629 940824645
743154557 343707064 74183995 613211614 412893995
866255147 418432933 262642609 613228981 550660022
250069867 527712066 185047433 27728155 426926039
337305087 615079077 625087790 157314448 750820513
76339859 511545817 6768210 20002469 144449680
547585120 881925869 393214640 159694889 344543837
664909671 172549969 103920795 437987040 314407843
812636230 218904085 905764983 964178934 464383333
135463746 206105706 124786750 20205649 98116940
915460105 262727000 882250073 78394345 191074261
203100879 619774226 352862267 360810471 849113506
816259863 786178720 354597059 384197192 917392292
0 0 0 0 0
357535147 601864286 519778403 402853597 822514415
446153068 354295752 645792075 40912198 212459165
459315018 532323706 869878872 427220104 992811410
373076315 10262767 86254790 162881602 674945649
428940436 192205145 297305063 632940659 719858726
809946281 99853510 2051979 437319356 381376735
825376276 836836939 40458690 527839962 559947699
569410485 211696406 717289111 71002646 67094523
905744984 351106676 878737098 299658489 866464087
47638907 52772679 590015714 584224480 681526427
992509261 217527817 855612857 673455260 973670650
102280873 218327774 156999875 170726649 323374221
217651655 756247521 743156411 992983354 750605527
44322898 44173657 271373968 212967157 110338739
607443673 309082730 499381730 423311527 307458438
226614688 321404609 4261412 332444986 739321713
799084688 486143726 733248010 339660619 829541249
150463213 400331365 376440334 334597202 79798854
205942442 800278477 808808277 626449352 897017104
819552625 393634314 530034427 120889400 446702409
850244265 766166773 596836015 164179865 856836122
291681258 679779289 583792266 253764419 78114480
305721545 866764651 942373379 885948616 409576289
536753300 154887798 248916044 101382659 379389128
890712846 926427795 865671327 189275604 471550753
488677217 232184534 357915597 969149574 239890789
921652351 354711139 413029635 990153692 701737159
833156698 45890242 295296077 504333338 818652
860328537 411543604 862326616 660661761 48661673
9815859 280095750 149098347 16077965 190139884
283830210 539198142 416591152 213601175 275539829
23607001 38835893 154340907 702495580 326525879
327349088 136722701 940647814 915768581 405991819
602103693 329745619 28844653 596518536 424437205
635361948 342638392 607139431 755767900 824121101
120959284 89794901 161278633 103516429 282599498
685023892 191247759 638010349 266007433 648038341
235596648 171655417 2476751 29813929 371983995
923748885 359217446 280013396 555195308 930580383
810423327 341409275 124123932 9083283 54948865
860175315 839364256 142910675 759967387 934113892
25664434 540104872 589711302 19497737 244405966
980273037 695559007 738222407 365316829 922510732
305366814 437447432 93571139 19173059 380480288
359949490 655473192 604919948 81241316 984012841
22186245 504108248 56026645 17512763 559285773
445269832 835656509 59478600 917924059 876136689
171325207 566152566 591387205 643861344 5123256
194521819 665078597 894322325 689269875 439510930
307129578 79785070 602451248 117158508 273758582
334537796 108596507 987847480 221791443 473925633
580743648 123363781 310922963 19689375 473093818
948803461 577733482 628174629 297189801 834801826
272434870 434931256 3596908 173638063 673534377
812266032 478276656 592268076 458080462 899443404
458530646 103032257 216182072 298600452 123820371
893032891 708213307 326186852 553473484 213788045
126949099 265048223 690571989 325598262 329409913
416204101 622580506 848947630 932565145 433592707
408332514 67233060 776152096 348446873 147072710
661602113 74617920 986340665 833858252 757454895
603927751 240907904 766721338 75676000 651462833
860245750 412930814 894382402 690598997 862123039
258961911 244340231 209482259 4508207 172652324
437950128 762902500 820818604 309417057 571285162
503871830 64884288 101489927 153354785 75269603
719096655 750031398 808416688 230448721 187217285
474466566 643927932 651583403 65381355 26471465
672542907 973129665 861656478 170767084 218069748
235733444 130414599 184354116 179752122 497863887
745587475 301009320 367363688 804257643 912115981
236089577 539379073 517854299 92254586 274227784
708502881 620857586 704273855 401262562 803932014
128475433 372449583 398440506 261731724 71111031
199275979 549112341 791625844 887228694 340328144
159075471 270495546 276431902 356627470 150565497
171620142 520147968 742873065 493260022 780725372
202888527 162130809 71580428 72607398 214972385
889189032 459574006 626985338 204866170 722125091
242891168 169359228 111632955 457320491 70399822
308099164 844159907 160056687 758581528 298165013
194797744 75511247 301728492 118102606 579224570
822737528 107124289 782217224 545461398 731968538
61299371 218778711 914043455 277974703 16059266
188336359 522494278 991369939 868565107 125855755
59724098 127677443 316077741 563078551 135100107
688560546 585126726 470842163 698339289 306110631
102853248 45036944 798653289 579260060 472102734
905391057 269080142 919749015 700224293 923425664
280431422 257751417 284053842 137605553 583516243
657107689 325848371 382615237 211658087 647684384
316659873 407477028 755719557 438547580 69224289
879927281 607571265 784819481 875892366 410524666
104535288 44034467 751454650 272500345 573909075
861807826 121396833 754047747 840110393 938754693
224455444 52414702 71330767 281551588 547675782
563108172 436755619 929771081 372881483 927300499
474965411 273111022 344678038 835364747 142129124
700863739 887099871 664155710 941428929 273610951
235703173 126724189 82793044 207950196 362337399
650029667 631374947 139564345 869611255 731310768
455614724 344145948 592432324 309664868 597731165
859940450 401439931 646637713 782814695 693223900
656836021 161509681 382360884 487617508 397341989
969003492 732255758 424618956 518901135 908163516
270223837 309725996 580486443 284729091 235270986
428315648 499359474 877376201 472044338 307234183
48287038 557950545 619482 441589584 674245968
262295151 669010207 839317159 532353908 803849334
387297074 64210655 378275016 359559949 152415042
937639319 432566043 487256422 972362092 374240001
59219910 562273546 92512878 188498588 455226485
451167016 696678514 267554424 366390352 986430036
413867549 43379388 776357110 146126812 217625384
862867029 861861655 825167053 476708125 446593838
374341714 122417232 307379031 421880279 474037479
550881960 515741685 884122570 504575006 598098925
88362672 466907891 6292620 34958239 98880751
269868705 545167633 635197128 686306813 449804809
51727258 119820783 170026086 880154571 206162480
274751364 421024544 805000525 978184155 761696834
2793942 50583033 554964930 263583928 37332425
686752244 227649634 646691040 553297590 280183496
134031664 106336154 143309291 357048301 218479136
740672246 390521830 546221914 602438294 496875423
9073546 152490662 513650490 391323964 267327343
439531033 468130300 794368345 410519570 682087888
577546921 19065103 851105784 77652753 305350661
892546869 613784048 949969170 555743179 414983617
122439038 67158891 11392117 89613912 750318723
666969745 105260620 790594110 166238356 921720119
734554591 371993699 396363445 209468695 121371555
850962809 685884652 664216191 805598646 201192932
139378377 216587943 622527094 580048171 409098107
618004886 334497372 877287207 955931087 497691969
46287101 37701078 584190027 463907311 322696490
988898099 235096553 728269304 793640605 650965179
43916296 54300023 387946399 80116536 153449101
832154916 205928463 544671631 601326896 648751382
408763843 755578324 593813467 337865802 56911908
919058531 824463341 614301904 425644841 359673698
186747335 335954 358949184 670480509 206371630
363205024 68310179 913708267 780293096 711839850
10627369 26568117 546736591 605190869 229878449
182889503 59438067 695701551 665444739 862689345
248387180 466343352 170310583 333388339 301835072
471410247 653585967 853952905 746738032 393408574
708045915 80813514 5599200 818508844 149737069
995171884 272195002 250314713 991675365 841722332
497645234 114693286 222595586 328122414 309194999
701644476 418583105 649636862 467578951 472069888
117493864 122028309 176582193 146775360 351929071
209705493 869615595 233292391 502926270 829431883
241907090 59878152 427410677 91352774 169863604
776316437 475827962 834017531 314546132 491327987
72780032 375330221 22916998 333892298 263282148
985822688 567464931 170307232 769576177 438303294
48765575 567140320 136245516 46302269 2917047
235184568 772955869 846053469 641756669 71667771
135890366 320318865 863851723 14009364 329158244
761083227 631170623 961707931 198367690 373087890
422041548 115582029 693014873 593718321 190397478
696162570 883301440 821089564 647725965 408517265
372061471 324457870 503467975 315912076 335005184
799516047 407222192 941143518 744385951 341900720
72970359 147630686 347690578 909604730 818372610
1000000000 1000000000 1000000000 1000000000 1000000000
13405589 108858447 612809551 137785475 146222546
939381130 457704218 925521197 183855391 629293996
466662470 121788325 197629642 133254711 428078493
558694295 352773462 889012020 467159359 469095550
427932039 329033663 82004836 410070853 216796247
567126165 806285193 116154394 990709784 953797405
44501829 467973631 183540758 806130240 288130849
144394721 979848697 308051527 886426297 389570166
259497462 42163553 732360568 383995111 180291477
503106416 506018736 908922876 638421315 186185152
73667204 206322844 245333310 176744093 162442237
895451312 254170417 930197687 439362120 863764327
117335155 280238296 652713090 162645153 503636864
898920838 825560644 983017570 416201705 847126278
918533742 406529976 549011907 189919120 88072685
945196741 636867034 610127198 528764880 532825390
275171408 4319998 786018077 698964676 139340969
845305341 497777907 919981676 856932191 414199809
488630403 57882666 54626898 27125715 107675267
555012895 194991081 780534627 115492098 791758839
552160312 497622049 169884913 417220567 781837107
819289077 544871220 630139657 446734905 994833274
861979446 110097026 652590281 246411627 53848750
870196990 722787271 737683484 308092411 79332800
179047144 475110257 437806785 40113793 93662405
537885475 501091709 865623271 314069852 327529295
267298926 4633529 149750117 26751572 418844957
924088313 450716798 982034699 323096278 882591175
384810244 476905475 41094044 428839340 53837091
878482620 862937899 905681150 534666350 332266175
272852002 291445176 344568753 789245312 68970784
341790436 420385264 498707177 867320853 789856010
740684824 70900411 18079341 54180988 91714227
915490875 456978066 799711010 101405470 112148494
107862089 382441484 661396498 451059037 99064496
159197909 715083892 937754587 902025087 490836999
494198687 22254399 301434782 394994160 277123355
642840556 362898875 502464469 525594046 773983783
468045456 126538058 262589135 41511298 351501157
601808340 876373659 559842451 844946627 368436870
690966288 813214553 89085791 48991863 18363635
871687596 834352964 552234532 494998416 820921937
136272175 514489352 7292837 781341856 319673341
428611619 574115391 767241999 938944880 349718844
103449882 233343416 181600202 922259026 327710688
160536971 408357641 295325328 960377883 668790728
362851757 83611498 78563477 75090716 449357106
653291757 90503586 530965269 878741456 889347814
788407884 208590791 174386738 206069287 167735600
870701074 579591987 302050118 551513016 194266087
368697968 516782724 253697503 280703140 55896765
406082980 598321667 974303198 301783101 564792244
259836323 289459766 345541511 422478348 7740672
733829833 619530867 378953750 809891119 306444634
155860892 139027629 146590100 192301886 39181064
159033618 795252273 698564715 547245119 925852372
704998135 52841986 622363915 175158754 55425511
923526488 273451394 967780831 870651737 224578409
571638471 183397353 16902945 298816280 21841316
759045278 597694552 665834198 761919895 298901782
189353786 501295861 84077502 360401252 227015661
291096067 918323798 138602101 706350663 710973766
41983510 227760933 811861316 249739124 848142396
117100402 614326101 876843438 309589997 864230437
138937052 318286709 454983015 47083725 441685000
264639044 542594000 874427131 58106225 977369384
66314410 181470957 355041676 28767416 141608585
847242911 462359962 916606147 966968931 401033222
863887473 89246570 231304940 71242355 15360701
914739520 302240126 440399391 862031456 375250192
33531246 215856911 186352520 817191935 300434797
70470089 706082545 601739297 895843626 841576225
693394206 280088899 266817597 90924167 634687869
845100650 357228897 643944260 319317196 941033010
600267102 373747034 387993632 78736894 404521955
622304980 543382476 462635628 192732411 668544607
230139514 625799680 569722269 73193397 155397162
316511573 675580477 875256247 517149545 558034572
277791524 165101672 192802595 96480892 53576509
920675815 700024205 429948150 335711687 534847054
63225227 20205203 708638981 208501187 366478985
376396647 490957006 999833332 347440168 859875904
514986906 408635656 384656884 200182886 661539703
969257445 539475630 909861556 288638791 735787916
134133322 283453879 133070265 402212940 495571646
694548888 317348821 352558389 548063421 814525620
130041053 283143641 139625911 431422887 682615409
853244780 296186440 666803463 760403598 858846414
676480574 143799904 542670454 493843243 408648473
892721696 173438222 670843940 603700623 755145528
169148818 62738212 411574103 571476705 374048729
329871705 500657887 832279659 572203750 406409236
208196067 40035900 547957502 71095937 161670143
384964066 110831618 922275328 490052497 957565071
308647654 57507133 270629080 747449177 97809065
346603936 156458383 431109315 829733115 400820521
332827874 401066563 348781048 496070506 351911485
840697738 896414525 433552095 526572108 477964725
1152597 291764896 453661278 630195774 209507492
213061765 740903223 895761360 864487957 937209095
196539323 302018166 54092266 245271771 424439201
345916673 370974779 474697065 860022974 949960500
113449198 600078418 172923312 262443584 35247934
503656959 620373737 443697518 446634950 621516430
679756558 793983129 139747326 633676942 49343865
964233175 848878745 964482743 929520199 255736518
805884550 478422501 61561505 10199463 151174806
821019396 803547457 434682810 261373271 383432059
179297063 27982284 568575284 68248741 448085805
789954037 497110043 845719983 253568280 565869561
483650966 468178398 522411914 120191045 184124735
677987556 646950237 928077107 268534861 225706248
594698702 368517501 331360969 147269759 16545636
920889724 993071527 388596949 222713766 242411444
177767204 435174375 175709163 372439185 146704044
953532778 910571120 643111256 659719059 238642687
92097645 335596162 231136816 241126305 70289577
259478209 445322400 872810861 693020928 457614877
515523562 52272071 435403331 326022447 401377486
587763040 408272145 561929145 625823350 435528236
596578614 143064266 79234264 316575095 443489101
921536839 353752885 720947613 786401314 979680514
206495835 595792114 702250806 234445005 124591449
504151446 794909459 875303952 981532661 144049273
86517053 173295881 193559745 511084548 293715518
451993470 229544506 733143355 648836951 609767051
23551760 133349661 357809148 369027675 136754974
289089846 306851540 462751701 862055560 720156079
98130902 113732531 239308658 327586283 269600275
467599034 228299495 990136093 678218161 899097145
699295836 66577281 42419079 348839877 24017329
942879044 409889803 189842309 546882804 139549121
318895561 382945039 487147936 546310296 126198586
758349150 777461452 503591717 722109155 293271830
154787261 231554178 449315611 1701318 42768388
631061065 699387941 770281545 906772694 96646043
418859180 99694448 53115892 30580359 137759457
578960329 468299084 958929145 95988695 390018573
872421067 636592703 624374947 309059733 5650637
995718307 788716752 828764511 318243704 389310541
51232288 212723596 775325347 10343925 169045610
609949428 539514326 931182861 891637412 310852307
771752825 168072362 749482818 32416285 191852534
844181225 400254891 927182952 110756174 673577928
213372993 85154125 203040346 922394678 134895469
355012784 168255844 554359632 933006968 219835640
664491115 307465304 316419528 426085580 426601060
705123044 386297487 728651383 765587980 856607942
41449181 554136461 271089402 358421778 98613837
131207414 755443901 923399615 396355588 400490265
228806846 136243362 183701195 365961841 19485701
616399903 297388920 256971971 682760563 181111439
559137235 316306323 557911181 263497546 28903320
719233337 966119349 824801418 696465626 70619190
355348265 152049286 521183060 143593 810159293
658706957 764801910 898475703 71828960 880597663
876534403 419168235 89955702 109086918 180132711
983886582 431817659 181776941 719352276 757101712
174191331 199777283 60395671 48147286 94621724
304298802 374789387 210051759 468415301 713710266
793492327 128574187 134067566 516365688 44531657
966284771 196572561 270704797 846374211 761758619
99569388 301655469 98992070 541981121 115740886
348064966 313666392 548313550 885325207 813553227
4755864 157071132 406005248 342943175 696432585
338270438 419145567 939386526 598511277 887895034
266976344 344546238 417657374 202696107 280990498
526723615 361708315 826245459 766185420 408010966
563971317 205482620 839499181 290031612 286395923
935730489 957532060 940678362 329721911 486437360
527687258 82806097 176051997 118007899 188926090
733946296 933788566 598963495 338558795 255345314
656379244 60802468 118969121 351746752 25352679
726481866 814080549 283668103 622223936 178707614
73886792 413891386 275592779 185255194 819543844
479515261 440418493 764546996 838083824 838535012
754466514 236038669 452451917 503825197 609278982
885234617 391338193 942591412 521332156 976001854
265259187 748373817 179279816 276956713 473318871
727296318 816454724 184899832 483953548 609219474
332962083 452723591 196450749 178193442 64181044
852173619 481990490 862704808 248991864 195198148
333919694 445533906 482192988 472981668 368088957
870882343 507046623 846676644 484617937 752381169
310975688 348828418 119939378 256835155 677322956
519801240 592127490 667222878 377262321 775304209
289544061 638514804 519478092 243609974 54276707
748812379 753982941 860444522 817092563 433107204
429286609 355572380 121717178 415927319 219312794
695456254 426483153 939963202 676684249 586273257
218934117 545996781 253225120 220798587 26678801
346228357 877517494 868974555 440287652 159093774
154554409 71953023 356339438 361750596 131003591
765628702 230772966 687567369 471955460 475375405
34951693 203482637 577039330 109029115 107957886
734008723 364688428 691168720 393120408 283348229
97657924 321578461 257902049 280173401 605855067
299499703 799656303 339113377 380640547 912445782
182745018 90714618 497946412 2321953 377360495
309071495 281105052 613289786 683027232 586699324
219781795 222088013 689920255 634212921 499658541
322219425 397484354 944948800 721552573 646820096
30337724 34674249 519810262 211828287 153213141
56316985 196132292 621167254 318980432 669198245
35248635 677764545 45342522 146774306 797806066
494853385 697534884 472156751 429776351 856643817
941263795 267799074 438865877 189446058 11378735
954943314 885358200 753711846 517010483 476809857
246034224 32096108 347661490 109233999 628913482
883208101 39915260 687523000 541706133 986796575
211845657 800630494 162180311 99966602 92195400
626871779 891409533 303341559 933860433 126066522
265351465 155759040 142567677 196206139 359568540
634636905 211110792 188489332 472676713 548311756
206792047 416204647 622968057 111141218 45680865
512185371 863183288 690892431 215270224 283307351
772886221 76361338 218911725 160130990 54058211
853379053 808421865 504488802 477779517 556931024
514722490 541949136 984980385 618130885 618639796
1000000000 1000000000 1000000000 1000000000 1000000000
251168031 262690341 719341154 150564300 238990008
434434580 556875750 861236562 448055020 916738837
23731514 250708899 9962558 92316285 21142141
757105555 918550826 92006646 927397660 313870719
104622276 64740570 79087183 161162098 669712398
194817148 373021048 311655325 211049735 869611187
17287306 291608171 695722798 7372602 196342118
841868749 506053539 897234751 673478824 217713934
330397983 532768711 383929294 393445558 477840402
906508697 544911211 966049710 425916350 578507931
368701951 306001903 213924089 14531399 467987688
603497716 713806514 450521770 137963881 869659353
244910063 892957090 138924656 926340533 67978191
1000000000 1000000000 1000000000 1000000000 1000000000
142725667 225654733 503916859 190582965 114835073
917762180 303783084 887227110 449451866 999109689
352046922 292179259 754560886 197243638 195441481
584299282 497034672 857889610 265898198 434019203
404996299 384435758 574022359 144197590 335694093
943563178 434787450 896846374 894657555 627320581
542963529 102754809 234405747 170154159 16557103
993348877 236010162 777906248 470643087 119600142
579793100 412062215 35679573 80750800 6589719
954658010 645033820 971703952 185979660 204286536
145076638 480810098 119924150 140152757 151409154
551017106 726480394 492762476 692205388 417162249
359527679 537068779 483780863 336752883 172095390
849232946 909952108 950278575 413647870 415205523
884998649 477778030 232424564 179544729 51286761
933628059 770022977 319566093 310218595 393895114
741868497 74205186 314502694 48330902 432373359
927984880 295835913 572591394 653985959 541232754
157127530 12514360 379423896 357910156 600140610
991972358 204719244 779326792 678670155 926558289
723883083 69895021 249712586 140991134 286135344
946999313 432231774 789621176 267186029 600116273
275946893 76050575 239040924 411738703 345679652
809443154 420340895 601641695 693174688 836823436
226916453 440566814 556109060 40014047 78659913
667041425 596929936 875911827 583417339 215154137
331447313 330540519 142697172 137325901 250597341
903219914 390117391 805823095 974020339 539372906
213013543 5727003 204785925 302895450 213074308
239424838 257357111 531815724 555562323 994112348
653184270 147222695 495191211 396427750 57207772
805872460 444246294 544012881 654759891 510037140
79906876 429459311 447097398 223755868 747322992
702122836 766606853 628486750 509409182 948631311
105137278 411822596 20009730 17978493 344885373
688880110 759198957 78724619 428422396 734691917
575643813 566572509 224885139 40304349 16168951
904798324 611271214 774062012 61235369 841592063
108203866 253057275 669307396 167845010 391609695
305648523 398170159 986231999 216999571 879670061
222067986 314373888 69752817 222274943 302540629
737968731 797101674 522832957 519033962 538059879
75728106 87018067 47379106 685967035 576371254
649120342 352976690 415705320 914807911 811863555
497630913 99819080 624034471 204438481 583848624
729431798 163408617 809631573 547405927 718990888
482565623 563073970 129032883 80691304 111008098
941450530 600239191 465819080 218534207 229606158
595968296 374588552 220251035 281189310 150387715
868326102 528863019 702112211 368968949 586726641
328460124 81495612 623249107 13718913 120480566
733219530 678936390 822213069 434742215 761795175
751008560 263357084 668100194 65586009 93375804
946808302 267164165 937478427 390927559 902625002
464205208 907104036 16058617 838647834 122560398
710066335 991103796 92157136 952025911 240802842
568412291 277056419 562305334 683987608 863592299
721997890 418049681 659109778 851019875 898950854
276453332 24622103 402571579 37508696 422483171
397475794 446579285 406152778 945228147 636853976
490874447 381537203 133807679 40966706 63625636
910203405 411287445 208112672 692292952 902521055
325210872 109472431 268326773 349480734 484852116
448445037 195907867 561055821 728516145 859021798
299768659 520406969 119441727 659257250 73023944
444631365 830633219 342529466 686948209 216108204
121750790 75809301 82327679 249049035 228929430
972103674 405903746 732026136 715516880 711636956
306501227 571391599 93523985 84383903 115075915
318461888 832502161 753759350 654132839 230208142
337431266 255053755 461527919 57026746 52833199
722575349 706311568 845692593 233218350 757416799
78596927 12396305 327921847 354652813 724805522
445411355 748396315 901813044 464740616 862853859
51572879 336689887 602369120 274376877 44520025
794424945 399534900 831036102 627841956 256840612
383760049 53383710 881591962 679244565 378680852
634308052 366864616 928515747 882200544 763755440
363288927 507082309 422289454 351165366 619757476
952050214 526664060 508846197 396902027 826066510
338754074 266379625 274683852 197887232 294687956
393391166 745300460 757317782 382149298 454587287
69911479 135684068 519816591 86101398 405208064
956950897 687916287 922013780 169570398 757009468
56237974 32804876 137985548 741780043 287440655
832288611 198815889 598841653 846541979 932305113
430881850 280518077 175182824 521946049 562618342
663064482 638131665 735997825 528109891 640474173
104535848 85124145 71250761 433474625 20604290
506870674 827323791 811590916 879252637 131794769
275876208 336203050 832564387 72956034 402623095
450698656 475894472 848501933 301969682 691665788
196126575 120838673 166524668 540614258 283523519
778809946 308402755 506450012 790946594 597863571
291890206 51657711 248564824 249117514 437041736
468148483 511391484 836255843 347988297 468766693
215370059 367764881 136739698 716200418 373845956
455956050 422552455 275622104 965148811 590937579
149616324 431956903 268817063 99718531 65477065
400913857 763736036 449272148 188723371 117658175
655541152 123678581 654660344 348044262 88604419
867388728 681515661 969094025 388903778 618130263
795180382 100720754 232333620 266852471 416162038
809043700 305731641 314171195 991495982 525244677
244141703 5496014 553594550 2218013 465618072
901795272 442599273 919973272 696297876 839673038
600586989 639797982 26817291 569961170 165821969
880104889 840227036 668506415 976070844 232793650
392541436 239024232 166152007 121335985 275146167
591271880 268953099 745930034 376654849 754040730
392425558 60816316 839418744 384559956 275763873
918761789 642584663 941382337 386912994 440985867
97936881 303779620 292344388 222128081 419751494
238427397 738655404 610515555 362766112 853710347
222290495 317173486 133703170 36717333 509000136
965719132 488484606 823437377 114277199 670354546
435695938 7791712 109926569 24771819 760682962
679226586 159084296 290914138 596305537 919076335
397286530 654252969 566397526 128542628 148094687
688605033 844328338 649746942 708721431 336879080
640203964 207158065 571061984 178792783 465487891
999362419 489664335 693949502 294061627 469502206
319878372 342585 384467102 441064598 379315718
923916873 197822505 523048626 836171872 758595537
239881290 431292165 315913184 139531168 43199738
480670272 773308029 611559439 331591546 249832861
287995531 521612779 143340730 691164006 55482220
922690606 722560103 490026375 900688742 106406685
497358542 76902371 639284430 31385190 211935329
828044834 125538348 706583334 878761837 561541952
578250306 410228691 586114926 388357676 428791960
832848562 667762604 627045364 531778710 749546253
270235167 813861453 780688763 562177728 18528883
523698615 904619284 867760736 771830443 370498677
64945664 151018046 243203827 181355646 7730548
314512145 590956922 847877835 622887183 329174392
215873175 57068971 61905235 245976897 158514360
369469373 93649177 445067414 982346781 872998418
228905422 680664235 105283481 15223637 422203898
694545243 822708340 702810606 447238104 523283806
297592909 90467515 32302266 44038548 159961789
657319469 203057577 432347080 277179146 505739768
300569662 911931124 64989231 140782528 53287673
369144694 984633407 784924041 317382162 448363388
23473902 271929723 6980767 357062231 81559634
231684078 295813017 96449586 683933025 119702453
48402338 1122437 121453250 469576842 95199997
612233009 902634634 968809720 846588907 207168612
494692511 307304930 515099305 108388839 180295785
913995005 534729588 887167485 122313129 309805176
117428401 74895916 612763012 806220703 304455061
349095108 395032924 985677155 989317166 492124974
660541052 60859406 511287458 276448040 112629338
933677766 391481138 800699869 961388239 580084992
125397622 517720880 224592157 59200298 406550169
865829874 691331968 475073720 318032477 495920959
410260222 436100729 261919198 244317071 61913324
611536957 843738117 385123764 880111873 218608721
178610420 7669646 609010572 129035045 114137578
421869990 58570168 785357816 596728170 911341227
482825490 96477563 33225412 281820758 51779898
532049672 798225572 122089591 762957600 953147972
69779963 538191898 106709884 145988625 20165706
747612709 778378857 314654206 499097142 913725988
107738450 209913278 165715575 181273654 837200616
596217302 241856695 833964493 545297872 938603275
453133769 91483100 381965589 519876614 334515399
567908490 226431785 656344520 560723078 431940520
652148781 385067729 204198019 503040366 587849501
973053753 816327665 977666883 526736447 617034040
378750686 184255879 55453465 194616804 472938903
447964534 376857049 264534508 483531539 658307406
28563717 515428644 304239311 521363357 216535449
29599842 805858027 754132454 934489627 911815719
27051076 132942965 111092125 215855975 591840614
716396893 460627658 894065110 458790589 962710130
32507786 82752558 167397980 254613352 578674915
490246488 189007787 905909140 685955214 708033937
916818459 722082286 661322222 269639374 305681576
981588174 730482799 879842369 470325073 412350153
586029184 630695390 223352967 9653031 228671065
984417476 930794633 956956588 273373397 333545980
191086166 285887894 823499515 25048982 124922549
601136944 881908040 976592990 387770088 253113700
124741776 358318384 656562095 49848288 692618586
213594745 569152377 656982169 416351036 990457281
729368093 163587399 131063372 26107489 470969659
866017094 327978377 527465859 294531847 473212420
278880863 101651788 111717515 600131072 28272767
646546808 332299652 769716285 834791965 836863879
234396040 198561267 458875457 70877149 810181416
882358372 367587853 815483460 589424699 896600965
277996363 67505882 169215512 500249408 4960102
939134808 471502395 265999637 940529680 415602646
705819562 317770045 147556622 544975480 550676200
910950479 394617443 318675415 648017229 601573901
199828855 140570392 239429320 451450526 31222941
823752963 326688246 283591119 498680537 834277810
589775353 64526309 76504350 612877738 131333025
595099539 132204851 596129298 643062336 902998656
324315682 12432475 373833444 166018021 405148038
737479227 139485679 667919137 193751028 928750161
155364607 93230364 82655861 152559480 856646770
317616339 648138897 557303020 462619182 951409316
49644576 386878482 254209698 225205041 620023776
195163532 675092035 575682725 456487756 989557164
316436069 144827671 321511290 179012840 473208703
874560886 194875805 846748539 484214630 780166725
162834977 151911063 234262415 259607168 201116658
675349253 394734190 805528643 345545279 287178380
142625549 12764547 299907002 195059893 396170364
489559086 766176546 729069960 385735492 499678204
180042002 400304315 355398273 243709865 8063357
937766447 489120366 751045817 534997989 976242380
57091342 476874894 599715338 340584496 285851673
228906309 802922172 888138679 454415089 598055678
238458930 342356017 866451659 12840559 516746210
927725695 606337778 886831629 404570633 861708905
628904804 17658900 152454434 394149085 3157785
729415384 333674238 851430030 550312129 251165966
152831288 678049114 50985810 244931162 455097757
511471255 786641668 867509675 271916954 678638618
472295031 203147702 894673763 30528886 14993934
571066935 693603562 972492211 521007892 82996214
406299508 143317571 130635706 309962763 122370831
581772016 336473009 958961847 525391811 366571569
207357974 68993671 467759443 195857464 249944566
888729200 82410883 581821558 522182937 969706289
542046034 117244008 276822761 112331832 356542478
840516375 263149838 407689986 492928291 908041128
225734073 449691415 147294119 536353173 450728481
1000000000 1000000000 1000000000 1000000000 1000000000
540793937 315965124 791098748 300205775 161477608
613194998 392316680 993647367 868021418 828199032
305177310 635819601 607183891 313130229 137806550
980173958 808026512 862703138 750728370 142298852
