123 5
89999852 162754304 72047898 65692244 751679484
128061437 909009818 636547301 99204096 928860999
320572807 922713664 119979543 526137141 198162338
1000000000 1000000000 1000000000 1000000000 1000000000
199238911 115806530 100340950 10078342 45530227
1000000000 1000000000 1000000000 1000000000 1000000000
47699668 450193569 381244214 25540108 448618348
84721024 677330112 644347955 97994106 495711482
537387713 413905263 241965752 522352806 698892083
1000000000 1000000000 1000000000 1000000000 1000000000
127748214 572571810 48466910 115948984 453374758
157020568 582228743 970650451 273585953 540106292
355996878 167002987 362463115 791903725 408229188
1000000000 1000000000 1000000000 1000000000 1000000000
444474067 378590195 14047660 468647323 52847008
519512125 455805383 59146138 595521514 276626064
442170424 758575627 829706554 889819688 154411960
1000000000 1000000000 1000000000 1000000000 1000000000
232582948 24752298 24825541 490180565 462861429
319247457 966563508 75422560 596409421 538008648
2141009 379287522 51613672 197077940 646226694
74541863 803344325 89787521 683296957 822524504
756235974 792178468 941265605 829273563 127746487
1000000000 1000000000 1000000000 1000000000 1000000000
195026452 743685033 755215954 150331463 4496066
955491821 985449749 812819123 458008803 29461532
464048452 40113325 687756715 154420991 24404822
631112836 57304161 726198746 217070101 802720957
22444299 1647580 441719849 6860287 4538010
187338115 680436450 713380155 421388696 439980870
75997967 87108239 146337708 194383812 493054206
94401526 442844601 576543780 737839776 999754906
28564146 170715916 125100993 579819244 6106884
55939624 878508598 482103443 921263901 908089413
781253332 769486398 30152220 706844474 970604558
1000000000 1000000000 1000000000 1000000000 1000000000
8966461 292885331 303126043 701112881 6484950
123541990 773438716 966137640 895659576 268424131
97860430 48086106 354961162 701570781 379317265
161875708 99101035 674223677 945244336 769769278
137393678 247315621 693796357 471426089 152519410
190971587 332594155 918443335 776182565 388111295
61537956 844840673 53743404 977742689 129240702
1000000000 1000000000 1000000000 1000000000 1000000000
487975662 534312929 880268464 286362765 655137132
1000000000 1000000000 1000000000 1000000000 1000000000
41940860 410607580 20591775 403666014 24478691
43161095 437846119 904804497 763389720 566057552
484795301 557678528 31677681 619406271 215237510
541477085 724417189 47993016 800865187 739978378
74228810 288871259 568862773 164998215 202894768
147863034 992472942 770202002 535203728 528460110
37483805 163076344 531147148 217089790 83844409
176821080 630624907 924021725 514867826 116210851
469173151 372563957 54913963 250042218 2107317
482959048 473511267 800965059 951229203 45118438
950739555 73551400 603730779 380088800 179159619
1000000000 1000000000 1000000000 1000000000 1000000000
445105795 6708420 502227320 48993044 522049920
843588974 11254299 818490467 103665018 759669772
397772802 237304559 196030802 982618976 146448686
1000000000 1000000000 1000000000 1000000000 1000000000
665167424 19963840 187265480 222431687 993161706
1000000000 1000000000 1000000000 1000000000 1000000000
2050688 18281294 753577611 723312481 317999341
113549335 801397276 923070877 724612576 503087848
100393490 253390743 184115227 432111173 705391331
127518825 482076909 497327823 672976937 933864531
898855909 862327097 19736214 975723377 38061601
1000000000 1000000000 1000000000 1000000000 1000000000
119607361 69498169 526284625 545020787 207662573
124275132 346771616 882579053 803453004 616210957
575904908 620458438 307264356 394986347 586750903
1000000000 1000000000 1000000000 1000000000 1000000000
62757699 614925914 42703885 301204629 210652780
192973547 763396756 111296273 522561120 231246508
59448793 155956240 244301704 549282933 380319956
60983031 700102854 878752673 555549819 658633533
692821427 963444640 886507819 794147253 452014124
1000000000 1000000000 1000000000 1000000000 1000000000
434816002 121718643 274811607 489678671 208542218
1000000000 1000000000 1000000000 1000000000 1000000000
965106952 547536752 55713081 290534539 106114021
966959171 563587467 75949825 326425084 824017665
141854902 21605387 487790505 85863100 33875683
607564270 61112868 633936865 568873624 224131497
110951480 45070087 622108093 64854440 233140634
600274393 45141925 950105913 834918674 988278182
474220163 537960785 889373211 277079946 47504419
1000000000 1000000000 1000000000 1000000000 1000000000
521178301 569101958 703079366 439798430 39935740
735426172 856498397 759724147 525509333 41596017
459347394 793794489 176774124 540532907 642022862
1000000000 1000000000 1000000000 1000000000 1000000000
263578552 314113735 17167699 414928643 758654159
823179198 513554497 80673706 466387628 854439964
18612144 2835884 599597428 35186221 268683214
193867903 579515501 875691673 187838454 631361955
200101822 336099623 106068493 60396896 131320969
1000000000 1000000000 1000000000 1000000000 1000000000
30419270 181620677 332778924 315408663 28753096
186425108 442807837 723493025 583488328 87606084
20237943 489183301 873456994 178533986 32333683
199123493 733934655 901051279 733819709 464197756
95089140 614777016 255822710 536080970 1625395
121065345 822815169 622059968 899846708 413656426
142284396 625063989 625252576 105653457 122217576
164561168 898214570 778780962 577401556 332283809
389744758 278560658 31759991 533758593 158526034
590593171 346553181 84427735 978996246 371905376
258731620 594676073 630394189 636327621 69246063
1000000000 1000000000 1000000000 1000000000 1000000000
35156095 247717102 300635761 188793875 257180169
151721476 673975369 526957493 391472693 376699158
280468300 484145225 82718555 500774580 60354009
1000000000 1000000000 1000000000 1000000000 1000000000
332690086 66982203 58614553 184513247 139978593
774481455 113001257 96445843 296494459 711548537
45214018 288261000 664711467 119388600 253595412
127265248 890195955 843239716 385140662 711907244
477909518 114433745 231229 510744761 532052613
956065839 849017057 2994453 982147478 911700006
60842218 72507596 409829364 872799797 382661636
67818450 888726986 739173424 919768554 521068366
15275536 313432982 229687554 340614389 120541924
129868629 549714931 267562496 386854188 694337926
42763267 296336364 108248628 208459827 309483421
157289781 690960609 302451558 304141097 536320812
102328396 620338133 65496139 503648949 545450777
1000000000 1000000000 1000000000 1000000000 1000000000
601922096 603271145 826269565 436013265 517104992
1000000000 1000000000 1000000000 1000000000 1000000000
109850033 301654026 653814819 124473184 81665726
151390454 691161699 830945692 415457132 428187118
237288709 982456811 969594737 579945878 721547917
1000000000 1000000000 1000000000 1000000000 1000000000
976386727 507932097 386435546 336123582 58266086
1000000000 1000000000 1000000000 1000000000 1000000000
3698545 940843937 786930985 143353600 57882558
1000000000 1000000000 1000000000 1000000000 1000000000
1162615 333693988 131513583 353550572 440467321
97667699 533740841 954057801 383306735 784893223
785858402 156824343 28645529 23375299 545345919
916537409 884404707 45596337 51799313 710066942
0 0 0 0 0
22975508 761753015 947880966 173403107 791213719
567533748 604994886 171816010 609346117 477150810
1000000000 1000000000 1000000000 1000000000 1000000000
20121132 902633598 152885009 94700152 76205466
155240635 966471563 335317054 405974442 472691733
50282010 738979214 517720241 114678269 515745712
169639477 890866819 577264989 161511149 860330917
561815519 785010632 806922429 80737150 429387210
1000000000 1000000000 1000000000 1000000000 1000000000
296397521 1733234 801542734 298853927 608339893
821869849 35015449 837262396 590152313 985261689
65662222 4161864 383795371 98793243 301587990
284791271 40147979 556763571 386653329 397366801
237273258 416195658 666026317 352443352 116988263
1000000000 1000000000 1000000000 1000000000 1000000000
909232777 391616960 476371183 90373731 620910094
1000000000 1000000000 1000000000 1000000000 1000000000
71839151 568288940 452337887 484718135 17058499
81814760 674818185 941941411 768030324 283446970
211644459 94864636 768102421 784937709 145710958
537358576 113967982 884622962 887344059 632210993
144456614 147856792 609799751 108987157 835531119
181584920 215768981 959874151 817102943 948712038
962430525 370028160 336837700 943760854 46903904
1000000000 1000000000 1000000000 1000000000 1000000000
781553862 180713741 50378143 104252924 8731987
824638465 355676342 61045578 810785779 520676766
317560756 117363849 812074230 332229154 18776925
812160159 314653128 871976462 895992733 20334970
87459833 86591987 220221958 78689220 376554597
130429535 843176482 902624643 472744483 849687677
307160672 318513135 716282523 967053335 130931909
1000000000 1000000000 1000000000 1000000000 1000000000
70544162 124750505 49597923 319280055 72341656
856019019 468799380 49685768 470189585 853084656
326549885 436936113 193807675 317561178 734242500
1000000000 1000000000 1000000000 1000000000 1000000000
722583128 387406902 30697118 132533338 80494047
730310276 868135322 97533256 441278938 312744313
646863402 64209986 455737110 346611969 305124619
1000000000 1000000000 1000000000 1000000000 1000000000
41935914 190859226 51662494 598477101 195478582
178904130 922302518 128438823 795645469 261652638
933254247 460270080 748000034 101900943 286848485
1000000000 1000000000 1000000000 1000000000 1000000000
491724412 151888332 43730965 235722850 73641732
935752481 309805442 93721862 239701042 597730147
939496544 514719592 621397745 973862550 469535945
1000000000 1000000000 1000000000 1000000000 1000000000
112291506 268259527 177642798 2011328 296655837
125714886 775882575 226837676 400408328 424548042
73704114 158192927 190226701 217602140 1179909
177248977 383162137 860900455 784367746 422106390
756322799 936340764 706218807 974084206 434635684
1000000000 1000000000 1000000000 1000000000 1000000000
321032682 903070658 542897677 687527561 348476458
1000000000 1000000000 1000000000 1000000000 1000000000
366510348 702001 80302387 285699050 36363963
863618808 60841219 520854158 963208570 141126368
130708257 65119702 159873589 71701157 20738292
297710788 112405530 410131850 685275855 948380224
374355784 453161026 34763078 22216643 63981577
469566519 547531470 59565117 340295391 496836404
23262595 18786195 491527430 6832451 33235061
115097103 359741612 841271675 286177397 412872149
729824098 540417351 335541296 641741129 309362339
1000000000 1000000000 1000000000 1000000000 1000000000
10809540 299774265 485846824 702846679 428274216
15556988 455501913 560553150 776412324 819027023
791378891 652855735 837156680 144742685 951818756
1000000000 1000000000 1000000000 1000000000 1000000000
620708963 944700861 381414298 140164112 658401381
1000000000 1000000000 1000000000 1000000000 1000000000
701810491 800643736 866811675 930139432 401929390
1000000000 1000000000 1000000000 1000000000 1000000000
43977940 10184038 585112486 455030216 27878914
105143691 454903081 698426634 906356168 764726998
91907021 649727095 261050390 921460479 308249074
1000000000 1000000000 1000000000 1000000000 1000000000
128742307 39225275 293024277 113240562 269698331
922265242 74133007 629134315 127274479 629805839
139934535 400080257 257790091 443761066 624357856
1000000000 1000000000 1000000000 1000000000 1000000000
38135405 39508050 87152843 824618834 493287753
550351853 83279443 601428519 963542905 582214172
481151991 704822182 724180751 356064597 206526328
1000000000 1000000000 1000000000 1000000000 1000000000
893116657 99871729 897524828 909176472 164424081
1000000000 1000000000 1000000000 1000000000 1000000000
265195350 252305738 546228533 228562316 833841822
1000000000 1000000000 1000000000 1000000000 1000000000
801606929 386187546 613701111 40011763 661064567
1000000000 1000000000 1000000000 1000000000 1000000000
931740649 15718569 307751328 277586360 944362418
1000000000 1000000000 1000000000 1000000000 1000000000
58732327 350624546 205503791 981718142 784178933
1000000000 1000000000 1000000000 1000000000 1000000000
93024133 15828242 301225491 182591720 164056760
191739678 386876112 856728967 626783252 838409281
40594549 96341301 127410669 59881750 362467430
51098920 189485827 789003859 579482507 423664146
