1000 5
90288641 19789556 186726986 223385037 134142221
340135592 404447133 234158298 253519254 539775212
14813727 470599980 113553150 180473897 112105298
186014999 640397185 334672196 194741110 172863401
85830541 366802000 854551007 51550 81528541
212882841 525600726 901286576 84949882 990614196
516064859 107159596 483712272 68308402 356706316
564400456 117724416 961596800 127377180 784185969
59095666 266218143 411991958 221569029 30875053
204574155 289167236 871041305 251409701 871997514
48203318 453613730 562090491 57991437 588492105
244571036 797741230 749005269 173894773 926187997
927937085 39267563 34818882 19502720 519114701
942006657 848893072 79867218 194937195 874967004
77948599 223750132 147155956 9771292 475483004
871815471 411473351 201175177 44904417 884665359
864769547 16909893 91633118 19784796 646866974
894381646 124515557 817577017 199074481 933168330
55631466 164771677 308211373 13457484 297182957
323844457 845914346 730293951 71864524 445438918
331805091 786612848 32270989 31787723 43699399
919973806 986763976 59881586 262329014 553349040
221920939 147007713 279366506 11238520 92121712
241003009 261037795 442543637 196920376 870713427
572422712 31238214 119868475 176621622 3318850
974739654 350415742 174635819 966605332 21967199
342526125 681583219 248700341 565985784 155783081
1000000000 1000000000 1000000000 1000000000 1000000000
447320340 59492694 9088927 471236038 14321899
552117637 746069369 58499444 745669983 54788178
447242217 74806718 32716680 757342067 39955403
453599821 841165265 412364432 935198971 50109907
6025760 208580800 590627985 651603440 27281734
17207259 962722054 870137408 817939369 459112684
3796536 256705982 436584224 455193444 646881929
39697372 460720714 913225570 732393710 850273620
4528662 43992556 5654321 70888811 140532560
13449483 48214428 972146042 996596796 556341773
631525431 26460142 11749973 89905203 117663607
853924497 184445300 744818921 145715345 635738225
76275559 188872095 17742539 14805547 3119780
167074143 367938192 832060656 899662803 51465877
3847662 458228053 184244637 49983480 593574299
31091028 606736034 767472726 96460874 869330516
127949973 328792292 46413975 28182687 276751939
232760928 637259450 161403296 98657577 646750251
73801884 164346979 214241909 83503883 99184221
286461151 628090102 611791463 86962196 123240020
489680023 226132520 37840494 529544803 20369840
505131001 437902712 840347427 534001138 47884731
177921284 40159729 73639102 129521768 562588303
307687030 756633494 174181205 152028544 942786896
112890461 130877177 609932577 221729921 1025346
137047679 478484220 925238989 797363197 5613624
163110882 128171672 405163991 249038189 235877720
216485475 160416783 672687337 255743150 332523573
42404706 368318203 290100869 63917134 43466172
138708585 420725888 627075137 136718311 188439165
766591303 180877268 730624432 363074960 613085966
1000000000 1000000000 1000000000 1000000000 1000000000
309869663 10889337 603648308 80726553 281913920
326016465 181554296 972382259 223953529 965239230
503908138 185319969 656545730 210491633 781598813
1000000000 1000000000 1000000000 1000000000 1000000000
362619905 917110630 162186601 732072089 19516751
587413834 983557169 173565026 988986247 37754783
73252437 18956312 265743048 80205906 235313064
196632945 722282215 666988121 147258346 625439766
924001481 95080089 67340241 125788875 190210503
931105124 148292996 772728065 277056084 461985647
163717022 5915666 110159819 50962985 267391297
966852311 318954173 581471549 67461047 520435061
90032747 58479238 227498581 45246921 294290710
481504354 65711227 368975872 98896091 905224518
1999029 751718914 158560365 70410534 87970482
164589034 866314923 579901654 266567551 366083812
173618239 810968805 486192838 169662892 78549607
202204368 983220611 533981228 260116926 690809217
42805604 240880457 45519774 19684451 583772392
311000727 968590775 109883101 63465660 738206959
70706485 878519676 397495131 40544465 174806314
243358529 969292798 512997735 89264347 594781245
33202301 68510816 129091800 73668171 102445819
144765057 437275727 439973418 145150602 962228396
516579502 581710543 462797764 451286774 845283820
1000000000 1000000000 1000000000 1000000000 1000000000
373834665 448478560 260012870 225237360 750022604
1000000000 1000000000 1000000000 1000000000 1000000000
569875227 147954185 810853576 703504679 445919239
1000000000 1000000000 1000000000 1000000000 1000000000
90978412 258754652 833089622 68233617 33201231
276528196 546461318 926806381 135009468 63272667
192737027 700533791 20319977 12856025 701879606
885370103 712478913 25425476 65360291 822997119
16672860 412607840 583351357 53547611 532884089
38736877 751210249 929607205 72196981 760359465
27569703 244449864 143447143 416955039 60074601
28555256 978799105 164908067 822487399 513654916
914554896 25218872 83747928 27947011 474090865
932131122 575159996 179076695 154186003 922188216
795636503 324647553 231315762 476543413 121856300
1000000000 1000000000 1000000000 1000000000 1000000000
15790425 766294535 266754880 9345323 364089891
395871290 949546820 588669056 77356821 546129197
86608752 156432982 891839139 474748388 39767021
744072782 210435349 914845562 681041037 57648889
92281256 39263699 236530231 76808854 793491486
327703085 90650485 604170173 120125492 964085418
414409879 220171400 184052862 428175437 191499
816835958 237780387 647131343 524080249 46003662
60592141 58505365 114305003 246884004 254668087
768892453 161587221 202328174 258456069 610656182
179270521 20747026 697767503 102183436 316099384
961530245 98028290 789581307 180242376 408393686
11486460 560238346 636686510 168491033 23271968
206005793 748583464 901997195 277747261 433878742
2024384 89249001 546846725 58453516 359840812
102492319 532960894 845642649 183093128 801976876
21035148 91924012 695536076 84169821 278006866
262390252 546949675 707053043 204178723 948904530
247585400 247555307 140130033 60308199 5311709
929046816 365590307 210901830 196801953 855347465
125235408 99380431 238872932 21061126 165901529
164390983 365092306 300870827 36849903 270360414
718915686 239065445 51699849 25682457 778254343
826799195 435372693 67445053 244362772 863944360
95487008 27928915 710984567 385694387 14233864
588510115 983900709 785033130 613522101 16548164
182554887 636022657 300677870 483836789 1530744
802560198 987102094 542702491 524264584 17611706
184994283 49840640 346801528 33712746 439769015
995744989 91724005 462534371 127924196 815787462
632967170 549039347 157778290 115759567 259518775
913112330 621840046 190685586 226084055 392044282
113318041 167675574 69505549 150146233 127770132
330083802 296055295 206990721 273775749 755711497
115386865 672450871 37294595 68860207 383209078
159747790 916609480 364166926 103589332 555379408
320445641 148593222 26333632 114778626 169634431
684273789 158620313 228655091 232332486 860978033
419022417 163377536 214041170 77682013 16145591
493822406 168437574 286925019 159152555 85267157
186709140 40511649 79082167 61130589 122866161
791176490 84711183 431704719 119970179 136211483
780576149 45581799 318251401 645672442 23592594
1000000000 1000000000 1000000000 1000000000 1000000000
288563194 246861736 27778668 144931716 34435
774105881 532294716 28506958 982262214 21627017
597592828 208181261 238393709 64345478 25044803
770615726 800646585 480375793 268746574 62170254
115820523 41397991 355713522 303037072 8452105
793070581 491961629 482238351 850472832 12710037
408684126 281873721 397153062 19548133 3661196
994167087 342289349 829201048 51719842 145794598
59940572 73330436 93781015 440818 477512925
952859704 484111051 103900969 4911689 747130327
10920345 435628741 578433761 482987599 215459287
22557293 548968205 606894125 551413079 225199727
48195514 198290196 288154157 47120166 660710786
173717513 386800725 448839244 162133481 827086561
299780125 220898439 190258307 13171825 554533591
348978516 753994678 246382598 21067045 619311144
347771860 640423877 43224366 111831022 643954413
545059545 964159087 123888298 220782258 971028159
108689512 90297117 600825480 61555233 831075776
356631416 161091941 950113438 227580432 912712195
337798209 153294833 25101375 162026913 555897433
946286354 299753210 73754290 172827592 869285086
871758530 240468443 838880765 802832378 30310260
1000000000 1000000000 1000000000 1000000000 1000000000
420397877 48542555 211522273 255450595 21029954
725681746 993409581 356527782 619325342 22392353
182329642 451621937 513693848 219017733 85648
225529639 706491312 581410596 553815977 19392238
175608681 452292148 108166632 20558646 59881515
262004852 603628046 698176960 225335254 480186148
772256020 169026382 95296377 250969765 304905616
834356664 553156096 122447697 260944715 887906238
618144934 299900772 53090795 173498697 93770665
723159372 461540644 144083016 185660252 700362386
250221244 141549869 5327377 4175676 99842243
659631686 441189230 191007953 164661830 372466211
811798181 864349261 416315375 357140771 276469642
1000000000 1000000000 1000000000 1000000000 1000000000
125277641 220582033 446882910 102028547 265335390
185602604 426983996 816214746 235833670 904955819
129315713 623487490 173865685 26431054 426647137
333730911 661983419 274225331 76979203 433163474
560619491 603962065 55523137 53806543 52874951
674661238 950691544 122568834 127590799 586035472
439203290 110625787 181377418 71835373 511333659
689387149 612855506 185624838 122849509 864046825
250445144 297018490 52123238 95277275 340765587
327424621 885280937 68573848 171379183 374117204
203457363 275649579 96164372 153992302 359732734
212311071 311193082 718341080 225284125 480372720
802278318 652605046 284796961 251605818 30479950
825769181 708093069 789068908 259422029 39742750
64089758 197296976 388815389 126291671 181949917
238143905 898006513 611637017 225577071 361279607
387615639 286703443 59432095 86907844 192488689
407380643 810839549 257075009 199590401 694338613
124816323 181670377 214392592 104781615 442844609
276393280 601329774 722882206 145825945 551773757
29431223 24200073 30618375 10438425 69657899
70075043 729337579 629408695 61007943 806331187
490033990 4579470 184060867 10469312 290428398
665729139 65510398 630636862 252389918 495606916
192796477 611130786 170235833 241316974 5194369
613535543 722120990 277710982 827996537 7945131
184633376 530147008 16893723 99083334 121792742
654924640 648046575 72204270 266052870 936904395
148798271 350054572 34679717 58982980 83851010
243705888 593230981 622563108 67718614 936605079
2364750 31478177 643540207 186789953 495022349
4145306 189106734 778347406 364069731 764184614
445662678 19882698 236524510 84254291 312346582
953632466 190710275 618257156 101651087 859556045
218997344 556279081 934334 322538346 399849065
489898087 852266901 3342262 797545287 813223597
332895281 149522669 77868558 137129173 762968913
342520570 317172448 218726413 287574823 931539332
306510090 761505756 841369827 7658436 858020821
1000000000 1000000000 1000000000 1000000000 1000000000
162604434 131306721 30707031 16377146 711545347
166358713 998199062 132508359 218883318 843994092
12685014 136305173 42837656 21250512 12347969
251924632 785778162 733156154 189207147 91702539
78365958 520559021 357025621 145708426 212940532
119526474 899330260 427515052 292064400 385110951
264413695 251722810 383295321 32468142 327105724
294215348 517455005 910845063 59760939 612313624
233100132 116230060 811068679 206412000 285892849
233695390 682126204 862309584 238793912 911484673
46276249 117823743 155208965 147393018 522666370
225172691 299607298 435743840 173076230 759390898
494278282 518456401 5047401 349805460 139251268
526315959 672405992 10703331 373521050 279543142
559269910 665303419 124961516 86316617 455661248
560336822 945233389 181974572 230300552 556655645
330152293 46948774 63484534 188919317 220067544
858238931 96486750 530490260 221173350 264405008
36376765 3240395 631478095 87209436 137968525
200870772 710505332 637691051 255994367 902112999
447954907 69211562 526073629 351129322 11784
492246766 263859493 708880228 413948211 26503639
51168355 270604035 313281854 160979910 92747336
60481763 336736708 903586586 170437056 528406366
349999180 12945836 338747441 66669877 310384492
411446096 162403642 604485627 273189799 315595500
384677473 815947611 76917058 249506543 96527220
420714828 826827302 233360802 257416518 650073936
28484070 513580262 346583932 1844069 227055745
102249880 571213438 983101260 46976039 617562691
805500576 686381119 835487949 201072787 473494088
1000000000 1000000000 1000000000 1000000000 1000000000
150602996 228630802 604370517 181564432 34879969
259482534 631974587 753099757 271781139 148042010
173768964 77243333 405335076 174644163 444599625
841101511 97678564 745559138 202349715 503053389
111704129 160686601 83073462 98709265 154505967
798282102 915646772 119318225 273023585 818489262
308275848 61706868 831151943 135570390 192606063
336621497 184898280 881269750 215059405 910129875
124964090 343350723 394299763 5131509 472916768
176626886 449123559 969494091 86334607 547879467
249038174 757075040 528972390 88162136 57188188
278814231 757508196 989089595 114957851 164035735
6707355 162938810 156633451 494314254 644100088
29502784 658731255 265885701 810878190 817508238
148856514 456496610 37550764 211167471 649309640
215683951 677080953 664690893 261794058 969982649
847579476 142346880 242476845 131628499 470859309
909080236 171297728 721144363 142400864 844434457
271134 127488638 238648350 571790619 505845759
10869454 163774506 362701264 729188687 942978227
618038782 130158130 35871190 38692026 571441600
629325075 340742479 39775931 98158695 574343850
342170426 150480247 465714716 338221971 25439855
378965756 500912079 702283280 503609039 54762829
159050207 25438799 100008289 9814488 794653720
475390164 955741979 125361366 104688899 855726051
68551123 758866807 24456194 54524312 118800443
159092400 782792153 44039149 277802624 547783187
156740516 388060414 608204581 289058412 4928611
423869374 571062637 990449799 457074878 26647593
138839519 210471716 367507122 18945826 172948801
179227664 289511126 398316113 260963417 180922673
12319922 293983690 184111442 101529018 19745539
170707509 841511365 394434250 223832824 442199175
263260871 77362332 7271458 553562098 5684737
842294270 496208450 720423599 815027029 11399087
121098952 125468985 275210257 85993107 77180457
171922419 937591098 451311306 136509065 178014230
256036564 402314663 802701077 19901710 83396880
273607593 658575858 934083836 28064368 793667015
59711461 36903876 456194779 191781233 145356256
131655334 137574926 547106047 257042412 971335297
2305972 153719147 558948464 24913813 321173485
137551151 712773091 985932567 220826196 703861984
38121734 373583641 132017402 196252275 85340466
225308128 868155386 464765586 265643696 947910965
38541894 12422568 28752664 22596715 532675958
369393646 881582213 159277011 153230523 561840820
473382442 235680847 694063632 658820150 250711125
1000000000 1000000000 1000000000 1000000000 1000000000
473288047 89930360 851074672 164500314 297489157
875029023 190952076 957747876 175994938 387785640
359442187 656290091 280853377 776527880 45912912
681689974 685572585 391504939 974823536 55401582
496045681 56428146 398627027 251372688 528691450
1000000000 1000000000 1000000000 1000000000 1000000000
318585706 3180686 761558648 169792314 364278073
829443427 4434092 868121094 592172508 898132802
2508258 84844590 632017791 2100199 422237323
85676476 718188290 672515852 10470849 996668623
452336223 34921475 673245867 208506583 950977314
1000000000 1000000000 1000000000 1000000000 1000000000
325344545 260595474 655939275 57489692 73639171
480645464 339834757 734214931 76185115 254849191
4916643 432412990 565651631 690066789 438319828
7623300 916874324 955907183 732723394 583495967
310675135 709007414 123115201 22435594 308972113
644443203 984589205 188848960 28453944 714626239
20330011 292096202 77256421 124308792 68400501
126187352 527117601 866014824 294022266 166290118
158049307 657584370 776965359 578952586 584095315
1000000000 1000000000 1000000000 1000000000 1000000000
711592242 638155506 198410119 25498952 468720831
838323285 798006722 541539068 37734489 547201668
156249119 35358373 24385666 16822754 47472714
622105644 482629309 83763444 86731560 327880158
240693734 353291301 964790 38863105 101249450
323255171 967127063 155993105 219064515 910256399
158233014 727230358 98732645 48166756 70622362
175257491 986661741 492902244 164684981 536387380
83415848 144101022 412054625 40450953 165472379
673186082 273916327 557993090 55442929 254123128
311396679 294955867 109551514 133674302 58602616
329145866 941552199 170575725 134614072 170592886
128379258 260080985 128956179 202457271 465015354
215792625 295184543 536258341 262903031 913644633
206885680 395881951 708291522 143604147 518585537
238390529 680588965 922983594 148990633 538286433
131471111 822973029 345341760 264783492 484834365
257448993 908876571 357893766 272199069 549396883
176717831 207015046 48976579 193411766 654452377
786588739 727296956 136789059 262559351 922194102
344348620 217443323 297652129 109716405 25375488
462981867 464913913 398196271 961015009 37881222
345878057 188582254 207162421 801424 847978126
408061163 348430330 959677037 13066612 909781350
868287184 54887085 566119758 134940969 8939232
904962318 987969133 827575916 155104830 29529805
129224846 6629687 66565719 221286344 284567575
172857943 475333140 976560904 237682172 428349337
33824821 366798006 439918779 30799270 935474446
76097531 796382647 614244673 60548852 984439297
930164592 155894755 129659975 903404275 977483953
1000000000 1000000000 1000000000 1000000000 1000000000
731509960 402120589 418695509 169677664 53722980
916433975 609237252 657251570 228628797 60223943
157195587 136688749 642426148 178628277 17890166
272247309 537938516 725649006 195060141 685186769
466145199 204717632 44300509 582859862 1040992
679075216 534734494 290820557 744061435 9493615
240922841 227871466 294210015 397315287 40849568
619328295 713607962 867501166 441829330 55557304
35500335 635050832 30273099 38874778 13500917
668238645 957556342 124666593 286271787 880896429
57557608 66683384 43372761 19596934 87187701
570328621 616666357 61491105 32150068 588191440
366540565 227602408 68973389 44385816 753341598
653572599 959021941 88014080 98570566 917684901
170157274 654861512 122243152 267369023 515916293
551679869 932490724 139861915 278894130 767926368
4909888 185934129 33079805 5708064 517233936
53071627 833510481 639322859 156159474 606384156
118758843 22290246 13245275 95183102 20954640
389908902 397012769 191795605 193179656 171856689
33528580 334044810 46495254 151468661 20256259
257011278 761658703 932608583 200426832 68616233
411513050 123195602 335117823 191076 111909080
866655855 456817299 579333631 53734361 360442971
23499452 259564682 149342316 125044883 507425941
284325955 440441230 499800414 153620637 580593830
498376975 30166670 836862904 122364588 310147630
678436556 113777954 958863848 229547018 814528928
22944801 46342635 447247398 439565280 733456488
34841120 409335647 557375909 851299169 775271552
25432326 430923155 47013949 863564683 66409818
42008194 553538342 549716382 948321183 116743593
124067911 538760248 110395875 81090856 648377416
260864556 555107398 155793174 142568468 799148932
84140396 161212746 250480666 91817294 384319031
593310202 173673071 254948983 149812934 978302182
194978676 396111853 336306456 49924314 66574311
322498901 433154745 937794117 50853347 431073792
27401229 414063346 21295293 324149129 17329778
33888033 807288477 358667885 645467878 39540328
211986533 496684136 324429 144606478 649041358
555868994 735479777 2961795 232967892 961357395
630420711 126144532 66168648 266803543 707447685
639276114 660075612 67219214 273665091 920813198
35142514 18624434 819906941 95245196 159679752
135614380 429878602 939855696 169166154 383620044
448017576 32724497 748359632 4287108 299521605
668214696 147823255 851191288 248232420 667850161
103343316 229753371 406939192 338759748 11246556
726663668 621527022 872204862 449688688 29419759
96246694 861964691 272123940 246432669 20936980
832620939 880829074 624723343 361358563 45397586
110297494 460253046 9379804 180389618 374378898
172393681 625773798 818618443 257952151 458925232
371557276 72359798 677824160 201710890 338805056
708353415 179924961 826029876 264564182 366768267
223783709 385856833 26381481 34535920 540591334
334483503 502170233 135418439 147604533 900884765
59761116 727629969 190449993 186850604 266281082
449017866 741509566 267400771 290556334 413880230
8994431 809155265 456532651 428476717 111920538
41621722 939916024 481429068 916819211 211557028
33017029 220191430 601617952 217057072 210832837
149640294 669846764 669454706 253906437 815555214
222424828 20984619 347442040 250023626 196749798
444272000 26237615 406119795 257661992 793523340
695946076 42395925 757797046 121826774 500753177
703103939 164639631 937220094 202448958 710793690
102924932 606950240 308504981 11679080 56111902
112983361 776627635 478976257 165575432 340873080
5301927 81833420 167481343 448478197 193103702
10187681 798542590 961028645 570642737 488701713
112877235 389807694 28088949 60316953 757335073
181976997 577062209 816072199 209896841 916208578
14073917 254891409 29420872 90668735 334725201
135298066 546323193 782708906 216775196 842328849
156067801 39833442 324322591 29700801 77723139
257147266 526002544 707151181 153737299 178903585
147142446 66008533 565863478 128128094 357839591
295957648 523861132 568767412 195652259 604759461
22963509 397225004 110234816 104908612 86724171
308931364 635712062 567330272 119554827 233676144
1287818 102449413 261400875 61560656 94617894
843977517 433659397 753378076 77193008 294639635
113252920 139295082 304131642 188629137 79982546
212537312 812146502 560350872 266710782 232268323
281911115 24765613 633788350 2156418 16163415
648951783 268016658 719082814 35642922 497608618
463224556 16288771 77314072 55120073 659660516
790036408 81293438 899804505 133599388 738680186
153009383 248091394 266133645 23556443 338810391
876394703 445432544 272016852 26700014 669222079
20627503 728563395 31197945 99726583 149299538
183669693 958202578 169683255 135794432 203581306
679948546 174718737 375310669 76128956 5839534
692917772 560599736 744409310 453279439 47625762
257223959 137775268 659851242 484026713 749637649
1000000000 1000000000 1000000000 1000000000 1000000000
71569595 589607484 50597435 18276046 434693239
248872773 733217032 496711509 93424396 550503934
148872080 216778648 105667214 38807868 82308071
162067687 937737425 635653818 83513367 760443386
181677592 465708324 167363716 162204248 330099723
198925952 571530203 573716347 179906489 916271383
804687867 16877230 56682620 49573758 400593285
853959913 181991966 490986812 122135262 560992376
588659600 94818352 231513669 70876298 771063966
957839329 163971008 531842431 111183575 881920094
194548033 509321581 296021605 14136561 197135134
232023570 852468271 490475697 225805143 727516416
670714298 523168244 780597219 453311871 373806026
1000000000 1000000000 1000000000 1000000000 1000000000
4402102 376534524 43529030 112713778 271109827
172658579 687338294 376264779 162505397 398875255
456555814 202600496 351161395 17385248 634713162
527346770 242810460 791500939 39247609 748447401
65904110 294004529 424478404 120468767 49248263
793832386 854280982 474812575 446066251 54320141
488279196 5387099 55819616 174989233 365734637
732872078 190099410 429269100 214904591 554412577
598998477 831765603 510707560 503195017 737728939
1000000000 1000000000 1000000000 1000000000 1000000000
111037231 627855378 265324086 9068392 98348535
271533863 798261830 436034539 209670814 352187787
447881298 250299795 437526898 6929711 298577697
841268337 513030044 801743219 12480229 415937289
27814510 71541090 240218415 56322327 121654944
175146118 124439833 994647444 108352720 919332267
129054325 892839913 378480161 79589901 156653556
177181929 913176777 742443204 190551004 604871959
1257564 624457936 466113216 374400154 183010255
2622694 759313409 699932087 945926179 647686535
537742164 368878143 117422809 179533355 163094273
581620986 449264465 254060054 226379406 944031960
309482629 457074376 368124910 13832722 247812172
615302526 647642325 549755264 39493251 499748881
146973905 94808765 505689995 20554729 261935645
156389534 187254263 743091584 253387820 772402042
454380491 38598877 17456277 69069179 369498237
650643796 169346868 895522669 127464979 394348585
499016772 544928161 188366003 41138620 22933617
582226731 577215556 477653158 353623110 28375167
51753496 325980691 412652618 60583449 372034327
70855633 335361771 453856077 191847705 792810171
69700078 93146581 202924326 113312027 756984439
73494912 582110330 714379850 173664744 892522486
126046576 6076222 168152677 8267784 95835128
284217618 359488909 673180532 242153886 191240810
77505665 17743377 168401801 228879035 376205340
103623876 244455088 251189941 277706399 777106102
30193016 27981742 633215876 44116355 296508439
73676250 710885792 990953156 257732982 526696958
463522673 89479581 106466406 45736864 294151763
473344821 190599689 412283362 49639448 764391029
453007297 38017928 184059281 15420216 106215020
767655657 59560015 949300238 76474924 229344094
765863835 323264984 80514622 52498843 676323289
814101664 357997241 415022103 75845737 694473880
93253749 105778358 219897307 99415712 522478753
175770332 326915532 642874615 107730838 540973559
173062408 279627157 406620556 224888102 368226390
218486517 486312787 428548982 256717506 639958310
207322795 36185758 594661765 685903 85971305
861588053 106830181 897637762 50198575 370538034
250478513 70103433 147676856 84769324 140001959
291753483 183740459 493199246 142579596 624464263
53816087 6785633 5507768 594198740 18770853
852975845 877098590 78566054 778337241 40298398
27350586 46118173 43538083 59700013 161705025
234322045 313379581 539985980 266757942 672293256
126267197 85287896 6599777 131000199 703043399
917278991 177408523 52244190 135302065 938970340
88769892 499689587 20980443 40905028 66947733
189981209 553012312 496565620 239299733 387525696
46887773 378396954 67152298 298582281 621949430
53036053 952407160 102904777 618205658 687267346
28716926 829721337 13367626 145376578 342030550
35985161 969211513 724973799 502336690 467045279
505825451 496786478 5264399 156901063 119438295
697275578 572641841 110554079 220796114 778305785
312017656 644973719 70642252 58426911 557213008
409770829 865438795 187897256 66406034 981414532
171574186 32897552 207317974 101386655 362950280
266700162 300493289 250651466 211748521 413443258
649852297 280031519 3278571 33295696 944510481
1000000000 1000000000 1000000000 1000000000 1000000000
187823957 200415271 115952337 20532605 152419834
612507934 953827581 190507288 216504836 460802702
97456771 5027650 344808858 159424417 654460764
251141799 212962612 945337001 196339481 871433802
113132412 81813931 68358555 106029711 111428758
214086123 362765538 525014978 187725936 518818557
250886308 22855210 225642178 162204205 130387836
416412692 138786146 739358807 168015488 957970595
198211791 16706795 531450640 491369470 1768582
572828742 50575880 953911944 525785343 23111892
425268629 361761173 465372915 384436558 11025062
877290266 714981282 586887744 480154859 42170414
143659336 161580257 135447544 159252596 202083183
247068494 325016131 291296334 194482220 429225167
203165750 528069796 440726644 166329564 98488998
250839012 959331331 613860667 239006574 271473125
186365584 483875008 301382100 181350500 223192139
191203883 877512061 714310889 255954096 811060535
911643248 411958692 857293862 769774318 724280474
1000000000 1000000000 1000000000 1000000000 1000000000
595498252 627005424 260839919 267465417 24156368
969897849 824089861 486885881 621362722 53789746
3607112 339980558 622419018 539739337 733284120
37338598 500907963 994549766 885726094 922400655
83208764 411480013 463283106 123017488 112848338
278483780 871573098 642246668 217795821 224502535
184472939 307778633 576363932 50893637 53299904
238181629 497919504 860548744 212974574 869636258
192733222 48388910 46473645 54804930 33168495
199565487 762293119 693377723 126862853 601924527
131806446 500134861 13857594 873331261 834843590
1000000000 1000000000 1000000000 1000000000 1000000000
235840927 771364465 570063565 250541978 19707351
260620537 887622187 712964807 257189415 395368916
111024147 18393048 295221074 105201330 569044665
230396036 443982667 949772102 237244034 645567607
21443927 299141125 454352397 40818941 361965981
402698515 575329750 879185917 57244482 446445890
424290936 152312767 449733445 399703043 29742693
975289594 320792484 987520997 555644245 37511292
70069461 708325316 334995007 184046583 196623834
239309844 802301544 513514308 261080261 265656093
66270914 74851979 547240766 123056909 469318615
127791595 110789425 704298198 152361668 682928239
440389267 548694103 230216894 53146437 17111878
461411765 821049176 411344034 686567549 31460466
889920114 191344324 343585632 53320283 3918997
962449130 416333245 477156703 416664288 19795920
221446695 524457101 499404035 105858796 668357839
255980267 679306105 897776588 129682050 883468169
80013663 673376858 733649340 13497920 440518829
179668521 730413773 978539441 172618964 493708298
586282611 37176837 25840253 228079735 517041728
956518557 446624371 167224341 292711095 547076992
43965794 577447096 391780357 29738816 144066381
95888511 944055712 885873163 217865954 533723368
199711404 115353177 219561989 200431540 183304274
987858863 143387422 340029234 229701191 894656804
186201274 21847084 49045496 12478620 403255963
606475327 52849067 467229203 265874935 588985209
661675524 102506610 98060073 2550308 12596884
972207181 483256828 310217643 305790944 58503233
155368630 563967209 782578928 82980102 160417410
286954667 713390171 785364202 141010988 334029720
42874257 362256288 424665127 230993200 118420850
273507051 490441660 553980923 266016578 208857757
310304675 845736048 256573356 2267308 124781995
347593124 999639633 655754544 62632127 630986558
7213989 248408183 818307918 467412536 514842287
9851930 389088563 963342885 782851061 975397609
24564776 170189490 688679485 23149428 600315160
301023623 367876311 850644813 39988873 773406232
67074916 160440069 199144208 113252702 74323141
190370515 731081361 536459835 223277441 313718312
499599379 265080986 69352060 85093415 2668700
990935874 718565493 141551511 280860507 766354982
693685297 7187679 102662870 34158278 139385998
774374113 213374270 984222286 72815535 504239949
24173553 30727202 67482106 761790684 26219262
306710499 574033805 506627940 793820534 32927744
154927307 57993831 144869678 111872800 517169024
201987802 101973038 295563964 264812485 766027026
678210181 418633221 257929920 23856568 344258214
731999492 466203476 272294963 108244660 918985814
100356802 82165150 29305094 48135493 203168781
148541613 213715272 39578043 140375466 830641506
482251135 159846240 156833370 53722950 557903489
735824664 411721474 184098024 174826711 869779022
11628246 219609281 403431721 120031356 666152413
21151101 393873446 865502516 147940669 871769658
106313256 793597502 4612550 132291084 146883890
541012203 907236129 32390272 163820291 503611117
94377720 625982577 788572674 227178 251087767
458426253 737867734 993886351 17675765 646714431
96033680 242608717 183282695 34499078 63760711
257490592 630229819 676631263 90914596 932416393
411046641 88315027 274787769 177944665 212290219
950875805 142147245 476069325 189812641 741965218
74430470 295674431 820977797 147093920 255650489
79876078 427092926 998791724 157318871 777307936
161618196 45649206 444475143 45757793 192122233
443490081 69077116 492335069 138576236 246933075
2182651 312247927 560506459 259574401 399507795
12535588 401266083 950943437 567298359 683872066
816218017 459839394 308578942 515785067 475994605
1000000000 1000000000 1000000000 1000000000 1000000000
5249360 343201198 197009532 90604889 199053748
53495764 406016854 289687800 981000772 246698181
260933895 373757880 296216952 50792278 374693057
298338308 918981008 515751307 248651464 377887994
836290334 875862453 84947654 119926814 580060519
1000000000 1000000000 1000000000 1000000000 1000000000
391910279 525938016 310760357 908675021 71772383
1000000000 1000000000 1000000000 1000000000 1000000000
198845652 515052181 792208003 10130164 59987162
285524873 757996702 876948093 65651016 278202053
197350511 839130404 175277268 37816781 142065001
262750060 892981462 665508133 71148713 649309721
276221379 428234040 98337241 92444490 45310202
382712406 686096095 343493453 571761701 53606193
555498615 578649328 54830506 229287789 23538929
886206476 924563934 379620795 472176877 57199929
819714234 446822445 940383803 170421197 201197471
1000000000 1000000000 1000000000 1000000000 1000000000
33717832 82567136 53795514 34210696 4210452
842761148 113466886 951049147 284487787 96218375
60086365 727640866 609821485 597634805 51274477
1000000000 1000000000 1000000000 1000000000 1000000000
56482935 194871367 424304779 34238692 752152528
173054026 298056157 647892258 290124128 856968907
68515688 30429809 22225694 109607292 161681108
702018030 162948799 906178144 186758040 573340754
40688716 53989279 123052216 80168714 324383044
947774223 920205675 191678482 94585789 818080404
169327271 17367475 61762821 73483413 757512955
405093061 569885234 180107136 83569665 868571204
253179428 242278849 896589192 474732749 595104629
1000000000 1000000000 1000000000 1000000000 1000000000
634753455 317420840 194753823 304667695 10318669
734482951 788802362 735295132 400407620 59767624
296054232 313057215 139874526 128532727 691982720
917438328 347898138 166723292 263058311 882001507
84029997 25070972 774329861 63699177 4050730
896637368 27331124 963321836 231590233 579101787
496871023 192988218 651929460 832606225 542717421
1000000000 1000000000 1000000000 1000000000 1000000000
362364337 236117663 19618365 4208212 470375045
900475345 316098365 21266641 21020141 606088992
6703682 116596576 161548481 392163139 79501259
44744658 419658206 918245716 550992928 912918355
673619223 461592076 4241244 196172331 175355099
826304069 949409125 188728997 258184096 265391833
36485700 27214648 560228652 39007423 620315992
806542857 150307688 860014236 134396624 837810193
568336190 367577128 77078739 46892383 116369542
872334006 477334917 268259212 136479303 150490070
330234818 342587919 539294498 432706057 421904099
1000000000 1000000000 1000000000 1000000000 1000000000
93443006 509485640 160753215 146486488 561537377
272896850 848579460 641117925 235928152 882406731
19026031 92527263 485323276 528919546 551503209
37629377 240979883 939473738 727834353 687197614
8833378 427899131 616847111 54763478 11085757
143497980 624004551 953733949 401704581 13791634
89524512 514593652 557852128 5844771 200401915
328462270 546331044 692899445 37221470 243703773
38549274 580774266 146917267 140083455 360475230
299504025 947983779 177561510 207396036 883369944
11060088 92401054 196734626 304457127 205785918
26922277 463441761 501612261 789600474 275692675
21935966 38983313 696404345 186352109 501562824
405158455 151484956 748600264 271775376 840457579
300546360 564526726 31655900 21015311 628528508
828913086 675403385 78725042 221889743 799937768
372812433 234524337 22186549 121494074 106076773
703506559 642872299 43438232 266983027 784170879
859039 326195516 413790833 439680901 6479540
13992216 437858941 601513865 862527057 952890088
581124381 214151072 124146666 137416792 511390822
724546208 532828090 171774210 145568515 855300348
808577638 89776057 807567363 245631985 732891925
1000000000 1000000000 1000000000 1000000000 1000000000
144563265 336375384 412761648 521058479 16128245
764945394 546834521 425155211 665979565 45399914
33501814 67894603 389492020 125478336 107499755
37135136 319752120 470307804 639920598 280745110
265033327 207020056 811420091 172945909 660317169
270543884 367798665 838497684 180803514 900978407
95058790 356157731 446219830 124962588 22588426
401010429 882710944 461308593 947029670 27074512
130826790 100119459 165700360 16301036 678170826
655982671 146948678 871092859 211749872 692810240
28595507 781447761 533768118 125228562 223278909
156345304 998159587 694173025 244763187 776059090
277358625 381567971 321107827 205255 674665864
1000000000 1000000000 1000000000 1000000000 1000000000
13656569 81715302 287805160 277354131 366353830
46151019 460207586 760836722 791066774 398421167
612061993 358451063 25983086 186321632 233260540
932900335 636263761 56310203 212225172 327448134
282764933 1975031 330189286 507904262 377394462
827187693 4568551 331381958 703048683 981548066
81025643 203644462 162469403 582797787 948409049
1000000000 1000000000 1000000000 1000000000 1000000000
529126097 249158356 11186556 73617322 376400818
909547650 611079244 98672617 240197223 650972566
50222308 348649691 280298059 111076985 24429970
81642879 361688771 556017787 217368094 640163964
530829159 328058579 39559052 19534146 617958347
625545714 877549161 142373377 40396627 835913095
154585011 106367969 145045373 38159860 80710475
578108929 177400475 447727362 125428347 931141184
299891109 81249591 324156024 57978905 3314811
869866695 838716414 482953862 191374013 10556639
664541192 179287911 995312864 757394397 692856256
1000000000 1000000000 1000000000 1000000000 1000000000
569595401 3716149 740097980 111836968 54311949
899593485 83319522 995258847 141432019 237915310
60420702 821705786 230645 76701310 157594003
236518274 912690063 454402029 250257386 310614275
804605084 598548739 144123145 488805293 728006897
1000000000 1000000000 1000000000 1000000000 1000000000
103067485 761758288 762359618 19893782 29786153
1000000000 1000000000 1000000000 1000000000 1000000000
109629483 218934805 180712804 86469379 630009362
278289044 921949304 202779034 166010173 642701270
136934672 96088068 252270537 388328213 57705802
916030154 679518870 474696547 548067150 58978496
12578455 210496840 304598967 884371129 49101782
751163731 474900083 435151265 977352859 58496148
683447474 173877925 275578777 10598863 43523129
732134044 319198602 563322601 22881362 627266675
139497133 379919410 10493912 603603023 116175949
1000000000 1000000000 1000000000 1000000000 1000000000
6914253 157084779 780478509 375922277 45211129
7043472 763184898 863600409 883473942 452716698
18802235 2225109 386693582 128078143 211142266
22921511 835636930 812997447 419729848 419395051
69000726 253794077 296181816 38874614 1053332
120206896 707856717 442479753 53457798 67933001
35088248 698386940 197155099 92745347 641020613
261517273 882719123 575718956 258417185 704419872
298427046 616675585 94930851 453207207 770789
338292134 981635105 541631432 525937642 40799269
636243221 108332715 3429155 45213805 263256287
890787762 438937743 235330905 185160458 377203927
490049365 516034212 24803267 19278982 31259988
520511751 655307583 191049678 354725885 49423907
461528961 219134592 470992814 23651148 754770492
546559731 263984269 772548605 71785741 825088998
254070283 96660391 43341589 1208425 320557151
992027663 858691090 82156027 235826530 455283881
96862593 589667864 112205734 172101784 587102207
161715816 702959931 387263033 199564187 912346087
697065308 749311496 69860163 132690661 17908262
835049499 788608573 173963266 186458847 57211829
176267781 154561702 162209895 6279658 206425288
241660946 412603966 544464662 211869390 398638674
4839433 771913073 177459625 157790570 695454944
23325365 995182448 190556278 526397710 980948428
328430582 475494398 151864407 135730365 20623235
801936927 933345171 315238784 516603840 41381996
522275837 218805679 399789861 15628614 25315308
761220693 459109466 504717525 75791119 477727464
640663365 313272930 9109317 70610812 286050268
923920620 867241107 120394460 190078771 842365631
103222125 336071580 183891191 35835487 754576979
282318932 612795306 193353282 227078434 959998760
22150002 293197045 2485703 8463220 503354831
221272316 298756970 378466275 260496161 712662557
840382577 3660965 2621825 182199471 335276213
913818178 350384622 251137435 268609725 849117251
437676670 21600867 858027697 63702268 47425598
776535846 311836935 997102986 70756910 131723290
603166166 921418587 281706414 609746443 288650596
1000000000 1000000000 1000000000 1000000000 1000000000
183523794 329352599 84005892 12906092 352520411
199448720 733582322 824539280 153673868 977734971
13618387 104539392 194327372 311032438 53998373
35375973 789448234 406234034 567956429 238689710
34367361 60767931 63568765 3996786 309230294
395811409 957686624 269881623 288302027 453191272
74655626 606847135 361088128 148824382 194968608
151570347 633816812 391182653 198277375 506771826
524324887 29063696 109268767 31392923 295647122
635215648 243819019 305709724 41631017 943698333
68102823 131451140 113391878 28951251 305115021
855304087 171984004 734498906 162703316 645038843
23688267 120624268 417414119 262947725 151962292
30662044 487333328 540671486 750234096 537368434
3008905 234619410 18878080 43879402 955388185
245406958 307319204 686531894 152241002 974482858
237242265 193027726 90145035 57159502 791611436
283381466 213676047 587461238 240360377 875857956
53774030 190695727 10661307 164427223 116395733
239062728 475430782 845671961 224792768 608922525
435729418 361845191 837778320 82716976 641155884
1000000000 1000000000 1000000000 1000000000 1000000000
5800511 242928961 144646237 122888390 94632057
5818825 541900127 697434853 537749031 165259728
189346 18398211 11419423 622544673 653794559
20335659 168384520 221358319 967222323 870993234
44665163 572613756 171157497 111300927 195048619
263269290 717223186 615093014 120990230 797552623
172290743 25227448 378001137 69536106 321399099
272004632 793141816 443405032 192888083 620470229
85743359 276907013 215403577 101254063 448153850
91672605 733267880 440871623 116441409 783923455
17748748 432237671 252283207 184539803 624430837
44197491 553705519 253545348 253147730 973260029
898876618 65301696 471633403 72560943 60653049
900732106 148546697 666749289 266445036 82882151
299749048 263390974 2522702 69718016 828110642
372963878 296698425 6765683 793797965 986669192
27322921 171605200 437723913 9202501 445379753
895639935 316007307 689457299 45769999 530108313
116748193 346633056 375835398 79368844 386228851
170801288 544718854 475356748 161644103 507454784
345066165 648947329 32276919 124289427 99906046
589506840 963328386 138118796 259033430 961583629
238005845 111918725 325146083 22534717 199250971
381260715 474589483 667108693 58552843 572107727
64016424 719437426 7637273 15668481 321323552
683946890 778674384 50845176 255890915 529173017
74053659 64388293 411256313 970780411 563604812
1000000000 1000000000 1000000000 1000000000 1000000000
219071867 562793844 26430950 162076709 404295668
320528958 580583218 151044002 248839890 543370919
3448000 399662296 588809869 62689766 163924186
129643276 884740099 647572356 189815773 357721126
429576581 100283789 127071778 31372675 180450372
524410544 170983195 965342772 248622074 263873563
39722165 72725018 519456706 222445033 445312000
47134539 102647154 890277263 284398492 615740834
65695630 178022196 620238293 59973377 62526695
255163846 347132392 686436588 286361087 398515893
432437476 126870199 38832489 10217123 388741100
686188544 173380300 475415239 211665298 890689762
290406467 150408943 53798456 38311024 535408046
562713826 342184008 102429724 170659172 873149075
471979826 625513588 98661379 195644809 203301241
679175546 760174725 134981944 270240489 413369223
119548418 164289206 564860815 116415008 6134547
557496265 883195031 745476692 568557219 25422825
404292896 965739696 232481843 338780736 27857781
920128474 990021086 290792377 956824641 50562062
713358816 13446379 641807721 4259394 207677060
719518964 65311370 721407862 245080718 263711665
649492865 303287108 569943696 238766521 403851133
1000000000 1000000000 1000000000 1000000000 1000000000
122222175 605857540 901240118 405439061 950331980
1000000000 1000000000 1000000000 1000000000 1000000000
288452877 178870961 81581099 23622107 185287819
519998946 203458127 160040929 213984427 358130615
122168003 492718077 291162976 103317003 311799670
229858156 699749862 818046762 204513206 805143251
91427246 91986861 246929576 142874147 29404627
465377514 369284682 304507092 559841348 56537336
160518586 79820609 495139099 19208553 303796788
383070943 80085451 534579902 283994624 984466890
266989459 270263148 7733084 21397215 758013309
434791486 410187021 186752334 142678499 777168408
301107222 267915650 147023799 52611495 59238180
308059170 983081379 237963696 255806733 937087226
145729098 229428157 306651846 54525239 175826277
220978018 320448882 338470282 178246972 603606974
809109771 616463601 967202073 380747341 694455171
1000000000 1000000000 1000000000 1000000000 1000000000
730235499 68484982 718560250 209960927 465391499
1000000000 1000000000 1000000000 1000000000 1000000000
686312902 483143259 283295716 159390931 13377868
896102799 867313159 571376372 316004471 41416980
1850269 196035785 483319146 716313117 15253073
32087008 339331360 630704361 829689284 644903950
413830123 33783271 800289020 145741857 46143658
864073742 115273321 957902470 153584461 412105586
276003217 221657636 490672867 16416187 122666400
449533004 807425853 690195429 68204719 573332928
107055793 314386234 141065753 109649967 832731009
225076437 354751999 612681092 247208795 950328787
273220933 325106715 171497708 161200493 685525163
865076161 459921606 186602043 194378386 729800094
170164356 111076683 220373112 96445448 227516027
776452830 131143616 657487819 128937411 511590413
189191249 155324647 174009201 29898937 273213019
322149176 783214710 200513372 128534759 474857422
625168525 100365599 63856490 34057909 483473156
946960361 189341005 361179638 35920109 801260952
140825647 8434879 673385796 123681338 10977082
215760654 489017341 853714742 287368593 104840732
230716797 231684924 14670361 86643167 87581881
439020748 486093509 189939069 208611840 918685846
45485814 210339030 33808533 56494036 89624734
286870837 248437053 145973507 72633725 511067593
682485949 53290398 635374426 63109655 29828470
719412315 93695317 769152284 213519862 421706126
164873410 424700735 326840395 141019993 674077401
268498721 516044145 870600171 184357229 804916243
152825105 481167198 108011468 57607086 75146132
206417706 508544326 402672568 235369145 616740041
106693073 331124697 343573983 21978145 329160256
160941560 405978174 887266376 235916605 836467409
174358270 473510119 140672024 285927055 282053584
755030250 766380150 148669020 289928328 507737222
188713865 85892019 625947342 153617577 160987229
270290672 412336267 668723649 164138229 797254310
559065922 27259054 61158822 195788629 574846595
838820106 467083999 167732296 215069156 575675935
9391112 15244446 180150560 30293101 696341063
46784296 763659887 227724743 715882804 939429726
379690872 237316012 234624850 4866070 185190459
563449845 244272738 283530146 69416726 890532807
326983540 126430019 87135916 32036311 537515444
419067740 785511718 189511935 199170708 667207021
4248696 209512968 138501992 113101538 570320350
145447603 862625386 395704881 120776288 862033889
170872942 30561033 29975095 158753313 82815018
273834835 142982181 578298596 205276965 728892613
41463981 447891650 46493782 165964417 99350499
156584039 663459507 115866596 286819508 577058132
153753040 222990710 384855966 74911986 492328278
243147108 354056955 523635095 118652660 527621191
139151080 265514518 316417967 90360792 555287763
250019911 368465313 941340008 272898755 583843581
66533355 656797203 424870861 900613164 698218637
1000000000 1000000000 1000000000 1000000000 1000000000
437475574 16418396 135004053 28934304 519973596
769850501 87430174 959740309 139381012 734104698
2649235 86831726 73784811 95108427 205958925
149715899 390309571 814915516 199386770 773938185
366297407 33250541 252469302 81778128 448049874
768503799 66363242 307276507 105883535 766894921
90246782 341532246 82092927 66778876 339285190
753675474 580487984 173576492 272617265 623745467
863913821 61251062 447209490 31154427 41110594
954846382 180527907 780596534 48668557 337311563
608919441 674120954 666692132 20107082 5257384
818417648 895114627 674398144 248759893 34209958
546496516 102629456 182526435 32831697 411018270
632174132 151724098 559422930 165189453 930803614
513934523 236201720 256411113 478518459 3212814
515994812 536609918 587326267 963111604 23988653
847771190 708583629 733903791 897221625 453727495
1000000000 1000000000 1000000000 1000000000 1000000000
50104698 332488338 49863100 150392301 257850268
161851704 764884647 632442583 244685760 822953777
288184595 126972814 832300032 15284162 164977798
517406820 176197642 838807808 155789233 611636746
82976374 81577952 303590745 114655855 394906209
139574793 534627981 679942474 155900474 799643224
395388544 722338926 646305622 14505722 216241759
787377072 836706320 696570612 34086669 492255050
210136539 394648837 194584894 30020656 66686397
953976418 479636919 243771909 254604889 770561770
5212025 237789194 8906484 411318592 182476067
51440648 308586586 703199308 736013260 241721442
30992721 308989538 485292868 97941366 443214722
60819880 915060533 605037541 202452526 958694794
33291646 40292038 75037482 78102866 44215473
263233020 117453005 987366938 155933094 791039700
443882016 103067818 38193397 105953096 425367642
528991042 179360819 138873368 184479852 645850703
425874572 455304334 6790566 64866863 632970428
496390393 970586904 173318445 247356546 703294037
7662049 4436041 643244772 74980649 257377216
35505469 996639621 907151349 266374101 398751852
16420350 131198755 167557133 131149395 331688787
35993206 580314770 753419951 233960657 608789392
16239918 197009956 190543808 190738844 482034568
157634605 308399433 945208965 283875031 979929428
20180498 936503568 32077651 509271742 453799220
23368344 980508054 313040106 859835368 879970478
435938516 383535687 339085164 572452133 28481758
641020411 634015232 989356074 606422426 30668204
239369165 18439102 140134305 107925017 27085631
241030030 850947523 622217017 267917587 38618304
300657717 71126527 343876708 176083275 217677301
302555549 173663112 591676282 200360942 490142118
244002370 166783600 19933165 119437629 44230655
250450177 320815964 649319626 276266303 93157382
580884807 791177677 721190872 147647944 701355299
1000000000 1000000000 1000000000 1000000000 1000000000
690510447 229907322 486622526 95479531 537826920
1000000000 1000000000 1000000000 1000000000 1000000000
363311597 231767467 298991793 41602834 29323136
366273056 806362912 738495680 593632861 32276300
38221301 936545602 112204195 174822383 54081201
238233838 971937172 289391153 563527887 58449355
697362947 378660519 18217337 23324570 193408651
722867011 669136883 115462534 42085311 314256488
773934664 127615817 301823270 589218140 457600887
1000000000 1000000000 1000000000 1000000000 1000000000
592183772 230853290 873627127 864929001 165651529
1000000000 1000000000 1000000000 1000000000 1000000000
443920081 331139258 201861711 5998875 231735440
950517715 408080103 388590504 12370777 589404575
6134093 93788499 245277490 659920890 27087798
450400224 876027433 546936959 660156763 27911681
166837865 217105145 70080639 59900935 179710944
815777317 763576575 99617558 76868458 478316711
433283830 124089749 341795308 7907429 191810715
791022167 170891593 789911716 19914928 226177938
706206265 302530800 564314993 379365480 272608158
1000000000 1000000000 1000000000 1000000000 1000000000
144039040 243662356 225462066 96658159 344941550
305498318 375085526 696246148 277719329 644544662
393974717 9003614 170978205 45062004 290823421
964575173 342360190 430558826 62759572 669353088
797928668 391767138 74488713 64100632 727462187
825078564 508076722 112513472 290000234 810045371
163283390 64411599 378265574 22730380 486155799
301933890 377636382 854959890 42709262 634450188
16226897 439128110 435901105 290660800 49641003
48991292 493172223 645379260 761391591 260646050
961487043 651426931 70586342 36311287 425250041
977676053 904233763 188925680 251675849 425910116
68552522 142098519 68837066 229561390 277733134
291252757 883290512 706438495 257504406 321760483
127218770 83425261 510181476 152240077 130992658
293579821 688016885 546261838 288334301 279004747
70859779 167562268 281466409 75905242 586244220
120949326 626992027 712732248 187775259 750467331
449171377 6486076 160716510 133332755 345978988
480608250 90351915 543965437 172967331 417132600
966299726 709326435 528202958 89930089 781745661
1000000000 1000000000 1000000000 1000000000 1000000000
323759998 194390715 113226876 513167737 111468
993507974 554247763 336795493 899178616 1132015
92764403 74435178 49866408 41440700 67299804
846942053 538553310 158351500 140308125 911731485
149811800 305548830 98305001 190085359 174943878
150767355 520811139 743884647 295121334 926315830
419152550 253735574 745976033 24502810 372653045
719398904 284711856 786206857 57202215 400520045
205345530 63836953 269839964 129318227 892376161
616479414 102428345 820575555 184219968 975376355
13426326 656667139 329081091 26820799 489129912
98314250 732257117 792803212 235947141 653452740
18086038 459930163 122827863 170353495 19661732
29208320 768077077 205726246 348108301 636240678
539113697 259013352 95388340 113986712 455991514
578939960 535823527 107977098 289075962 648587686
207179497 278628701 146230556 132894543 707033559
250367877 947372027 152759749 158393577 859380826
148712544 620423457 13574412 5487629 262796083
362424028 972557841 720969168 63260728 524619950
144732010 151619989 177469561 40766930 439816813
762772519 310659874 259982844 243747095 646233871
962654827 613467558 876336517 5838706 686923341
1000000000 1000000000 1000000000 1000000000 1000000000
192498580 803299188 116053 237447205 303793601
194049740 963621163 10332306 883735970 406236253
470890461 92466195 35428311 166457340 263473420
503289158 411339646 65390547 170221307 357459785
328368022 114126140 529231519 3060606 243107026
651963024 161988840 817208485 11144984 471430746
400249463 520132958 800428125 339676957 459268474
1000000000 1000000000 1000000000 1000000000 1000000000
303748746 315650398 17406384 58417495 260494118
673103593 697577185 19407362 255530658 836459054
55086614 178397166 531984863 105316102 576268098
244592337 334260247 836801165 142800336 998816150
578346796 197970707 361082478 256579904 40909033
608847679 253779009 403541392 664921408 57263935
92345292 73159598 527070295 132613559 91703810
247648193 546216956 589490535 217742551 148088365
225104534 74201674 213444738 546206459 15329374
501189286 745819138 675316692 582065096 33860970
92482918 383459040 6839152 37510772 699774257
336436080 387887286 236791818 74186683 987489965
945876000 412624346 672212631 50211578 14345964
954333735 494093003 961874443 154406192 57116994
139787290 62715781 99274283 4158176 108782516
162028077 477690050 464278433 273852963 578865728
316780691 281937994 168702292 20211787 512409942
371362663 980734092 703234282 21342148 520550463
169233893 24161664 144147384 79040469 25499673
792015903 79991126 672122982 125498063 186761273
53816648 447403406 94534174 127223029 256375693
172069870 839155349 125177616 181140916 358449727
537162770 32297590 379584129 88220298 81039927
861860934 72796940 983519416 110127098 873996538
140992253 159125440 245709092 32183752 456803643
152173598 375152889 699366640 224976530 999897769
495990370 208779754 41437332 162590840 595677979
892425566 375274595 75529949 178210652 756173603
544541014 900723303 961981518 504685213 638456983
1000000000 1000000000 1000000000 1000000000 1000000000
78698378 47413865 507302061 5793912 776378281
89243465 890964557 936036228 19880446 942148295
578773449 162044309 246048174 34736661 383754359
767579026 766035545 381330528 38706365 591745937
27284973 178225442 781235582 365981295 112728514
45040653 377105275 885023565 602863384 334354012
4905897 45313905 472647877 28043391 48742416
193428078 270731167 969510516 276775685 443727443
252504842 488289006 455235162 8692180 148030510
952784773 518011213 845441164 29072189 231202472
514883023 250251174 53695955 173618598 27265776
885206427 903231646 106174821 625880559 30914316
575808 161245006 793222598 145583148 899843076
201348093 670236583 974416188 170750855 968427362
180273769 595930515 351511275 158344603 132294929
270485389 855637169 562628530 246009513 302274541
140578760 468558989 80084844 33268610 505195363
160886111 687593454 734417797 184823108 864407087
202633205 191363422 36690254 115404808 575406941
289082340 408555093 54732972 162563575 818847620
720325541 109244604 613654328 59853780 470809771
952577190 178766995 759545808 121756513 634135707
166959338 811138832 85495867 4663990 244589022
495239810 948821072 493328643 6207154 608279488
168514775 494464637 134117350 46912688 162985501
222595883 558483287 181183324 295522404 545201976
437182171 19952067 174997299 264317 28760789
531799052 451674624 971046355 47207268 189646318
429449757 77018922 168453462 19276785 768987232
842352044 140697870 277571781 293104181 820310157
144066729 446191447 377094070 5430782 451568990
260083715 522513830 477565299 155582373 816506353
183525675 38805136 146673033 5340346 313241989
445760474 746492974 487228255 77451210 415600214
182506039 371940154 497161312 31855937 76818722
221935077 511439919 509860239 290605948 740960946
336198755 676239523 3532949 551478783 25971484
470102018 947629178 381249818 819599537 39274253
835180938 541820810 455827287 879495592 869865172
1000000000 1000000000 1000000000 1000000000 1000000000
348017032 13423639 37240735 27340403 261370760
414155948 327625712 143464210 54072914 601746493
79216404 30980865 436737365 141488288 289856873
270034994 693219897 446611077 174641073 557933444
26474029 176810303 88555252 54148226 306510227
47281590 520222524 488720104 499237027 472048041
341029260 21503065 374040579 3108230 30304209
998317102 992690674 926482901 8476996 256455878
654419485 70128846 14331095 12047071 283579753
786226832 230453666 282454232 38864257 419664038
130422445 491531164 693339868 50737336 117097271
229355013 550312878 741661980 97702134 696286743
264302632 654073531 2481759 155277900 13037182
600848970 763364132 139543155 190068779 854097607
142172277 237327236 180211225 50691555 311014113
211214628 376824063 841696564 144565582 766894790
430255679 411936704 100287984 140302039 612738072
489550876 806577496 170078516 145790929 626760615
19743680 76831799 247244036 273203712 481383416
23481799 441256903 534819951 983960760 927852532
134861222 726847519 278348652 137763777 570840614
269367594 947956249 747076020 165887412 655085757
140938498 353255920 64353124 79682371 571059229
606606794 939283271 75293923 293294928 932629734
252239481 50713861 99225508 6983033 47694732
940430833 377743853 181631696 252312907 649829569
639237519 217445464 3922621 230396019 489501741
642683356 639424508 120352623 272832326 847774040
260340814 215724279 105216987 8224274 695999945
945955513 281603644 157097586 224066721 755313710
25476323 423431097 144004264 454126159 40549364
34919956 788378712 297339543 770515514 64700116
408719146 37841976 373928772 52167008 331723302
471048319 179284660 959963750 211697122 544265834
752435701 96611899 362700932 5438879 193046465
762792437 190492305 864040149 83894974 575797920
526800778 769093187 452500410 9448524 1201686
976243229 972991996 844327243 375915191 21888483
805605787 436301229 1705307 69810683 508869987
869691455 705668356 27017879 121491284 669842284
188858080 45246782 625382397 306176420 10124318
962002374 764075636 637892790 322343643 59865910
20628817 595569732 7562326 75202536 224515710
174267791 696160858 48852835 182085625 233071069
795004677 328833610 168343202 101366945 437925962
861531483 643346073 186965161 120076372 784062473
518499165 328814859 72320183 28634644 80122738
565380060 640750433 113202123 33788566 408390877
77660681 325759507 148038615 196827970 337240171
221486575 592956495 949960595 237002621 469815451
212208014 219011626 144416541 76395361 463662545
236294366 319195480 968446117 168792131 803362278
752570915 66778309 49592903 140984089 792775385
791765422 621588269 80587903 212958747 828724189
168832763 30081675 463167288 65705837 215345809
302059702 470735410 875929707 95908079 491770649
418135837 233822710 210918245 230687787 532513379
797759841 384976982 270004539 243795375 847702258
254486561 78488913 520165557 128141687 268768414
283329031 728377584 580195075 192264457 298192505
113273663 138158152 131122059 2768706 300018573
549722362 735055738 624737462 23749022 533795780
709954784 622641355 164587041 100219363 92967186
916748188 749722439 167169043 144689409 788914160
312328828 252194815 26324748 334006883 2266929
821386705 296285879 82704201 784079018 18131653
126152529 255383292 114060691 121689502 133095999
228313010 839265638 300952193 250272167 543968449
417348119 81204577 875681829 79372187 79384323
637851149 105800385 948324932 148324557 923520974
188344781 428715107 623279074 56884014 227961524
256299925 671532691 709542595 196048409 678975432
75883212 11275505 334970138 85479994 34860486
186165797 40102318 384204832 126077740 727379940
290115891 55779739 412830397 33600709 302681417
848063965 148145382 799685288 63414769 594101942
59646772 470519415 162627892 89340388 840949876
221026796 928175659 715546628 190241761 963598643
317186804 636787194 4276967 79106729 519657616
498473901 835244432 69069936 191800156 691435803
171637712 163364225 232190601 49289986 133812055
972403204 182401341 563552255 109639092 395104171
325558764 623796069 26186887 190844641 466958364
807592440 931431391 85434449 212362094 913695012
389319177 168194133 24961721 118173719 626698400
924120789 247013177 105950068 266540880 754869579
91508133 214209812 212942203 116264525 466068663
142766648 427371888 320977271 162705581 926165702
169737194 403088951 61962127 216906350 211665294
305090387 753143996 351702240 242751309 592859454
899587915 46306526 797550196 34387115 310816359
1000000000 1000000000 1000000000 1000000000 1000000000
936220355 794428496 239922506 24233522 445561275
1000000000 1000000000 1000000000 1000000000 1000000000
106413122 32405161 574557301 89745325 314462664
584888253 41744411 852673665 195277465 653686087
617517842 82420906 47494003 208731651 492102423
820537623 861240409 168471593 224874731 667955772
80988387 54861804 170582978 114072 81261001
356068329 606149881 193375145 116681672 702612178
99689220 322704668 77766214 4097024 335615517
597307982 633843369 130901964 126825435 850157953
240584572 131687735 698797645 120083374 425942401
499324646 151079416 873946089 172879394 540728754
82313299 428406392 325628911 6821982 22118141
116974177 890253862 643761584 154111746 770658055
345617178 74872674 292561881 6947378 344639934
475929388 425991394 812908457 14256270 384836124
175273931 36493333 88247316 81192149 436266987
502771017 62823936 853608384 130473096 734351339
40363300 561959379 494416193 853718099 6496557
1000000000 1000000000 1000000000 1000000000 1000000000
565338111 296469436 165537990 198155361 233680922
747982451 363878493 261698624 233064245 283320020
393475181 36049006 79242359 32623313 120580829
513421453 62605959 909871823 248744170 800475195
302274682 17132168 105415660 280945513 407803106
302441105 934269486 319606759 288133509 848535099
36428139 434979550 75533705 385472051 20018640
134775483 523395411 359644946 827014602 59904114
127925474 19974339 567210888 31059873 8505730
632358485 38493400 981062704 228601553 852798721
39238134 820557461 146869952 777939949 599572534
1000000000 1000000000 1000000000 1000000000 1000000000
78323137 101283726 281096549 257381131 292341694
452995086 113212518 782451432 261323789 682057246
44006333 116834909 512223039 80549242 17320336
560997935 170248788 876176187 116745121 94825444
213379132 126055154 112152577 142289224 776605445
620475073 201869790 200323133 194466964 929875568
65777707 542865969 176490960 182194356 35031726
231114938 681114075 630762833 244938621 670774617
13478373 51919410 157289618 48214009 37869183
302016138 561264186 857518667 140304934 356549643
48496909 559348964 18623532 71058270 386085872
172155237 898712218 237595565 243511878 819589213
520233374 206501484 518681657 298928479 3445376
711184896 504123528 945932332 523821710 11427008
177202116 366691878 77301737 72161586 146082897
475731523 837003430 122994880 204579241 555991420
109477254 24775768 392017236 104987387 69827236
227511177 701009877 706066799 213035943 189162159
570145840 43566599 95960840 434673818 19692933
959078005 157988932 839499936 551566915 55473352
3254406 868033885 355945202 5182208 208929395
237157039 981342127 610460695 82913947 560037519
75993585 400399892 123459116 46936011 324486168
287780357 478611070 148393355 92612311 480136816
820260366 559408417 495262702 425029349 756847190
1000000000 1000000000 1000000000 1000000000 1000000000
752317559 108092465 53054307 72179874 5959660
768914345 577928592 76704993 255533676 837640501
309253991 193563037 275829628 77579830 66557562
1000000000 1000000000 1000000000 1000000000 1000000000
195838691 246926635 57377325 69649515 147838182
832335338 459259237 71140155 246862275 820045373
307326573 609875536 61990805 2188053 236987775
627228093 631422788 804343492 41886476 369995384
66890175 225364359 596145316 212901197 36522560
110362651 709918295 707398941 257766876 770762450
455465155 54690959 163931660 80361765 735406824
712810189 118921509 231509791 120554672 999179450
43243322 71459935 191717014 136049246 241479237
243025178 161701619 239436949 169554475 925882736
861313177 716545043 453742506 179020096 7284019
911123032 900462882 757874683 414299700 57365782
11057320 230193161 648478483 107323333 253457063
203238443 357498504 908489170 122684851 740469800
35830150 278183487 958567990 142629036 90958364
66847227 580910964 961936512 156899405 721203852
83383470 400649239 88850503 145673400 306731674
83598844 678760201 841004876 211135792 882491646
97802191 230245516 666625334 119778642 219202950
113693259 527577743 725671296 260800558 410108732
110625575 374091050 101743351 53297011 361518958
300101671 988029251 322556855 102939442 370195235
5096572 235488502 569788905 312062207 378528473
19371065 326051532 725462399 557909739 878301203
119710298 566552994 9202580 461824523 29815324
317740511 959368131 745848349 830654736 33144222
115126413 109897594 614473612 138428652 14995190
551811994 287218601 702831464 171640504 43700825
137856571 325863019 159722400 50400400 512950946
172382693 698457313 471831817 116482988 660108461
204949363 43557523 674525620 262010228 112551646
445217352 174484498 930084529 293112709 882061471
633983014 314437569 55650384 376217862 166639913
1000000000 1000000000 1000000000 1000000000 1000000000
19049971 599109901 417787921 113000081 184353864
208871143 919238754 701137756 133883149 813489000
21165460 348439730 341811239 539485094 1979705
231149744 922623581 437893608 888875396 31129639
214055149 474291468 11269986 87020542 582245656
402293699 501941760 199469840 236744570 738075454
847290790 288763408 557324598 389322008 597122210
1000000000 1000000000 1000000000 1000000000 1000000000
230779277 8200433 523676262 34612772 406037549
687168945 23903862 942860736 272592589 529974740
152577083 31896136 414938289 5557134 3338055
544776281 142802668 593231286 49171131 932065343
26011168 280966961 245843768 207887803 433885334
48431932 340098041 710977681 374515178 581004769
83629844 97296293 264118437 41269235 472176007
122275784 387609742 771026008 115909778 779570493
871185002 129909793 406106891 506367121 626546333
1000000000 1000000000 1000000000 1000000000 1000000000
23298719 226894655 490067798 86912411 258503175
58948061 338819528 581962620 148029292 676930484
79683161 703603982 15232691 137394158 586165402
201047626 725285934 437215453 187131995 821677296
389187485 558873611 1031138 357757943 254067748
901614991 730460569 1354114 581432511 877297827
313054343 106415359 235129518 737883 448700816
313322513 355561696 949815172 61011857 708459050
34689148 509313163 585186097 509218600 39325061
1000000000 1000000000 1000000000 1000000000 1000000000
623314216 845440151 340967488 881083897 550098887
1000000000 1000000000 1000000000 1000000000 1000000000
110002143 29193597 299572058 1142902 27514904
133264849 157214213 920361780 9824511 692271292
362107070 47672928 291564535 11224601 112922817
820139485 445788332 390769019 69717840 273254623
184417837 416127735 416132905 51799157 5078632
735251341 656596744 901275994 254254560 59933968
472578250 882281518 231853748 835844958 482517975
1000000000 1000000000 1000000000 1000000000 1000000000
280092521 337217105 327850210 23488029 94673374
309433531 501874639 977509595 38493426 271039535
26275218 124739739 205557107 201904476 221769891
209297902 410340861 206699169 281591428 330273333
40355877 897757436 9935516 263149316 96575665
792816997 959671293 79769058 266809146 169928105
155158788 188236792 268068415 22503231 15591591
555729116 593108165 346277271 678371525 57414717
220054118 198930014 60011207 21780856 357810820
570424517 876898310 89185702 69219881 847121396
312534774 3578194 161477425 588789258 671305204
457286397 9606265 783758828 910483544 688537900
87107141 332559984 74628890 79589362 710718440
196822758 636158884 82332075 83491540 884210086
934308188 805969136 899878845 374186010 284494428
1000000000 1000000000 1000000000 1000000000 1000000000
27052897 21239598 81564659 30139547 126584469
184159189 980659530 358069466 197152973 128845852
325503543 422684677 587764045 14327977 458763935
519445517 958115292 824810981 15286351 595770098
291960708 53036953 897362 56010769 64490671
484528797 127962710 744966076 157506092 857566308
753181795 368796230 51479799 94455545 85676824
941775674 812934605 90295656 109674956 510679458
431526537 125745946 554821650 33381824 237952540
595564523 465765086 869467924 58563758 656258649
54496687 416367027 102880827 14099715 159208832
106885162 485877762 637303941 214800082 649452126
74283671 158323253 280933099 54429988 512349890
206575926 401700290 404376580 210070462 874619660
35132869 387622722 158191269 887425617 579222644
40936678 416862511 817617116 916420599 882239319
390080769 144097570 154061216 105173999 31845450
888975293 418922304 207885158 195502514 853666170
17942958 606296515 425806284 13507807 357964163
18326628 848102445 563828437 251681712 901683628
149649683 366840462 76641025 122423943 403969023
797558992 781138494 187534920 236509778 687424637
16548063 842030098 127774493 33925636 127456476
168150392 851758035 696199452 139707971 366039325
234525727 49314458 180303530 2979065 681897503
265931506 274029789 403394965 126708049 855551124
127915310 71156429 385693410 48545550 799442599
269516449 181437103 862181241 244657942 963423252
246585264 218111668 447713030 7501354 361509326
786392656 874238146 452375811 18687276 428706576
534790761 727567115 10071484 183096983 211357790
785843404 927053392 34765415 284242716 220092902
18651232 195055836 176366010 28628253 751630851
173279408 636484468 241168312 85059199 758490964
53755400 11391609 13594974 295880568 60611046
1000000000 1000000000 1000000000 1000000000 1000000000
159437146 739804108 144422819 174062649 349088437
332526405 986715674 227028319 190536231 350959602
645397589 472843713 27021561 54846108 109754080
973533524 622665820 143425752 245304403 352552971
91259837 762183764 631124134 86758906 337416178
176044169 914678521 672130337 192975509 362747649
293302447 598863422 710376034 72273010 595535883
1000000000 1000000000 1000000000 1000000000 1000000000
76075239 213552009 167272827 144019931 316797414
108812737 805977799 497557322 157361236 369676781
269121314 361441039 436631590 92146612 346770009
295821265 437937816 694981138 260851469 594335335
804033638 469763706 317434640 653272031 885154590
1000000000 1000000000 1000000000 1000000000 1000000000
27186788 384926513 11222292 121300732 174359764
402302164 612254731 187399662 131524666 549897100
285406889 383277815 842093829 720904272 747556229
1000000000 1000000000 1000000000 1000000000 1000000000
743388376 447305931 859218719 421417801 382058630
1000000000 1000000000 1000000000 1000000000 1000000000
395545783 152808739 420729439 32289441 28540147
789635765 191804829 849861104 32600938 238317729
0 0 0 0 0
177498107 221219676 534781793 199673638 992683726
44357332 207076723 34777767 83443221 161535591
190158533 635833499 878611356 150955115 981963107
58069064 259530130 658226340 118293924 562368434
254889309 740186484 673329400 254172017 610847485
112065527 954812866 239165598 301948005 334857266
1000000000 1000000000 1000000000 1000000000 1000000000
82670606 10007006 71003514 1106713 496330047
274520955 442695637 506323136 217839264 881987103
19473177 360725997 262419143 50670160 302631704
87569355 577678783 637639111 132771559 562643715
4246668 302109114 38848659 577438723 813797424
36952272 318905501 937066900 803372998 984579072
101058223 45709181 200889634 58531408 230772708
210420485 201957363 629771736 150595005 920979560
229012097 98295377 92429739 147160445 53121434
986305578 428606394 105512365 212014148 682032692
35259477 193348233 88950966 57170482 860098695
87072798 432349015 478276446 137095642 867239247
31432378 22245218 30642930 504963362 148789136
42908668 512319222 531835687 588217214 657500363
765725178 138172910 212284699 943528760 361349425
1000000000 1000000000 1000000000 1000000000 1000000000
559223847 91666015 643817288 5215309 47282542
986338705 958997719 704732237 13787669 270127422
122740925 71247289 485652829 126565308 302806092
546772232 124207782 510305268 139264263 582154800
353476665 26221484 42684605 60945111 486919735
943534887 195908549 122785316 209688282 520743868
215975405 551682257 871625226 643393085 599393826
1000000000 1000000000 1000000000 1000000000 1000000000
249250528 187467207 142808134 179719965 50832234
689294481 886041458 334186341 974733769 54362586
65868896 285758586 120351400 156898216 743526255
181990034 361400907 464945225 259031176 829250062
881363184 151003020 708266085 785034618 134522676
1000000000 1000000000 1000000000 1000000000 1000000000
791995460 146679981 762890807 961215059 928348752
1000000000 1000000000 1000000000 1000000000 1000000000
219019789 192334819 38883282 62267133 212881456
527061217 696385587 108676545 197703385 811741623
565700093 58938509 156624079 114424327 155383283
822475682 192405088 405121318 257459929 438358599
87720590 175969174 220419587 117759780 26419327
179759343 748526718 426779487 168949502 51769096
5986034 340457395 3715657 1450076 239755566
328665659 758385444 263347461 133370813 433297880
676492907 254946109 661087255 166662107 3796061
726811979 908428821 760722907 385819052 32454563
267375408 570502129 886095253 106326749 204830131
308255964 637945274 952211567 106919757 273390720
371308539 121796579 892731374 132785005 22748849
796871475 124215290 947539881 287419567 162439734
195912278 532025154 33263165 206241118 85094387
632952334 897958949 134848543 218123885 974589619
238710003 33117756 60108665 9989446 51407936
276562092 341291239 904395264 26840075 853129394
645970804 63072395 612986535 744125654 16358023
1000000000 1000000000 1000000000 1000000000 1000000000
513611676 191326988 46743986 114987730 7934137
525394662 362436820 105440730 187800488 874169966
175172640 485273824 460348044 643363396 500546199
1000000000 1000000000 1000000000 1000000000 1000000000
820853472 545476162 53042735 594907142 818064657
1000000000 1000000000 1000000000 1000000000 1000000000
247399604 20855072 667994987 46216940 28598595
260587041 714560267 810069442 81692650 896315563
161703091 195754051 70206868 27142750 420010092
357170366 538699244 188894947 102341403 757420259
358963870 38141496 436266424 189413915 266097479
467675410 112550147 679005418 256942294 737168486
204528893 213516097 21557003 64090739 484490217
735407463 831629243 146084011 182062897 526059728
757338102 545266424 58553882 45826988 120748943
937401380 664863370 67729911 155453554 700024178
477351358 482799189 197529997 43452096 93272694
1000000000 1000000000 1000000000 1000000000 1000000000
8663039 274919188 666536451 956354435 941766733
1000000000 1000000000 1000000000 1000000000 1000000000
132457370 741354808 177292383 243469751 518241403
133770804 823856744 355201973 255383973 922558503
326186878 318840355 122946886 134646548 302132487
767877167 655179394 150087276 178684146 550475458
174037979 725709880 25831517 100517766 57069099
212275148 848899003 498284444 243093513 752329870
48896104 32692083 500607045 110609651 138957428
53058966 607581695 578556388 381919462 463260798
65347357 626152319 389835441 43593253 495226972
78112116 958054985 573600556 103835755 964462958
208674531 48874043 148209838 155127059 132455350
423591838 88763835 538870923 275179727 973108838
48051497 96116286 9953675 31646070 240330868
75679719 851514035 173913669 88766869 603331654
658492885 550937034 13074275 72783707 150893583
851061393 642691019 59070478 208017493 749504738
660056893 428016592 358737421 552041035 269820465
1000000000 1000000000 1000000000 1000000000 1000000000
426422347 13697392 178818287 43674590 51382084
514696114 137830343 487576547 69993130 737383484
251001284 694055969 12238397 24484852 16431177
320082819 897886713 424033519 58139995 129596298
428920968 385785779 147380712 64932311 380834128
997585612 641445088 188854031 188606792 632006700
61032837 627755210 720358376 199218073 162631356
280835503 671638672 907949189 214420126 307973586
216027035 212783406 219956542 22545234 107343006
263970582 952798587 727525313 50067360 159226647
6584912 67663962 751946850 3432092 541634228
267270606 482509625 848511174 261857967 654084240
234828541 183568840 831610884 32759607 350484750
531704126 188855772 865585384 70133821 988288111
12551088 53119986 376424889 681017356 207574942
27102133 779770844 634777239 699210298 396421541
184309787 162307952 228529000 36435439 72617505
242032187 870755291 231335265 75663984 228895506
48058020 417402109 245881506 53042152 129061189
204074862 625505888 637299535 85375762 761641205
151486218 82987036 182308526 14694086 311557779
874623038 206244949 506206373 31537735 346121258
79363225 535178728 310331410 49096473 392439511
448127058 711732141 677346975 62782503 506156560
102219366 80451759 558112645 119263212 501341990
270369219 566420237 944389786 237361269 512331378
931768401 255399434 54445413 23928207 712637812
955796998 462261951 76518715 194486678 784998360
566294300 440503032 338169036 33093806 73349020
685940783 902487954 614281351 33366900 597658824
450044488 250191769 532404341 41162600 344682072
526083414 287786850 912937167 57436066 774915000
129200532 284948209 290024 21839756 93774642
223333681 461502982 38453610 84239288 364979677
134605931 150516508 189940560 96973909 222339
164195571 188429085 541377111 397318059 9949986
106237416 193561393 98879883 212098981 85035743
860509274 362075832 259802139 266058907 438678203
43075842 423546962 13000737 43635779 286812228
232996126 530483017 428609836 218720204 962734864
206562969 140200318 253558210 185768472 41907489
401081258 439908932 822934901 494127267 50785915
140014681 312145207 67534540 67050900 98562404
270292290 501544108 747242317 175986892 319561032
77238775 120550498 437349655 82687923 64612291
401299357 178750976 938998150 266328343 921614035
483837224 171452629 829830617 34746800 710642904
723112905 242395151 878766597 62338197 892920857
23947510 65794937 59856704 201158256 51645227
51636369 734212295 240999450 590192669 273975705
221476244 348994648 636705229 180092291 508656117
258638814 451303642 995881948 201363841 824162356
155442486 62400992 207578189 276992326 359644260
204825757 114676728 608911586 287102766 503801834
573219339 74093203 18841498 95850588 354742969
871294190 161888936 491990021 117867060 625389375
28780420 143070449 501758700 81815319 553038200
828396962 184384275 549156466 178540202 983200861
12631886 162359156 1383048 59051647 358618788
25736457 216782716 521582439 157940016 836739813
159549721 548159780 35873137 8147804 88464095
997492270 773320681 35975840 21429396 567243551
367093276 126988115 110700341 202472666 245410277
818559906 598959893 161761389 244494461 574478538
781212267 172585367 754289468 246565674 782523835
1000000000 1000000000 1000000000 1000000000 1000000000
41106908 376669059 445777962 138159617 131038035
104713380 425067238 515409669 269150528 242539387
82025938 437721279 467721665 154950712 349016241
276144322 698311133 665838474 248128580 725154060
538234490 55118728 177724178 92118674 274880128
738119410 114400996 385063925 97606876 732471089
456467406 354291332 43679156 79253705 1031367
538578709 374443856 211246719 255090128 652916977
310787866 50388470 84523134 116651363 8432141
845084690 489123303 127610021 272729944 645640610
12479307 526933690 370222701 267281463 478603154
1000000000 1000000000 1000000000 1000000000 1000000000
501270351 294444815 101312257 153916815 332604449
983384783 415420626 241406644 198409975 536704583
93447770 66479256 326753721 101411829 632513589
264509963 543966909 361278743 167067395 837009005
679743739 256323682 143292253 166513161 793823458
691097174 265604013 245497417 260863201 857466340
84670453 271650817 210482434 22719978 29912752
247255055 469627928 864619414 120544805 505558457
4670436 83669213 18644863 209118805 85260353
4970346 469051234 860008605 259828235 486764168
126489217 426072061 156508588 244373356 301014337
200530416 471327156 462490937 251224538 531810484
403917734 145973202 439940582 450512314 2106948
423762877 544951572 468184047 949960769 2782641
331656 652339245 769651680 543275729 234554840
8042561 889684317 883859795 613750260 550100784
186141589 56124540 24070274 137508143 403230388
628008966 146182637 391306454 180665448 836986975
716006420 101596972 181920602 16263899 304194138
753385022 428469266 975248770 52549835 539502685
21480363 258367560 459197441 80046576 736777868
212930999 417347045 743318896 103705415 737336998
660720593 47320990 68167851 11842739 520519888
938614825 290428623 134325671 166661672 549801310
84460061 102379919 8893772 34460003 404457652
248889422 870952665 360543156 233999249 867070040
185999270 43686989 475102063 117370102 532026678
839997317 101444064 748090767 208926381 761753554
369617583 593464475 166195724 148800683 717689498
1000000000 1000000000 1000000000 1000000000 1000000000
14740203 517943794 84722511 510735119 188923203
25373936 973921754 571647614 551771618 332606829
17498503 312785919 314668794 147856131 368433734
73434315 485024942 699987824 170879905 749938061
7710191 48145930 136812695 68530696 88826514
34887353 858368858 672912199 94652875 213604798
5771198 380595380 55153627 188172192 396243922
13096201 428843083 631132363 273227790 406472799
57523753 132008841 531587890 126260540 760148072
160674031 149312597 827431189 190047137 817685271
511947814 320184240 169753550 2893891 171080596
923653390 851579241 552912715 40511654 643486812
724954781 147920594 549414599 60132548 12836051
846760325 449087652 795420671 62391923 156213473
125252940 14806954 168650011 129424094 150304184
167666189 514866072 943260002 192362255 470705129
19487248 20672307 135510896 216104099 177725174
32049393 212390234 470782600 837100864 892162552
461735399 268889330 153140701 11046366 186948985
577024723 583402109 909679514 40340718 251045945
413345853 318132259 895348749 818710678 160762554
1000000000 1000000000 1000000000 1000000000 1000000000
168287621 670571682 131955893 65407473 270280970
402133969 966057479 267695074 167030915 612394114
94275365 91155415 279076492 52370763 303706290
147904376 620985337 822108883 212382898 642882719
810589593 98368536 125115889 223686823 388840001
891498175 143214321 316706142 295362509 538436889
190876307 125677959 169483296 12202468 346771009
295786841 661793605 408537250 144023037 413900466
52724184 921833059 169976950 88883100 534715623
68471396 936340707 415536964 246197010 769852243
68901545 86366985 1456415 152505628 8632624
316864286 661236451 14013793 696320476 21590271
470665130 323235648 7831211 19079289 3516757
586801371 363663386 123418192 47809706 467943453
345079527 380183813 381388412 21396617 196153020
436832334 702294385 920759851 71527739 605989679
357419751 88250714 28373267 75085825 453014457
441365020 175443598 96047993 112717124 504532552
331054404 249245357 2509085 29236395 572825162
345667174 634624323 210264264 277837320 666694266
379117 226567945 385703657 189076691 313651995
256298744 730146604 792920257 278620484 466865213
826640934 175698133 39223375 6303254 597318722
879665076 891119745 61810456 36807750 734934538
13835516 416315440 78670355 34761761 49597911
107111496 790632568 531460617 198821645 166093561
28084869 23848253 334184787 112064061 104358898
70111168 302469491 920761702 124506493 979557354
106806241 26015120 106513347 38181290 626402028
588117053 868073145 107560105 45927644 834930248
203779707 65546742 479159061 84229084 167034390
523725375 99077202 559453274 225177492 541307649
697657373 617621851 18440900 1956514 537565216
707532542 997760818 107457757 26220458 963651428
16862529 66516767 349793158 10765709 146458769
185170950 516934260 973425676 81816378 156856927
59220591 396010062 58063465 34562931 367689103
138403611 675359126 590782823 221935068 719852203
141228086 254628724 138570284 278796446 771991201
395220816 968818892 159584681 285222661 972487414
555828884 576861389 309315906 447826246 4675167
741010197 876539055 490238251 589658703 9892107
504905111 46479876 467196866 74495694 701655578
790073291 70781850 705911826 96781104 755955802
267692278 179737653 20809728 67693075 9181709
989147688 847454834 165377359 498100989 21443305
101393515 208276974 206067995 272938638 93098898
141262144 729010525 265544270 289545868 683535639
371051804 101771784 561886213 427746513 6310610
791331632 949445571 744116204 470423651 12947132
293851450 55978549 21446593 150453677 500105370
865697720 91853481 758133839 197350108 857287414
35145374 74238792 45439164 734576051 110297114
50292530 361869373 737107611 740192274 474010731
160136774 269393525 165239199 158371630 49456777
947870179 963731141 272255681 552293071 55375225
49758878 706784851 171541929 131644433 510611741
262051722 742584025 246961561 167913553 547651509
154292685 87849003 86019279 38358991 84851415
175879960 478781968 837175323 65618904 608235772
523808494 568954382 4848361 1523621 420504582
583596506 927950164 333394953 37563729 669152360
112149481 127719897 32502323 158579448 318047038
305028361 598952091 680599476 165342777 423390262
744932836 398379475 914217648 520243970 219256841
1000000000 1000000000 1000000000 1000000000 1000000000
214613061 33217149 314246237 198815184 645881651
479200717 145219753 893056707 270372059 730053841
187150193 42385712 586362798 39687133 361146675
268631441 579038330 941295547 98087307 976450853
67967036 213658565 428250188 111408735 9175129
68745576 746298396 709311591 250573800 366061118
240409102 2550147 687931312 54399939 285233481
277178044 426445336 926423844 62174049 888096037
358138226 93751483 118470507 25650931 457895951
876266857 705032803 155774794 174994292 807444918
139924987 337631597 798936876 14493058 7774107
604187190 625133953 848453797 43692147 67367450
80172218 104889385 32421440 200254757 241850165
213716792 575763870 319744168 280164532 452304791
178647730 339600184 499308836 33291484 292323460
247548164 930067629 736415159 259814418 537759364
28451294 322870782 187614231 141300629 310137988
256145185 669855925 293949136 264833907 409041108
648061306 46429679 474606793 33694577 26044974
821312728 625451374 807518159 563202784 31451902
6492991 781935423 351624323 103858206 330710679
216647304 921825076 617343827 241136706 751076903
171776995 379828458 197448614 211075738 721270566
431168995 416027087 221797891 253043949 940580058
660870247 127380038 264697170 225462704 33599381
718118563 469076532 747051027 573802366 38112632
200340884 69201096 444095560 101237179 84720363
722304296 148473755 711602901 220077222 141044536
586435755 105198230 13821118 823273651 11298480
599227736 124313554 113742440 881423720 19651125
8696776 304442264 307296256 34724752 479151994
203842071 681733044 760523415 111265889 885028450
37277541 574138968 688484018 112027236 83897322
113001859 602092125 981026220 188547072 525008511
205240881 487842103 691137156 20197481 30720288
321022352 807684208 697461501 556207060 39206063
234337413 549857006 60502293 19747396 349051173
416363782 796962367 399946767 60925168 434576193
112363833 104036150 195657708 246201 922780339
246956347 692075495 287100730 289661758 984311777
166535645 48331922 85034083 209319720 396330113
255985557 406309736 793744046 229510479 534779195
47735455 20683138 337977675 105855184 54059957
146724585 944484642 360203020 246579520 344663618
606356978 204639997 60316639 66058663 184157316
621127440 525483240 155602272 114105481 652004947
295245760 85247967 119226625 1755727 81154861
648957761 973444813 185664725 247438299 487312883
812188237 81402545 449695786 77259249 226627185
860954680 102129751 716554947 220150646 755160977
88035470 9741808 177383652 124772817 12218883
161669876 642537097 239438807 175387015 590473943
23764290 441421665 488620466 129200164 310173433
44876446 449299546 674498255 210482065 598465314
39149597 475514391 141982094 51768996 662042202
257263465 610838527 860721729 186149858 880198153
208229618 122790501 18041484 13035669 68034333
265047944 627754829 268317320 242827185 727485431
491570381 61083848 430051847 145144569 152746307
939855222 125682965 462652830 237247479 826039780
761663910 22782836 589062358 105830014 216274883
845360658 94055573 706710031 114116968 839563792
299605704 247720783 64333215 11489339 175687328
855486387 554937279 116797252 191065544 660059375
329564460 69419335 596565761 254327586 18167282
369729869 331774642 680322166 379425695 51293564
345973132 230512597 115818180 231361212 347969507
446971690 899224201 117763245 280166682 463156283
194280954 43560734 852851901 148314338 110868513
270513197 534708078 870271268 281151638 348733986
101420651 273932770 56140952 159605308 13191304
762483623 608651046 376593100 173439012 56926295
82879958 425577453 225383594 63360010 485167180
168626614 794490281 761406480 143957486 884561648
900443507 766345678 143016427 106287502 615650438
1000000000 1000000000 1000000000 1000000000 1000000000
55757998 218703925 125234165 33356530 355486453
252069119 731282693 280969624 60273237 832012318
317135052 158920987 65491196 145143757 193402146
452354369 645636332 131218311 249951948 294676397
458834958 46218491 169241927 11057319 149007584
681019441 180168065 234850587 201416400 543434938
47301251 432012013 589802270 36621033 359910972
427700712 958021865 634884351 58431216 396087984
496071265 244729136 173606595 225940356 483267023
635047832 246262051 223639627 241478362 714238682
418004940 184102400 608318242 837103115 203272930
1000000000 1000000000 1000000000 1000000000 1000000000
615973287 181041033 694461834 34705486 188721591
689327893 183793216 883677130 44647308 460934076
99905542 441438253 223559999 38503671 407056937
121371651 580313250 436149037 242038919 782844657
145624206 261314479 94196039 33853936 541528910
934267069 304199077 95759811 206798192 755514457
287746926 42894914 46314843 251011911 27731324
941902715 242796570 679645558 558477444 33874692
116998822 778095227 109978542 146521170 365108243
170778896 827238615 638812379 255991346 766950785
334503159 389109017 110232468 69564601 47708431
863537816 554619550 277471996 601688553 47961713
96929933 69753679 479960577 263521600 542856303
161216842 354593259 981505779 288917409 793530071
218087891 207694989 52417550 121071362 177774082
305776824 251474074 880205725 282541412 595015168
235467645 198487064 200935983 45965744 513256701
381543330 257939677 994565349 74714590 830806991
597780251 287516124 51116561 76216643 211555295
767200719 978498208 59866898 253505100 365575642
22017608 191142923 129824010 30043557 97252852
37097436 456197389 504134016 758525402 766621716
276026353 191759575 482059952 134697069 66006822
286968418 861978738 522232850 257569362 69767230
26278853 894742099 73645537 154421610 781019968
32196036 958964988 369892952 720225863 994300470
177133166 146742267 139567088 24664961 43837810
296904379 414493932 733809701 271311013 328016327
83896108 539646825 290770803 384457806 14059878
139565006 829959393 991062199 574690617 26295105
70075243 27576766 80428404 143169301 630878820
642107265 982104871 115205667 223514714 738234996
39830090 330788314 541878422 338603857 268593898
48941068 369952962 860538495 670059018 876422182
672340819 723127443 42523513 36963034 11009497
869066158 893656941 123268428 210498829 546711264
2067139 612359971 40527114 179732259 96307730
9444097 913565896 797691901 847641934 478644176
202876205 486237918 257820837 156741873 65559418
254262874 637592065 553136953 269005209 371448714
129847627 17170059 107656813 176128701 33425349
210997415 314163075 213505843 270476951 486385311
276404769 593486122 62272469 171649491 327106421
347255593 731002131 236259043 193714702 655845356
249768281 136183541 549785616 27089962 222675877
268763226 939977723 738660474 253844301 306071228
201960088 637336638 43421571 217882335 77531
909515186 732173816 863285191 500246952 22725074
495657904 29126869 131242421 98535010 9510139
788961377 106236773 169271057 143365391 836785116
799122361 663939518 17421827 341162410 970568287
1000000000 1000000000 1000000000 1000000000 1000000000
237494655 218494364 123857044 88274907 456706172
243003655 986351728 698762516 94846353 524093664
51333180 614875623 326876892 44294734 103082547
98777670 804915084 438032792 263688200 760880343
63975380 543221673 8233224 20285561 751153669
169098936 673743065 122000917 100603170 825280068
6964794 359568666 887884087 1957834 68120396
154936776 433314137 906822980 24992937 348320388
88995922 112854040 210016245 186681206 41171995
360117725 146298769 434960065 226219645 217666802
17684062 15800634 300595499 166497563 179267221
234286714 422376991 727265894 193851864 975739539
221241321 205430507 20270569 39135397 238143690
359480030 623228876 998778571 40992425 617317497
205621315 36137729 393955435 6214549 406514250
776642509 153687053 529084104 104409547 522666249
97483762 430354171 37079621 50541099 23746141
320293467 884037308 686253615 73889027 236803844
97513366 85751357 145183581 381006796 45206719
309394517 487564218 207818587 407273064 56918942
218667223 91791890 22431772 5812220 109084432
940564686 259676198 448037576 44437089 349192460
139418156 199178426 431401508 847174176 151667325
1000000000 1000000000 1000000000 1000000000 1000000000
146646967 158687281 89160724 65049489 191453623
236774006 175344351 242870070 168927459 337557856
170049693 116740144 480465528 247182999 81063423
264990257 983236776 745226851 267000580 300064543
5723029 353200870 538747594 376302078 516544024
49608201 442711623 597443852 737403278 963046403
786159752 31311970 656715141 87544065 776877356
791273715 54072644 707154069 118442028 922085368
125953845 115213098 68418667 30204847 6717209
931725160 718933104 191014450 101017487 862826067
514881341 934697232 706523009 399199082 44554715
1000000000 1000000000 1000000000 1000000000 1000000000
462242174 120518258 166539786 159224482 130894051
516115591 167861552 547053726 233935572 137547550
22869657 68566576 121689396 69069465 836220582
25132458 337071041 765139528 868506919 932239411
168914537 71634798 521589605 20118695 203033127
584547993 166018919 602337108 112086755 769920720
320892321 842508661 740905801 596983870 792013772
1000000000 1000000000 1000000000 1000000000 1000000000
265432769 593488627 43027138 24994857 111522601
731290389 987613051 110752053 42392404 126022252
302538764 435306690 23007764 283344282 23034093
656633692 851008909 676687168 460121735 55977183
82308147 29368081 202281209 54221011 230567911
156411968 626734236 898323643 121434538 824166843
344209107 212397599 97203337 165828480 517922004
513952495 958736428 107000022 281475187 695416383
430124591 595301630 641736782 389415446 21708239
722174645 749725266 886597318 615684542 26920144
66945657 144127921 146197799 2034389 157214967
565299681 928566472 410860009 40240826 674393353
37651954 417777567 186319882 26848936 383569122
388958099 449314967 249599112 167181899 440210378
323464450 42602113 607891490 35048605 75170321
685140597 70166605 971533335 138731550 963915920
488463543 340564687 23968448 185038851 321007162
490203417 406613027 123911232 206657068 412007922
92995205 695542555 94531324 208040075 33703903
132596659 828792273 351313004 221486606 350491209
56463269 46547215 450452336 57691242 643827014
651729005 51741409 593603352 183376263 689121383
96740567 105365387 104256 645463484 509631341
715219159 703131687 6838664 878280156 602994672
255022575 670929735 463594721 269522946 565508266
1000000000 1000000000 1000000000 1000000000 1000000000
373678673 367639894 596895226 714827889 25212044
652302216 430710326 606481870 881207841 53407767
662364572 244932979 117830516 12130227 281695717
894185877 473748288 180790132 151233830 662828977
347968206 542167625 8622866 218214945 450108334
665219136 676366789 178366649 246231499 657839131
398618609 700024546 290488825 106148935 552869977
1000000000 1000000000 1000000000 1000000000 1000000000
365204985 264278801 58179735 56306511 440543654
403142297 993228420 267138777 129995762 747581085
106139407 44059891 2140308 61318627 835579343
661240557 84131209 190605873 124621443 875677798
10928619 201690303 260866035 99466086 109592997
268459079 221811462 673834047 293046696 727383310
82781631 643173412 620880410 909122235 64199147
1000000000 1000000000 1000000000 1000000000 1000000000
11935055 94763073 441990704 110460725 385682534
22495529 133698603 642082315 284492746 463122422
18799265 742315229 326416046 39541232 651955393
254526808 825471766 725393860 156889595 901509045
171806589 109227807 55023345 84885602 324534000
983870983 426729930 105250223 278861937 334359786
