20 10
287669993 240308916 545417481 633184136 16126830 605221593 191173515 511212588 844912797 917965464
1000000000 1000000000 1000000000 1000000000 1000000000 1000000000 1000000000 1000000000 1000000000 1000000000
414862691 170693576 673162255 898544395 447385208 303548728 556853975 907096723 158561570 674068232
1000000000 1000000000 1000000000 1000000000 1000000000 1000000000 1000000000 1000000000 1000000000 1000000000
103321274 119476004 593531385 24844021 11185974 64632533 275009859 483966861 354756050 5400683
112393237 499495604 820219796 457326384 678782545 409861063 481537350 750291026 632756708 751877405
48155328 245018125 211650358 277967355 122639007 156519977 625409856 152716923 4556501 275162359
789448852 415718854 840643673 777752648 145663306 396541094 633882926 243608310 25029193 599216043
552468423 443097043 585034757 584581101 760790204 387132343 856165668 347779133 372674815 774089256
1000000000 1000000000 1000000000 1000000000 1000000000 1000000000 1000000000 1000000000 1000000000 1000000000
442208086 101010230 409094337 133927036 271369594 904525709 277709884 959313160 364022297 892348149
1000000000 1000000000 1000000000 1000000000 1000000000 1000000000 1000000000 1000000000 1000000000 1000000000
524937882 182445353 309826636 3099695 455167269 434769192 236595766 437497459 774852673 58313498
775385925 212469636 486092283 216507500 751300877 455120790 522217231 938524634 997873615 710643529
63330298 951788813 337763413 205589837 543099448 572273689 494829768 755855631 114119958 753405162
1000000000 1000000000 1000000000 1000000000 1000000000 1000000000 1000000000 1000000000 1000000000 1000000000
119595976 439615957 408956507 798969582 288226920 348748223 603018501 133790943 385090122 637026286
196826800 489565746 741868479 996894530 753051143 634267646 688241879 913937820 496871354 861482240
375967694 445882017 371269470 453425714 158142789 214963008 776711730 75256955 433259533 242042771
1000000000 1000000000 1000000000 1000000000 1000000000 1000000000 1000000000 1000000000 1000000000 1000000000
249864924 433946853 163937252 561963197 73413067 719227600 34717419 882935220 132472549 488941283
251684148 897738358 322413045 745287822 551122645 888766379 40765409 902686427 996631194 638820660
380620235 580262321 192097679 79573804 146361428 273788696 190717987 501147759 271097901 117372084
1000000000 1000000000 1000000000 1000000000 1000000000 1000000000 1000000000 1000000000 1000000000 1000000000
527660064 202713650 540249750 162680180 281838671 49001603 592413893 580621055 305934842 296613245
1000000000 1000000000 1000000000 1000000000 1000000000 1000000000 1000000000 1000000000 1000000000 1000000000
935829227 768583186 764858051 765364501 17724766 15451674 237643290 137514209 271694280 245787651
962996534 871481970 804707914 789280904 113476653 266168356 686409954 613271512 888833991 723580504
208389570 77942529 336212559 158390122 332560650 523810624 9460888 680108335 404086677 247449556
213629101 769356491 455423722 564331328 792253100 578311601 305591251 753679834 607437817 255120152
423012207 780369901 120720107 40202107 339989244 342983176 427572216 30684705 230940750 7967095
521860403 920037602 854370911 178072308 824895629 807443927 886370353 439309083 647500354 298900755
269504350 190533940 194574891 421189357 71392126 876634245 260633316 437471538 324827013 681178449
835619474 504582100 892238536 621710677 907271067 978238230 348318321 632204051 357189460 728368892
356253532 889055210 26005428 319969586 678123874 143796672 232134110 429199243 142254389 344723379
1000000000 1000000000 1000000000 1000000000 1000000000 1000000000 1000000000 1000000000 1000000000 1000000000
0 0 0 0 0 0 0 0 0 0
256164708 225399172 556843742 615502147 513903644 662392837 39621108 816478671 555566754 984612848
710977446 887460030 707856237 299824547 684915673 567895575 852909372 267324723 794459814 702449259
1000000000 1000000000 1000000000 1000000000 1000000000 1000000000 1000000000 1000000000 1000000000 1000000000
