1000 2
0 0
2 0
2 0
2 0
2 0
4 0
4 0
4 0
4 0
5 0
5 0
6 0
6 0
6 1
6 1
6 2
6 2
6 4
6 4
6 4
6 4
6 5
6 5
6 5
6 5
6 7
6 7
7 7
7 7
7 9
7 9
7 10
7 10
7 11
7 11
9 11
9 11
9 12
9 12
9 12
9 12
10 12
10 12
12 12
12 12
12 12
12 12
12 12
12 12
14 12
14 12
14 14
14 14
14 14
14 14
14 16
14 16
16 16
16 16
16 16
16 16
16 18
16 18
16 18
16 18
16 18
16 18
18 18
18 18
19 18
19 18
20 18
20 18
21 18
21 18
22 18
22 18
22 18
22 18
22 19
22 19
22 19
22 19
22 19
22 19
22 19
22 19
22 19
22 19
22 21
22 21
22 22
22 22
22 22
22 22
24 22
24 22
24 22
24 22
26 22
26 22
26 24
26 24
26 24
26 24
26 26
26 26
26 26
26 26
28 26
28 26
29 26
29 26
29 27
29 27
31 27
31 27
33 27
33 27
35 27
35 27
35 28
35 28
36 28
36 28
36 28
36 28
36 28
36 28
37 28
37 28
37 28
37 28
38 28
38 28
38 28
38 28
38 29
38 29
38 31
38 31
39 31
39 31
40 31
40 31
40 33
40 33
40 33
40 33
40 33
40 33
40 33
40 33
42 33
42 33
42 34
42 34
42 34
42 34
42 34
42 34
42 34
42 34
42 34
42 34
42 34
42 34
42 36
42 36
42 37
42 37
44 37
44 37
44 38
44 38
46 38
46 38
47 38
47 38
47 39
47 39
47 41
47 41
47 41
47 41
47 43
47 43
49 43
49 43
49 43
49 43
49 43
49 43
49 44
49 44
49 45
49 45
51 45
51 45
51 45
51 45
51 47
51 47
51 47
51 47
52 47
52 47
52 47
52 47
52 48
52 48
52 49
52 49
52 49
52 49
52 49
52 49
52 51
52 51
52 52
52 52
53 52
53 52
53 52
53 52
53 54
53 54
53 55
53 55
53 55
53 55
53 55
53 55
54 55
54 55
54 56
54 56
54 56
54 56
56 56
56 56
56 58
56 58
56 58
56 58
58 58
58 58
59 58
59 58
59 58
59 58
59 58
59 58
59 59
59 59
60 59
60 59
62 59
62 59
62 61
62 61
62 63
62 63
62 63
62 63
62 63
62 63
62 63
62 63
63 63
63 63
63 64
63 64
63 66
63 66
63 66
63 66
63 66
63 66
63 66
63 66
63 67
63 67
63 68
63 68
63 69
63 69
63 69
63 69
64 69
64 69
64 69
64 69
64 69
64 69
65 69
65 69
66 69
66 69
66 71
66 71
66 72
66 72
66 72
66 72
66 72
66 72
66 74
66 74
66 76
66 76
66 78
66 78
67 78
67 78
67 78
67 78
67 80
67 80
67 82
67 82
68 82
68 82
70 82
70 82
70 82
70 82
70 82
70 82
72 82
72 82
72 83
72 83
72 83
72 83
74 83
74 83
74 84
74 84
76 84
76 84
76 84
76 84
76 85
76 85
78 85
78 85
78 85
78 85
80 85
80 85
82 85
82 85
83 85
83 85
83 87
83 87
83 88
83 88
85 88
85 88
86 88
86 88
86 89
86 89
86 91
86 91
87 91
87 91
87 93
87 93
87 93
87 93
87 93
87 93
87 93
87 93
88 93
88 93
88 95
88 95
88 97
88 97
88 97
88 97
88 99
88 99
88 100
88 100
89 100
89 100
89 102
89 102
90 102
90 102
90 104
90 104
90 106
90 106
90 106
90 106
90 106
90 106
90 106
90 106
90 107
90 107
90 108
90 108
91 108
91 108
91 110
91 110
93 110
93 110
93 110
93 110
93 110
93 110
93 110
93 110
95 110
95 110
95 112
95 112
95 113
95 113
95 113
95 113
95 114
95 114
95 116
95 116
96 116
96 116
96 116
96 116
98 116
98 116
99 116
99 116
101 116
101 116
101 118
101 118
101 119
101 119
101 121
101 121
101 121
101 121
101 121
101 121
102 121
102 121
103 121
103 121
103 123
103 123
103 123
103 123
103 125
103 125
103 125
103 125
105 125
105 125
107 125
107 125
107 127
107 127
107 129
107 129
107 131
107 131
107 133
107 133
107 134
107 134
107 134
107 134
107 134
107 134
107 136
107 136
108 136
108 136
108 136
108 136
108 138
108 138
108 138
108 138
108 139
108 139
108 141
108 141
108 141
108 141
108 143
108 143
108 145
108 145
108 146
108 146
108 146
108 146
108 147
108 147
108 148
108 148
108 148
108 148
109 148
109 148
110 148
110 148
110 148
110 148
110 148
110 148
110 148
110 148
110 149
110 149
110 151
110 151
112 151
112 151
113 151
113 151
114 151
114 151
114 153
114 153
116 153
116 153
116 154
116 154
117 154
117 154
117 156
117 156
117 156
117 156
119 156
119 156
119 157
119 157
119 157
119 157
119 159
119 159
119 159
119 159
121 159
121 159
121 159
121 159
122 159
122 159
122 159
122 159
122 159
122 159
122 159
122 159
122 161
122 161
122 162
122 162
122 163
122 163
122 165
122 165
124 165
124 165
124 166
124 166
125 166
125 166
127 166
127 166
129 166
129 166
130 166
130 166
130 167
130 167
130 167
130 167
130 168
130 168
130 168
130 168
130 170
130 170
130 172
130 172
130 172
130 172
131 172
131 172
131 173
131 173
131 173
131 173
131 173
131 173
132 173
132 173
132 173
132 173
132 174
132 174
132 175
132 175
132 175
132 175
132 175
132 175
132 175
132 175
132 175
132 175
132 175
132 175
132 176
132 176
132 178
132 178
132 178
132 178
134 178
134 178
135 178
135 178
135 178
135 178
135 180
135 180
135 181
135 181
137 181
137 181
139 181
139 181
140 181
140 181
142 181
142 181
142 183
142 183
142 184
142 184
142 184
142 184
143 184
143 184
144 184
144 184
144 184
144 184
144 186
144 186
145 186
145 186
147 186
147 186
149 186
149 186
151 186
151 186
153 186
153 186
153 187
153 187
153 188
153 188
153 188
153 188
153 190
153 190
153 190
153 190
154 190
154 190
155 190
155 190
155 190
155 190
156 190
156 190
156 191
156 191
156 191
156 191
156 191
156 191
156 193
156 193
156 193
156 193
156 193
156 193
156 194
156 194
158 194
158 194
158 195
158 195
158 196
158 196
158 196
158 196
158 196
158 196
158 198
158 198
158 198
158 198
158 200
158 200
158 202
158 202
158 202
158 202
158 203
158 203
159 203
159 203
159 204
159 204
160 204
160 204
160 206
160 206
162 206
162 206
162 206
162 206
162 207
162 207
162 208
162 208
164 208
164 208
165 208
165 208
165 208
165 208
166 208
166 208
168 208
168 208
168 208
168 208
168 208
168 208
169 208
169 208
171 208
171 208
172 208
172 208
172 208
172 208
174 208
174 208
174 208
174 208
175 208
175 208
175 208
175 208
175 208
175 208
175 209
175 209
175 211
175 211
176 211
176 211
176 213
176 213
177 213
177 213
177 213
177 213
177 213
177 213
178 213
178 213
179 213
179 213
179 213
179 213
179 213
179 213
180 213
180 213
180 213
180 213
180 213
180 213
181 213
181 213
181 213
181 213
183 213
183 213
185 213
185 213
185 214
185 214
186 214
186 214
186 215
186 215
186 215
186 215
186 215
186 215
186 215
186 215
186 216
186 216
187 216
187 216
187 216
187 216
187 217
187 217
188 217
188 217
189 217
189 217
191 217
191 217
192 217
192 217
192 218
192 218
192 220
192 220
194 220
194 220
194 220
194 220
195 220
195 220
195 220
195 220
195 222
195 222
195 222
195 222
195 222
195 222
195 222
195 222
195 223
195 223
195 223
195 223
196 223
196 223
196 224
196 224
196 225
196 225
196 226
196 226
198 226
198 226
200 226
200 226
202 226
202 226
202 226
202 226
202 228
202 228
204 228
204 228
204 230
204 230
206 230
206 230
206 232
206 232
206 232
206 232
207 232
207 232
207 232
207 232
207 233
207 233
208 233
208 233
208 233
208 233
208 234
208 234
208 234
208 234
208 234
208 234
208 235
208 235
208 236
208 236
208 236
208 236
208 238
208 238
208 239
208 239
208 239
208 239
208 239
208 239
208 239
208 239
209 239
209 239
209 240
209 240
211 240
211 240
211 240
211 240
211 241
211 241
211 241
211 241
213 241
213 241
213 241
213 241
213 241
213 241
213 241
213 241
213 241
213 241
214 241
214 241
214 241
214 241
214 241
214 241
214 241
214 241
214 242
214 242
215 242
215 242
215 243
215 243
215 245
215 245
216 245
216 245
218 245
218 245
218 246
218 246
220 246
220 246
221 246
221 246
223 246
223 246
224 246
224 246
224 246
224 246
224 247
224 247
224 248
224 248
225 248
225 248
227 248
227 248
227 249
227 249
229 249
229 249
229 249
229 249
229 250
229 250
231 250
231 250
231 250
231 250
231 250
231 250
231 251
231 251
232 251
232 251
233 251
233 251
233 253
233 253
235 253
235 253
235 255
235 255
235 255
235 255
235 257
235 257
236 257
236 257
236 257
236 257
236 259
236 259
237 259
237 259
237 261
237 261
239 261
239 261
241 261
241 261
243 261
243 261
244 261
244 261
246 261
246 261
246 263
246 263
246 263
246 263
246 264
246 264
246 264
246 264
246 266
246 266
246 266
246 266
248 266
248 266
249 266
249 266
249 266
249 266
249 268
249 268
250 268
250 268
250 269
250 269
252 269
252 269
252 269
252 269
252 271
252 271
252 273
252 273
252 273
252 273
252 273
252 273
252 273
252 273
252 273
252 273
254 273
254 273
254 275
254 275
254 275
254 275
254 277
254 277
254 277
254 277
256 277
256 277
256 278
256 278
257 278
257 278
257 280
257 280
257 280
257 280
257 280
257 280
257 280
257 280
257 280
257 280
258 280
258 280
258 280
258 280
259 280
259 280
260 280
260 280
260 281
260 281
260 281
260 281
260 281
260 281
260 283
260 283
260 285
260 285
260 285
260 285
260 285
260 285
262 285
262 285
262 287
262 287
262 289
262 289
264 289
264 289
264 289
264 289
264 289
264 289
266 289
266 289
266 290
266 290
268 290
268 290
268 291
268 291
270 291
270 291
271 291
271 291
273 291
273 291
275 291
275 291
275 291
275 291
275 293
275 293
275 293
275 293
275 293
275 293
275 293
275 293
275 294
275 294
277 294
277 294
279 294
279 294
279 295
279 295
281 295
281 295
281 296
281 296
281 296
281 296
281 297
281 297
281 298
281 298
283 298
283 298
283 298
283 298
285 298
285 298
287 298
287 298
288 298
288 298
290 298
290 298
290 298
290 298
290 299
290 299
290 301
290 301
290 302
290 302
292 302
292 302
292 302
292 302
292 302
292 302
292 303
292 303
292 305
292 305
292 305
292 305
292 307
292 307
292 309
292 309
293 309
293 309
293 309
293 309
293 310
293 310
293 311
293 311
293 311
293 311
293 313
293 313
293 313
293 313
295 313
295 313
295 314
295 314
295 314
295 314
295 316
295 316
295 317
295 317
295 317
295 317
295 317
295 317
295 318
295 318
295 318
295 318
295 320
295 320
295 322
295 322
296 322
296 322
298 322
298 322
300 322
300 322
300 323
300 323
300 325
300 325
300 327
300 327
300 327
300 327
300 328
300 328
300 329
300 329
302 329
302 329
302 331
302 331
302 331
302 331
304 331
304 331
304 333
304 333
306 333
306 333
306 333
306 333
307 333
307 333
307 333
307 333
307 335
307 335
307 336
307 336
309 336
309 336
309 338
309 338
310 338
310 338
310 340
310 340
310 340
310 340
312 340
312 340
312 342
312 342
312 342
312 342
312 343
312 343
312 343
312 343
312 343
312 343
312 344
312 344
312 344
312 344
314 344
314 344
314 346
314 346
316 346
316 346
316 348
316 348
317 348
317 348
317 350
317 350
319 350
319 350
319 350
319 350
319 351
319 351
319 353
319 353
319 354
319 354
319 355
319 355
319 357
319 357
319 359
319 359
319 360
319 360
321 360
321 360
321 361
321 361
321 362
321 362
321 362
321 362
321 362
321 362
321 362
321 362
321 362
321 362
323 362
323 362
323 362
323 362
323 364
323 364
324 364
324 364
324 365
324 365
324 365
324 365
325 365
325 365
326 365
326 365
326 366
326 366
327 366
327 366
327 366
327 366
327 368
327 368
328 368
328 368
329 368
329 368
329 368
329 368
329 370
329 370
331 370
331 370
331 372
331 372
331 374
331 374
333 374
333 374
333 374
333 374
333 374
333 374
333 376
333 376
333 376
333 376
334 376
334 376
334 378
334 378
335 378
335 378
336 378
336 378
336 379
336 379
336 380
336 380
336 381
336 381
336 381
336 381
337 381
337 381
338 381
338 381
338 383
338 383
338 383
338 383
338 385
338 385
338 386
338 386
338 386
338 386
338 386
338 386
340 386
340 386
340 387
340 387
340 388
340 388
341 388
341 388
341 390
341 390
341 390
341 390
341 390
341 390
341 390
341 390
343 390
343 390
345 390
345 390
345 390
345 390
347 390
347 390
347 392
347 392
349 392
349 392
349 392
349 392
349 393
349 393
349 393
349 393
349 395
349 395
351 395
351 395
351 395
351 395
353 395
353 395
353 397
353 397
354 397
354 397
354 398
354 398
354 399
354 399
354 399
354 399
354 399
354 399
355 399
355 399
355 400
355 400
355 400
355 400
355 401
355 401
356 401
356 401
357 401
357 401
357 403
357 403
357 404
357 404
357 404
357 404
357 405
357 405
359 405
359 405
359 405
359 405
361 405
361 405
362 405
362 405
362 405
362 405
363 405
363 405
363 406
363 406
363 406
363 406
363 406
363 406
363 406
363 406
363 408
363 408
363 408
363 408
364 408
364 408
364 410
364 410
364 410
364 410
364 410
364 410
366 410
366 410
367 410
367 410
368 410
368 410
369 410
369 410
369 410
369 410
369 412
369 412
369 412
369 412
369 413
369 413
371 413
371 413
371 413
371 413
371 413
371 413
373 413
373 413
374 413
374 413
376 413
376 413
376 413
376 413
376 415
376 415
377 415
377 415
377 416
377 416
377 417
377 417
377 417
377 417
379 417
379 417
381 417
381 417
381 417
381 417
381 418
381 418
382 418
382 418
383 418
383 418
383 418
383 418
383 420
383 420
383 420
383 420
383 421
383 421
383 422
383 422
383 422
383 422
383 423
383 423
383 424
383 424
384 424
384 424
384 426
384 426
384 428
384 428
384 429
384 429
384 431
384 431
384 431
384 431
384 433
384 433
384 433
384 433
385 433
385 433
385 434
385 434
386 434
386 434
386 435
386 435
386 437
386 437
388 437
388 437
388 439
388 439
388 440
388 440
388 440
388 440
388 440
388 440
388 441
388 441
388 441
388 441
388 441
388 441
388 441
388 441
388 443
388 443
389 443
389 443
391 443
391 443
392 443
392 443
392 445
392 445
392 447
392 447
392 447
392 447
392 447
392 447
392 448
392 448
393 448
393 448
394 448
394 448
394 448
394 448
394 450
394 450
394 452
394 452
395 452
395 452
396 452
396 452
396 452
396 452
396 454
396 454
396 454
396 454
397 454
397 454
397 454
397 454
397 454
397 454
399 454
399 454
400 454
400 454
401 454
401 454
401 454
401 454
401 454
401 454
401 454
401 454
403 454
403 454
403 454
403 454
405 454
405 454
405 454
405 454
406 454
406 454
406 456
406 456
406 456
406 456
407 456
407 456
407 457
407 457
407 457
407 457
407 459
407 459
407 459
407 459
407 460
407 460
407 462
407 462
407 464
407 464
407 465
407 465
408 465
408 465
408 465
408 465
408 466
408 466
410 466
410 466
410 466
410 466
410 468
410 468
412 468
412 468
413 468
413 468
413 468
413 468
413 468
413 468
413 468
413 468
413 468
413 468
413 468
413 468
413 470
413 470
413 470
413 470
414 470
414 470
414 471
414 471
414 471
414 471
415 471
415 471
415 473
415 473
415 473
415 473
415 475
415 475
415 476
415 476
415 476
415 476
417 476
417 476
417 476
417 476
417 476
417 476
417 476
417 476
417 476
417 476
417 477
417 477
417 479
417 479
417 481
417 481
417 481
417 481
417 481
417 481
417 483
417 483
417 484
417 484
417 485
417 485
417 485
417 485
417 485
417 485
417 486
417 486
417 486
417 486
417 486
417 486
417 486
417 486
417 487
417 487
417 488
417 488
417 488
417 488
417 488
417 488
418 488
418 488
420 488
420 488
420 488
420 488
420 488
420 488
422 488
422 488
422 490
422 490
422 491
422 491
422 492
422 492
422 494
422 494
422 496
422 496
422 498
422 498
422 498
422 498
422 500
422 500
422 502
422 502
422 502
422 502
422 503
422 503
422 503
422 503
422 503
422 503
424 503
424 503
426 503
426 503
426 504
426 504
427 504
427 504
427 504
427 504
429 504
429 504
429 504
429 504
429 504
429 504
429 504
429 504
429 505
429 505
429 506
429 506
430 506
430 506
430 508
430 508
430 508
430 508
430 508
430 508
431 508
431 508
431 509
431 509
431 509
431 509
431 510
431 510
431 510
431 510
431 512
431 512
431 513
431 513
433 513
433 513
433 515
433 515
435 515
435 515
437 515
437 515
437 515
437 515
439 515
439 515
439 517
439 517
439 518
439 518
439 519
439 519
439 520
439 520
440 520
440 520
440 522
440 522
440 522
440 522
441 522
441 522
441 523
441 523
441 524
441 524
441 526
441 526
441 526
441 526
441 526
441 526
441 527
441 527
441 527
441 527
441 527
441 527
443 527
443 527
443 527
443 527
443 528
443 528
444 528
444 528
444 528
444 528
444 528
444 528
444 528
444 528
446 528
446 528
446 528
446 528
446 528
446 528
446 528
446 528
446 529
446 529
446 530
446 530
446 531
446 531
446 533
446 533
447 533
447 533
447 534
