1000 4
0 0 0 0
66 0 0 0
66 0 0 0
66 0 0 64
66 0 0 64
66 0 0 85
66 0 0 85
66 0 61 85
66 0 61 85
66 2 61 85
66 2 61 85
66 2 133 85
66 2 133 85
66 11 133 85
66 11 133 85
66 11 191 85
66 11 191 85
121 11 191 85
121 11 191 85
121 11 191 135
121 11 191 135
121 17 191 135
121 17 191 135
170 17 191 135
170 17 191 135
170 17 229 135
170 17 229 135
170 17 278 135
170 17 278 135
170 43 278 135
170 43 278 135
170 43 339 135
170 43 339 135
170 43 388 135
170 43 388 135
170 43 441 135
170 43 441 135
205 43 441 135
205 43 441 135
205 88 441 135
205 88 441 135
205 88 454 135
205 88 454 135
205 92 454 135
205 92 454 135
205 92 454 201
205 92 454 201
227 92 454 201
227 92 454 201
227 92 454 201
227 92 454 201
311 92 454 201
311 92 454 201
311 92 454 205
311 92 454 205
311 92 506 205
311 92 506 205
311 111 506 205
311 111 506 205
311 119 506 205
311 119 506 205
311 119 506 284
311 119 506 284
311 119 506 308
311 119 506 308
394 119 506 308
394 119 506 308
457 119 506 308
457 119 506 308
552 119 506 308
552 119 506 308
552 119 506 319
552 119 506 319
552 205 506 319
552 205 506 319
552 227 506 319
552 227 506 319
552 317 506 319
552 317 506 319
552 317 529 319
552 317 529 319
552 392 529 319
552 392 529 319
552 392 529 362
552 392 529 362
552 492 529 362
552 492 529 362
552 492 546 362
552 492 546 362
552 492 559 362
552 492 559 362
648 492 559 362
648 492 559 362
648 492 605 362
648 492 605 362
648 527 605 362
648 527 605 362
648 527 679 362
648 527 679 362
648 601 679 362
648 601 679 362
648 699 679 362
648 699 679 362
648 699 679 374
648 699 679 374
717 699 679 374
717 699 679 374
717 744 679 374
717 744 679 374
717 830 679 374
717 830 679 374
760 830 679 374
760 830 679 374
760 830 679 403
760 830 679 403
760 830 690 403
760 830 690 403
857 830 690 403
857 830 690 403
857 924 690 403
857 924 690 403
922 924 690 403
922 924 690 403
922 924 752 403
922 924 752 403
922 924 752 451
922 924 752 451
922 924 752 542
922 924 752 542
922 952 752 542
922 952 752 542
922 952 752 614
922 952 752 614
922 952 769 614
922 952 769 614
922 1052 769 614
922 1052 769 614
948 1052 769 614
948 1052 769 614
948 1052 769 691
948 1052 769 691
948 1052 769 775
948 1052 769 775
948 1052 832 775
948 1052 832 775
948 1052 890 775
948 1052 890 775
948 1080 890 775
948 1080 890 775
1009 1080 890 775
1009 1080 890 775
1009 1102 890 775
1009 1102 890 775
1009 1102 910 775
1009 1102 910 775
1009 1102 910 803
1009 1102 910 803
1009 1152 910 803
1009 1152 910 803
1009 1186 910 803
1009 1186 910 803
1038 1186 910 803
1038 1186 910 803
1047 1186 910 803
1047 1186 910 803
1047 1197 910 803
1047 1197 910 803
1074 1197 910 803
1074 1197 910 803
1074 1240 910 803
1074 1240 910 803
1074 1240 986 803
1074 1240 986 803
1074 1243 986 803
1074 1243 986 803
1121 1243 986 803
1121 1243 986 803
1216 1243 986 803
1216 1243 986 803
1255 1243 986 803
1255 1243 986 803
1255 1243 1075 803
1255 1243 1075 803
1255 1243 1089 803
1255 1243 1089 803
1255 1243 1089 847
1255 1243 1089 847
1255 1243 1089 945
1255 1243 1089 945
1255 1258 1089 945
1255 1258 1089 945
1255 1258 1176 945
1255 1258 1176 945
1255 1258 1176 945
1255 1258 1176 945
1255 1258 1176 1038
1255 1258 1176 1038
1255 1306 1176 1038
1255 1306 1176 1038
1278 1306 1176 1038
1278 1306 1176 1038
1278 1306 1247 1038
1278 1306 1247 1038
1278 1306 1247 1048
1278 1306 1247 1048
1278 1360 1247 1048
1278 1360 1247 1048
1278 1360 1247 1123
1278 1360 1247 1123
1278 1360 1247 1197
1278 1360 1247 1197
1278 1436 1247 1197
1278 1436 1247 1197
1356 1436 1247 1197
1356 1436 1247 1197
1403 1436 1247 1197
1403 1436 1247 1197
1403 1436 1312 1197
1403 1436 1312 1197
1403 1436 1361 1197
1403 1436 1361 1197
1403 1479 1361 1197
1403 1479 1361 1197
1447 1479 1361 1197
1447 1479 1361 1197
1447 1479 1458 1197
1447 1479 1458 1197
1506 1479 1458 1197
1506 1479 1458 1197
1506 1479 1464 1197
1506 1479 1464 1197
1506 1479 1464 1204
1506 1479 1464 1204
1506 1479 1464 1229
1506 1479 1464 1229
1595 1479 1464 1229
1595 1479 1464 1229
1595 1479 1464 1275
1595 1479 1464 1275
1618 1479 1464 1275
1618 1479 1464 1275
1618 1479 1464 1331
1618 1479 1464 1331
1624 1479 1464 1331
1624 1479 1464 1331
1624 1578 1464 1331
1624 1578 1464 1331
1624 1578 1552 1331
1624 1578 1552 1331
1624 1578 1552 1374
1624 1578 1552 1374
1624 1578 1552 1386
1624 1578 1552 1386
1624 1578 1597 1386
1624 1578 1597 1386
1624 1578 1659 1386
1624 1578 1659 1386
1624 1578 1683 1386
1624 1578 1683 1386
1624 1578 1689 1386
1624 1578 1689 1386
1624 1630 1689 1386
1624 1630 1689 1386
1624 1630 1689 1457
1624 1630 1689 1457
1624 1678 1689 1457
1624 1678 1689 1457
1624 1727 1689 1457
1624 1727 1689 1457
1624 1827 1689 1457
1624 1827 1689 1457
1624 1827 1763 1457
1624 1827 1763 1457
1624 1827 1794 1457
1624 1827 1794 1457
1653 1827 1794 1457
1653 1827 1794 1457
1653 1827 1882 1457
1653 1827 1882 1457
1653 1827 1935 1457
1653 1827 1935 1457
1688 1827 1935 1457
1688 1827 1935 1457
1688 1827 1935 1556
1688 1827 1935 1556
1688 1827 1959 1556
1688 1827 1959 1556
1729 1827 1959 1556
1729 1827 1959 1556
1778 1827 1959 1556
1778 1827 1959 1556
1825 1827 1959 1556
1825 1827 1959 1556
1825 1827 1959 1643
1825 1827 1959 1643
1825 1827 1987 1643
1825 1827 1987 1643
1825 1827 1987 1722
1825 1827 1987 1722
1825 1877 1987 1722
1825 1877 1987 1722
1825 1877 2067 1722
1825 1877 2067 1722
1894 1877 2067 1722
1894 1877 2067 1722
1899 1877 2067 1722
1899 1877 2067 1722
1899 1877 2067 1726
1899 1877 2067 1726
1899 1941 2067 1726
1899 1941 2067 1726
1899 2041 2067 1726
1899 2041 2067 1726
1937 2041 2067 1726
1937 2041 2067 1726
1937 2041 2067 1783
1937 2041 2067 1783
1937 2093 2067 1783
1937 2093 2067 1783
1937 2093 2067 1830
1937 2093 2067 1830
1937 2190 2067 1830
1937 2190 2067 1830
1937 2281 2067 1830
1937 2281 2067 1830
1937 2381 2067 1830
1937 2381 2067 1830
1937 2390 2067 1830
1937 2390 2067 1830
1937 2390 2067 1904
1937 2390 2067 1904
1997 2390 2067 1904
1997 2390 2067 1904
2003 2390 2067 1904
2003 2390 2067 1904
2003 2480 2067 1904
2003 2480 2067 1904
2003 2518 2067 1904
2003 2518 2067 1904
2003 2518 2100 1904
2003 2518 2100 1904
2036 2518 2100 1904
2036 2518 2100 1904
2036 2518 2100 1904
2036 2518 2100 1904
2040 2518 2100 1904
2040 2518 2100 1904
2061 2518 2100 1904
2061 2518 2100 1904
2061 2518 2100 1959
2061 2518 2100 1959
2061 2518 2180 1959
2061 2518 2180 1959
2061 2587 2180 1959
2061 2587 2180 1959
2061 2587 2180 1997
2061 2587 2180 1997
2106 2587 2180 1997
2106 2587 2180 1997
2106 2587 2276 1997
2106 2587 2276 1997
2111 2587 2276 1997
2111 2587 2276 1997
2111 2587 2276 2049
2111 2587 2276 2049
2111 2633 2276 2049
2111 2633 2276 2049
2111 2669 2276 2049
2111 2669 2276 2049
2111 2669 2327 2049
2111 2669 2327 2049
2111 2669 2336 2049
2111 2669 2336 2049
2111 2669 2403 2049
2111 2669 2403 2049
2111 2690 2403 2049
2111 2690 2403 2049
2179 2690 2403 2049
2179 2690 2403 2049
2199 2690 2403 2049
2199 2690 2403 2049
2199 2690 2403 2129
2199 2690 2403 2129
2199 2762 2403 2129
2199 2762 2403 2129
2199 2762 2403 2165
2199 2762 2403 2165
2218 2762 2403 2165
2218 2762 2403 2165
2219 2762 2403 2165
2219 2762 2403 2165
2251 2762 2403 2165
2251 2762 2403 2165
2283 2762 2403 2165
2283 2762 2403 2165
2283 2804 2403 2165
2283 2804 2403 2165
2283 2812 2403 2165
2283 2812 2403 2165
2283 2812 2463 2165
2283 2812 2463 2165
2312 2812 2463 2165
2312 2812 2463 2165
2312 2812 2546 2165
2312 2812 2546 2165
2312 2812 2611 2165
2312 2812 2611 2165
2369 2812 2611 2165
2369 2812 2611 2165
2369 2911 2611 2165
2369 2911 2611 2165
2369 2916 2611 2165
2369 2916 2611 2165
2369 2916 2679 2165
2369 2916 2679 2165
2383 2916 2679 2165
2383 2916 2679 2165
2383 2918 2679 2165
2383 2918 2679 2165
2383 2918 2769 2165
2383 2918 2769 2165
2408 2918 2769 2165
2408 2918 2769 2165
2408 2918 2827 2165
2408 2918 2827 2165
2408 2918 2868 2165
2408 2918 2868 2165
2471 2918 2868 2165
2471 2918 2868 2165
2489 2918 2868 2165
2489 2918 2868 2165
2573 2918 2868 2165
2573 2918 2868 2165
2573 3017 2868 2165
2573 3017 2868 2165
2573 3107 2868 2165
2573 3107 2868 2165
2573 3107 2868 2165
2573 3107 2868 2165
2573 3119 2868 2165
2573 3119 2868 2165
2650 3119 2868 2165
2650 3119 2868 2165
2659 3119 2868 2165
2659 3119 2868 2165
2659 3119 2966 2165
2659 3119 2966 2165
2659 3119 2980 2165
2659 3119 2980 2165
2659 3119 2980 2198
2659 3119 2980 2198
2683 3119 2980 2198
2683 3119 2980 2198
2683 3196 2980 2198
2683 3196 2980 2198
2683 3196 3064 2198
2683 3196 3064 2198
2683 3196 3064 2264
2683 3196 3064 2264
2683 3196 3064 2349
2683 3196 3064 2349
2683 3196 3163 2349
2683 3196 3163 2349
2740 3196 3163 2349
2740 3196 3163 2349
2740 3196 3238 2349
2740 3196 3238 2349
2740 3196 3238 2411
2740 3196 3238 2411
2802 3196 3238 2411
2802 3196 3238 2411
2864 3196 3238 2411
2864 3196 3238 2411
2864 3196 3328 2411
2864 3196 3328 2411
2864 3267 3328 2411
2864 3267 3328 2411
2963 3267 3328 2411
2963 3267 3328 2411
2963 3267 3413 2411
2963 3267 3413 2411
2963 3267 3436 2411
2963 3267 3436 2411
2963 3267 3523 2411
2963 3267 3523 2411
2963 3267 3523 2496
2963 3267 3523 2496
2978 3267 3523 2496
2978 3267 3523 2496
2978 3267 3537 2496
2978 3267 3537 2496
2978 3267 3537 2496
2978 3267 3537 2496
2978 3331 3537 2496
2978 3331 3537 2496
2978 3331 3537 2515
2978 3331 3537 2515
2978 3331 3630 2515
2978 3331 3630 2515
3073 3331 3630 2515
3073 3331 3630 2515
3073 3331 3630 2515
3073 3331 3630 2515
3073 3331 3630 2593
3073 3331 3630 2593
3073 3425 3630 2593
3073 3425 3630 2593
3073 3470 3630 2593
3073 3470 3630 2593
3073 3470 3713 2593
3073 3470 3713 2593
3073 3533 3713 2593
3073 3533 3713 2593
3073 3602 3713 2593
3073 3602 3713 2593
3113 3602 3713 2593
3113 3602 3713 2593
3113 3602 3761 2593
3113 3602 3761 2593
3140 3602 3761 2593
3140 3602 3761 2593
3220 3602 3761 2593
3220 3602 3761 2593
3220 3602 3814 2593
3220 3602 3814 2593
3220 3612 3814 2593
3220 3612 3814 2593
3223 3612 3814 2593
3223 3612 3814 2593
3223 3612 3881 2593
3223 3612 3881 2593
3223 3662 3881 2593
3223 3662 3881 2593
3223 3662 3968 2593
3223 3662 3968 2593
3296 3662 3968 2593
3296 3662 3968 2593
3299 3662 3968 2593
3299 3662 3968 2593
3299 3707 3968 2593
3299 3707 3968 2593
3299 3773 3968 2593
3299 3773 3968 2593
3331 3773 3968 2593
3331 3773 3968 2593
3331 3773 3968 2672
3331 3773 3968 2672
3331 3773 3968 2711
3331 3773 3968 2711
3331 3836 3968 2711
3331 3836 3968 2711
3362 3836 3968 2711
3362 3836 3968 2711
3362 3873 3968 2711
3362 3873 3968 2711
3433 3873 3968 2711
3433 3873 3968 2711
3433 3911 3968 2711
3433 3911 3968 2711
3433 3911 4049 2711
3433 3911 4049 2711
3493 3911 4049 2711
3493 3911 4049 2711
3522 3911 4049 2711
3522 3911 4049 2711
3522 3911 4049 2758
3522 3911 4049 2758
3522 3911 4080 2758
3522 3911 4080 2758
3522 3998 4080 2758
3522 3998 4080 2758
3522 4094 4080 2758
3522 4094 4080 2758
3522 4176 4080 2758
3522 4176 4080 2758
3522 4259 4080 2758
3522 4259 4080 2758
3522 4259 4080 2758
3522 4259 4080 2758
3522 4259 4080 2829
3522 4259 4080 2829
3561 4259 4080 2829
3561 4259 4080 2829
3561 4259 4096 2829
3561 4259 4096 2829
3561 4259 4096 2927
3561 4259 4096 2927
3561 4265 4096 2927
3561 4265 4096 2927
3648 4265 4096 2927
3648 4265 4096 2927
3648 4335 4096 2927
3648 4335 4096 2927
3648 4335 4130 2927
3648 4335 4130 2927
3648 4335 4130 3024
3648 4335 4130 3024
3648 4335 4182 3024
3648 4335 4182 3024
3648 4408 4182 3024
3648 4408 4182 3024
3648 4456 4182 3024
3648 4456 4182 3024
3648 4456 4271 3024
3648 4456 4271 3024
3648 4507 4271 3024
3648 4507 4271 3024
3648 4547 4271 3024
3648 4547 4271 3024
3648 4585 4271 3024
3648 4585 4271 3024
3648 4585 4271 3035
3648 4585 4271 3035
3648 4585 4271 3113
3648 4585 4271 3113
3648 4633 4271 3113
3648 4633 4271 3113
3678 4633 4271 3113
3678 4633 4271 3113
3678 4633 4284 3113
3678 4633 4284 3113
3678 4633 4284 3208
3678 4633 4284 3208
3678 4633 4284 3235
3678 4633 4284 3235
3678 4708 4284 3235
3678 4708 4284 3235
3678 4708 4284 3287
3678 4708 4284 3287
3678 4708 4372 3287
3678 4708 4372 3287
3763 4708 4372 3287
3763 4708 4372 3287
3763 4708 4392 3287
3763 4708 4392 3287
3763 4712 4392 3287
3763 4712 4392 3287
3831 4712 4392 3287
3831 4712 4392 3287
3831 4723 4392 3287
3831 4723 4392 3287
3831 4723 4420 3287
3831 4723 4420 3287
3861 4723 4420 3287
3861 4723 4420 3287
3861 4771 4420 3287
3861 4771 4420 3287
3861 4771 4420 3357
3861 4771 4420 3357
3861 4771 4486 3357
3861 4771 4486 3357
3861 4771 4512 3357
3861 4771 4512 3357
3861 4771 4512 3371
3861 4771 4512 3371
3861 4771 4533 3371
3861 4771 4533 3371
3861 4771 4551 3371
3861 4771 4551 3371
3861 4771 4551 3397
3861 4771 4551 3397
3861 4771 4551 3397
3861 4771 4551 3397
3861 4802 4551 3397
3861 4802 4551 3397
3861 4872 4551 3397
3861 4872 4551 3397
3861 4924 4551 3397
3861 4924 4551 3397
3861 4924 4639 3397
3861 4924 4639 3397
3861 5023 4639 3397
3861 5023 4639 3397
3861 5023 4639 3450
3861 5023 4639 3450
3942 5023 4639 3450
3942 5023 4639 3450
4004 5023 4639 3450
4004 5023 4639 3450
4004 5023 4639 3543
4004 5023 4639 3543
4004 5099 4639 3543
4004 5099 4639 3543
4004 5099 4649 3543
4004 5099 4649 3543
4004 5099 4649 3577
4004 5099 4649 3577
4004 5099 4649 3577
4004 5099 4649 3577
4004 5198 4649 3577
4004 5198 4649 3577
4060 5198 4649 3577
4060 5198 4649 3577
4060 5198 4649 3616
4060 5198 4649 3616
4060 5198 4649 3616
4060 5198 4649 3616
4060 5199 4649 3616
4060 5199 4649 3616
4060 5199 4649 3643
4060 5199 4649 3643
4060 5199 4649 3672
4060 5199 4649 3672
4060 5199 4746 3672
4060 5199 4746 3672
4060 5242 4746 3672
4060 5242 4746 3672
4060 5242 4838 3672
4060 5242 4838 3672
4060 5242 4838 3706
4060 5242 4838 3706
4060 5242 4902 3706
4060 5242 4902 3706
4060 5242 4902 3769
4060 5242 4902 3769
4060 5242 4903 3769
4060 5242 4903 3769
4060 5242 4910 3769
4060 5242 4910 3769
4060 5242 4910 3815
4060 5242 4910 3815
4060 5289 4910 3815
4060 5289 4910 3815
4060 5289 4937 3815
4060 5289 4937 3815
4060 5289 5009 3815
4060 5289 5009 3815
4142 5289 5009 3815
4142 5289 5009 3815
4142 5289 5023 3815
4142 5289 5023 3815
4201 5289 5023 3815
4201 5289 5023 3815
4280 5289 5023 3815
4280 5289 5023 3815
4280 5289 5029 3815
4280 5289 5029 3815
4280 5371 5029 3815
4280 5371 5029 3815
4280 5371 5029 3868
4280 5371 5029 3868
4280 5406 5029 3868
4280 5406 5029 3868
4280 5406 5029 3930
4280 5406 5029 3930
4280 5474 5029 3930
4280 5474 5029 3930
4280 5501 5029 3930
4280 5501 5029 3930
4315 5501 5029 3930
4315 5501 5029 3930
4315 5501 5037 3930
4315 5501 5037 3930
4315 5501 5037 3930
4315 5501 5037 3930
4394 5501 5037 3930
4394 5501 5037 3930
4394 5519 5037 3930
4394 5519 5037 3930
4394 5557 5037 3930
4394 5557 5037 3930
4394 5576 5037 3930
4394 5576 5037 3930
4394 5576 5037 3988
4394 5576 5037 3988
4394 5576 5056 3988
4394 5576 5056 3988
4394 5576 5056 4039
4394 5576 5056 4039
4394 5576 5056 4057
4394 5576 5056 4057
4470 5576 5056 4057
4470 5576 5056 4057
4470 5576 5056 4110
4470 5576 5056 4110
4470 5576 5056 4198
4470 5576 5056 4198
4470 5661 5056 4198
4470 5661 5056 4198
4470 5752 5056 4198
4470 5752 5056 4198
4470 5752 5142 4198
4470 5752 5142 4198
4470 5752 5142 4236
4470 5752 5142 4236
4484 5752 5142 4236
4484 5752 5142 4236
4484 5752 5143 4236
4484 5752 5143 4236
4484 5752 5174 4236
4484 5752 5174 4236
4544 5752 5174 4236
4544 5752 5174 4236
4544 5752 5260 4236
4544 5752 5260 4236
4544 5752 5336 4236
4544 5752 5336 4236
4544 5752 5359 4236
4544 5752 5359 4236
4590 5752 5359 4236
4590 5752 5359 4236
4609 5752 5359 4236
4609 5752 5359 4236
4689 5752 5359 4236
4689 5752 5359 4236
4689 5752 5359 4266
4689 5752 5359 4266
4689 5752 5387 4266
4689 5752 5387 4266
4696 5752 5387 4266
4696 5752 5387 4266
4696 5752 5437 4266
4696 5752 5437 4266
4696 5752 5437 4271
4696 5752 5437 4271
4696 5752 5451 4271
4696 5752 5451 4271
4696 5752 5451 4357
4696 5752 5451 4357
4696 5752 5487 4357
4696 5752 5487 4357
4696 5752 5487 4420
4696 5752 5487 4420
4698 5752 5487 4420
4698 5752 5487 4420
4698 5752 5542 4420
4698 5752 5542 4420
4797 5752 5542 4420
4797 5752 5542 4420
4797 5752 5542 4495
4797 5752 5542 4495
4797 5836 5542 4495
4797 5836 5542 4495
4892 5836 5542 4495
4892 5836 5542 4495
4971 5836 5542 4495
4971 5836 5542 4495
4971 5926 5542 4495
4971 5926 5542 4495
4971 5926 5557 4495
4971 5926 5557 4495
4971 5926 5557 4582
4971 5926 5557 4582
4971 6004 5557 4582
4971 6004 5557 4582
4971 6004 5557 4620
4971 6004 5557 4620
4971 6004 5557 4657
4971 6004 5557 4657
4971 6004 5557 4688
4971 6004 5557 4688
4971 6004 5633 4688
4971 6004 5633 4688
4971 6004 5703 4688
4971 6004 5703 4688
5010 6004 5703 4688
5010 6004 5703 4688
5010 6050 5703 4688
5010 6050 5703 4688
5037 6050 5703 4688
5037 6050 5703 4688
5037 6050 5758 4688
5037 6050 5758 4688
5037 6102 5758 4688
5037 6102 5758 4688
5118 6102 5758 4688
5118 6102 5758 4688
5118 6102 5801 4688
5118 6102 5801 4688
5175 6102 5801 4688
5175 6102 5801 4688
5175 6135 5801 4688
5175 6135 5801 4688
5175 6193 5801 4688
5175 6193 5801 4688
5175 6193 5801 4752
5175 6193 5801 4752
5175 6193 5801 4758
5175 6193 5801 4758
5175 6193 5801 4758
5175 6193 5801 4758
5184 6193 5801 4758
5184 6193 5801 4758
5271 6193 5801 4758
5271 6193 5801 4758
5271 6193 5840 4758
5271 6193 5840 4758
5280 6193 5840 4758
5280 6193 5840 4758
5376 6193 5840 4758
5376 6193 5840 4758
5387 6193 5840 4758
5387 6193 5840 4758
5387 6193 5851 4758
5387 6193 5851 4758
5387 6193 5851 4812
5387 6193 5851 4812
5387 6261 5851 4812
5387 6261 5851 4812
5387 6291 5851 4812
5387 6291 5851 4812
5435 6291 5851 4812
5435 6291 5851 4812
5487 6291 5851 4812
5487 6291 5851 4812
5498 6291 5851 4812
5498 6291 5851 4812
5498 6291 5851 4896
5498 6291 5851 4896
5498 6291 5920 4896
5498 6291 5920 4896
5498 6291 5920 4901
5498 6291 5920 4901
5498 6291 5971 4901
5498 6291 5971 4901
5498 6291 6031 4901
5498 6291 6031 4901
5592 6291 6031 4901
5592 6291 6031 4901
5592 6291 6031 4995
5592 6291 6031 4995
5592 6348 6031 4995
5592 6348 6031 4995
5599 6348 6031 4995
5599 6348 6031 4995
5599 6348 6031 4998
5599 6348 6031 4998
5599 6348 6031 5035
5599 6348 6031 5035
5599 6348 6031 5070
5599 6348 6031 5070
5599 6348 6031 5075
5599 6348 6031 5075
5599 6405 6031 5075
5599 6405 6031 5075
5696 6405 6031 5075
5696 6405 6031 5075
5696 6474 6031 5075
5696 6474 6031 5075
5764 6474 6031 5075
5764 6474 6031 5075
5764 6519 6031 5075
5764 6519 6031 5075
5795 6519 6031 5075
5795 6519 6031 5075
5832 6519 6031 5075
5832 6519 6031 5075
5832 6611 6031 5075
5832 6611 6031 5075
5832 6611 6067 5075
5832 6611 6067 5075
5832 6611 6067 5087
5832 6611 6067 5087
5832 6666 6067 5087
5832 6666 6067 5087
5832 6764 6067 5087
5832 6764 6067 5087
5832 6764 6077 5087
5832 6764 6077 5087
5832 6824 6077 5087
5832 6824 6077 5087
5832 6824 6093 5087
5832 6824 6093 5087
5832 6824 6093 5148
5832 6824 6093 5148
5893 6824 6093 5148
5893 6824 6093 5148
5981 6824 6093 5148
5981 6824 6093 5148
5981 6824 6093 5209
5981 6824 6093 5209
5981 6895 6093 5209
5981 6895 6093 5209
5981 6895 6093 5228
5981 6895 6093 5228
5981 6903 6093 5228
5981 6903 6093 5228
5981 6903 6093 5314
5981 6903 6093 5314
5981 6903 6093 5352
5981 6903 6093 5352
5981 6903 6093 5418
5981 6903 6093 5418
5981 6903 6101 5418
5981 6903 6101 5418
5981 6967 6101 5418
5981 6967 6101 5418
5981 6967 6101 5468
5981 6967 6101 5468
5981 7066 6101 5468
5981 7066 6101 5468
5981 7066 6188 5468
5981 7066 6188 5468
5986 7066 6188 5468
5986 7066 6188 5468
5986 7066 6188 5481
5986 7066 6188 5481
6029 7066 6188 5481
6029 7066 6188 5481
6074 7066 6188 5481
6074 7066 6188 5481
6074 7066 6217 5481
6074 7066 6217 5481
6074 7066 6217 5548
6074 7066 6217 5548
6145 7066 6217 5548
6145 7066 6217 5548
6183 7066 6217 5548
6183 7066 6217 5548
6243 7066 6217 5548
6243 7066 6217 5548
6285 7066 6217 5548
6285 7066 6217 5548
6285 7068 6217 5548
6285 7068 6217 5548
6345 7068 6217 5548
6345 7068 6217 5548
6345 7117 6217 5548
6345 7117 6217 5548
6345 7117 6217 5631
6345 7117 6217 5631
6345 7117 6227 5631
6345 7117 6227 5631
6345 7117 6227 5714
6345 7117 6227 5714
6345 7118 6227 5714
6345 7118 6227 5714
6360 7118 6227 5714
6360 7118 6227 5714
6360 7118 6306 5714
6360 7118 6306 5714
6360 7139 6306 5714
6360 7139 6306 5714
6360 7139 6306 5783
6360 7139 6306 5783
6360 7139 6389 5783
6360 7139 6389 5783
6360 7224 6389 5783
6360 7224 6389 5783
6360 7224 6389 5792
6360 7224 6389 5792
6360 7236 6389 5792
6360 7236 6389 5792
6360 7335 6389 5792
6360 7335 6389 5792
6360 7335 6432 5792
6360 7335 6432 5792
6360 7335 6432 5876
6360 7335 6432 5876
6360 7335 6443 5876
6360 7335 6443 5876
6360 7335 6459 5876
6360 7335 6459 5876
6360 7335 6459 5918
6360 7335 6459 5918
6418 7335 6459 5918
6418 7335 6459 5918
6418 7430 6459 5918
6418 7430 6459 5918
6418 7525 6459 5918
6418 7525 6459 5918
6418 7525 6459 5941
6418 7525 6459 5941
6499 7525 6459 5941
6499 7525 6459 5941
6499 7525 6527 5941
6499 7525 6527 5941
6561 7525 6527 5941
6561 7525 6527 5941
6561 7525 6527 5995
6561 7525 6527 5995
6654 7525 6527 5995
6654 7525 6527 5995
6686 7525 6527 5995
6686 7525 6527 5995
6686 7525 6605 5995
6686 7525 6605 5995
6686 7525 6605 6009
6686 7525 6605 6009
6733 7525 6605 6009
6733 7525 6605 6009
6733 7525 6695 6009
6733 7525 6695 6009
6733 7525 6695 6048
6733 7525 6695 6048
6733 7525 6748 6048
6733 7525 6748 6048
6792 7525 6748 6048
6792 7525 6748 6048
6792 7530 6748 6048
6792 7530 6748 6048
6792 7530 6798 6048
6792 7530 6798 6048
6792 7572 6798 6048
6792 7572 6798 6048
6792 7601 6798 6048
6792 7601 6798 6048
6792 7601 6831 6048
6792 7601 6831 6048
6792 7663 6831 6048
6792 7663 6831 6048
6892 7663 6831 6048
6892 7663 6831 6048
6916 7663 6831 6048
6916 7663 6831 6048
6916 7723 6831 6048
6916 7723 6831 6048
6916 7723 6831 6108
6916 7723 6831 6108
7006 7723 6831 6108
7006 7723 6831 6108
7006 7808 6831 6108
7006 7808 6831 6108
7006 7808 6831 6147
7006 7808 6831 6147
7006 7875 6831 6147
7006 7875 6831 6147
7006 7875 6831 6185
7006 7875 6831 6185
7045 7875 6831 6185
7045 7875 6831 6185
7045 7927 6831 6185
7045 7927 6831 6185
7045 7927 6837 6185
7045 7927 6837 6185
7045 7927 6866 6185
7045 7927 6866 6185
7045 7972 6866 6185
7045 7972 6866 6185
7045 7972 6866 6252
7045 7972 6866 6252
7114 7972 6866 6252
7114 7972 6866 6252
7114 7997 6866 6252
7114 7997 6866 6252
7114 7997 6905 6252
7114 7997 6905 6252
7127 7997 6905 6252
7127 7997 6905 6252
7127 7997 6905 6333
7127 7997 6905 6333
7127 7997 6912 6333
7127 7997 6912 6333
7127 7997 6965 6333
7127 7997 6965 6333
7209 7997 6965 6333
7209 7997 6965 6333
7209 7997 7003 6333
7209 7997 7003 6333
7209 7997 7095 6333
7209 7997 7095 6333
7209 7997 7171 6333
7209 7997 7171 6333
7209 8015 7171 6333
7209 8015 7171 6333
7209 8015 7171 6382
7209 8015 7171 6382
7209 8021 7171 6382
7209 8021 7171 6382
7209 8064 7171 6382
7209 8064 7171 6382
7209 8117 7171 6382
7209 8117 7171 6382
7295 8117 7171 6382
7295 8117 7171 6382
7317 8117 7171 6382
7317 8117 7171 6382
7317 8117 7209 6382
7317 8117 7209 6382
7378 8117 7209 6382
7378 8117 7209 6382
7378 8117 7209 6451
7378 8117 7209 6451
7378 8117 7209 6485
7378 8117 7209 6485
7378 8117 7209 6582
7378 8117 7209 6582
7378 8186 7209 6582
7378 8186 7209 6582
7378 8186 7277 6582
7378 8186 7277 6582
7378 8186 7373 6582
7378 8186 7373 6582
7378 8241 7373 6582
7378 8241 7373 6582
7378 8241 7373 6612
7378 8241 7373 6612
7378 8241 7373 6634
7378 8241 7373 6634
7378 8241 7373 6649
7378 8241 7373 6649
7378 8241 7428 6649
7378 8241 7428 6649
7378 8241 7428 6670
7378 8241 7428 6670
7378 8241 7525 6670
7378 8241 7525 6670
7378 8241 7525 6756
7378 8241 7525 6756
7378 8241 7525 6806
7378 8241 7525 6806
7378 8241 7528 6806
7378 8241 7528 6806
7378 8244 7528 6806
7378 8244 7528 6806
7378 8244 7528 6840
7378 8244 7528 6840
7435 8244 7528 6840
7435 8244 7528 6840
7435 8244 7528 6913
7435 8244 7528 6913
7435 8244 7528 6974
7435 8244 7528 6974
7435 8244 7549 6974
7435 8244 7549 6974
7460 8244 7549 6974
7460 8244 7549 6974
7460 8244 7549 7038
7460 8244 7549 7038
7460 8244 7567 7038
7460 8244 7567 7038
7460 8244 7567 7099
7460 8244 7567 7099
7460 8244 7607 7099
7460 8244 7607 7099
7460 8244 7634 7099
7460 8244 7634 7099
7460 8244 7730 7099
7460 8244 7730 7099
7460 8323 7730 7099
7460 8323 7730 7099
7460 8323 7794 7099
7460 8323 7794 7099
7460 8323 7796 7099
7460 8323 7796 7099
7460 8323 7796 7154
7460 8323 7796 7154
7460 8323 7796 7155
7460 8323 7796 7155
7460 8323 7869 7155
7460 8323 7869 7155
7460 8323 7963 7155
7460 8323 7963 7155
7499 8323 7963 7155
7499 8323 7963 7155
7555 8323 7963 7155
7555 8323 7963 7155
7572 8323 7963 7155
7572 8323 7963 7155
7572 8323 8029 7155
7572 8323 8029 7155
7607 8323 8029 7155
7607 8323 8029 7155
7658 8323 8029 7155
7658 8323 8029 7155
7714 8323 8029 7155
7714 8323 8029 7155
7760 8323 8029 7155
7760 8323 8029 7155
7760 8323 8029 7155
7760 8323 8029 7155
7760 8323 8110 7155
7760 8323 8110 7155
7760 8386 8110 7155
7760 8386 8110 7155
7760 8386 8110 7248
7760 8386 8110 7248
7760 8386 8110 7249
7760 8386 8110 7249
7760 8486 8110 7249
7760 8486 8110 7249
7760 8486 8110 7288
7760 8486 8110 7288
7849 8486 8110 7288
7849 8486 8110 7288
7849 8486 8110 7380
7849 8486 8110 7380
7849 8486 8110 7476
7849 8486 8110 7476
7849 8499 8110 7476
7849 8499 8110 7476
7940 8499 8110 7476
7940 8499 8110 7476
7940 8515 8110 7476
7940 8515 8110 7476
7956 8515 8110 7476
7956 8515 8110 7476
8029 8515 8110 7476
8029 8515 8110 7476
8029 8587 8110 7476
8029 8587 8110 7476
8114 8587 8110 7476
8114 8587 8110 7476
8116 8587 8110 7476
8116 8587 8110 7476
8116 8589 8110 7476
8116 8589 8110 7476
8116 8599 8110 7476
8116 8599 8110 7476
8194 8599 8110 7476
8194 8599 8110 7476
8194 8608 8110 7476
8194 8608 8110 7476
8288 8608 8110 7476
8288 8608 8110 7476
8288 8608 8110 7558
8288 8608 8110 7558
8288 8608 8110 7634
8288 8608 8110 7634
8288 8608 8110 7671
8288 8608 8110 7671
8298 8608 8110 7671
8298 8608 8110 7671
8389 8608 8110 7671
8389 8608 8110 7671
8389 8608 8169 7671
8389 8608 8169 7671
8389 8608 8213 7671
8389 8608 8213 7671
8389 8608 8313 7671
8389 8608 8313 7671
8420 8608 8313 7671
8420 8608 8313 7671
8420 8608 8313 7735
8420 8608 8313 7735
8509 8608 8313 7735
8509 8608 8313 7735
8509 8695 8313 7735
8509 8695 8313 7735
8605 8695 8313 7735
8605 8695 8313 7735
8605 8734 8313 7735
8605 8734 8313 7735
8605 8805 8313 7735
8605 8805 8313 7735
8605 8805 8317 7735
8605 8805 8317 7735
8605 8860 8317 7735
8605 8860 8317 7735
8605 8860 8323 7735
8605 8860 8323 7735
8662 8860 8323 7735
8662 8860 8323 7735
8662 8944 8323 7735
8662 8944 8323 7735
8662 8990 8323 7735
8662 8990 8323 7735
8662 8990 8361 7735
8662 8990 8361 7735
8662 8990 8361 7749
8662 8990 8361 7749
8662 8990 8361 7752
8662 8990 8361 7752
8662 9081 8361 7752
8662 9081 8361 7752
8662 9150 8361 7752
8662 9150 8361 7752
8662 9150 8440 7752
8662 9150 8440 7752
8740 9150 8440 7752
8740 9150 8440 7752
8740 9150 8440 7801
8740 9150 8440 7801
8740 9150 8440 7861
8740 9150 8440 7861
8740 9150 8440 7957
8740 9150 8440 7957
8740 9150 8469 7957
8740 9150 8469 7957
8740 9150 8569 7957
8740 9150 8569 7957
8740 9150 8576 7957
8740 9150 8576 7957
8740 9150 8628 7957
8740 9150 8628 7957
8740 9150 8705 7957
8740 9150 8705 7957
8740 9150 8705 8006
8740 9150 8705 8006
8740 9155 8705 8006
8740 9155 8705 8006
8779 9155 8705 8006
8779 9155 8705 8006
8779 9155 8705 8028
8779 9155 8705 8028
8779 9214 8705 8028
8779 9214 8705 8028
8814 9214 8705 8028
8814 9214 8705 8028
8814 9214 8755 8028
8814 9214 8755 8028
8832 9214 8755 8028
8832 9214 8755 8028
8930 9214 8755 8028
8930 9214 8755 8028
8930 9214 8755 8060
8930 9214 8755 8060
8930 9214 8755 8122
8930 9214 8755 8122
8930 9238 8755 8122
8930 9238 8755 8122
8942 9238 8755 8122
8942 9238 8755 8122
8942 9238 8755 8133
8942 9238 8755 8133
8942 9274 8755 8133
8942 9274 8755 8133
8942 9274 8778 8133
8942 9274 8778 8133
8942 9274 8829 8133
8942 9274 8829 8133
8942 9274 8901 8133
8942 9274 8901 8133
8942 9274 8901 8204
8942 9274 8901 8204
8949 9274 8901 8204
8949 9274 8901 8204
8949 9274 8901 8210
8949 9274 8901 8210
8949 9274 8979 8210
8949 9274 8979 8210
8949 9308 8979 8210
8949 9308 8979 8210
8949 9308 9010 8210
8949 9308 9010 8210
8956 9308 9010 8210
8956 9308 9010 8210
8956 9308 9010 8261
8956 9308 9010 8261
8966 9308 9010 8261
8966 9308 9010 8261
9019 9308 9010 8261
9019 9308 9010 8261
9019 9308 9010 8319
9019 9308 9010 8319
9095 9308 9010 8319
9095 9308 9010 8319
9095 9334 9010 8319
9095 9334 9010 8319
9095 9334 9079 8319
9095 9334 9079 8319
9095 9411 9079 8319
9095 9411 9079 8319
9095 9411 9104 8319
9095 9411 9104 8319
9095 9496 9104 8319
9095 9496 9104 8319
9095 9496 9104 8323
9095 9496 9104 8323
9095 9496 9130 8323
9095 9496 9130 8323
9176 9496 9130 8323
9176 9496 9130 8323
9176 9523 9130 8323
9176 9523 9130 8323
9176 9523 9130 8325
9176 9523 9130 8325
9176 9523 9130 8375
9176 9523 9130 8375
9176 9523 9209 8375
9176 9523 9209 8375
9176 9523 9254 8375
9176 9523 9254 8375
9176 9523 9319 8375
9176 9523 9319 8375
9176 9607 9319 8375
9176 9607 9319 8375
9176 9662 9319 8375
9176 9662 9319 8375
9176 9662 9319 8446
9176 9662 9319 8446
9242 9662 9319 8446
9242 9662 9319 8446
9242 9750 9319 8446
9242 9750 9319 8446
9266 9750 9319 8446
9266 9750 9319 8446
9266 9812 9319 8446
9266 9812 9319 8446
9266 9812 9386 8446
9266 9812 9386 8446
9277 9812 9386 8446
9277 9812 9386 8446
9359 9812 9386 8446
9359 9812 9386 8446
9390 9812 9386 8446
9390 9812 9386 8446
9414 9812 9386 8446
9414 9812 9386 8446
9414 9812 9386 8482
9414 9812 9386 8482
9414 9812 9423 8482
9414 9812 9423 8482
9414 9812 9508 8482
9414 9812 9508 8482
9414 9812 9508 8516
9414 9812 9508 8516
9414 9892 9508 8516
9414 9892 9508 8516
9485 9892 9508 8516
9485 9892 9508 8516
9485 9892 9578 8516
9485 9892 9578 8516
9485 9892 9578 8597
9485 9892 9578 8597
9485 9898 9578 8597
9485 9898 9578 8597
9485 9898 9627 8597
9485 9898 9627 8597
9485 9898 9627 8598
9485 9898 9627 8598
9485 9898 9661 8598
9485 9898 9661 8598
9485 9998 9661 8598
9485 9998 9661 8598
9558 9998 9661 8598
9558 9998 9661 8598
9558 10039 9661 8598
9558 10039 9661 8598
9558 10039 9661 8623
9558 10039 9661 8623
9558 10061 9661 8623
9558 10061 9661 8623
9558 10061 9661 8679
9558 10061 9661 8679
9605 10061 9661 8679
9605 10061 9661 8679
9605 10061 9661 8689
9605 10061 9661 8689
9633 10061 9661 8689
9633 10061 9661 8689
9633 10061 9661 8700
9633 10061 9661 8700
9633 10061 9760 8700
9633 10061 9760 8700
9633 10061 9760 8750
9633 10061 9760 8750
9633 10150 9760 8750
9633 10150 9760 8750
9633 10150 9760 8763
9633 10150 9760 8763
9679 10150 9760 8763
9679 10150 9760 8763
9679 10150 9841 8763
9679 10150 9841 8763
9679 10208 9841 8763
9679 10208 9841 8763
9679 10208 9893 8763
9679 10208 9893 8763
9729 10208 9893 8763
9729 10208 9893 8763
9729 10208 9893 8783
9729 10208 9893 8783
9729 10297 9893 8783
9729 10297 9893 8783
9732 10297 9893 8783
9732 10297 9893 8783
9732 10297 9893 8783
9732 10297 9893 8783
9732 10297 9893 8854
9732 10297 9893 8854
9732 10297 9926 8854
9732 10297 9926 8854
9732 10384 9926 8854
9732 10384 9926 8854
9732 10384 9926 8895
9732 10384 9926 8895
9732 10384 9945 8895
9732 10384 9945 8895
9779 10384 9945 8895
9779 10384 9945 8895
9858 10384 9945 8895
9858 10384 9945 8895
9858 10384 9945 8985
9858 10384 9945 8985
9858 10387 9945 8985
9858 10387 9945 8985
9858 10387 9945 8991
9858 10387 9945 8991
9858 10432 9945 8991
9858 10432 9945 8991
9858 10519 9945 8991
9858 10519 9945 8991
9858 10589 9945 8991
9858 10589 9945 8991
9864 10589 9945 8991
9864 10589 9945 8991
9864 10688 9945 8991
9864 10688 9945 8991
9864 10770 9945 8991
9864 10770 9945 8991
9864 10770 9945 9059
9864 10770 9945 9059
9864 10779 9945 9059
9864 10779 9945 9059
9908 10779 9945 9059
9908 10779 9945 9059
9909 10779 9945 9059
9909 10779 9945 9059
10004 10779 9945 9059
10004 10779 9945 9059
10073 10779 9945 9059
10073 10779 9945 9059
10166 10779 9945 9059
10166 10779 9945 9059
10166 10779 9945 9064
10166 10779 9945 9064
10166 10779 9985 9064
10166 10779 9985 9064
10166 10814 9985 9064
10166 10814 9985 9064
10234 10814 9985 9064
10234 10814 9985 9064
10234 10814 9985 9110
10234 10814 9985 9110
10234 10814 9985 9208
10234 10814 9985 9208
10234 10814 9986 9208
10234 10814 9986 9208
10234 10814 9986 9305
10234 10814 9986 9305
10234 10911 9986 9305
10234 10911 9986 9305
10234 10992 9986 9305
10234 10992 9986 9305
10277 10992 9986 9305
10277 10992 9986 9305
10277 11015 9986 9305
10277 11015 9986 9305
10372 11015 9986 9305
10372 11015 9986 9305
10384 11015 9986 9305
10384 11015 9986 9305
10384 11020 9986 9305
10384 11020 9986 9305
10460 11020 9986 9305
10460 11020 9986 9305
10460 11020 9986 9394
10460 11020 9986 9394
10460 11020 10061 9394
10460 11020 10061 9394
10460 11020 10110 9394
10460 11020 10110 9394
10460 11071 10110 9394
10460 11071 10110 9394
10460 11071 10110 9455
10460 11071 10110 9455
10460 11150 10110 9455
10460 11150 10110 9455
10460 11150 10181 9455
10460 11150 10181 9455
10460 11150 10221 9455
10460 11150 10221 9455
10460 11150 10244 9455
10460 11150 10244 9455
10535 11150 10244 9455
10535 11150 10244 9455
10535 11150 10249 9455
10535 11150 10249 9455
10535 11150 10249 9528
10535 11150 10249 9528
10535 11150 10249 9564
10535 11150 10249 9564
10535 11150 10249 9601
10535 11150 10249 9601
10535 11150 10299 9601
10535 11150 10299 9601
10535 11150 10388 9601
10535 11150 10388 9601
10629 11150 10388 9601
10629 11150 10388 9601
10704 11150 10388 9601
10704 11150 10388 9601
10704 11208 10388 9601
10704 11208 10388 9601
10704 11208 10391 9601
10704 11208 10391 9601
10737 11208 10391 9601
10737 11208 10391 9601
10737 11208 10391 9657
10737 11208 10391 9657
10737 11208 10472 9657
10737 11208 10472 9657
10737 11208 10472 9690
10737 11208 10472 9690
10737 11260 10472 9690
10737 11260 10472 9690
10737 11260 10550 9690
10737 11260 10550 9690
10836 11260 10550 9690
10836 11260 10550 9690
10836 11260 10628 9690
10836 11260 10628 9690
10836 11260 10628 9743
10836 11260 10628 9743
10836 11260 10689 9743
10836 11260 10689 9743
10836 11260 10723 9743
10836 11260 10723 9743
10836 11260 10723 9768
10836 11260 10723 9768
10836 11260 10723 9818
10836 11260 10723 9818
10836 11310 10723 9818
10836 11310 10723 9818
10836 11310 10723 9861
10836 11310 10723 9861
10836 11310 10723 9927
10836 11310 10723 9927
10875 11310 10723 9927
10875 11310 10723 9927
10875 11310 10760 9927
10875 11310 10760 9927
10875 11310 10848 9927
10875 11310 10848 9927
10905 11310 10848 9927
10905 11310 10848 9927
10905 11310 10899 9927
10905 11310 10899 9927
10905 11335 10899 9927
10905 11335 10899 9927
10905 11335 10899 9943
10905 11335 10899 9943
10905 11427 10899 9943
10905 11427 10899 9943
10905 11427 10940 9943
10905 11427 10940 9943
10905 11427 10940 9943
10905 11427 10940 9943
10905 11427 11040 9943
10905 11427 11040 9943
10905 11427 11137 9943
10905 11427 11137 9943
10905 11480 11137 9943
10905 11480 11137 9943
10905 11480 11137 9970
10905 11480 11137 9970
10905 11480 11222 9970
10905 11480 11222 9970
10905 11480 11222 10033
10905 11480 11222 10033
10905 11480 11280 10033
10905 11480 11280 10033
10905 11480 11346 10033
10905 11480 11346 10033
10969 11480 11346 10033
10969 11480 11346 10033
11058 11480 11346 10033
11058 11480 11346 10033
11093 11480 11346 10033
11093 11480 11346 10033
11093 11480 11377 10033
11093 11480 11377 10033
11093 11538 11377 10033
11093 11538 11377 10033
11093 11538 11377 10096
11093 11538 11377 10096
11093 11538 11377 10125
11093 11538 11377 10125
11093 11538 11433 10125
11093 11538 11433 10125
11093 11538 11433 10221
11093 11538 11433 10221
11172 11538 11433 10221
11172 11538 11433 10221
11269 11538 11433 10221
11269 11538 11433 10221
11269 11538 11433 10310
11269 11538 11433 10310
11269 11626 11433 10310
11269 11626 11433 10310
11325 11626 11433 10310
11325 11626 11433 10310
11325 11642 11433 10310
11325 11642 11433 10310
11325 11689 11433 10310
11325 11689 11433 10310
11325 11689 11433 10315
11325 11689 11433 10315
11325 11709 11433 10315
11325 11709 11433 10315
11325 11709 11433 10348
11325 11709 11433 10348
11325 11776 11433 10348
11325 11776 11433 10348
11325 11776 11519 10348
11325 11776 11519 10348
11325 11776 11519 10432
11325 11776 11519 10432
11388 11776 11519 10432
11388 11776 11519 10432
11388 11776 11519 10470
11388 11776 11519 10470
11388 11776 11519 10475
11388 11776 11519 10475
11388 11776 11519 10500
11388 11776 11519 10500
11388 11776 11519 10516
11388 11776 11519 10516
11409 11776 11519 10516
11409 11776 11519 10516
11409 11776 11568 10516
11409 11776 11568 10516
11442 11776 11568 10516
11442 11776 11568 10516
11442 11811 11568 10516
11442 11811 11568 10516
11442 11811 11568 10611
11442 11811 11568 10611
11442 11811 11568 10689
11442 11811 11568 10689
11442 11811 11568 10783
11442 11811 11568 10783
11442 11858 11568 10783
11442 11858 11568 10783
11442 11858 11643 10783
11442 11858 11643 10783
11442 11858 11643 10860
11442 11858 11643 10860
11442 11858 11726 10860
11442 11858 11726 10860
11442 11858 11807 10860
11442 11858 11807 10860
11442 11902 11807 10860
11442 11902 11807 10860
11442 11938 11807 10860
11442 11938 11807 10860
11442 11988 11807 10860
11442 11988 11807 10860
11442 12045 11807 10860
11442 12045 11807 10860
11442 12045 11817 10860
11442 12045 11817 10860
11442 12045 11817 10944
11442 12045 11817 10944
11539 12045 11817 10944
11539 12045 11817 10944
11584 12045 11817 10944
11584 12045 11817 10944
11584 12045 11817 11019
11584 12045 11817 11019
11584 12045 11863 11019
11584 12045 11863 11019
11584 12087 11863 11019
11584 12087 11863 11019
11584 12087 11902 11019
11584 12087 11902 11019
11584 12127 11902 11019
11584 12127 11902 11019
11584 12206 11902 11019
11584 12206 11902 11019
11679 12206 11902 11019
11679 12206 11902 11019
11679 12206 11902 11086
11679 12206 11902 11086
11679 12206 11951 11086
11679 12206 11951 11086
11679 12206 11951 11091
11679 12206 11951 11091
11679 12206 11951 11136
11679 12206 11951 11136
11679 12206 12014 11136
11679 12206 12014 11136
11679 12206 12114 11136
11679 12206 12114 11136
11679 12248 12114 11136
11679 12248 12114 11136
11679 12348 12114 11136
11679 12348 12114 11136
11679 12371 12114 11136
11679 12371 12114 11136
11679 12371 12114 11138
11679 12371 12114 11138
11722 12371 12114 11138
11722 12371 12114 11138
11722 12371 12139 11138
11722 12371 12139 11138
11722 12371 12139 11201
11722 12371 12139 11201
11722 12371 12141 11201
11722 12371 12141 11201
11722 12371 12141 11240
11722 12371 12141 11240
11722 12371 12141 11248
11722 12371 12141 11248
11722 12371 12215 11248
11722 12371 12215 11248
11735 12371 12215 11248
11735 12371 12215 11248
11735 12400 12215 11248
11735 12400 12215 11248
11797 12400 12215 11248
11797 12400 12215 11248
11797 12400 12227 11248
11797 12400 12227 11248
11797 12422 12227 11248
11797 12422 12227 11248
11797 12520 12227 11248
11797 12520 12227 11248
11797 12520 12227 11335
11797 12520 12227 11335
11797 12520 12237 11335
11797 12520 12237 11335
11797 12520 12237 11401
11797 12520 12237 11401
11797 12558 12237 11401
11797 12558 12237 11401
11797 12558 12251 11401
11797 12558 12251 11401
11833 12558 12251 11401
11833 12558 12251 11401
11833 12558 12317 11401
11833 12558 12317 11401
11833 12558 12364 11401
11833 12558 12364 11401
11833 12570 12364 11401
11833 12570 12364 11401
11833 12570 12377 11401
11833 12570 12377 11401
11833 12587 12377 11401
11833 12587 12377 11401
11833 12600 12377 11401
11833 12600 12377 11401
11833 12610 12377 11401
11833 12610 12377 11401
11833 12610 12377 11406
11833 12610 12377 11406
11893 12610 12377 11406
11893 12610 12377 11406
11893 12610 12377 11505
11893 12610 12377 11505
11893 12615 12377 11505
11893 12615 12377 11505
11893 12615 12466 11505
11893 12615 12466 11505
11893 12615 12560 11505
11893 12615 12560 11505
11955 12615 12560 11505
11955 12615 12560 11505
11955 12615 12560 11569
11955 12615 12560 11569
11955 12615 12560 11639
11955 12615 12560 11639
11955 12615 12641 11639
11955 12615 12641 11639
12021 12615 12641 11639
12021 12615 12641 11639
12021 12615 12694 11639
12021 12615 12694 11639
12021 12615 12775 11639
12021 12615 12775 11639
12021 12615 12826 11639
12021 12615 12826 11639
12051 12615 12826 11639
12051 12615 12826 11639
12051 12657 12826 11639
12051 12657 12826 11639
12051 12657 12826 11700
12051 12657 12826 11700
12051 12657 12881 11700
12051 12657 12881 11700
12095 12657 12881 11700
12095 12657 12881 11700
12095 12657 12881 11769
12095 12657 12881 11769
12105 12657 12881 11769
12105 12657 12881 11769
12105 12657 12941 11769
12105 12657 12941 11769
12105 12751 12941 11769
12105 12751 12941 11769
12105 12751 13036 11769
12105 12751 13036 11769
12105 12751 13036 11854
12105 12751 13036 11854
12105 12751 13111 11854
12105 12751 13111 11854
12177 12751 13111 11854
12177 12751 13111 11854
12177 12751 13135 11854
12177 12751 13135 11854
12177 12751 13135 11951
12177 12751 13135 11951
12266 12751 13135 11951
12266 12751 13135 11951
12266 12751 13230 11951
12266 12751 13230 11951
12346 12751 13230 11951
12346 12751 13230 11951
12346 12751 13230 11964
12346 12751 13230 11964
12346 12836 13230 11964
12346 12836 13230 11964
12346 12836 13305 11964
12346 12836 13305 11964
12346 12836 13323 11964
12346 12836 13323 11964
12346 12836 13323 12022
12346 12836 13323 12022
12346 12836 13409 12022
