100 3
0 0 0
0 36 0
0 30 0
0 30 5
0 26 5
0 59 5
0 56 2
0 56 12
0 56 5
0 56 21
0 49 11
37 49 11
33 42 2
33 42 33
24 40 32
24 40 55
23 34 47
23 45 47
17 43 45
17 43 84
7 37 80
38 37 80
33 32 72
33 62 72
30 61 70
30 65 70
23 65 69
23 65 81
19 65 72
19 65 103
12 57 95
28 57 95
23 57 92
23 83 92
20 80 82
20 93 82
20 83 81
20 99 81
11 96 71
11 96 73
2 87 69
12 87 69
7 85 62
7 85 78
0 84 69
0 84 92
0 79 86
16 79 86
9 70 83
21 70 83
11 62 77
24 62 77
24 55 68
24 95 68
21 89 63
21 89 85
15 82 84
15 82 91
8 75 85
8 75 104
0 68 95
0 74 95
0 67 90
0 76 90
0 68 87
21 68 87
16 67 83
16 67 97
12 66 92
12 66 127
5 63 126
8 63 126
6 58 125
6 58 154
2 53 152
2 53 154
0 51 154
0 51 181
0 43 173
0 62 173
0 56 173
0 76 173
0 72 167
35 72 167
25 64 159
25 64 162
16 63 156
28 63 156
21 53 150
21 92 150
13 88 144
37 88 144
30 85 134
30 101 134
30 93 126
44 93 126
35 92 117
35 92 130
30 84 124
41 84 124
32 74 121
32 74 145
26 73 142
30 73 142
28 64 135
38 64 135
30 62 132
42 62 132
38 52 130
38 66 130
31 64 129
31 64 141
21 61 133
21 62 133
17 58 128
17 73 128
15 73 118
15 73 157
14 71 155
14 81 155
4 73 152
22 73 152
12 66 145
12 66 147
6 64 145
6 101 145
1 101 135
1 101 146
0 92 142
27 92 142
25 83 141
34 83 141
28 81 137
28 81 177
23 80 174
23 80 176
15 79 170
15 105 170
14 99 166
14 99 199
12 93 198
12 96 198
9 89 197
9 89 200
8 86 196
31 86 196
25 84 193
25 84 201
18 82 192
18 82 208
9 81 205
22 81 205
13 76 195
18 76 195
14 70 185
14 70 199
7 61 197
7 61 205
0 51 199
0 51 228
0 41 220
15 41 220
8 39 216
46 39 216
37 35 212
37 35 239
29 35 231
29 66 231
23 66 228
23 66 255
16 61 252
16 93 252
6 83 243
6 109 243
0 99 239
0 99 264
0 94 256
0 96 256
0 90 247
0 95 247
0 86 241
6 86 241
5 77 237
5 94 237
3 94 230
39 94 230
33 85 230
33 96 230
26 93 227
26 93 247
17 88 240
17 98 240
13 94 236
13 113 236
5 105 229
5 123 229
0 115 219
0 115 221
0 108 221
0 112 221
