100 2
0 0
14 7
4 0
4 4
0 4
14 11
8 9
9 17
9 17
9 30
6 24
18 33
8 24
15 31
11 27
18 41
15 37
15 45
15 43
40 43
39 33
59 33
51 26
68 26
60 21
65 23
62 20
75 26
72 24
94 24
90 18
99 31
97 26
97 30
97 22
110 30
105 20
117 26
114 26
119 26
113 17
115 21
109 12
110 19
108 19
108 30
99 28
109 29
108 21
117 21
115 11
115 24
109 20
120 30
113 23
124 23
116 20
127 26
125 26
140 41
136 36
143 36
142 33
142 57
139 48
139 65
136 65
150 65
150 65
162 65
162 62
167 73
165 71
165 83
159 81
159 95
150 95
152 99
148 92
162 96
160 91
173 105
171 96
171 110
166 106
173 121
166 117
169 121
163 111
163 114
163 113
163 122
155 116
170 116
167 114
168 116
162 116
177 116
168 109
172 115
168 109
168 116
159 108
160 118
157 115
172 115
162 106
162 116
155 113
160 128
151 124
153 125
150 122
170 122
163 120
168 122
159 114
168 114
167 106
171 106
170 97
173 111
165 102
167 116
161 115
164 126
156 118
170 127
163 120
189 120
188 114
188 118
179 118
179 133
178 131
190 140
185 132
185 140
179 131
193 134
185 127
189 127
183 124
193 124
185 119
203 119
197 116
210 116
201 115
201 139
198 137
202 137
198 132
210 140
208 133
208 138
199 130
199 137
195 127
215 127
206 126
206 141
199 137
214 137
214 128
218 129
210 126
211 134
204 126
214 126
210 122
232 122
226 117
226 128
220 127
233 134
229 133
239 133
238 128
238 141
237 134
237 155
228 152
238 152
228 142
231 146
229 143
248 143
245 141
255 141
253 139
268 139
258 132
267 132
258 129
272 129
266 119
279 127
276 127
281 127
