1000 2
0 0
12 0
12 0
12 5
10 1
16 1
12 0
12 18
2 10
2 29
0 23
16 23
7 13
7 27
1 19
10 19
8 17
8 27
4 25
7 25
7 19
14 19
10 15
10 26
2 18
2 19
1 9
1 16
0 9
0 15
0 15
7 15
0 13
0 13
0 9
14 9
11 0
11 15
7 6
22 6
22 0
35 0
27 0
27 5
25 4
30 4
24 0
24 16
19 6
36 6
35 2
35 12
27 3
42 3
32 2
32 7
24 2
24 15
18 13
34 13
32 7
36 7
27 1
27 15
18 14
18 33
13 23
17 23
10 16
15 16
13 6
13 13
12 10
16 10
10 5
10 11
1 8
21 8
15 5
19 5
10 5
12 5
10 1
10 8
7 7
24 7
14 0
24 0
20 0
20 7
11 0
12 0
11 0
11 12
3 9
7 9
7 2
7 4
0 3
0 3
0 0
1 0
0 0
18 0
13 0
13 16
6 6
17 6
15 0
15 19
14 18
28 18
26 15
26 30
23 20
31 20
21 12
21 21
13 17
13 37
10 28
10 48
8 46
27 46
23 37
23 39
17 36
17 56
10 48
29 48
21 47
21 57
12 56
12 60
9 51
9 69
5 66
23 66
23 57
31 57
24 50
40 50
40 50
49 50
44 46
44 60
38 55
38 68
33 64
41 64
34 56
34 72
28 71
37 71
37 65
42 65
33 62
43 62
41 54
50 54
50 52
51 52
44 47
60 47
55 44
55 63
45 58
45 59
45 49
53 49
47 43
47 54
37 48
37 64
31 59
41 59
38 51
38 60
33 52
33 64
33 60
33 79
33 75
33 94
27 91
27 98
18 92
18 100
15 96
27 96
25 88
25 108
21 107
21 111
19 109
19 109
14 100
27 100
18 90
34 90
25 85
32 85
29 78
37 78
32 70
32 75
23 72
23 92
15 87
15 93
8 86
16 86
12 81
13 81
3 76
15 76
15 67
33 67
32 60
32 66
31 58
37 58
32 53
32 68
27 63
46 63
39 55
39 75
32 65
33 65
27 65
41 65
39 56
59 56
51 55
51 55
51 45
51 45
48 39
62 39
55 29
65 29
61 21
77 21
70 20
85 20
84 13
84 19
79 15
79 23
78 22
93 22
93 12
104 12
98 8
98 28
89 27
106 27
100 19
100 27
92 25
100 25
99 20
99 25
95 25
111 25
102 17
117 17
107 7
107 7
100 2
118 2
111 0
129 0
123 0
141 0
136 0
152 0
145 0
150 0
150 0
151 0
147 0
158 0
149 0
167 0
160 0
160 1
153 0
153 11
147 9
154 9
153 6
153 12
152 11
152 13
142 10
142 29
137 25
137 35
132 28
133 28
131 18
131 18
130 12
130 31
127 31
127 51
121 46
130 46
129 37
129 57
119 49
120 49
119 44
119 44
114 39
130 39
127 31
127 47
123 38
125 38
116 31
116 43
109 41
109 45
100 45
100 45
92 41
95 41
85 31
85 31
78 25
90 25
83 16
83 33
82 30
83 30
81 23
81 42
79 35
80 35
79 26
79 27
73 18
73 18
71 10
71 17
61 17
61 29
60 21
60 24
56 17
69 17
63 7
68 7
60 6
60 12
58 11
58 11
48 3
53 3
47 2
47 12
45 6
50 6
45 0
45 6
42 0
42 2
32 0
32 7
28 2
28 4
23 0
23 8
18 4
18 13
18 5
18 25
13 24
13 44
8 44
23 44
15 36
23 36
23 33
23 33
17 30
17 39
15 32
15 37
8 30
25 30
25 25
25 30
24 28
31 28
31 24
31 36
21 28
21 41
19 40
32 40
29 38
29 43
19 34
35 34
32 33
36 33
26 24
26 44
26 43
26 46
18 42
27 42
26 35
38 35
31 35
31 46
26 38
26 56
16 53
16 73
12 67
19 67
17 66
25 66
16 59
16 59
13 49
18 49
17 45
17 61
9 57
29 57
24 48
24 60
24 60
40 60
40 59
40 73
38 71
55 71
53 61
62 61
56 53
70 53
62 47
62 59
52 54
53 54
53 54
53 71
52 62
52 80
43 78
52 78
47 77
63 77
57 76
57 88
51 88
51 90
48 83
54 83
49 80
62 80
55 75
55 76
46 72
57 72
49 69
49 89
48 88
61 88
60 85
60 104
60 101
60 111
54 108
54 114
48 111
48 131
45 123
54 123
49 114
64 114
61 105
61 105
60 98
60 99
60 90
60 93
51 93
63 93
54 84
56 84
47 80
47 99
43 99
48 99
44 97
44 103
37 101
37 105
32 103
32 115
31 112
31 132
24 122
24 140
19 133
36 133
28 127
46 127
39 125
57 125
54 117
54 129
45 129
56 129
49 128
49 134
42 124
48 124
42 118
50 118
47 116
47 133
37 125
37 142
28 132
28 139
28 131
28 136
28 126
31 126
22 119
22 130
13 125
13 139
8 135
20 135
12 134
12 142
7 139
20 139
13 129
13 145
6 141
6 146
5 136
5 154
2 146
2 150
0 145
0 145
0 142
0 147
0 137
0 147
0 137
20 137
12 137
24 137
23 130
41 130
39 130
53 130
44 127
44 127
37 120
37 125
29 121
30 121
25 113
25 122
20 120
20 131
10 122
10 138
3 137
3 137
0 137
5 137
4 127
4 141
0 140
0 146
0 146
0 157
0 147
0 158
0 151
0 169
0 167
12 167
9 163
9 179
9 179
25 179
18 179
37 179
29 178
29 192
20 183
20 200
14 196
15 196
8 193
8 194
0 186
0 199
0 197
7 197
5 197
5 203
4 202
10 202
1 202
21 202
18 194
18 206
14 206
14 218
4 215
4 231
0 231
7 231
0 227
17 227
11 226
18 226
9 223
21 223
18 223
18 239
11 236
11 248
6 247
6 257
0 257
0 263
0 258
3 258
0 255
0 267
0 262
0 262
0 252
4 252
0 244
0 261
0 258
17 258
13 249
30 249
22 242
37 242
28 237
28 237
24 232
27 232
23 227
23 244
22 242
40 242
39 235
57 235
57 228
71 228
65 227
65 233
57 228
74 228
69 226
87 226
84 224
84 233
78 229
96 229
96 228
96 232
96 227
111 227
101 226
101 238
99 236
102 236
94 233
94 248
86 244
106 244
102 240
102 259
100 252
100 267
94 265
94 268
87 261
107 261
106 255
118 255
109 254
116 254
112 244
112 255
107 255
109 255
102 248
103 248
96 243
97 243
95 233
97 233
97 223
97 236
95 234
95 241
95 234
98 234
92 231
92 241
86 231
86 239
85 230
102 230
99 228
108 228
107 222
107 231
102 230
107 230
101 220
101 222
97 222
105 222
104 220
108 220
104 211
108 211
103 211
103 230
101 220
107 220
102 216
102 229
95 224
113 224
105 219
115 219
111 213
130 213
121 209
139 209
138 205
138 212
132 206
132 223
124 222
130 222
125 218
133 218
127 215
137 215
136 207
146 207
138 198
138 202
137 198
137 204
129 195
136 195
130 187
130 201
130 199
130 202
129 195
129 213
120 210
120 227
117 221
135 221
133 216
134 216
129 209
145 209
135 208
135 220
131 220
147 220
141 219
141 237
133 233
133 239
133 229
133 234
133 233
133 234
133 230
142 230
142 230
142 239
136 229
150 229
147 226
160 226
159 225
159 242
157 232
157 251
147 242
152 242
142 238
142 251
136 247
141 247
133 238
137 238
137 235
153 235
145 230
145 236
135 226
135 244
126 239
126 253
123 244
123 257
120 251
124 251
123 250
138 250
135 247
135 266
132 261
142 261
132 253
132 269
130 262
130 262
124 258
124 258
119 257
132 257
130 249
143 249
135 245
135 254
134 246
134 263
124 258
132 258
126 251
126 258
120 256
136 256
136 255
153 255
147 251
153 251
149 247
149 253
141 245
141 264
141 254
145 254
139 254
147 254
143 253
160 253
157 246
157 247
152 245
152 250
143 245
143 256
143 253
163 253
157 252
158 252
155 245
168 245
158 243
158 249
150 241
150 248
144 243
150 243
149 243
151 243
141 234
160 234
150 224
153 224
152 216
152 224
148 219
153 219
153 214
153 227
147 221
158 221
151 218
159 218
156 218
164 218
162 210
162 218
155 211
166 211
156 207
156 226
154 226
162 226
161 221
161 224
156 214
156 222
152 214
152 225
148 215
148 229
145 229
145 231
136 229
143 229
142 227
146 227
138 220
156 220
149 211
149 225
144 220
160 220
159 216
163 216
161 210
177 210
169 208
184 208
181 203
193 203
190 201
204 201
200 195
200 195
191 186
191 188
187 178
196 178
190 172
190 177
186 170
186 190
176 190
176 195
166 187
166 207
163 200
174 200
173 199
189 199
186 192
186 208
177 205
177 210
172 206
172 218
165 212
170 212
163 202
163 211
153 210
153 228
147 221
161 221
152 217
162 217
153 217
171 217
167 214
173 214
172 204
189 204
182 204
196 204
195 199
209 199
209 189
225 189
225 179
225 183
221 175
222 175
220 174
220 174
212 164
212 164
208 157
208 166
200 163
200 174
195 170
214 170
213 166
215 166
214 164
214 175
205 170
222 170
220 166
220 166
216 164
216 169
207 165
207 169
200 159
213 159
206 154
206 171
199 165
199 174
191 166
191 186
182 181
182 196
176 188
176 195
173 194
183 194
175 193
186 193
184 188
201 188
199 184
207 184
207 180
213 180
209 174
216 174
209 171
216 171
206 167
206 183
205 179
205 190
196 186
216 186
210 179
215 179
205 175
223 175
220 174
220 189
220 185
220 204
216 202
217 202
211 202
211 214
209 208
209 211
206 211
206 211
201 201
203 201
199 200
199 212
194 203
194 203
189 200
201 200
196 195
208 195
206 186
206 205
205 202
222 202
217 201
217 216
216 208
227 208
221 202
223 202
217 195
237 195
237 188
237 202
231 202
231 206
223 206
223 213
216 206
231 206
225 199
231 199
222 193
222 195
215 186
215 200
205 200
205 201
201 191
201 193
191 183
191 184
190 181
190 193
188 183
197 183
190 176
190 189
188 182
188 202
178 201
178 214
175 209
175 214
174 208
174 225
170 225
170 235
160 225
166 225
160 222
178 222
168 213
178 213
178 209
178 212
172 202
172 215
164 214
168 214
165 208
165 228
156 220
175 220
172 219
172 227
170 218
189 218
179 213
182 213
177 208
193 208
188 208
195 208
195 200
213 200
205 196
216 196
206 191
218 191
210 181
210 183
203 174
210 174
210 164
210 172
210 165
210 172
203 168
203 182
200 172
200 172
194 170
200 170
199 167
205 167
200 163
200 164
196 159
196 175
188 175
191 175
184 172
199 172
197 172
197 191
189 185
206 185
204 182
204 197
194 189
209 189
204 184
210 184
200 181
200 199
199 193
207 193
198 189
198 198
193 193
193 203
187 197
200 197
194 195
194 197
194 193
213 193
210 193
210 205
207 203
224 203
221 197
233 197
226 191
226 196
226 194
241 194
234 189
234 193
225 186
235 186
229 182
234 182
234 179
242 179
238 171
245 171
244 168
264 168
264 160
264 160
259 154
265 154
256 150
256 159
252 156
252 164
247 155
256 155
252 148
257 148
251 147
251 154
250 150
265 150
259 140
264 140
258 135
268 135
265 127
278 127
275 118
275 120
265 111
265 121
264 113
269 113
264 111
264 124
258 119
258 121
248 118
260 118
258 110
258 113
255 110
255 111
250 103
250 108
243 108
243 125
233 115
233 128
229 126
229 145
228 142
246 142
243 134
248 134
240 127
240 130
236 121
244 121
235 117
243 117
236 115
236 127
228 119
241 119
233 113
244 113
244 104
244 120
243 120
243 133
233 126
235 126
232 124
242 124
238 121
238 126
231 120
231 131
226 121
236 121
231 118
231 137
225 135
238 135
228 130
228 140
226 132
226 148
224 139
224 150
217 141
225 141
218 137
218 152
209 149
209 159
208 154
214 154
210 154
210 154
203 154
203 166
198 162
198 178
193 176
193 179
187 176
187 193
182 187
193 187
186 185
187 185
179 179
187 179
185 174
185 189
175 189
179 189
174 185
180 185
179 184
185 184
180 174
196 174
191 174
191 184
184 175
203 175
197 165
197 177
192 167
206 167
199 162
199 171
198 165
198 165
192 158
192 169
189 169
189 170
182 161
182 170
173 164
173 180
164 175
164 175
164 170
166 170
159 170
176 170
169 160
173 160
167 154
170 154
164 144
168 144
159 136
159 139
149 129
153 129
146 129
146 137
137 131
138 131
136 125
136 127
126 121
126 121
124 111
125 111
116 105
116 112
114 109
120 109
117 106
121 106
111 99
113 99
112 99
112 117
108 116
113 116
105 108
105 123
95 114
98 114
88 108
108 108
103 107
103 124
97 122
114 122
108 119
108 136
104 136
106 136
103 136
103 145
97 136
97 141
94 140
94 146
86 140
86 145
80 136
80 151
70 142
89 142
87 137
87 142
84 142
92 142
89 142
102 142
102 140
102 153
98 144
100 144
91 139
94 139
89 129
91 129
85 129
86 129
85 124
87 124
81 117
81 131
74 130
89 130
83 128
98 128
98 125
98 139
90 137
104 137
104 133
104 151
101 148
101 157
92 153
102 153
100 148
104 148
101 142
116 142
109 133
122 133
121 126
124 126
117 121
128 121
121 119
128 119
126 117
126 127
122 121
122 125
118 116
118 121
113 115
113 115
112 115
112 128
103 120
123 120
123 113
130 113
124 104
124 115
122 109
142 109
134 100
144 100
141 94
154 94
154 84
154 98
149 94
155 94
148 92
148 108
141 108
151 108
151 103
151 107
144 97
144 112
141 112
148 112
142 107
142 127
137 124
137 141
129 133
129 136
119 133
119 143
112 141
115 141
107 136
107 148
106 146
106 146
101 143
101 144
92 137
101 137
94 129
111 129
105 123
114 123
105 120
105 123
98 117
108 117
101 108
108 108
100 102
114 102
110 99
110 99
104 96
104 97
101 97
105 97
96 89
96 99
96 89
116 89
106 89
106 98
99 93
99 113
98 107
102 107
98 107
117 107
112 99
124 99
118 99
137 99
129 98
142 98
141 91
141 94
136 94
153 94
150 88
167 88
163 85
163 85
155 81
171 81
162 72
167 72
167 71
167 81
165 71
179 71
169 68
169 68
169 63
181 63
174 63
174 66
168 61
168 70
162 69
179 69
170 65
170 81
170 76
179 76
173 73
173 92
163 91
163 109
158 99
176 99
167 89
169 89
169 85
169 104
168 94
178 94
168 91
168 99
166 95
174 95
173 88
173 94
167 88
167 90
161 86
168 86
163 85
163 89
157 81
163 81
153 75
153 79
148 72
148 91
148 91
156 91
155 89
155 97
147 95
147 99
146 96
148 96
145 89
145 89
141 85
141 103
136 102
152 102
144 96
154 96
150 93
159 93
158 92
162 92
153 89
171 89
169 88
178 88
175 84
183 84
182 78
202 78
193 75
193 78
189 76
197 76
196 74
196 88
193 84
210 84
204 83
205 83
199 81
201 81
191 75
191 93
191 89
191 97
188 97
205 97
195 89
195 95
193 94
202 94
199 88
201 88
201 78
217 78
215 75
221 75
220 71
238 71
236 69
236 71
227 65
228 65
226 62
226 62
225 58
225 68
221 60
221 73
212 68
212 85
208 85
208 104
202 96
218 96
214 96
234 96
225 94
225 96
220 93
220 104
211 98
211 108
208 102
219 102
212 96
232 96
228 86
228 100
219 92
219 95
210 91
222 91
216 88
216 89
216 89
233 89
230 89
234 89
228 86
241 86
232 82
234 82
231 76
231 89
223 82
225 82
221 72
221 91
218 89
224 89
223 89
223 105
219 101
231 101
225 98
225 108
221 105
225 105
218 98
223 98
221 97
234 97
224 89
232 89
225 84
225 93
225 92
230 92
230 87
230 100
221 94
227 94
218 88
218 96
218 89
233 89
232 87
235 87
234 79
234 79
233 79
237 79
227 77
238 77
236 68
237 68
233 67
233 70
224 61
224 64
214 61
228 61
221 61
221 78
211 77
225 77
224 74
224 86
223 78
230 78
229 77
229 88
223 79
224 79
222 76
228 76
228 70
228 79
225 78
225 87
216 77
216 77
214 77
214 86
204 77
204 97
201 89
201 102
200 95
206 95
201 89
201 102
200 100
200 113
197 110
213 110
205 104
208 104
199 96
219 96
216 86
216 94
215 87
215 97
209 95
209 99
204 93
222 93
214 93
223 93
217 84
236 84
233 75
243 75
235 72
235 92
230 91
230 105
223 103
232 103
231 97
231 100
230 91
230 106
221 97
237 97
234 87
234 97
232 93
232 99
224 96
228 96
228 86
239 86
234 83
249 83
246 82
246 89
240 80
249 80
247 80
248 80
242 70
242 72
237 70
252 70
252 63
252 74
252 70
252 86
247 79
247 95
238 88
238 100
237 92
251 92
243 82
254 82
244 74
258 74
256 70
266 70
259 68
259 79
251 79
251 79
251 70
251 86
251 85
266 85
260 82
260 87
259 78
259 81
252 80
263 80
254 77
264 77
256 70
256 78
252 68
270 68
269 66
269 83
262 74
278 74
278 66
278 71
270 66
273 66
264 65
264 65
255 57
255 65
250 58
250 58
246 57
257 57
256 47
256 64
253 63
272 63
268 61
268 79
262 76
274 76
273 75
282 75
275 67
275 72
269 68
282 68
273 63
273 74
268 71
268 71
266 66
266 72
263 71
263 89
263 83
271 83
268 73
268 73
268 65
282 65
280 58
295 58
295 58
302 58
300 49
304 49
299 45
299 48
294 39
294 43
294 35
294 40
291 37
291 51
291 48
292 48
284 39
284 49
280 43
280 43
272 43
275 43
273 40
273 42
264 40
264 54
256 46
271 46
262 45
274 45
269 44
269 48
260 39
280 39
271 35
281 35
281 30
286 30
281 29
281 44
271 38
279 38
279 28
279 29
277 25
294 25
294 17
294 33
286 26
286 27
281 17
293 17
288 15
288 15
286 7
294 7
294 0
305 0
