1000 4
0 0 0 0
74 22 288 0
0 0 234 0
0 772 293 0
0 478 97 0
0 478 97 666
0 258 42 488
230 517 42 488
0 317 0 395
268 317 243 761
125 190 87 654
415 195 87 837
179 0 0 822
179 131 0 1057
95 0 0 947
236 0 0 1525
175 0 0 1288
544 0 242 1288
527 0 0 1131
543 213 0 1327
274 75 0 1155
629 75 15 1505
384 0 1 1439
705 0 137 1439
645 0 126 1197
645 422 126 1581
504 364 0 1477
504 639 565 1477
283 517 293 1280
283 830 293 1446
109 671 92 1351
109 782 221 1351
0 598 105 1245
0 598 324 1332
0 589 321 1256
0 807 400 1578
0 710 358 1360
0 869 576 1501
0 765 295 1307
134 765 632 1373
0 689 499 1087
0 1150 499 1355
0 852 484 1330
0 1014 603 1725
0 970 399 1625
148 970 751 1658
0 870 697 1484
2 870 953 1600
0 754 739 1357
87 754 1182 1357
0 628 1051 1168
331 793 1428 1168
288 758 1308 1107
517 885 1320 1107
232 840 1189 957
232 1190 1459 957
0 1031 1294 735
303 1153 1294 735
134 1007 1004 721
235 1007 1238 721
68 847 1192 596
283 1169 1192 829
254 974 1133 589
254 1028 1812 589
31 749 1588 533
264 749 1588 968
93 734 1550 918
645 734 1788 918
455 451 1716 763
455 451 1920 1454
402 187 1905 1242
560 427 1905 1242
448 349 1797 1166
448 722 1932 1350
219 711 1809 1082
706 711 1878 1082
545 604 1827 1014
701 956 1885 1014
526 743 1774 954
1023 772 1774 954
865 709 1665 689
865 801 1665 931
573 712 1486 904
720 712 1673 904
489 586 1542 793
757 792 1542 921
467 663 1505 897
583 663 1505 1281
335 550 1328 1032
488 550 1614 1032
329 399 1382 828
614 399 1831 828
374 134 1642 632
742 134 1642 833
708 0 1361 697
857 0 1361 1121
748 0 1159 840
1037 458 1159 840
951 215 903 767
1666 215 903 1080
1605 208 771 988
1726 208 1154 1330
1584 6 913 1245
1584 6 1012 1586
1477 4 816 1305
1477 392 816 1753
1305 153 638 1624
1305 153 638 2148
1259 142 583 2026
1584 142 585 2108
1363 0 501 1808
1428 0 560 2117
1187 0 456 1891
1187 493 772 1891
1102 385 761 1708
1237 385 1021 1708
1074 294 963 1652
1074 294 1080 1809
951 31 1070 1801
1153 253 1238 1801
948 228 1147 1551
1217 228 1147 1777
1016 223 1145 1653
1657 383 1145 1653
1607 215 1000 1394
1607 460 1000 1553
1539 300 747 1451
1546 300 961 1451
1298 60 853 1349
1442 60 1067 1357
1181 0 904 1092
1272 0 960 1092
1061 0 793 947
1368 179 793 1298
1334 0 784 1082
1546 0 1091 1082
1529 0 836 1007
1529 487 959 1007
1339 203 851 718
1460 270 851 1098
1373 232 819 896
1373 232 1026 899
1221 72 765 878
1251 418 765 878
1109 214 655 793
1109 214 915 1068
1073 7 856 924
1073 94 1084 1189
930 0 994 1133
930 6 1001 1365
637 0 763 1254
637 383 763 1981
477 133 540 1802
635 133 769 1802
436 0 733 1765
436 32 908 2004
354 0 668 1873
515 0 845 2161
417 0 666 2009
417 0 955 2355
144 0 811 2159
240 161 962 2159
225 144 946 1892
225 360 946 2544
212 254 774 2352
378 254 1144 2352
286 42 973 2113
673 42 1276 2113
574 0 1258 1931
574 129 1595 1978
275 0 1462 1685
275 557 1579 1685
159 510 1400 1630
159 646 1411 1844
0 444 1293 1816
0 763 1293 1908
0 534 1265 1682
538 534 1265 1682
402 433 1139 1636
608 433 1139 1842
461 152 1026 1594
829 152 1039 1719
728 0 890 1488
728 57 890 1937
686 1 876 1829
760 154 965 1829
754 43 959 1667
754 106 1218 1719
524 56 1088 1659
524 651 1429 1659
457 452 1147 1485
843 452 1147 1550
715 221 906 1447
1200 480 906 1447
1054 318 743 1359
1054 318 1368 1627
813 88 1213 1355
981 397 1213 1637
754 101 940 1371
1142 101 969 1487
1106 30 680 1211
1149 30 1177 1211
953 0 1025 989
994 0 1415 989
957 0 1203 762
1166 0 1203 969
876 0 1124 823
876 0 1740 823
817 0 1455 575
817 394 1742 575
578 195 1702 554
594 195 1702 821
366 89 1509 586
809 89 1509 935
782 0 1289 930
1046 34 1378 930
999 0 1157 730
1192 0 1482 730
925 0 1228 518
925 489 1228 518
838 394 1004 482
897 764 1155 482
627 594 1136 476
627 594 1455 775
512 361 1383 647
750 361 1493 701
561 66 1366 461
561 73 1928 461
431 24 1780 332
707 24 1849 581
443 15 1700 551
443 387 1700 598
268 326 1596 420
268 626 1673 483
187 610 1470 198
558 610 1808 318
279 353 1765 58
551 353 1765 359
525 241 1599 227
773 241 1642 227
738 234 1390 91
907 234 1699 308
816 0 1401 227
851 0 1401 405
583 0 1101 358
706 0 1455 400
542 0 1323 114
667 485 1323 114
553 307 1255 0
927 688 1565 0
645 674 1334 0
876 933 1334 112
720 717 1078 0
720 1172 1078 59
681 1137 1008 0
951 1322 1008 44
739 1040 853 20
739 1517 1061 20
457 1465 804 0
457 1465 990 513
448 1439 852 465
448 1439 1467 791
181 1363 1458 617
504 1363 1581 951
434 1255 1305 846
434 1630 1372 846
267 1435 1088 841
406 1523 1088 1222
367 1270 1039 957
367 1992 1039 1119
107 1814 857 1063
107 2332 1247 1063
97 2032 967 844
97 2032 1178 1177
0 1908 1103 997
0 2113 1287 1381
0 2055 1100 1108
308 2055 1554 1108
26 1867 1375 897
26 2518 1559 897
0 2423 1363 771
0 2423 1642 1102
0 2318 1405 1036
0 2839 1405 1355
0 2748 1206 1152
226 2748 1344 1152
37 2736 1120 1115
266 2736 1120 1477
12 2518 1113 1415
12 2518 1503 1780
0 2353 1263 1527
0 2529 1599 1676
0 2452 1457 1492
0 2452 1614 1728
0 2264 1505 1555
0 2607 1635 1689
0 2532 1625 1463
465 2810 1625 1463
389 2566 1353 1439
400 2733 1530 1439
109 2570 1277 1300
109 3014 1443 1300
0 2967 1268 1135
452 2967 1268 1135
260 2936 1218 1062
260 3083 1567 1062
162 2819 1471 846
187 3171 1623 846
0 2943 1387 774
0 3032 1626 774
0 2834 1573 645
388 3088 1573 837
95 3027 1399 681
495 3027 1522 681
344 2839 1364 557
344 2839 1851 931
185 2737 1833 853
185 2737 2196 853
151 2576 2006 845
151 2703 2006 999
0 2657 1841 778
0 2689 2350 778
0 2447 2084 640
0 2553 2437 796
0 2545 2266 691
0 2855 2266 691
0 2608 2186 563
342 2608 2399 563
190 2569 2222 551
190 2569 2436 1201
0 2520 2283 1033
22 2520 2740 1033
0 2250 2527 910
335 2250 2527 1606
321 2059 2258 1571
321 2059 2389 2040
177 1954 2221 1956
384 2118 2554 1956
250 2031 2403 1833
487 2052 2403 2058
325 1867 2324 1829
547 1867 2324 2188
539 1707 2312 1945
539 1707 2709 2448
427 1586 2557 2429
427 1778 2557 2735
392 1510 2314 2467
392 1824 2314 3118
116 1753 2126 3079
116 1753 2126 3873
0 1561 1902 3598
10 1561 2037 3953
0 1301 1894 3858
282 1301 1982 3875
128 1298 1755 3831
502 1364 1793 3831
424 1352 1577 3761
959 1352 1778 3761
700 1061 1673 3715
700 1183 1922 3759
491 1073 1667 3550
869 1272 1819 3550
650 1222 1628 3318
1042 1575 1753 3318
889 1457 1606 3132
889 1457 1910 3719
757 1449 1801 3462
757 1667 1801 3740
531 1374 1505 3688
729 1374 1980 3688
592 1366 1908 3638
847 1438 1908 3831
629 1148 1628 3813
629 1148 2030 3813
358 926 1777 3792
358 1486 1777 3878
308 1335 1500 3752
308 1335 1716 3819
135 1090 1557 3670
379 1357 1693 3670
311 1167 1641 3522
638 1167 1675 3824
487 1122 1455 3773
487 1513 1850 3843
246 1244 1770 3626
410 1584 1770 3626
403 1477 1723 3465
403 1477 1980 4127
388 1415 1823 4117
1060 1415 1823 4406
899 1255 1620 4163
899 1255 1620 4698
771 1082 1577 4496
1136 1199 1577 4681
1082 931 1471 4391
1342 993 1471 4391
1259 788 1358 4269
1259 1020 1642 4563
967 724 1536 4408
1353 965 1536 4443
1267 728 1440 4304
1267 740 1808 4304
1010 709 1526 4259
1150 709 1816 4300
1012 420 1665 4014
1251 420 2021 4014
1196 121 1842 3832
1417 121 1872 3970
1406 0 1871 3789
1587 288 1871 3789
1341 177 1605 3711
1707 531 1605 4042
1472 516 1599 3910
1472 779 1652 4058
1268 659 1550 3928
1268 897 1886 4291
1267 762 1716 4088
1559 762 1716 4263
1352 513 1619 4023
1352 513 1769 4557
1201 349 1586 4296
1780 724 1586 4296
1568 556 1541 4275
1568 588 1895 4275
1285 411 1695 4156
1422 642 1852 4156
1172 400 1688 4106
1172 786 1820 4173
1172 758 1772 4076
1388 758 1772 4160
1107 569 1581 4030
1193 569 1658 4429
993 306 1527 4354
993 543 1527 4558
781 527 1247 4419
791 527 1493 4425
596 402 1339 4423
596 698 1682 4446
550 427 1433 4362
951 767 1433 4362
693 765 1308 4273
1304 765 1334 4273
1101 642 1275 4111
1813 722 1275 4111
1599 583 1051 4082
1599 704 1440 4437
1449 654 1431 4138
1449 859 1431 4237
1299 689 1285 4083
1299 963 1285 4092
1059 874 1166 4052
1059 874 1454 4413
1011 784 1355 4300
1185 784 1505 4436
1039 502 1481 4372
1087 502 1709 4740
1008 325 1466 4450
1319 325 1513 4825
1041 212 1364 4604
1041 212 1863 4833
914 194 1694 4784
925 472 1694 4790
754 174 1544 4666
958 174 1824 4899
723 0 1553 4682
1120 0 1553 5327
1074 0 1489 5136
1297 0 1489 5420
1060 0 1213 5186
1125 320 1213 5437
889 170 1137 5284
889 433 1478 5284
873 325 1222 5259
1175 529 1222 5619
1041 456 986 5424
1247 846 986 5548
958 721 877 5483
1481 1068 877 5483
1476 994 828 5429
1901 994 828 5790
1644 866 689 5708
1644 1523 950 5708
1377 1275 677 5693
1377 1275 1216 5886
1340 1178 1043 5692
1458 1178 1251 5713
1193 984 1049 5445
1592 1371 1049 5445
1450 1361 938 5356
1450 1628 1263 5689
1236 1352 1178 5664
1489 1575 1482 5664
1424 1441 1403 5531
1745 1441 1779 5536
1558 1329 1757 5403
1853 1329 2102 5403
1613 1310 1873 5273
1613 1664 1873 5273
1339 1393 1650 5162
1560 1459 1650 5532
1419 1394 1464 5532
1419 1486 1464 5822
1126 1299 1409 5586
1441 1299 1409 5847
1422 1079 1233 5752
1422 1079 1233 5865
1223 1005 1025 5674
1369 1005 1385 5674
1231 748 1342 5609
1231 1317 1521 5609
1217 1193 1500 5587
1217 1399 1623 5738
1077 1376 1355 5561
1383 1710 1355 5561
1351 1584 1291 5262
1351 1584 2060 5262
1140 1417 1997 5194
1942 1417 1997 5194
1778 1220 1955 5031
1778 1503 1955 5031
1606 1427 1806 4789
1606 1486 1806 4970
1553 1424 1656 4920
1945 1670 1656 4920
1839 1523 1630 4799
1964 1547 1630 4799
1667 1285 1619 4637
1667 1310 1619 4830
1607 1258 1372 4642
1953 1258 1540 5002
1727 980 1336 4927
1990 980 1336 4927
1752 809 1149 4675
1752 1158 1149 4829
1669 883 992 4635
1669 957 1092 4663
1649 754 859 4399
1649 754 996 4874
1365 569 852 4863
1694 777 852 4863
1645 674 631 4571
1742 674 794 4907
1670 447 641 4876
1670 747 641 5480
1393 457 591 5448
1393 961 591 5830
1269 957 520 5533
1269 1344 838 5903
1182 1051 597 5762
1182 1386 931 5990
979 1261 783 5917
979 1323 783 6307
800 1205 764 6252
800 1736 877 6252
517 1717 597 6083
866 1717 887 6083
611 1500 843 5793
879 1703 843 5877
579 1590 691 5604
579 2271 978 5604
565 2236 780 5322
600 2236 943 5572
476 1990 718 5444
924 1990 718 5444
756 1934 483 5185
756 1934 646 5546
457 1923 479 5307
686 1923 496 5639
661 1630 317 5375
793 2350 317 5375
555 2057 289 5270
555 2344 446 5598
497 2182 441 5517
792 2211 441 5517
684 1965 205 5234
684 2187 296 5573
534 2047 207 5495
534 2047 207 6111
268 1847 0 6062
268 1894 283 6171
12 1685 0 6081
12 1685 471 6165
0 1434 471 6154
0 1727 554 6473
0 1517 505 6251
392 1858 505 6520
334 1852 410 6411
334 2085 410 6655
39 2078 212 6504
39 2078 308 6930
0 2011 301 6658
395 2011 582 6658
123 1829 510 6438
157 1829 611 6642
0 1608 556 6483
194 1608 556 6587
176 1585 318 6565
176 1795 339 6609
0 1708 108 6408
167 1708 320 6408
130 1570 75 6158
273 1754 75 6158
200 1613 0 6120
200 1968 0 6801
0 1848 0 6564
112 1983 17 6564
0 1805 0 6379
73 1805 110 6614
0 1621 77 6569
0 2115 77 6914
0 2089 0 6838
0 2089 149 7227
0 2021 1 6939
0 2327 392 6939
0 2139 299 6750
0 2366 485 7086
0 2242 319 6809
36 2242 330 7177
0 2142 215 7079
0 2142 315 7168
0 1851 25 7096
357 1950 25 7096
192 1653 0 6809
521 1653 296 6898
432 1444 279 6646
600 1639 279 7022
581 1600 27 6791
581 1988 162 7151
566 1839 0 7024
566 1839 260 7248
538 1786 133 7074
718 2068 133 7162
698 1826 0 7001
698 2108 290 7219
531 1917 121 7187
1020 1917 288 7187
846 1861 116 6990
846 1987 628 6990
729 1797 392 6916
729 2024 876 6916
479 1915 734 6868
872 1915 1011 7203
704 1870 820 6940
704 1870 1623 6940
691 1867 1490 6869
691 2261 1490 7372
504 2212 1473 7296
504 2433 1827 7340
384 2251 1631 7122
614 2251 1631 7484
570 2104 1535 7449
570 2447 1535 7643
378 2433 1304 7518
490 2777 1524 7518
236 2617 1513 7263
588 2617 1868 7515
579 2515 1620 7286
579 2515 2198 7286
507 2513 1926 7191
738 2513 1926 7742
627 2479 1720 7569
627 2827 2074 7569
340 2725 1873 7284
450 2997 1873 7284
321 2761 1621 7077
321 2809 1750 7467
319 2703 1552 7429
602 2703 1633 7429
456 2474 1600 7421
535 2659 1838 7421
492 2383 1722 7172
669 2383 1795 7431
424 2157 1644 7144
804 2337 1644 7144
735 2241 1602 6974
1107 2261 1918 6974
1016 2238 1918 6784
1224 2238 1918 7266
1187 2131 1734 7183
1329 2136 2032 7183
1083 1945 1845 6931
1292 2389 1845 6931
1088 2107 1635 6810
1088 2514 1635 7021
1065 2510 1511 6910
1746 2682 1511 6910
1477 2478 1387 6637
1676 3098 1387 6637
1386 3041 1136 6565
1386 3041 1344 7234
1227 3021 1323 6945
1227 3021 1323 7594
1211 2921 1134 7369
1211 3315 1215 7369
933 3024 1097 7204
1089 3234 1336 7204
845 2947 1190 7042
992 2947 1190 7431
911 2668 1152 7162
1229 2787 1152 7192
937 2780 1034 6896
937 2995 1386 6896
711 2866 1090 6610
999 3149 1090 6610
806 3095 1077 6437
998 3095 1077 6990
990 2847 852 6966
1268 2847 1235 6966
1086 2581 1233 6817
1086 2667 1276 7153
1058 2576 1153 7083
1058 2576 1886 7465
1041 2343 1879 7342
1041 2730 2014 7547
912 2628 1752 7338
1211 2628 2069 7338
1187 2611 2045 7309
1362 3282 2045 7309
1162 3189 1933 7296
1162 3561 1996 7465
888 3513 1960 7360
888 3529 2351 7360
616 3243 2296 7202
616 3243 2630 7947
508 3095 2509 7934
586 3463 2509 8257
459 3304 2293 7985
459 3511 2673 7985
198 3341 2440 7912
413 4128 2440 7912
140 3964 2404 7802
140 4154 2430 7912
103 3922 2334 7856
103 4017 2334 8215
0 4009 2265 7991
440 4054 2265 7991
224 4001 2238 7740
224 4098 2318 7825
0 4093 2308 7674
374 4093 2349 7985
276 3925 2070 7737
276 4059 2484 7737
0 3844 2218 7571
0 3945 2218 7584
0 3805 2201 7468
459 3917 2201 7468
295 3733 1915 7286
295 4228 1915 7286
84 3940 1865 7067
84 4280 2438 7067
47 4032 2277 6822
47 4079 2552 6822
0 3786 2517 6596
332 4090 2517 6736
198 3882 2257 6706
250 3882 2776 6706
146 3816 2755 6677
146 3993 2812 6851
0 3876 2601 6660
0 4249 2946 6995
0 4015 2941 6734
384 4372 2941 6814
171 4108 2762 6705
171 4174 3258 6705
133 4008 3017 6566
133 4105 3409 6566
0 3973 3185 6359
88 3973 3185 6703
0 3895 2952 6483
231 4019 2952 6630
64 3844 2716 6392
64 3949 2716 7028
0 3914 2589 6817
354 3914 2589 7215
183 3783 2388 7046
183 4025 2388 7470
0 3730 2213 7339
0 4031 2275 7370
0 4007 2086 7293
1 4007 2186 7386
0 3883 2120 7384
571 3898 2120 7384
402 3647 2072 7302
403 3647 2459 7679
197 3428 2356 7501
404 3595 2356 7516
195 3500 2298 7348
195 4123 2298 7348
55 3853 2185 7138
399 3853 2526 7138
146 3704 2244 7092
146 3704 2696 7092
135 3652 2614 6820
259 3659 2614 6820
259 3390 2344 6545
259 3390 2743 7185
0 3288 2712 6966
148 3288 2712 7553
0 3086 2439 7262
0 3228 2439 7681
0 3198 2329 7568
0 3463 2329 8001
0 3309 2124 7944
89 3370 2124 7967
10 3189 1896 7742
108 3189 1896 8050
78 3044 1624 7833
78 3357 1624 8498
0 3316 1552 8323
0 4068 1552 8323
0 3899 1529 8158
0 4384 1529 8503
0 4155 1248 8302
0 4400 1330 8702
0 4143 1212 8640
0 4143 1546 8761
0 4026 1421 8744
2 4516 1421 8744
0 4296 1390 8516
0 4676 1479 8803
0 4391 1432 8555
541 4391 1553 8555
487 4150 1439 8550
548 4150 1439 9136
309 3909 1139 8878
309 4341 1139 9201
306 4065 1073 9076
461 4388 1409 9076
460 4327 1320 9073
496 4327 1320 9471
419 4066 1068 9237
674 4252 1408 9237
388 3975 1311 9047
758 4200 1397 9047
731 4002 1249 8813
731 4204 1562 8815
436 3992 1561 8813
552 3992 1689 8813
498 3972 1610 8621
577 4333 1610 8890
339 4055 1432 8835
635 4187 1808 8835
633 4096 1565 8812
1000 4460 1565 8812
784 4339 1509 8708
1047 4515 1509 8708
793 4246 1322 8535
793 4246 1522 8969
625 4002 1508 8927
625 4002 1860 9301
615 3999 1637 9252
1151 4323 1637 9252
875 4107 1438 9058
1102 4107 1568 9058
952 4051 1561 9050
952 4051 2208 9270
674 3958 1934 9003
763 4130 1934 9003
732 3937 1648 8838
1421 3937 1648 8838
1374 3811 1608 8606
1374 3811 1771 8806
1245 3639 1511 8769
1561 3750 1563 8769
1310 3668 1490 8763
1465 3978 1490 9047
1303 3703 1478 9005
1303 4108 1478 9361
1154 3909 1457 9191
1154 4131 1799 9191
857 4008 1561 8985
1257 4008 1867 9163
1215 3873 1628 9027
1285 3944 1698 9027
1036 3703 1633 8911
1036 4088 1633 8911
1000 3964 1429 8694
1354 4335 1429 8694
1349 4049 1244 8585
1349 4120 1416 8763
1337 3834 1240 8708
1739 3834 1240 8851
1715 3735 1075 8592
1968 3735 1298 8592
1687 3506 1292 8485
1727 3539 1292 8863
1605 3435 1271 8853
1805 3435 1417 9143
1512 3175 1300 9084
1512 3175 1300 9445
1217 3162 1144 9157
1217 3436 1144 9641
1212 3155 932 9637
1725 3392 932 9637
1535 3164 879 9482
1535 3164 978 9952
1346 2993 788 9949
1670 3056 1033 9949
1490 2979 1006 9747
1490 3338 1006 9747
1257 3126 771 9464
1672 3126 1031 9464
1619 2917 999 9220
1912 3252 1319 9220
1693 3027 1210 8987
1693 3350 1210 9587
1640 3159 1126 9468
2156 3260 1126 9468
1997 3211 1086 9349
1997 3232 1086 9720
1720 2966 961 9518
2045 3236 961 9764
2022 2949 873 9722
2022 3272 873 9794
1833 3185 658 9675
1833 3552 658 9675
1678 3288 629 9583
1678 3661 629 9583
1583 3438 450 9391
1929 3722 450 9751
1925 3541 347 9701
1925 3555 347 10253
1718 3380 264 10147
2229 3380 264 10328
2067 3245 227 10230
2078 3245 469 10310
1997 3117 185 10275
2102 3117 367 10528
1825 2923 267 10459
2163 3044 600 10459
2042 2940 563 10180
2042 2941 718 10261
1947 2739 463 10117
1947 3170 756 10117
1717 3110 545 10084
1852 3223 545 10084
1592 2930 422 9815
1692 2930 788 9815
1535 2903 782 9745
1535 2903 1020 9810
1242 2851 964 9592
1242 3357 964 9855
1041 3315 735 9598
1341 3315 1108 9598
1300 3086 952 9335
1300 3470 952 9879
1161 3306 882 9586
1161 3648 888 9586
929 3414 722 9484
929 3414 1216 9847
674 3257 1150 9789
881 3352 1150 10085
734 3332 992 9851
734 3376 992 10279
464 3343 817 10002
548 3343 889 10213
475 3113 693 10126
715 3113 1124 10126
445 3028 878 9840
840 3288 1254 9840
731 3226 967 9705
850 3226 1004 9961
723 3090 761 9711
723 3461 903 10042
698 3291 608 9742
698 3326 754 9860
572 3215 598 9811
765 3215 869 9811
484 3178 636 9611
810 3405 636 9611
780 3347 366 9603
780 3417 785 9603
502 3322 659 9404
502 3848 659 9404
232 3763 617 9200
307 3998 791 9200
142 3716 541 8982
512 3760 541 9129
397 3564 445 9064
397 3936 555 9221
265 3708 289 8981
550 3741 289 9315
343 3740 13 9170
586 3937 253 9170
353 3868 43 9112
353 3868 214 9274
82 3747 25 9073
82 3747 367 9158
0 3455 231 8882
99 3843 626 8882
76 3560 518 8806
721 3560 798 8806
647 3444 597 8756
647 3690 597 9151
596 3647 554 8922
596 3647 554 9545
402 3604 279 9436
534 3646 575 9436
288 3493 456 9193
288 3493 877 9332
35 3425 593 9048
417 3514 624 9048
397 3301 447 8987
397 3610 447 9298
327 3417 167 9263
327 3922 184 9263
287 3882 112 9136
287 4258 112 9239
198 4007 32 9234
285 4348 286 9234
83 4064 244 9014
83 4504 244 9379
0 4354 195 9295
0 4354 793 9494
0 4230 694 9370
766 4230 694 9432
475 4068 528 9216
475 4068 907 9461
376 3880 713 9438
814 3880 713 9774
600 3692 552 9662
600 4092 1169 9662
408 3999 1090 9422
408 4104 1090 9725
406 3839 1021 9522
811 3839 1300 9522
794 3688 1077 9392
794 4264 1077 9392
686 4064 974 9352
1035 4064 1330 9403
992 3888 1152 9351
1509 4073 1152 9351
1282 3971 949 9205
1335 3971 1315 9283
1178 3817 1160 9053
1178 3954 1160 9379
1167 3788 1122 9121
1167 4320 1122 9121
929 4290 836 9062
1200 4290 1115 9239
1066 4207 1090 8986
1679 4207 1466 8986
1560 4012 1288 8712
1921 4012 1729 8712
1819 3802 1445 8611
2053 3809 1445 9003
1841 3657 1246 8835
2126 3657 1640 9106
1910 3553 1548 8905
2278 3553 1781 8905
1989 3379 1570 8811
2158 3379 1620 8811
2024 3136 1373 8589
2408 3422 1373 8589
2226 3178 1098 8405
2541 3178 1515 8405
2315 3177 1422 8359
2315 3260 1422 8700
2161 3148 1245 8690
2476 3418 1245 9011
2394 3321 1154 8963
2394 3321 1226 8983
2107 3090 1140 8862
2346 3090 1483 8862
2117 2820 1320 8699
2510 2820 1444 8699
2282 2557 1358 8582
2815 2695 1358 8582
2637 2579 1334 8475
2637 2902 1389 8475
2451 2634 1215 8214
2761 2797 1215 8214
2737 2579 923 7970
3095 2875 923 8110
2827 2664 911 7831
3126 2981 911 7831
3060 2971 647 7718
3309 3230 647 8034
3299 3222 400 7791
3662 3504 604 7791
3451 3361 546 7707
3704 3477 709 7707
3683 3201 417 7415
4056 3201 604 7629
3954 2973 472 7417
4022 3143 526 7417
3842 2941 256 7187
3842 3355 632 7187
3778 3344 623 7149
4156 3344 705 7149
3922 3166 567 7081
3922 3166 1020 7322
3809 2879 989 7196
4067 3211 1075 7196
3848 3066 924 7080
4001 3066 924 7444
3942 3027 830 7225
3942 3311 1142 7494
3799 3267 871 7280
3799 3334 871 7603
3696 3122 715 7345
3696 3758 715 7471
3401 3698 510 7299
3401 4032 944 7299
3119 3822 911 7099
3119 4160 911 7246
2934 4099 904 7139
3154 4099 994 7230
3038 3812 936 6941
3038 3812 1011 7133
2823 3623 749 7032
2823 3719 1013 7259
2631 3706 886 7046
2631 3888 1058 7353
2404 3799 795 7210
2416 3964 970 7210
2121 3705 886 7065
2121 4143 1160 7065
2024 3903 1003 6849
2396 3903 1357 6849
2129 3708 1262 6602
2177 3863 1262 6662
1980 3580 1011 6458
2129 3580 1011 6830
1996 3423 892 6790
1996 3634 892 7018
1992 3591 679 7005
2192 3712 679 7335
2190 3431 601 7291
2190 3607 601 7951
2034 3428 528 7845
2121 3428 710 8207
2026 3286 451 8166
2367 3286 656 8263
2240 3190 616 8259
2632 3417 616 8405
2560 3322 559 8336
2560 3654 787 8462
2359 3467 692 8361
2359 3470 841 8465
2299 3429 668 8280
2781 3429 668 8587
2666 3205 404 8430
3543 3205 404 8430
3535 3058 360 8386
3558 3058 534 8715
3330 2830 323 8715
3405 3379 323 8715
3260 3310 256 8484
3260 3310 556 9008
3044 3070 423 8819
3393 3138 423 8819
3341 2979 187 8720
3341 2979 196 9209
3167 2745 64 9181
3438 2745 64 9596
3406 2559 0 9519
3744 2559 0 9541
3482 2511 0 9471
3508 2619 77 9471
3210 2617 69 9235
3444 2617 214 9628
3324 2407 76 9623
3343 2729 76 9832
3213 2666 65 9685
3213 2792 65 9907
3044 2711 0 9680
3044 2973 309 10064
2976 2714 225 9838
2976 3081 512 9838
2850 2926 258 9711
2850 3225 339 9906
2645 3194 67 9634
2645 3194 460 9699
2451 3184 263 9467
2451 3623 263 9850
2270 3463 232 9647
2594 3697 232 9992
2522 3449 26 9768
2817 3463 160 9768
2674 3333 0 9717
3002 3333 0 10021
2823 3212 0 9817
3199 3425 0 9817
2972 3367 0 9525
2972 3701 147 9600
2788 3418 0 9597
2788 3770 101 9597
2539 3736 88 9550
2539 3741 191 9833
2316 3450 159 9713
2509 3450 159 9713
2484 3237 73 9460
2484 3841 313 9460
2307 3612 56 9430
2403 3933 56 9704
2180 3805 0 9544
2575 4016 300 9544
2309 3880 140 9467
2309 3880 319 9765
2267 3706 66 9637
2267 4108 155 9637
2240 3988 0 9341
2578 3988 0 9652
2448 3897 0 9490
2448 4127 242 9529
2361 4081 91 9463
2361 4479 91 9525
2348 4308 85 9383
2510 4308 156 9532
2311 4080 21 9452
2311 4151 453 9452
2260 3936 446 9176
2260 4206 446 9695
2053 3963 312 9632
2244 3963 672 9632
2137 3668 656 9536
2394 4064 656 9536
2187 3933 557 9359
2208 3933 557 9954
1927 3800 472 9823
1927 3800 561 10233
1831 3531 446 10007
2110 3531 1048 10007
2032 3281 801 9742
2391 3281 801 9937
2243 3134 755 9792
2259 3354 765 9792
2130 3225 647 9707
2372 3263 924 9707
2132 3198 706 9674
2170 3572 706 9794
2035 3462 623 9625
2352 3486 737 9625
2094 3406 546 9516
2202 3690 546 9865
1987 3584 400 9808
2613 3584 400 10178
2479 3407 298 10002
2704 3738 298 10002
2614 3599 106 9738
2614 4260 106 9976
2563 4173 0 9888
2872 4534 271 9888
2719 4411 189 9682
2719 4686 391 9973
2714 4597 226 9839
3227 4597 226 10090
3208 4481 18 9826
3570 4848 18 10018
3319 4563 0 9916
3319 4563 342 9945
3174 4453 334 9772
3174 4529 396 9954
3045 4357 108 9910
3045 4611 187 10220
2811 4551 0 10022
2811 4616 79 10400
2599 4318 0 10270
2669 4517 0 10473
2383 4462 0 10236
2383 4644 410 10236
2138 4426 259 10069
2551 4733 259 10069
2433 4584 251 9870
2745 4683 251 10038
2737 4643 114 9827
2778 4643 318 10115
2524 4499 59 9819
2707 4602 222 9819
2438 4448 144 9773
2727 4596 423 9773
2653 4499 420 9729
2653 4694 577 10041
2443 4641 428 9927
2802 4641 816 10074
2525 4415 610 9943
2791 4753 610 10227
2680 4459 392 10015
3078 4459 433 10015
2825 4362 412 9873
3168 4362 605 9873
3104 4090 507 9663
3481 4253 507 9663
3250 4174 264 9438
3542 4530 264 9725
3400 4476 212 9490
3542 4476 437 9726
3426 4246 245 9520
3732 4246 288 9751
3653 4161 272 9454
3653 4377 272 10090
3407 4095 144 9920
3407 4372 445 10243
3346 4256 427 9967
3346 4549 769 10131
3166 4451 557 10050
3213 4744 557 10050
3153 4697 458 9761
3153 4962 458 10307
3055 4787 364 10210
3055 4787 702 10442
2885 4538 434 10210
3016 4723 434 10575
2912 4614 181 10285
2912 4886 524 10285
2813 4815 376 10085
2813 4991 376 10108
2562 4695 333 9842
2562 4695 733 9937
2317 4691 553 9653
2317 5083 718 9653
2188 4811 622 9418
2188 5125 622 9781
2068 5070 528 9758
2220 5070 908 9758
1990 4895 620 9458
2339 4895 759 9458
2068 4635 650 9376
2463 4635 651 9610
2172 4539 437 9500
2172 4734 756 9727
2156 4713 532 9615
2156 4837 850 9848
2099 4660 654 9558
2433 4660 933 9573
2397 4438 689 9548
2397 4504 935 9767
2227 4497 761 9561
2227 4820 805 9754
2027 4748 745 9727
2100 4839 823 9727
1827 4613 807 9582
2306 4613 807 9963
2057 4330 606 9952
2057 4388 824 9968
1823 4246 667 9760
1893 4413 667 10122
1819 4368 535 9842
1819 4611 535 10365
1696 4401 289 10248
2026 4505 289 10248
1917 4488 221 10150
1917 4535 578 10353
1794 4487 398 10077
1929 4487 398 10447
1796 4212 143 10406
2070 4279 143 10486
1908 4033 139 10201
2492 4033 139 10543
2337 3934 72 10418
2337 4070 72 10603
2168 3986 0 10335
2329 4063 0 10461
2321 3865 0 10258
2321 4056 0 10332
2096 3820 0 10258
2096 3820 343 10258
1933 3693 246 10247
2062 3693 610 10341
1887 3582 347 10101
2122 3582 451 10121
1843 3335 318 10003
1872 3335 318 10486
1758 3201 108 10448
1933 3320 412 10448
1666 3224 153 10243
2033 3321 153 10243
1814 3234 54 10144
1986 3291 54 10144
1732 3257 0 10055
1732 3912 0 10391
1732 3900 0 10376
1732 3900 692 10376
1601 3741 472 10191
1857 3741 664 10523
1810 3677 447 10513
2020 3983 447 10715
1911 3934 341 10547
2204 3934 423 10552
2100 3655 188 10265
2428 4232 188 10265
2312 4231 0 10144
2312 4503 414 10144
2188 4309 318 9981
2384 4309 555 10341
2264 4181 395 10042
2264 4252 395 10449
2263 4005 250 10300
2263 4184 364 10317
1999 4016 125 10268
1999 4016 125 10812
1903 3813 0 10737
2038 4146 0 11007
1973 3864 0 10746
1973 4086 0 11312
1681 3898 0 11064
1681 3947 0 11429
1609 3810 0 11245
1837 3810 577 11245
1740 3609 392 11201
1956 4108 392 11201
1845 3939 386 10904
1845 3939 515 11183
1664 3678 445 10992
1664 3693 586 10992
1637 3542 567 10911
1825 3542 827 10911
1685 3470 534 10722
1685 3869 534 10925
1577 3776 502 10749
1845 4025 502 10985
1660 3941 410 10898
1851 4292 410 11183
1691 4264 359 11029
2428 4264 359 11173
2389 4005 72 11082
2715 4211 379 11082
2538 3943 180 10935
2538 3943 380 11322
2409 3893 115 11147
2803 4070 115 11167
2659 3819 52 11167
2973 3819 109 11167
2883 3669 0 10994
2916 3996 0 10994
2619 3704 0 10821
2946 4451 0 10821
2647 4396 0 10537
2647 4626 164 10689
2445 4594 6 10651
2445 5071 6 10907
2407 5013 0 10674
2407 5591 0 10674
2245 5526 0 10625
2245 5526 716 10625
2174 5409 463 10575
2395 5591 463 10886
2232 5411 264 10616
2572 5411 360 10637
2457 5203 161 10356
3031 5483 161 10356
2938 5423 144 10141
3276 5690 144 10141
3190 5414 62 10133
3661 5414 62 10209
3455 5294 0 10078
3784 5959 0 10078
3717 5893 0 9787
3717 6012 408 9787
3496 6012 152 9712
3496 6230 152 10008
3283 5961 0 9722
3583 6232 0 9910
3446 6153 0 9877
3446 6526 0 10420
3259 6506 0 10276
3443 6532 318 10276
3273 6486 216 10261
3683 6486 391 10261
3598 6326 315 10143
3877 6525 315 10368
3725 6336 97 10070
3846 6336 263 10070
3719 6255 216 9914
3982 6587 216 9914
3916 6489 3 9827
4114 6603 83 9827
3911 6500 7 9790
3990 6756 7 10017
3867 6588 0 9800
4209 6588 151 9800
4131 6410 0 9546
4420 6433 249 9546
4222 6136 102 9535
4461 6323 317 9535
4258 6241 287 9501
4258 6464 345 9586
4062 6214 242 9454
4260 6214 908 9454
4212 6111 723 9417
4328 6373 791 9417
4102 6096 730 9302
4397 6109 742 9302
4115 5821 704 9129
4115 5821 734 9790
3928 5584 693 9661
3928 5831 693 9913
3730 5631 561 9825
3909 5771 759 9825
3688 5759 664 9600
3688 6115 850 9600
3612 6023 633 9394
3809 6173 633 9394
3510 5890 402 9341
3864 5890 509 9533
3665 5779 272 9297
3665 5779 424 9885
3541 5596 152 9864
3980 5596 152 9876
3859 5466 131 9728
4328 5466 478 9728
4107 5438 351 9611
4107 5656 622 9611
4089 5395 483 9441
4424 5395 842 9441
4316 5325 719 9276
4435 5476 719 9276
4229 5350 643 9055
4229 5794 1036 9055
3982 5496 747 8851
4126 5496 747 8997
3936 5241 746 8975
3936 5241 1507 9257
3813 5241 1259 9052
3813 5241 1259 9577
3757 4942 1121 9437
3757 5074 1473 9613
3496 4793 1448 9580
3813 5108 1448 9750
3801 4834 1275 9599
4181 4907 1306 9599
4039 4809 1207 9565
4300 5157 1207 9565
4103 5110 989 9318
4103 5324 1466 9318
3831 5142 1238 9102
4427 5142 1238 9102
4414 5108 970 8855
4414 5371 1130 8855
4141 5344 1063 8849
4633 5638 1063 8849
4580 5449 963 8778
4665 5449 963 8934
4482 5353 710 8784
4822 5353 710 9340
4604 5183 421 9164
4604 5183 781 9583
4544 4999 529 9508
4544 5544 746 9508
4255 5261 720 9412
4626 5261 847 9552
4427 4976 645 9275
4659 4976 1044 9275
4605 4685 891 9158
4660 4864 891 9322
4491 4844 883 9063
5127 4844 883 9263
5028 4552 637 9259
5028 4569 637 9749
4881 4395 506 9586
4881 4844 506 9586
4729 4753 442 9449
4729 4753 476 10000
4506 4701 213 9875
4792 4855 213 9875
4549 4797 75 9804
4770 4969 75 9804
4499 4859 0 9620
4499 4946 0 9673
4408 4875 0 9433
4408 5006 225 9825
4395 4870 128 9735
4584 4915 192 9735
4514 4855 31 9489
4514 4964 31 9566
4263 4809 0 9499
4657 4809 0 9499
4397 4748 0 9439
4397 4748 83 9723
4209 4628 30 9554
4583 4628 30 10111
4458 4337 0 10060
4458 4959 237 10060
4204 4740 197 9939
4413 4854 197 9939
4217 4595 65 9660
4471 4595 65 9942
4286 4527 0 9819
4327 4527 30 9897
4202 4504 0 9846
4202 4759 517 9846
4192 4548 222 9562
4192 5146 222 9697
4082 4982 156 9692
4120 5140 156 9692
4037 5123 0 9514
4557 5123 242 9514
4374 5069 202 9298
4556 5069 222 9572
4443 4951 0 9456
4443 5029 0 9702
4322 4970 0 9539
4322 4970 524 9809
4245 4735 253 9528
4245 4885 661 9528
4178 4884 427 9479
4178 5480 682 9479
4116 5251 468 9374
4116 5251 602 9740
3997 5098 516 9556
4422 5098 681 9556
4342 4878 636 9303
4763 5011 636 9303
4530 4895 494 9193
4530 5209 494 9807
4309 5170 292 9556
4687 5713 292 9556
4540 5555 0 9264
4540 6063 0 9277
4282 5773 0 9203
4676 5913 371 9203
4611 5748 152 9085
4826 6089 152 9085
4602 5980 112 8917
4770 6424 112 8917
4707 6313 0 8622
4961 6525 0 8734
4874 6522 0 8548
4874 6522 0 9433
4763 6417 0 9254
4962 6417 391 9359
4665 6383 289 9265
5034 6466 289 9265
4992 6379 146 9085
5365 6587 342 9085
5188 6423 215 8843
5266 6673 215 8843
5265 6415 0 8551
5511 6764 347 8551
5399 6748 214 8438
5646 6748 214 8438
5571 6466 37 8405
5571 6466 496 8673
5521 6391 493 8451
5521 6391 516 8516
5307 6109 217 8417
5346 6109 497 8417
5294 6096 368 8248
5547 6096 525 8259
5361 6059 398 7996
5579 6196 686 7996
5313 5956 571 7783
5537 6120 571 7783
5348 5828 525 7733
5348 6329 892 7733
5327 6327 827 7696
5327 6327 1003 8466
5057 6136 767 8294
5403 6136 767 8294
5397 5850 579 8219
5405 5850 674 8449
5168 5756 582 8291
5188 5756 908 8330
5030 5703 624 8247
5219 5703 738 8302
5013 5650 612 8169
5013 5834 941 8440
4856 5636 670 8405
4856 5698 670 9093
4808 5549 407 9057
5102 5549 407 9547
5020 5272 217 9272
5020 5488 605 9272
4991 5191 498 9265
5157 5488 498 9605
4915 5192 304 9428
5482 5192 304 9620
5385 5115 150 9538
5513 5115 150 9681
5492 5103 22 9626
5981 5103 22 9776
5956 5026 0 9502
6207 5026 193 9502
6027 4866 0 9485
6325 4948 155 9485
6063 4745 0 9382
6272 5130 0 9583
6212 5063 0 9297
6212 5270 0 9688
6071 5143 0 9674
6350 5143 503 9674
6297 5000 370 9593
6385 5000 370 10276
6380 4732 282 10179
6380 4740 373 10179
6257 4467 325 10031
6726 4467 325 10360
6559 4387 28 10332
6559 4884 206 10332
6484 4622 0 10199
7086 4622 312 10199
6904 4422 216 9990
7251 4422 580 10105
7064 4410 510 9895
7576 4735 510 9895
7559 4602 218 9646
7559 4602 458 9827
7320 4559 164 9769
7373 4840 164 10101
7120 4811 0 9991
7120 4811 138 10393
7006 4783 0 10093
7325 4783 232 10412
7189 4607 195 10376
7349 4812 430 10376
7065 4803 279 10092
7114 4803 648 10092
6866 4727 484 10075
6866 4889 686 10453
6696 4614 507 10312
6741 4614 749 10512
6473 4433 511 10342
6473 4433 680 10565
6221 4319 636 10405
6699 4530 636 10405
6459 4245 555 10380
6459 4382 1079 10380
6271 4356 979 10141
6271 4898 1162 10141
6168 4852 1118 10089
6168 4852 1118 10962
5977 4552 1068 10851
5977 4716 1289 10851
5841 4481 1083 10589
5841 4693 1083 11171
5611 4503 1011 10901
5611 5042 1084 10901
5571 4818 1064 10856
5874 5289 1064 10856
5841 5139 1053 10630
5841 5258 1435 10630
5828 5193 1294 10586
6046 5453 1682 10586
6028 5160 1584 10388
6122 5490 1584 10388
5943 5196 1569 10244
5943 5196 1837 10478
5941 5176 1802 10363
5941 5419 1802 10467
5661 5201 1515 10290
5903 5290 1515 10319
5605 5158 1246 10247
5605 5763 1624 10247
5505 5545 1520 10244
5505 5721 1520 10707
5334 5605 1226 10459
5334 5639 1494 10459
5242 5413 1302 10211
5242 5413 1675 10831
5063 5235 1609 10644
5063 5235 1669 11055
4889 5211 1606 10843
4889 5396 1606 10907
4624 5261 1570 10779
4624 5261 2156 10779
4473 5232 2010 10745
4473 5232 2324 10967
4216 5217 2155 10674
4429 5217 2163 10674
4402 5166 1876 10563
4402 5166 1966 10657
4398 5125 1805 10391
4398 5426 2138 10666
4126 5326 2072 10513
4126 5326 2472 10513
4023 5080 2332 10215
4134 5326 2436 10215
4026 5104 2163 10060
4214 5439 2163 10321
4066 5327 1961 10162
4254 5327 2237 10162
4127 5243 1981 9946
4127 5243 2349 10325
3942 4995 2314 10143
3942 5071 2714 10219
3781 4985 2595 10145
4269 5337 2595 10145
4233 5292 2304 9861
4233 5384 2419 9949
4195 5172 2174 9931
4415 5172 2219 9931
4318 5041 2159 9879
4318 5041 2886 9879
4137 4936 2761 9787
4137 4987 2999 9837
3897 4768 2923 9806
3897 5267 3039 9806
3714 5009 2864 9798
4026 5099 2864 9904
3816 4915 2641 9666
4134 5170 2641 9666
4078 4951 2575 9507
4361 5257 2575 9664
4242 5039 2295 9391
4610 5278 2324 9391
4506 4989 2189 9354
4557 4989 2808 9354
4529 4871 2618 9324
4808 4871 2913 9324
4512 4765 2768 9207
4916 4765 2768 9269
4646 4483 2768 9186
4825 4483 2804 9186
4644 4463 2697 8989
5234 4463 2878 8989
5045 4249 2842 8726
5045 4445 3118 9098
4889 4165 3046 8952
4889 4176 3046 9252
4879 4110 3006 9095
5175 4126 3243 9095
4973 3829 3083 8977
5297 4505 3083 8977
5076 4322 2980 8866
5140 4322 3035 9011
4844 4136 2800 8942
4844 4681 3061 8942
4686 4398 2761 8900
4888 4793 2761 9294
4725 4587 2499 9075
4725 4587 2792 9311
4690 4419 2771 9074
4690 4449 3315 9074
4503 4317 3302 8906
4741 4317 3302 9327
4504 4196 3161 9128
5172 4522 3161 9128
5131 4497 2883 9104
5468 4792 2883 9302
5177 4495 2749 9186
5185 4506 3121 9186
5083 4208 3099 8949
5676 4208 3099 8949
5673 4179 2993 8868
5747 4179 3192 9237
5510 3982 3000 8967
5619 4024 3000 9359
5470 4014 2999 9210
5470 4114 3167 9610
5447 3912 3029 9460
5532 3912 3029 9566
5425 3753 2867 9560
5559 3753 3369 9560
5441 3587 3344 9261
5761 3921 3508 9261
5641 3631 3276 9133
5897 3868 3276 9340
5671 3748 3036 9210
5799 3748 3096 9210
5575 3629 2942 9056
5943 3797 2942 9113
5898 3706 2707 8925
5898 3800 2993 8925
5642 3613 2904 8873
5642 3613 3451 8873
5385 3490 3227 8722
5385 3504 3619 9002
5162 3415 3562 8844
5162 3909 3562 9069
4931 3680 3367 8872
4931 3955 3367 8882
4728 3923 3336 8707
5103 3923 3825 8707
4967 3743 3782 8682
4967 4358 3782 8872
4693 4299 3619 8834
4693 4312 3619 9424
4457 4286 3354 9350
4457 4521 3354 9731
4454 4482 3251 9443
4454 4626 3499 9443
4375 4418 3254 9338
4737 4418 3523 9338
4673 4316 3386 9157
4673 5013 3386 9157
4532 4990 3269 9084
4532 5130 3269 9762
4349 5070 3022 9465
4542 5442 3155 9465
4389 5188 2936 9325
4389 5522 2936 9743
4193 5339 2744 9640
4845 5339 2744 9940
4547 5039 2701 9893
4885 5134 2701 10175
4823 5025 2621 9913
5043 5139 2621 10306
5010 5042 2327 10303
5010 5042 2966 10690
4721 4948 2816 10661
5048 5212 3108 10661
4937 5016 3013 10399
4937 5414 3015 10578
4836 5238 2732 10556
4836 5621 2732 10714
4542 5326 2464 10605
4542 5544 2697 10893
4522 5499 2647 10883
4869 5499 2965 10883
4580 5486 2735 10617
4591 5821 3000 10617
4550 5779 2801 10473
4639 5779 2969 10703
4466 5776 2775 10585
4815 5776 3096 10781
4796 5625 2916 10494
4796 5889 3278 10672
4704 5688 3251 10425
4704 5688 3287 10788
4429 5407 3062 10527
4656 5407 3062 10574
4610 5199 2767 10287
4987 5399 2843 10287
4870 5254 2829 10269
5234 5254 2907 10269
4968 5220 2823 10265
4968 5259 2935 10286
4805 5192 2808 10163
5066 5409 3019 10163
4852 5242 2799 10097
4914 5522 2799 10294
4757 5452 2679 10195
4757 6139 3052 10195
4536 6114 2970 10182
4536 6114 3306 10681
4476 6088 3196 10666
4599 6110 3196 10838
4316 5977 2984 10585
4500 6129 3226 10585
4293 6075 3090 10364
4293 6329 3257 10606
4022 6094 3189 10307
4388 6094 3418 10346
4313 6027 3231 10312
4313 6268 3322 10680
4293 6150 3128 10654
4293 6483 3128 10989
4102 6460 3063 10797
4102 6607 3461 10934
3816 6365 3323 10895
4207 6747 3323 11140
3914 6667 3037 11026
3970 7276 3037 11026
3800 7048 2969 10794
4026 7048 2969 11369
3976 6968 2726 11097
4298 7087 2768 11097
4254 6990 2761 10874
4297 6990 2796 10963
4209 6778 2596 10945
4209 7346 2596 11026
3978 7055 2580 10882
3978 7055 2580 11781
3875 7045 2479 11538
4308 7045 2479 11921
4164 6875 2271 11728
4164 7138 2545 11835
4113 6900 2312 11624
4352 7017 2312 11873
4073 7016 2252 11667
4073 7131 2252 12126
3879 6841 1977 12036
3879 6841 1977 12660
3793 6833 1929 12427
3793 7697 1929 12427
3593 7551 1902 12379
3863 7551 1994 12758
3586 7288 1806 12491
3586 7397 2363 12491
3478 7254 2253 12439
3478 7341 2253 12484
3296 7188 2161 12423
3445 7188 2198 12791
3384 7054 2149 12697
3700 7054 2416 12697
3411 7000 2395 12617
3411 7285 2447 12639
3244 7087 2334 12388
3244 7247 2341 12596
3053 7173 2219 12578
3165 7173 2219 12914
2967 6964 1989 12691
3628 6964 1989 12691
3502 6700 1711 12427
3756 6700 1983 12513
3649 6584 1923 12462
3649 7048 2153 12462
3502 6958 1960 12352
3502 7121 2194 12736
3427 7116 2011 12671
3773 7604 2011 12671
3611 7497 1993 12501
3901 7497 1993 12775
3679 7454 1896 12481
4219 7454 1924 12481
3928 7169 1636 12439
3928 7169 2000 12757
3900 7042 1876 12560
4278 7042 2309 12560
