1000 5
0 0 0 0 0
0 0 16 37 0
0 0 10 27 0
5 0 10 28 0
1 0 6 25 0
1 10 30 25 2
0 4 23 16 0
26 4 38 23 0
19 3 34 20 0
34 3 40 23 0
30 0 31 23 0
30 30 34 27 0
28 27 28 22 0
28 27 44 22 33
27 23 37 12 26
46 24 37 38 26
46 22 27 29 20
62 22 27 29 48
54 22 22 20 39
85 22 46 20 39
79 12 46 12 35
94 12 52 19 35
91 9 51 19 35
120 9 67 19 35
118 5 60 12 27
122 5 70 12 51
119 2 62 6 48
126 2 78 34 48
125 0 75 26 41
128 3 75 42 41
124 0 66 41 32
150 0 66 68 32
142 0 62 65 22
142 0 83 65 52
139 0 82 63 52
139 4 118 63 52
138 0 110 54 47
138 0 146 83 47
128 0 144 83 44
128 0 153 85 61
119 0 143 83 56
134 0 161 97 56
133 0 156 97 52
153 16 156 97 59
144 14 147 97 52
158 14 147 125 78
157 4 147 123 69
157 4 147 148 77
147 1 147 140 75
147 25 170 140 77
137 22 165 136 69
137 25 178 143 69
129 19 176 137 69
156 51 176 137 69
151 48 172 133 66
151 63 172 154 66
151 53 165 147 57
172 53 214 147 57
172 47 213 147 51
196 47 231 147 61
191 40 222 139 58
191 73 222 139 61
190 67 212 131 60
190 94 234 131 60
189 90 234 131 54
189 118 234 147 57
185 116 229 138 56
210 116 239 138 56
208 111 233 131 53
216 116 233 131 53
208 108 225 129 50
208 108 256 140 50
207 99 256 136 48
207 99 262 136 68
207 94 262 126 60
208 127 262 126 60
205 125 258 120 59
205 125 301 120 59
201 116 296 116 49
201 116 296 157 59
192 115 295 150 54
212 137 295 153 54
203 136 293 153 47
204 158 308 153 47
204 153 300 143 42
204 154 300 145 45
196 152 292 143 45
196 154 300 165 45
191 149 296 159 38
191 175 296 180 55
191 175 290 177 55
191 175 290 230 58
184 173 287 221 56
184 186 287 245 56
176 176 277 242 48
176 209 277 262 48
169 203 277 254 47
174 227 277 254 51
173 217 272 251 50
193 217 284 267 50
186 217 281 259 40
211 240 281 272 40
208 231 280 272 31
208 254 280 272 55
206 252 274 263 51
206 252 274 301 80
204 242 273 297 78
233 242 273 297 82
223 237 270 294 76
235 241 270 294 90
232 234 260 294 87
232 264 260 294 95
223 262 257 287 92
246 262 262 290 92
238 252 258 282 86
238 294 258 307 86
230 294 258 306 86
230 294 272 311 86
225 287 269 308 83
225 287 269 344 110
221 278 267 341 105
250 302 267 341 105
246 298 266 332 105
246 298 281 352 131
245 296 280 345 127
245 319 291 373 127
236 318 287 370 119
236 336 303 370 125
236 330 299 365 116
262 342 299 365 116
260 335 297 355 114
287 335 297 355 139
281 332 295 353 129
292 332 301 380 129
282 330 297 374 129
297 330 297 374 165
289 321 288 370 162
326 321 288 370 178
323 320 287 369 175
323 320 313 395 196
321 317 303 392 194
348 317 305 405 194
343 311 297 402 185
395 311 297 402 185
394 308 295 394 178
414 308 300 395 178
404 301 293 387 170
404 301 341 387 170
397 298 338 379 169
403 298 338 379 185
403 292 328 371 180
403 328 328 392 180
401 325 322 389 178
401 342 332 389 178
392 337 325 379 178
392 345 325 379 184
382 344 317 376 180
382 357 321 376 202
375 348 312 376 201
426 378 312 376 201
418 375 310 375 201
418 375 353 375 201
418 365 345 369 195
456 365 345 369 217
455 360 338 365 211
455 374 352 365 226
445 364 346 355 224
482 364 346 355 224
478 360 341 345 222
491 360 341 386 222
489 355 335 383 220
489 381 356 383 223
481 377 352 382 222
481 377 376 409 243
471 371 372 402 234
482 371 372 422 254
477 367 371 413 246
502 380 371 425 246
499 379 366 415 241
499 379 399 415 241
499 373 396 409 233
499 373 396 426 283
492 367 396 421 274
492 367 396 466 274
482 361 396 464 273
482 404 396 464 273
480 403 386 457 270
528 403 416 457 270
518 403 407 453 260
518 412 458 453 260
511 403 454 453 251
511 420 454 463 265
507 411 451 454 255
530 411 476 454 256
525 403 469 447 248
535 449 469 447 248
525 443 465 442 247
545 443 491 450 247
543 439 482 445 244
559 439 538 445 244
553 437 531 437 244
553 439 531 454 250
549 429 524 448 246
549 438 542 450 246
549 431 539 441 245
561 460 539 441 247
553 458 533 438 245
553 460 533 451 256
548 460 523 441 249
564 460 536 441 249
559 453 535 435 245
571 453 535 464 249
570 448 532 462 247
570 448 548 487 262
568 448 542 479 261
584 448 542 479 301
582 446 539 474 291
582 446 539 488 305
577 440 536 487 296
596 440 536 487 296
594 440 529 482 292
594 440 543 487 306
584 438 538 483 305
584 478 554 483 305
577 468 544 473 295
577 474 544 484 323
576 473 534 478 323
576 473 553 533 323
569 468 544 526 321
608 468 544 526 349
598 468 536 517 341
598 474 564 517 341
596 473 563 509 333
596 473 563 550 353
593 470 555 540 351
626 470 555 540 360
616 464 555 538 352
616 488 576 538 352
609 480 571 534 352
609 491 571 563 365
602 487 564 562 357
602 487 580 571 374
601 479 575 570 364
608 479 608 570 364
603 472 601 565 359
603 472 604 602 359
601 469 595 594 352
621 472 624 594 352
614 463 620 591 348
614 486 620 617 372
613 481 610 608 363
613 495 610 638 363
612 493 606 630 363
612 512 606 654 365
602 510 604 649 360
602 510 619 675 360
592 507 615 665 357
612 513 615 689 357
604 509 606 683 354
604 509 648 710 354
597 504 640 700 350
649 504 640 709 350
639 497 630 704 344
639 500 649 704 353
629 492 648 703 352
629 511 648 703 371
627 501 642 699 366
627 504 655 699 371
624 502 655 695 362
624 513 655 706 392
616 504 647 698 383
616 515 647 733 383
616 510 645 723 382
676 530 645 723 382
675 529 637 716 376
675 529 640 716 417
666 529 640 706 415
666 529 658 710 419
656 522 655 704 409
656 522 655 725 429
653 512 653 717 420
653 512 653 729 433
649 507 652 719 430
649 524 652 719 440
647 522 648 714 437
647 522 697 740 437
645 514 688 732 432
645 534 688 765 432
645 526 681 762 423
667 526 688 762 434
664 518 684 755 434
682 533 698 755 434
681 529 698 754 431
694 529 698 773 431
684 522 698 771 421
684 531 749 771 421
681 529 747 771 417
694 546 747 780 417
686 539 744 770 412
686 539 754 799 412
678 530 747 792 412
681 559 773 792 412
679 559 771 787 406
707 559 771 812 406
703 558 766 804 406
703 558 795 804 415
703 553 788 801 414
703 553 793 819 414
699 550 791 815 411
699 550 791 864 411
693 542 791 855 407
693 560 818 855 408
693 555 815 853 408
693 555 816 900 408
691 551 806 897 405
691 561 806 918 410
685 555 801 909 407
691 555 801 927 407
691 552 796 919 398
691 565 825 927 398
690 562 819 927 390
708 569 819 927 395
703 561 813 919 390
703 586 813 940 416
697 579 813 930 416
703 579 813 947 416
697 575 810 944 414
697 581 810 944 434
687 581 800 939 430
687 591 823 939 432
678 588 817 935 427
678 588 818 947 457
678 588 811 947 454
705 588 820 970 454
700 588 813 968 454
717 588 857 968 454
712 586 853 962 450
737 586 872 962 452
735 580 868 953 444
755 602 868 956 444
750 593 865 952 437
750 614 895 952 466
750 614 890 942 462
750 615 895 942 462
740 611 891 938 460
742 611 918 963 460
738 601 918 958 457
738 604 935 958 468
732 598 933 949 462
732 598 933 949 516
732 595 928 944 512
760 615 946 944 512
750 614 936 937 504
750 631 946 941 504
742 623 942 938 502
796 623 942 941 502
795 621 937 938 493
811 621 973 938 493
801 613 970 938 484
801 613 970 938 536
793 607 965 937 530
814 625 965 937 530
812 620 956 936 521
825 627 956 936 521
817 617 950 927 511
817 653 950 927 524
817 644 941 926 518
847 644 962 926 539
843 644 955 926 537
850 644 955 926 558
847 638 951 919 553
847 639 951 951 553
845 637 945 942 552
845 637 956 947 552
839 631 956 946 549
851 677 956 946 549
847 672 949 941 541
850 672 951 943 541
844 665 946 940 531
844 665 946 980 548
834 659 936 971 548
853 668 936 971 559
849 660 935 967 558
849 692 935 967 577
843 689 933 959 568
869 691 933 959 586
861 691 928 957 577
861 691 994 957 577
854 682 991 955 570
857 702 991 955 599
855 698 984 946 595
872 698 984 946 628
866 692 979 939 620
896 692 985 946 620
896 691 975 937 620
896 691 975 983 643
890 683 975 982 641
897 683 1003 982 663
894 675 1003 974 654
894 683 1048 974 654
888 683 1041 972 649
890 683 1052 972 677
889 679 1051 970 674
893 679 1051 999 674
885 670 1042 994 670
885 703 1042 1021 670
883 702 1037 1015 665
883 702 1042 1032 674
876 695 1032 1028 664
876 716 1033 1028 691
876 710 1028 1027 681
876 710 1030 1041 703
873 707 1022 1035 696
893 707 1041 1035 713
890 707 1035 1028 703
909 718 1035 1028 710
908 710 1027 1019 700
908 727 1027 1048 700
901 719 1023 1042 692
901 767 1031 1042 692
894 767 1029 1032 688
901 767 1029 1044 696
897 764 1019 1037 694
897 764 1054 1037 711
887 754 1044 1035 703
912 754 1044 1035 710
902 750 1035 1035 706
929 750 1050 1036 706
925 746 1047 1034 698
969 746 1070 1034 698
962 746 1070 1030 692
962 770 1071 1049 692
953 764 1071 1043 684
953 783 1091 1060 684
947 777 1088 1057 683
955 782 1088 1067 683
947 780 1086 1059 675
947 818 1086 1088 675
942 814 1083 1080 667
942 834 1088 1080 678
938 827 1084 1078 673
950 827 1100 1078 695
941 823 1094 1073 693
941 823 1130 1099 693
936 820 1123 1096 691
941 820 1153 1096 691
931 814 1153 1095 689
931 828 1162 1099 689
930 820 1155 1094 688
951 845 1155 1122 688
943 837 1145 1117 680
943 837 1165 1139 680
941 827 1165 1132 680
947 827 1191 1151 680
947 822 1181 1141 672
947 822 1242 1141 672
947 816 1237 1134 672
957 836 1242 1134 672
948 830 1240 1134 665
948 841 1267 1134 684
945 841 1260 1124 683
965 841 1281 1124 683
955 832 1275 1121 680
955 859 1296 1121 704
948 858 1289 1120 699
948 858 1328 1143 699
940 856 1319 1134 697
940 856 1319 1163 742
938 849 1309 1159 742
938 866 1309 1172 761
929 862 1302 1168 751
929 862 1302 1198 759
921 853 1292 1193 752
950 853 1292 1211 764
940 844 1290 1211 760
940 844 1290 1230 791
932 835 1285 1225 781
932 835 1285 1250 791
922 826 1284 1250 791
951 849 1284 1250 803
946 846 1274 1244 794
946 861 1274 1289 794
938 861 1266 1281 791
944 878 1266 1281 815
942 874 1260 1276 812
942 892 1260 1306 822
940 888 1252 1306 822
940 888 1289 1315 822
939 884 1284 1307 818
939 902 1284 1307 835
930 900 1276 1302 833
930 900 1298 1330 848
930 890 1297 1330 844
930 890 1339 1330 864
924 889 1332 1328 863
953 889 1332 1338 872
953 884 1332 1333 867
958 916 1332 1333 867
956 907 1325 1326 865
956 907 1370 1341 865
953 899 1368 1331 865
953 919 1368 1331 896
944 912 1366 1329 891
981 912 1366 1329 892
978 906 1364 1325 892
1005 914 1364 1351 892
1005 914 1357 1348 888
1005 914 1388 1348 903
1004 906 1380 1341 900
1004 929 1380 1358 912
1003 922 1372 1355 910
1026 922 1372 1355 961
1019 916 1371 1346 952
1019 920 1371 1359 975
1017 910 1363 1359 966
1017 912 1363 1375 966
1007 903 1354 1372 959
1007 924 1354 1410 959
998 914 1350 1403 952
1035 914 1350 1403 953
1033 913 1346 1396 946
1033 913 1346 1433 956
1029 905 1339 1432 951
1029 931 1339 1473 951
1024 929 1339 1471 945
1024 929 1361 1484 964
1016 922 1353 1476 956
1016 922 1353 1491 983
1013 912 1343 1484 978
1016 942 1343 1500 978
1011 940 1340 1500 978
1023 945 1359 1500 978
1019 935 1359 1490 970
1045 960 1359 1490 970
1040 958 1355 1486 969
1041 958 1355 1494 969
1035 953 1349 1489 960
1035 1008 1349 1489 960
1030 1006 1347 1481 954
1030 1006 1349 1518 954
1025 1006 1347 1508 954
1055 1006 1358 1510 954
1052 1004 1358 1501 951
1052 1042 1369 1501 951
1042 1033 1359 1493 947
1042 1045 1359 1502 973
1032 1045 1350 1494 965
1032 1045 1352 1511 975
1025 1037 1348 1503 967
1025 1037 1363 1503 967
1021 1031 1353 1493 965
1039 1031 1368 1502 965
1029 1030 1360 1501 960
1029 1045 1360 1518 960
1028 1044 1357 1518 955
1028 1047 1357 1563 955
1024 1044 1354 1553 954
1024 1044 1354 1582 967
1016 1043 1344 1575 966
1016 1058 1348 1575 967
1014 1050 1338 1575 960
1027 1065 1338 1592 960
1024 1061 1329 1582 952
1024 1061 1363 1582 965
1023 1060 1354 1576 959
1033 1060 1357 1576 978
1027 1057 1356 1567 972
1027 1057 1406 1567 972
1024 1053 1404 1567 965
1024 1053 1436 1567 969
1015 1047 1431 1562 960
1015 1047 1431 1562 1041
1014 1044 1429 1561 1037
1014 1044 1443 1561 1061
1005 1044 1433 1555 1051
1008 1054 1433 1555 1066
1004 1046 1423 1552 1062
1004 1046 1423 1575 1091
1000 1040 1413 1571 1087
1000 1069 1413 1571 1087
998 1059 1410 1570 1085
998 1059 1439 1572 1094
993 1058 1431 1571 1091
993 1058 1454 1571 1098
988 1053 1452 1566 1094
988 1078 1452 1577 1102
987 1070 1442 1571 1092
987 1111 1442 1579 1092
986 1102 1435 1572 1082
1021 1127 1435 1572 1082
1018 1125 1428 1563 1079
1029 1125 1428 1565 1079
1029 1120 1420 1560 1076
1029 1120 1459 1560 1076
1025 1120 1451 1558 1069
1025 1120 1456 1581 1097
1023 1110 1456 1577 1091
1023 1120 1456 1607 1105
1017 1115 1450 1607 1100
1017 1115 1463 1634 1100
1016 1109 1457 1630 1096
1016 1125 1479 1630 1112
1012 1123 1478 1620 1109
1036 1123 1478 1620 1127
1034 1118 1475 1614 1124
1049 1145 1475 1614 1144
1042 1138 1474 1606 1139
1065 1151 1474 1629 1139
1064 1148 1470 1619 1131
1093 1148 1478 1623 1131
1093 1147 1472 1618 1130
1093 1147 1475 1641 1130
1090 1142 1475 1637 1122
1090 1175 1495 1637 1122
1082 1168 1494 1633 1114
1107 1182 1494 1657 1114
1099 1180 1484 1653 1109
1099 1203 1490 1653 1109
1097 1193 1490 1648 1109
1097 1193 1490 1665 1118
1093 1193 1489 1657 1115
1122 1193 1515 1657 1115
1122 1192 1515 1652 1115
1122 1192 1520 1652 1130
1115 1186 1519 1652 1127
1121 1187 1524 1652 1127
1111 1182 1524 1650 1119
1123 1182 1524 1650 1129
1119 1172 1519 1650 1127
1149 1172 1519 1650 1131
1146 1168 1511 1643 1123
1146 1168 1511 1670 1147
1141 1160 1508 1670 1146
1141 1160 1526 1670 1160
1134 1151 1520 1670 1150
1142 1151 1528 1670 1161
1132 1144 1523 1661 1154
1132 1182 1523 1661 1168
1131 1181 1515 1657 1162
1146 1199 1532 1657 1162
1146 1189 1531 1657 1152
1146 1211 1568 1657 1152
1141 1205 1565 1648 1148
1141 1205 1565 1681 1166
1138 1197 1560 1671 1163
1138 1197 1613 1671 1163
1131 1189 1611 1665 1153
1136 1189 1611 1679 1156
1128 1181 1603 1679 1146
1128 1181 1615 1679 1193
1121 1180 1614 1671 1192
1121 1189 1617 1671 1205
1118 1185 1610 1663 1199
1118 1185 1631 1663 1234
1108 1185 1630 1660 1228
1155 1185 1630 1675 1228
1153 1176 1630 1675 1228
1166 1210 1630 1675 1228
1161 1206 1628 1673 1228
1161 1222 1628 1673 1276
1151 1221 1621 1668 1267
1151 1221 1631 1698 1273
1141 1216 1628 1694 1270
1160 1224 1628 1701 1270
1158 1218 1621 1695 1269
1158 1218 1678 1712 1269
1155 1214 1677 1712 1265
1185 1244 1681 1712 1265
1177 1243 1680 1712 1261
1177 1243 1714 1712 1268
1169 1241 1712 1702 1259
1169 1252 1727 1702 1259
1166 1249 1726 1699 1258
1194 1273 1726 1699 1274
1188 1266 1723 1696 1270
1188 1266 1723 1744 1282
1182 1266 1719 1735 1282
1211 1266 1719 1748 1309
1205 1262 1716 1747 1309
1219 1262 1716 1752 1309
1215 1254 1710 1752 1299
1240 1254 1725 1765 1299
1233 1249 1715 1764 1293
1277 1249 1715 1764 1293
1276 1240 1713 1758 1283
1277 1246 1713 1780 1283
1276 1236 1712 1775 1278
1276 1258 1712 1775 1279
1276 1256 1706 1767 1271
1305 1256 1706 1797 1271
1304 1251 1696 1797 1268
1315 1251 1704 1807 1268
1307 1243 1699 1798 1259
1307 1248 1727 1798 1259
1298 1239 1720 1794 1253
1305 1239 1725 1809 1253
1301 1234 1716 1802 1246
1302 1252 1716 1802 1262
1298 1246 1714 1797 1255
1320 1273 1714 1797 1257
1320 1270 1705 1788 1252
1320 1273 1720 1788 1252
1311 1265 1720 1786 1252
1311 1265 1769 1786 1269
1304 1258 1761 1781 1269
1304 1285 1771 1805 1269
1294 1275 1762 1802 1267
1297 1275 1792 1802 1278
1289 1269 1790 1799 1275
1322 1269 1790 1799 1275
1319 1263 1783 1789 1265
1345 1263 1783 1813 1265
1335 1253 1779 1810 1263
1335 1278 1807 1810 1267
1329 1276 1801 1809 1262
1331 1294 1801 1817 1262
1327 1288 1799 1814 1258
1327 1288 1799 1848 1282
1322 1283 1799 1842 1277
1322 1283 1799 1888 1300
1316 1274 1792 1880 1298
1316 1274 1799 1880 1315
1316 1264 1793 1873 1314
1316 1264 1798 1881 1316
1309 1257 1796 1878 1311
1309 1279 1796 1892 1311
1308 1277 1790 1884 1302
1327 1298 1790 1884 1304
1320 1292 1790 1882 1295
1320 1292 1824 1882 1295
1316 1284 1819 1877 1289
1342 1284 1819 1883 1289
1342 1277 1815 1878 1283
1342 1278 1844 1878 1293
1340 1270 1834 1872 1293
1340 1299 1856 1902 1293
1333 1297 1854 1900 1290
1357 1297 1884 1926 1290
1352 1288 1875 1918 1282
1362 1288 1875 1934 1282
1361 1278 1866 1925 1272
1406 1278 1866 1925 1272
1405 1275 1861 1919 1268
1405 1283 1887 1934 1268
1396 1279 1883 1928 1260
1396 1279 1883 1940 1298
1387 1270 1874 1940 1296
1387 1270 1902 1968 1306
1378 1261 1892 1962 1297
1379 1261 1894 1962 1324
1371 1253 1890 1958 1317
1404 1253 1916 1958 1317
1399 1250 1913 1955 1314
1399 1250 1913 1977 1333
1396 1245 1904 1976 1323
1396 1253 1904 2000 1350
1390 1248 1897 1996 1347
1390 1248 1919 2005 1347
1382 1247 1913 1995 1347
1382 1257 1930 2017 1347
1379 1256 1927 2010 1345
1379 1283 1927 2034 1345
1369 1276 1919 2028 1337
1369 1277 1944 2028 1353
1362 1276 1944 2020 1344
1375 1276 1953 2025 1344
1375 1267 1946 2025 1334
1375 1296 1948 2025 1334
1368 1286 1943 2017 1331
1368 1329 1943 2024 1331
1362 1327 1940 2022 1325
1374 1327 1940 2034 1345
1370 1317 1934 2032 1344
1370 1341 1958 2047 1344
1363 1341 1949 2037 1336
1390 1341 1949 2037 1376
1381 1335 1941 2037 1373
1381 1335 1988 2064 1373
1374 1332 1986 2055 1372
1374 1365 1986 2065 1372
1366 1365 1976 2056 1370
1375 1365 1997 2056 1370
1374 1358 1993 2050 1360
1382 1358 2020 2050 1363
1379 1356 2015 2044 1359
1379 1432 2015 2044 1359
1377 1431 2015 2036 1357
1377 1442 2041 2036 1357
1377 1432 2038 2036 1348
1377 1432 2038 2052 1353
1374 1424 2029 2042 1351
1379 1424 2029 2042 1363
1372 1414 2026 2036 1363
1372 1414 2046 2055 1381
1371 1408 2045 2055 1371
1371 1443 2045 2079 1371
1362 1437 2042 2078 1364
1378 1440 2042 2078 1372
1373 1438 2034 2073 1366
1447 1438 2034 2073 1366
1445 1437 2033 2070 1366
1445 1461 2033 2070 1374
1439 1454 2024 2062 1371
1439 1479 2039 2062 1383
1437 1471 2032 2054 1381
1456 1471 2032 2081 1381
1455 1471 2023 2078 1371
1466 1471 2047 2083 1371
1460 1469 2045 2081 1371
1460 1498 2045 2081 1376
1455 1489 2038 2072 1371
1461 1504 2038 2072 1371
1453 1504 2028 2063 1371
1468 1517 2028 2063 1393
1458 1515 2028 2061 1387
1458 1515 2034 2066 1387
1451 1506 2032 2062 1378
1451 1508 2052 2073 1378
1448 1505 2044 2071 1368
1476 1505 2044 2106 1368
1475 1495 2034 2102 1365
1484 1513 2034 2102 1387
1484 1510 2032 2102 1379
1484 1510 2062 2121 1387
1483 1500 2061 2113 1385
1483 1546 2061 2138 1385
1473 1538 2056 2133 1375
1483 1538 2056 2133 1410
1477 1536 2054 2132 1401
1477 1562 2055 2132 1401
1470 1555 2055 2124 1393
1492 1567 2055 2124 1393
1488 1560 2047 2124 1393
1488 1610 2049 2124 1393
1478 1604 2047 2120 1388
1500 1604 2080 2120 1388
1492 1602 2080 2117 1380
1508 1602 2097 2117 1401
1508 1602 2095 2112 1394
1508 1602 2095 2157 1394
1498 1598 2092 2152 1393
1527 1598 2092 2152 1393
1520 1589 2087 2147 1385
1520 1589 2087 2182 1388
1519 1581 2081 2181 1379
1519 1581 2081 2210 1419
1519 1577 2081 2209 1415
1519 1577 2081 2261 1415
1509 1573 2074 2259 1410
1509 1573 2074 2285 1444
1504 1572 2067 2278 1441
1504 1580 2067 2310 1441
1497 1573 2064 2309 1431
1518 1573 2086 2319 1431
1513 1569 2079 2314 1425
1513 1602 2079 2314 1425
1511 1601 2070 2309 1424
1517 1619 2070 2315 1424
1510 1614 2062 2313 1421
1510 1614 2085 2331 1433
1502 1609 2081 2321 1432
1502 1609 2081 2322 1462
1501 1604 2073 2312 1455
1501 1622 2073 2312 1465
1491 1618 2072 2310 1458
1491 1618 2086 2326 1458
1481 1609 2082 2323 1450
1481 1610 2082 2342 1462
1476 1602 2080 2338 1462
1477 1602 2080 2338 1470
1476 1599 2078 2336 1462
1476 1599 2078 2339 1488
1467 1595 2069 2332 1485
1467 1631 2069 2332 1490
1457 1623 2069 2323 1486
1483 1632 2069 2323 1500
1482 1630 2061 2320 1495
1482 1674 2077 2320 1495
1473 1664 2070 2314 1486
1473 1664 2070 2327 1519
1465 1662 2070 2321 1512
1481 1665 2070 2321 1512
1477 1662 2062 2315 1504
1477 1672 2081 2320 1504
1470 1667 2077 2311 1495
1470 1693 2107 2311 1513
1464 1683 2106 2311 1504
1466 1707 2136 2311 1504
1463 1707 2128 2308 1495
1463 1707 2183 2331 1495
1457 1706 2182 2329 1495
1472 1728 2182 2348 1495
1467 1718 2182 2342 1492
1467 1753 2182 2342 1496
1464 1747 2182 2332 1490
1464 1747 2184 2387 1490
1454 1742 2180 2384 1482
1454 1775 2180 2387 1482
1449 1767 2171 2383 1481
1478 1767 2171 2383 1481
1475 1757 2167 2380 1481
1475 1760 2167 2410 1497
1474 1757 2159 2405 1495
1478 1774 2159 2425 1495
1477 1769 2155 2423 1490
1503 1789 2179 2423 1490
1493 1782 2171 2422 1485
1493 1782 2188 2434 1496
1483 1774 2185 2425 1489
1508 1798 2185 2435 1489
1504 1797 2180 2429 1482
1504 1807 2180 2444 1482
1499 1800 2175 2436 1481
1516 1800 2184 2436 1482
1507 1799 2175 2433 1477
1507 1829 2189 2433 1477
1499 1824 2187 2428 1468
1519 1824 2187 2469 1468
1513 1815 2185 2466 1462
1513 1815 2205 2474 1462
1506 1806 2203 2472 1453
1506 1806 2220 2472 1494
1505 1801 2217 2468 1493
1505 1819 2217 2470 1505
1502 1814 2213 2461 1496
1502 1844 2213 2461 1508
1493 1839 2212 2455 1507
1493 1889 2212 2455 1521
1486 1885 2202 2447 1514
1512 1885 2202 2447 1514
1511 1885 2200 2446 1511
1511 1925 2201 2446 1511
1506 1915 2197 2441 1507
1526 1945 2197 2441 1507
1524 1942 2194 2439 1501
1532 1942 2194 2456 1501
1522 1940 2190 2450 1497
1532 1952 2190 2453 1497
1523 1949 2180 2444 1487
1531 1957 2201 2444 1487
1525 1953 2200 2438 1478
1531 1953 2229 2447 1478
1526 1947 2228 2439 1474
1545 1947 2228 2439 1504
1543 1942 2222 2429 1495
1543 1971 2242 2429 1498
1537 1962 2232 2429 1488
1537 1966 2232 2429 1494
1537 1959 2228 2427 1493
1537 1959 2229 2427 1503
1534 1951 2229 2419 1502
1534 1988 2229 2419 1509
1529 1983 2226 2414 1504
1529 2008 2243 2437 1504
1528 2005 2242 2430 1502
1555 2005 2242 2430 1512
1555 1998 2234 2429 1511
1555 2008 2244 2442 1511
1551 2003 2236 2432 1509
1551 2003 2252 2458 1509
1550 1993 2246 2455 1500
1550 2009 2257 2455 1500
1542 2005 2254 2454 1494
1542 2022 2290 2454 1494
1540 2018 2287 2445 1487
1540 2018 2287 2445 1552
1532 2011 2278 2441 1552
1532 2062 2278 2441 1552
1531 2061 2278 2432 1546
1531 2071 2278 2441 1569
1525 2071 2272 2436 1568
1525 2093 2272 2438 1568
1517 2083 2265 2432 1558
1517 2101 2265 2432 1580
1511 2094 2255 2426 1579
1511 2096 2261 2446 1579
1502 2090 2255 2441 1579
1528 2090 2255 2450 1579
1522 2080 2253 2444 1577
1522 2113 2258 2444 1577
1516 2107 2252 2435 1571
1539 2107 2252 2459 1571
1532 2106 2245 2457 1568
1532 2106 2261 2507 1568
1522 2102 2254 2499 1565
1522 2119 2260 2528 1565
1512 2118 2259 2518 1565
1512 2125 2259 2522 1591
1506 2121 2249 2516 1581
1540 2121 2249 2516 1590
1535 2113 2240 2514 1581
1535 2142 2240 2567 1581
1533 2142 2239 2561 1575
1547 2142 2239 2561 1599
1538 2135 2234 2558 1591
1547 2135 2253 2558 1602
1539 2126 2250 2554 1597
1539 2151 2250 2554 1610
1532 2146 2240 2552 1605
1532 2146 2245 2575 1631
1527 2145 2244 2571 1624
1527 2145 2266 2571 1637
1524 2144 2258 2567 1633
1524 2144 2285 2567 1638
1520 2137 2280 2557 1628
1520 2137 2295 2587 1628
1514 2131 2285 2587 1626
1514 2131 2287 2587 1659
1504 2125 2279 2587 1658
1504 2147 2312 2587 1658
1498 2138 2310 2582 1653
1518 2157 2310 2594 1653
1508 2151 2302 2593 1643
1519 2151 2302 2600 1666
1517 2141 2294 2597 1657
1517 2167 2294 2597 1676
1514 2161 2285 2596 1668
1514 2161 2285 2620 1668
1511 2156 2276 2615 1666
1529 2156 2276 2615 1696
1519 2147 2267 2615 1695
1519 2169 2288 2625 1695
1510 2163 2288 2619 1686
1550 2163 2288 2637 1686
1545 2158 2280 2630 1678
1545 2158 2310 2638 1700
1538 2148 2306 2638 1699
1550 2172 2306 2638 1699
1541 2172 2305 2635 1695
1541 2172 2323 2694 1695
1537 2168 2318 2685 1691
1542 2174 2347 2685 1691
1534 2164 2346 2680 1687
1534 2166 2346 2680 1707
1527 2160 2337 2675 1702
1527 2160 2337 2711 1727
1518 2154 2335 2709 1727
1518 2173 2335 2723 1727
1509 2165 2331 2715 1726
1521 2165 2331 2724 1726
1520 2163 2329 2722 1717
1520 2163 2347 2722 1754
1510 2157 2347 2715 1750
1513 2167 2347 2715 1760
1509 2161 2342 2708 1753
1541 2161 2370 2708 1753
1532 2156 2363 2708 1743
1532 2157 2363 2715 1743
1530 2157 2354 2708 1734
1530 2177 2366 2708 1734
1528 2171 2366 2702 1724
1551 2171 2395 2711 1724
1546 2161 2393 2704 1718
1546 2161 2393 2725 1749
1542 2159 2391 2719 1742
1557 2176 2391 2719 1742
1547 2175 2390 2711 1733
1547 2175 2400 2711 1770
1544 2172 2393 2711 1764
1553 2204 2393 2711 1764
1549 2196 2384 2704 1758
1573 2196 2417 2704 1758
1566 2195 2417 2700 1750
1595 2216 2417 2700 1772
1595 2207 2416 2698 1771
1625 2207 2416 2708 1787
1625 2202 2415 2702 1781
1625 2202 2415 2740 1802
1618 2193 2410 2734 1794
1618 2212 2439 2734 1794
1614 2205 2435 2727 1790
1637 2205 2435 2727 1817
1628 2198 2435 2722 1817
1628 2218 2461 2722 1830
1627 2216 2460 2722 1830
1637 2216 2460 2749 1838
1628 2216 2452 2745 1837
1628 2230 2452 2752 1844
1619 2220 2448 2747 1844
1619 2232 2448 2765 1844
1615 2227 2445 2756 1844
1675 2227 2445 2756 1862
1673 2220 2444 2752 1856
1703 2225 2444 2752 1856
1695 2216 2437 2752 1854
1718 2216 2437 2773 1856
1718 2206 2431 2769 1853
1747 2214 2431 2769 1858
1740 2206 2423 2761 1856
1761 2206 2439 2761 1861
1758 2204 2429 2756 1859
1758 2227 2452 2756 1867
1753 2218 2452 2753 1858
1783 2218 2452 2774 1858
1779 2215 2449 2764 1852
1779 2215 2449 2784 1892
1777 2214 2444 2774 1892
1798 2217 2444 2774 1894
1791 2213 2444 2764 1886
1791 2255 2444 2766 1886
1781 2253 2444 2758 1884
1781 2253 2444 2758 1938
1775 2244 2434 2755 1931
1778 2244 2441 2755 1932
1768 2241 2440 2751 1922
1768 2249 2445 2751 1936
1767 2242 2441 2743 1936
1781 2266 2463 2743 1936
1781 2264 2454 2735 1926
1802 2264 2467 2735 1944
1795 2254 2459 2734 1940
1813 2255 2489 2734 1940
1806 2250 2483 2725 1939
1806 2250 2547 2725 1939
1802 2242 2546 2716 1937
1802 2251 2546 2720 1937
1798 2247 2546 2720 1929
1798 2254 2590 2720 1929
1790 2247 2582 2720 1929
1790 2271 2582 2750 1944
1785 2271 2581 2744 1935
1790 2284 2581 2751 1935
1784 2278 2578 2744 1926
1784 2278 2583 2744 1955
1777 2276 2582 2738 1952
1805 2276 2582 2766 1952
1798 2268 2575 2759 1949
1798 2268 2602 2761 1966
1791 2265 2601 2756 1960
1791 2287 2612 2756 1960
1785 2286 2609 2754 1959
1798 2286 2631 2754 1959
1798 2279 2626 2751 1959
1798 2324 2634 2751 1959
1793 2320 2629 2749 1952
1819 2320 2629 2749 1968
1811 2310 2624 2747 1961
1822 2329 2624 2751 1961
1812 2324 2614 2743 1958
1842 2349 2614 2743 1958
1841 2339 2608 2734 1957
1841 2360 2635 2739 1957
1831 2357 2627 2738 1947
1847 2357 2631 2752 1947
1844 2352 2625 2742 1938
1844 2383 2625 2764 1938
1841 2380 2621 2763 1937
1841 2410 2656 2763 1937
1835 2409 2654 2763 1933
1835 2410 2676 2791 1933
1831 2410 2670 2788 1924
1858 2410 2670 2803 1948
1849 2406 2662 2802 1945
1872 2435 2662 2802 1955
1866 2430 2658 2794 1955
1872 2430 2658 2837 1955
1872 2424 2658 2837 1952
1872 2424 2667 2854 1966
1864 2424 2667 2851 1964
1864 2424 2678 2866 1966
1856 2418 2672 2865 1956
1856 2418 2682 2891 1956
1853 2414 2674 2883 1947
1853 2414 2681 2929 1947
1850 2409 2681 2926 1947
1855 2409 2681 2926 1995
1847 2403 2671 2916 1994
1847 2408 2701 2916 2016
1842 2400 2694 2910 2016
1861 2403 2694 2928 2016
1859 2398 2692 2923 2009
1859 2429 2692 2923 2029
1854 2422 2687 2923 2026
1881 2422 2691 2953 2026
1876 2421 2685 2949 2023
1914 2421 2685 2949 2023
1912 2417 2680 2947 2022
1912 2417 2680 2969 2047
1912 2414 2675 2966 2045
1912 2414 2682 2990 2045
1905 2409 2674 2988 2035
1905 2409 2674 3012 2053
1895 2405 2673 3012 2047
1895 2405 2697 3012 2073
1891 2396 2695 3005 2072
1937 2396 2695 3005 2098
1935 2388 2694 3002 2098
1935 2394 2694 3030 2115
1935 2394 2692 3022 2110
1935 2394 2716 3033 2110
1934 2391 2715 3030 2107
1934 2403 2720 3034 2107
1934 2393 2720 3033 2099
1962 2393 2759 3033 2099
1953 2387 2752 3032 2097
1953 2387 2752 3056 2129
1951 2378 2747 3055 2127
1951 2407 2747 3076 2127
1941 2399 2738 3069 2126
1941 2399 2747 3090 2126
1933 2395 2747 3086 2126
1970 2397 2747 3086 2126
1966 2389 2739 3078 2126
1966 2399 2770 3078 2126
1965 2396 2761 3077 2119
1994 2417 2761 3101 2119
1994 2413 2754 3092 2109
2027 2413 2754 3116 2109
2022 2404 2749 3106 2104
2033 2411 2767 3106 2104
2025 2405 2760 3096 2098
2025 2405 2760 3099 2136
2018 2405 2753 3099 2130
2018 2405 2774 3138 2130
2009 2397 2772 3134 2126
2019 2397 2794 3151 2126
2016 2393 2788 3143 2119
2016 2398 2812 3158 2119
2014 2392 2811 3158 2117
2014 2417 2811 3180 2117
2009 2407 2801 3172 2109
2009 2407 2819 3184 2109
2008 2397 2812 3175 2101
2008 2419 2823 3175 2101
2002 2410 2822 3167 2100
2002 2417 2822 3167 2113
1999 2412 2818 3161 2104
1999 2412 2818 3191 2137
1992 2406 2808 3184 2134
2000 2406 2826 3187 2134
1996 2400 2823 3180 2124
1996 2400 2843 3192 2154
1987 2391 2833 3186 2144
1987 2391 2847 3186 2189
1980 2386 2840 3180 2186
1980 2399 2859 3180 2195
1976 2397 2851 3176 2192
1976 2397 2898 3176 2193
1968 2394 2891 3174 2190
1968 2413 2920 3174 2190
1960 2411 2917 3164 2188
1960 2411 2946 3164 2198
1954 2406 2940 3163 2190
1954 2431 2940 3177 2194
1945 2430 2938 3167 2185
1951 2440 2938 3167 2188
1950 2439 2933 3160 2181
1950 2439 2935 3178 2197
1950 2439 2927 3178 2192
1964 2439 2927 3178 2224
1961 2432 2921 3176 2223
1961 2462 2921 3193 2223
1961 2457 2912 3193 2217
1961 2457 2937 3217 2217
1952 2451 2929 3207 2210
1972 2451 2929 3207 2248
1967 2441 2925 3201 2243
1967 2441 2928 3201 2274
1964 2441 2925 3196 2274
1964 2455 2950 3198 2274
1962 2455 2945 3191 2267
1978 2455 2975 3191 2276
1974 2450 2970 3189 2268
1999 2458 2970 3191 2268
1999 2450 2961 3182 2263
2003 2476 2961 3182 2286
1995 2471 2954 3172 2276
1999 2471 2982 3181 2276
1990 2468 2976 3176 2273
1995 2468 2976 3193 2273
1985 2464 2975 3190 2263
1985 2485 2975 3190 2269
1977 2478 2970 3183 2269
1977 2499 2990 3196 2269
1968 2493 2984 3192 2261
1968 2493 2994 3192 2269
1968 2485 2988 3182 2268
1970 2490 2988 3182 2296
1961 2480 2985 3178 2296
1961 2480 3012 3180 2296
1961 2472 3008 3170 2294
1961 2491 3008 3185 2294
1952 2486 3004 3185 2285
1952 2514 3015 3196 2285
1946 2507 3007 3190 2276
1946 2523 3009 3216 2276
1940 2515 3002 3214 2273
1940 2520 3008 3219 2273
1939 2516 3003 3211 2269
1979 2516 3003 3211 2274
1972 2507 2997 3210 2273
2000 2507 2997 3210 2285
1990 2507 2991 3202 2281
1990 2507 3044 3202 2281
1980 2504 3042 3195 2274
2023 2504 3042 3195 2274
2022 2503 3032 3185 2265
2022 2529 3032 3185 2270
2013 2526 3024 3183 2265
2033 2526 3049 3183 2265
2030 2516 3045 3173 2261
2030 2516 3045 3230 2261
2023 2509 3044 3222 2255
2053 2535 3044 3247 2255
2053 2530 3038 3237 2254
2060 2530 3050 3237 2282
2054 2528 3050 3233 2274
2054 2528 3061 3233 2278
2049 2526 3061 3225 2271
2049 2526 3085 3244 2279
2042 2517 3081 3237 2274
2071 2533 3081 3237 2285
2068 2527 3080 3227 2280
2095 2527 3110 3227 2297
2089 2526 3102 3219 2294
2094 2526 3102 3258 2294
2089 2526 3096 3256 2293
2099 2529 3096 3256 2306
2096 2519 3095 3253 2302
2096 2563 3095 3253 2302
2093 2562 3092 3245 2298
2093 2590 3092 3268 2323
2085 2582 3083 3268 2320
2085 2588 3083 3296 2325
2075 2579 3073 3296 2321
2087 2609 3073 3296 2338
2080 2606 3064 3294 2329
2088 2606 3095 3294 2329
2080 2600 3089 3292 2321
2096 2603 3089 3292 2347
2088 2599 3080 3287 2345
2089 2599 3109 3316 2345
2084 2591 3099 3309 2339
2084 2620 3106 3310 2339
2081 2617 3102 3304 2329
2081 2617 3107 3321 2334
2080 2613 3103 3316 2333
2080 2613 3129 3316 2336
2073 2605 3125 3316 2331
2098 2613 3132 3316 2331
2096 2613 3125 3314 2325
2107 2613 3155 3314 2329
2107 2604 3152 3306 2326
2107 2604 3152 3362 2349
2104 2597 3148 3353 2348
2117 2607 3163 3353 2348
2108 2599 3161 3348 2344
2108 2621 3161 3396 2344
2102 2611 3154 3392 2344
2102 2618 3154 3392 2380
2096 2608 3147 3385 2379
2099 2624 3160 3385 2379
2093 2620 3152 3375 2371
2101 2637 3180 3375 2371
2098 2636 3179 3374 2362
2098 2664 3179 3374 2380
2096 2664 3179 3371 2376
2114 2690 3193 3371 2376
2107 2689 3189 3362 2366
2107 2700 3189 3381 2385
2101 2694 3187 3380 2379
2101 2699 3197 3380 2403
2096 2694 3189 3376 2400
2100 2694 3223 3376 2400
2090 2687 3218 3371 2392
2090 2699 3218 3371 2392
2086 2697 3209 3367 2391
2086 2717 3215 3383 2391
2082 2714 3211 3379 2389
2082 2719 3258 3379 2389
2080 2712 3256 3379 2381
2080 2716 3280 3379 2381
2080 2716 3271 3369 2378
2080 2743 3314 3369 2378
2079 2742 3312 3361 2374
2079 2742 3327 3373 2374
2071 2741 3319 3366 2370
2071 2741 3320 3390 2395
2070 2736 3316 3382 2392
2090 2742 3327 3382 2392
2081 2739 3325 3377 2386
2106 2739 3354 3377 2415
2097 2736 3353 3376 2414
2097 2740 3353 3408 2414
2097 2736 3347 3407 2411
2097 2736 3361 3418 2411
2095 2729 3361 3413 2410
2095 2729 3374 3421 2410
2095 2725 3364 3418 2402
2095 2732 3364 3418 2410
2091 2730 3362 3414 2408
2091 2749 3394 3414 2408
2085 2741 3387 3406 2404
2085 2765 3390 3406 2425
2078 2756 3382 3399 2419
2095 2764 3382 3399 2419
2094 2760 3377 3392 2412
2123 2780 3377 3393 2412
2113 2773 3370 3392 2406
2113 2773 3389 3398 2406
2111 2773 3380 3398 2400
2147 2773 3385 3398 2400
2147 2770 3385 3396 2400
2173 2770 3386 3396 2400
2165 2766 3376 3391 2397
2178 2766 3376 3391 2447
2176 2765 3366 3385 2447
2176 2784 3385 3392 2447
2176 2780 3378 3392 2443
2176 2785 3382 3392 2453
2170 2778 3379 3392 2452
2186 2792 3402 3392 2452
2182 2785 3395 3386 2446
2188 2798 3395 3414 2446
2187 2793 3394 3414 2436
2187 2793 3403 3414 2453
2180 2788 3402 3410 2451
2180 2788 3402 3449 2451
2171 2786 3392 3444 2450
2193 2811 3392 3473 2450
2193 2808 3387 3469 2441
2197 2808 3387 3482 2457
2192 2807 3383 3475 2456
2211 2824 3383 3475 2456
2210 2814 3376 3470 2456
2237 2829 3376 3496 2456
2233 2824 3366 3491 2451
2233 2824 3369 3504 2451
2224 2817 3368 3497 2449
2244 2817 3378 3497 2450
2240 2809 3369 3494 2443
2240 2857 3372 3494 2443
2233 2852 3363 3485 2438
2244 2852 3388 3503 2438
2242 2842 3378 3493 2437
2272 2842 3408 3493 2437
2267 2838 3403 3492 2431
2267 2849 3403 3502 2431
2265 2848 3402 3493 2422
2274 2848 3413 3515 2422
2272 2845 3412 3514 2418
2290 2845 3412 3527 2418
2289 2843 3405 3522 2418
2289 2843 3418 3522 2423
2279 2833 3416 3516 2415
2279 2833 3446 3534 2419
2275 2826 3436 3532 2411
2303 2826 3436 3532 2421
2293 2824 3426 3530 2414
2293 2824 3426 3551 2418
2293 2821 3422 3548 2409
2293 2824 3422 3548 2446
2285 2821 3412 3542 2437
2295 2831 3412 3542 2449
2295 2827 3412 3532 2449
2295 2875 3412 3532 2449
2287 2870 3406 3524 2448
2287 2890 3409 3524 2460
2277 2884 3409 3519 2454
2277 2884 3433 3533 2454
2277 2884 3432 3523 2451
2277 2914 3449 3523 2451
2268 2912 3443 3520 2445
2268 2912 3458 3520 2475
2267 2906 3448 3514 2475
2267 2933 3448 3514 2521
2259 2932 3439 3505 2514
2259 2949 3447 3519 2514
2253 2947 3442 3516 2509
2271 2947 3445 3516 2539
2262 2941 3435 3507 2532
2262 2942 3475 3507 2532
2254 2940 3472 3502 2529
2279 2963 3472 3502 2555
2275 2961 3470 3499 2546
2288 2961 3481 3499 2546
2286 2955 3473 3497 2546
2286 2955 3473 3522 2602
2276 2948 3470 3514 2594
2276 2948 3470 3555 2611
2273 2945 3470 3545 2609
2273 2945 3484 3554 2637
2271 2944 3476 3545 2628
2271 2954 3476 3545 2644
2261 2946 3470 3545 2639
2310 2946 3481 3545 2639
2310 2941 3481 3542 2631
2327 2941 3502 3542 2637
2322 2939 3495 3542 2630
2349 2939 3495 3542 2633
2339 2932 3491 3542 2632
2344 2932 3508 3551 2632
2335 2930 3503 3548 2628
2343 2951 3523 3548 2628
2341 2944 3523 3540 2623
2341 2967 3523 3543 2623
2334 2958 3515 3542 2620
2339 2958 3529 3542 2637
2332 2956 3519 3534 2634
2359 2956 3541 3534 2654
2355 2946 3540 3533 2647
2369 2946 3540 3572 2647
2360 2942 3532 3572 2645
2382 2942 3561 3572 2672
2379 2932 3558 3568 2665
2379 2938 3558 3587 2665
2373 2932 3552 3577 2665
2410 2932 3552 3577 2689
2406 2928 3547 3572 2680
2415 2928 3547 3584 2695
2410 2928 3546 3582 2686
2410 2928 3561 3591 2708
2400 2920 3551 3581 2698
2430 2947 3551 3603 2698
2427 2944 3544 3596 2693
2427 2971 3548 3596 2707
2424 2967 3544 3588 2703
2445 2967 3557 3602 2703
2437 2964 3549 3595 2699
2437 2997 3573 3595 2699
2433 2996 3571 3589 2696
2438 2996 3591 3618 2696
2428 2992 3584 3611 2693
2428 2992 3607 3621 2696
2426 2989 3606 3613 2689
2426 2989 3625 3613 2694
2417 2984 3623 3607 2687
2437 2984 3623 3622 2687
2429 2977 3621 3622 2681
2429 2977 3644 3622 2714
2423 2973 3640 3617 2707
2444 2979 3642 3617 2707
2437 2975 3639 3614 2702
2461 2975 3640 3614 2727
2453 2966 3638 3607 2725
2453 2978 3639 3607 2726
2449 2974 3632 3607 2717
2490 2974 3632 3616 2717
2490 2967 3628 3615 2707
2523 2967 3648 3615 2707
2522 2965 3648 3615 2702
2522 2966 3648 3615 2705
2520 2956 3640 3612 2695
2520 2956 3653 3646 2695
2514 2949 3645 3646 2694
2529 2949 3665 3646 2694
2522 2944 3662 3637 2684
2522 2972 3662 3651 2684
2522 2964 3652 3643 2684
2522 2976 3654 3645 2684
2520 2974 3650 3639 2675
2520 2982 3650 3660 2675
2513 2980 3640 3655 2668
2513 2983 3640 3655 2705
2509 2975 3632 3653 2702
2524 2975 3632 3653 2716
2516 2972 3631 3651 2709
2516 2972 3633 3652 2726
2507 2971 3632 3645 2717
2530 2981 3632 3645 2743
2522 2981 3624 3639 2739
2522 2981 3646 3639 2764
2518 2976 3639 3639 2764
2518 2995 3639 3666 2788
2510 2987 3633 3664 2788
2510 3020 3633 3674 2788
2509 3017 3626 3668 2788
2535 3017 3626 3680 2788
2529 3009 3616 3674 2784
2531 3009 3636 3674 2784
2527 3001 3632 3667 2784
2527 3021 3653 3668 2784
2522 3011 3651 3659 2776
2522 3039 3651 3681 2797
2514 3038 3646 3672 2790
2516 3063 3646 3684 2790
2516 3059 3643 3677 2788
2521 3059 3643 3690 2808
2518 3057 3634 3684 2801
2536 3067 3634 3699 2801
2528 3059 3626 3692 2793
2595 3059 3626 3692 2793
2587 3056 3619 3682 2790
2587 3056 3624 3696 2790
2578 3052 3623 3693 2785
2583 3052 3628 3693 2802
2581 3049 3628 3689 2798
2605 3064 3628 3689 2811
2605 3058 3620 3689 2807
2629 3059 3637 3689 2807
2624 3056 3628 3687 2797
2639 3085 3628 3687 2797
2637 3081 3622 3682 2792
2639 3081 3626 3699 2792
2630 3080 3623 3697 2783
2647 3080 3623 3714 2783
2641 3076 3615 3707 2780
2642 3076 3628 3707 2791
2634 3073 3619 3702 2788
2641 3073 3625 3702 2799
2640 3073 3620 3702 2799
2640 3091 3620 3715 2799
2632 3090 3612 3710 2796
2659 3090 3631 3710 2796
2655 3090 3630 3702 2791
2682 3090 3630 3735 2791
2675 3088 3626 3725 2785
2675 3106 3626 3728 2786
2667 3098 3620 3726 2777
2680 3098 3620 3726 2799
2679 3096 3610 3723 2796
2700 3096 3610 3723 2815
2699 3086 3605 3715 2813
2699 3114 3618 3715 2813
2698 3107 3610 3711 2813
2746 3111 3610 3711 2813
2746 3103 3606 3710 2808
2785 3103 3606 3710 2808
2778 3102 3596 3706 2805
2793 3108 3596 3716 2805
2789 3104 3595 3715 2803
2802 3115 3595 3715 2831
2796 3113 3591 3711 2829
2796 3113 3591 3756 2845
2787 3107 3584 3751 2837
2804 3107 3614 3751 2838
2796 3099 3606 3746 2838
2802 3099 3606 3750 2838
2794 3097 3603 3743 2830
2794 3097 3603 3753 2853
2792 3093 3598 3751 2846
2792 3093 3616 3751 2862
2789 3089 3610 3742 2861
2841 3095 3610 3742 2861
2833 3095 3608 3742 2858
2833 3112 3616 3742 2888
2829 3104 3610 3735 2883
2829 3104 3610 3797 2883
2819 3101 3600 3791 2873
2828 3127 3600 3816 2873
2825 3127 3596 3815 2871
2825 3127 3596 3815 2941
2825 3124 3587 3807 2936
2835 3124 3598 3813 2936
2825 3124 3590 3807 2932
2841 3129 3590 3807 2957
2834 3129 3585 3807 2956
2868 3129 3585 3807 2972
2858 3122 3579 3799 2963
2858 3158 3579 3823 2963
2848 3152 3577 3814 2959
2848 3152 3583 3826 2985
2843 3143 3575 3822 2977
2854 3143 3576 3840 2977
2848 3136 3576 3832 2973
2848 3136 3603 3835 2983
2842 3128 3596 3832 2975
2842 3128 3619 3875 2975
2841 3125 3610 3868 2975
2841 3125 3610 3900 2975
2834 3124 3600 3898 2973
2834 3124 3604 3908 2984
2834 3114 3602 3899 2975
2850 3114 3623 3899 2975
2842 3113 3622 3890 2965
2872 3116 3627 3890 2965
2868 3116 3619 3883 2955
2889 3135 3619 3883 2964
2887 3133 3612 3877 2954
2894 3133 3615 3877 2954
2892 3128 3613 3872 2954
2918 3128 3613 3872 2983
2914 3122 3607 3863 2979
2914 3175 3607 3863 2985
2907 3165 3600 3860 2983
2907 3181 3622 3864 2983
2905 3171 3619 3856 2977
2948 3171 3619 3856 2977
2938 3165 3617 3856 2976
2938 3169 3617 3902 2976
2929 3165 3607 3900 2975
2929 3165 3607 3900 3031
2923 3161 3603 3893 3021
2923 3161 3603 3929 3021
2916 3155 3597 3927 3016
2925 3155 3619 3927 3045
2915 3145 3611 3918 3041
2915 3173 3621 3931 3041
2912 3163 3619 3931 3033
2912 3163 3636 3931 3060
2908 3156 3635 3925 3051
2908 3156 3643 3931 3076
2898 3152 3633 3922 3072
2898 3152 3651 3922 3091
2895 3143 3644 3914 3082
2895 3143 3655 3939 3082
2888 3138 3651 3929 3080
2902 3138 3676 3929 3080
2901 3128 3672 3928 3076
2901 3128 3680 3967 3076
2895 3127 3671 3967 3074
2897 3145 3671 3967 3074
2897 3145 3662 3965 3073
2897 3169 3662 3965 3100
2892 3169 3653 3960 3094
2892 3205 3653 3960 3107
2889 3196 3644 3953 3105
2895 3207 3644 3979 3105
2885 3199 3643 3975 3100
2885 3199 3643 4010 3112
2875 3191 3635 4008 3109
2879 3191 3635 4019 3129
2875 3184 3635 4013 3125
2881 3190 3658 4013 3125
2874 3188 3656 4011 3124
2895 3198 3656 4011 3149
2893 3194 3649 4004 3145
2905 3194 3649 4034 3151
2898 3188 3641 4025 3141
2904 3188 3652 4025 3163
2899 3184 3652 4020 3159
2909 3184 3652 4020 3184
2908 3178 3642 4017 3181
2908 3234 3642 4017 3203
2907 3225 3635 4015 3197
2907 3242 3651 4015 3197
2903 3242 3648 4008 3195
2915 3242 3663 4008 3212
2912 3233 3661 4002 3204
2926 3246 3661 4002 3234
2918 3246 3654 4001 3224
2942 3246 3654 4047 3224
2942 3243 3651 4037 3216
2942 3280 3677 4037 3216
2934 3279 3676 4035 3208
2934 3279 3681 4049 3208
2930 3271 3678 4040 3198
2950 3271 3702 4040 3214
2940 3270 3701 4033 3212
2940 3337 3701 4033 3212
2935 3330 3697 4029 3211
2935 3359 3697 4037 3226
2934 3353 3697 4036 3226
2934 3353 3697 4042 3270
2932 3352 3692 4037 3260
2964 3382 3692 4037 3260
2961 3378 3683 4033 3259
2961 3378 3683 4059 3301
2960 3368 3673 4057 3298
2960 3394 3697 4063 3298
2952 3391 3690 4063 3295
2952 3391 3707 4085 3310
2944 3389 3699 4082 3310
2944 3392 3733 4082 3310
2944 3391 3730 4078 3304
2944 3398 3730 4078 3328
2944 3397 3730 4074 3324
2944 3397 3733 4089 3338
2944 3393 3723 4082 3334
2944 3393 3763 4082 3338
2935 3386 3760 4075 3334
2943 3386 3760 4075 3371
2943 3376 3755 4070 3369
2943 3403 3755 4090 3369
2938 3399 3745 4088 3364
2938 3416 3745 4113 3384
2938 3408 3740 4109 3377
2962 3409 3740 4109 3385
2956 3405 3739 4100 3376
2956 3424 3757 4100 3399
2952 3417 3755 4096 3398
2952 3435 3785 4096 3398
2950 3432 3777 4086 3394
2950 3464 3789 4086 3394
2946 3458 3783 4085 3391
2946 3466 3783 4085 3436
2939 3457 3776 4083 3430
2939 3457 3790 4083 3462
2936 3454 3790 4075 3458
2945 3478 3816 4075 3458
2939 3471 3808 4065 3457
2939 3485 3808 4076 3460
2935 3481 3806 4068 3454
2949 3488 3830 4068 3454
2949 3482 3828 4059 3446
2949 3482 3857 4088 3446
2945 3474 3849 4084 3442
2957 3492 3868 4084 3442
2957 3482 3861 4083 3440
2957 3499 3861 4085 3444
2957 3494 3853 4077 3443
2967 3494 3854 4078 3443
2961 3493 3846 4078 3440
2985 3509 3846 4078 3453
2984 3509 3843 4078 3446
2984 3509 3857 4078 3454
2984 3506 3851 4068 3453
2984 3541 3851 4082 3453
2974 3537 3847 4072 3453
2982 3565 3847 4080 3453
2978 3560 3842 4072 3446
2978 3586 3847 4072 3463
2969 3584 3841 4065 3460
2969 3584 3845 4065 3494
2967 3582 3837 4061 3484
2989 3582 3837 4061 3496
2986 3576 3827 4060 3494
3001 3600 3827 4074 3494
2991 3594 3821 4072 3493
2999 3594 3821 4072 3536
2991 3586 3821 4067 3531
3031 3599 3821 4067 3531
3021 3590 3815 4059 3523
3047 3640 3815 4059 3523
3040 3636 3813 4052 3516
3040 3636 3833 4056 3516
3040 3636 3826 4050 3516
3040 3636 3826 4070 3516
3032 3626 3818 4068 3507
3032 3626 3838 4087 3507
3026 3626 3832 4080 3497
3026 3683 3832 4080 3497
3017 3680 3824 4070 3491
3017 3680 3824 4095 3505
3007 3672 3815 4087 3495
3007 3672 3828 4103 3495
2998 3662 3821 4102 3490
2998 3662 3829 4127 3518
2994 3655 3821 4124 3513
3010 3655 3821 4136 3518
3006 3652 3811 4126 3514
3015 3652 3824 4126 3537
3007 3647 3824 4117 3527
3010 3676 3824 4117 3545
3009 3666 3819 4112 3540
3024 3666 3823 4123 3540
3019 3665 3823 4123 3534
3019 3665 3834 4123 3534
3013 3655 3827 4120 3528
3013 3659 3827 4142 3545
3006 3650 3819 4140 3537
3006 3659 3830 4166 3537
3005 3656 3824 4158 3530
3005 3659 3847 4163 3530
3001 3656 3838 4162 3523
3030 3656 3858 4181 3523
3022 3653 3849 4176 3520
3022 3692 3862 4176 3520
3012 3683 3862 4169 3510
3026 3712 3870 4169 3510
3021 3709 3868 4169 3504
3021 3751 3891 4169 3504
3021 3750 3888 4168 3494
3021 3750 3916 4168 3506
3012 3745 3912 4163 3498
3036 3775 3912 4163 3498
3031 3774 3902 4157 3495
3037 3774 3902 4182 3501
3028 3765 3900 4180 3497
3028 3765 3900 4228 3513
3021 3760 3894 4227 3503
3021 3760 3923 4241 3503
3020 3759 3922 4234 3501
3034 3764 3922 4262 3501
3027 3756 3922 4258 3496
3046 3797 3922 4258 3496
3042 3793 3920 4251 3494
3071 3793 3920 4251 3522
3061 3790 3910 4251 3516
3062 3790 3910 4251 3546
3055 3785 3907 4250 3542
3064 3793 3930 4250 3542
3058 3792 3924 4246 3535
3058 3792 3940 4298 3535
3049 3788 3938 4295 3533
3049 3799 3957 4295 3541
3039 3790 3953 4294 3536
3068 3790 3953 4317 3536
3060 3785 3944 4310 3533
3075 3785 3965 4310 3533
3068 3779 3962 4307 3531
3071 3789 3980 4307 3531
3066 3787 3976 4303 3522
3089 3787 3976 4333 3549
3082 3781 3968 4326 3548
3083 3781 3968 4337 3549
3076 3771 3958 4334 3543
3091 3779 3965 4334 3543
3091 3777 3956 4325 3537
3091 3777 3991 4342 3537
3085 3769 3987 4333 3529
3096 3769 3987 4333 3533
3094 3764 3980 4331 3523
3094 3770 3980 4334 3534
3092 3765 3975 4328 3534
3115 3765 3975 4358 3540
3110 3759 3972 4349 3537
3136 3759 4002 4379 3537
3130 3751 4000 4373 3537
3130 3769 4022 4373 3565
3127 3760 4012 4370 3556
3127 3786 4035 4370 3556
3118 3783 4033 4360 3547
3118 3801 4059 4360 3547
3110 3801 4049 4359 3545
3110 3802 4100 4359 3545
3103 3802 4094 4356 3543
3111 3802 4115 4363 3543
3103 3797 4111 4358 3541
3129 3813 4111 4358 3544
3121 3807 4108 4357 3537
3133 3807 4108 4365 3547
3126 3798 4098 4359 3539
3149 3798 4126 4359 3556
3148 3795 4125 4359 3550
3148 3839 4125 4382 3550
3144 3836 4117 4379 3545
3171 3838 4117 4379 3545
3171 3830 4109 4371 3540
3171 3857 4125 4371 3540
3168 3853 4122 4364 3535
3185 3853 4141 4364 3564
3177 3843 4134 4364 3556
3177 3874 4134 4390 3556
3175 3866 4128 4382 3552
3191 3873 4128 4382 3559
3190 3871 4126 4372 3558
3190 3882 4134 4372 3558
3180 3874 4133 4368 3552
3188 3874 4133 4403 3552
3181 3864 4125 4400 3550
3211 3864 4125 4400 3583
3211 3861 4120 4400 3574
3211 3895 4125 4400 3574
3207 3886 4122 4395 3566
3233 3913 4122 4395 3574
3224 3913 4114 4389 3565
3224 3919 4118 4412 3565
3215 3919 4114 4411 3564
3215 3940 4114 4411 3605
3209 3937 4108 4409 3595
3209 3937 4130 4421 3595
3209 3927 4129 4414 3589
3254 3927 4129 4414 3598
3253 3925 4123 4407 3590
3253 3951 4123 4417 3616
3247 3951 4119 4416 3615
3247 3980 4119 4435 3623
3237 3976 4110 4434 3619
3237 3976 4114 4452 3643
3231 3967 4108 4442 3639
3253 3981 4108 4442 3660
3252 3971 4108 4433 3659
3252 3971 4136 4441 3682
3252 3965 4126 4435 3680
3297 3965 4126 4435 3680
3297 3956 4126 4429 3673
3316 3980 4126 4429 3694
3311 3978 4117 4427 3689
3353 3978 4117 4433 3689
3350 3970 4109 4431 3687
3362 3970 4126 4431 3713
3359 3969 4121 4429 3709
3367 3997 4140 4429 3709
3361 3996 4138 4421 3709
3361 4020 4138 4421 3729
3356 4018 4128 4413 3720
3356 4018 4135 4413 3762
3346 4013 4129 4408 3756
3346 4042 4140 4408 3756
3340 4033 4135 4405 3751
3367 4048 4135 4422 3751
3364 4048 4132 4417 3747
3364 4048 4132 4433 3753
3359 4041 4127 4426 3747
3359 4055 4127 4446 3769
3358 4050 4121 4436 3760
3384 4060 4121 4451 3760
3384 4051 4114 4451 3754
3384 4086 4117 4451 3754
3383 4076 4117 4446 3745
3423 4076 4118 4446 3745
3416 4072 4112 4440 3741
3416 4072 4168 4459 3741
3413 4068 4163 4456 3737
3413 4068 4163 4478 3754
3411 4062 4161 4476 3744
3411 4081 4161 4476 3758
3403 4078 4152 4467 3754
3404 4078 4152 4483 3769
3397 4068 4146 4476 3763
3397 4068 4160 4476 3781
3393 4065 4157 4469 3775
3393 4080 4157 4489 3775
3390 4075 4157 4480 3765
3390 4075 4179 4481 3776
3380 4070 4178 4481 3776
3380 4070 4191 4506 3802
3374 4062 4189 4498 3795
3374 4095 4202 4498 3795
