1000 10
0 0 0 0 0 0 0 0 0 0
0 0 3 0 0 0 0 0 0 0
0 0 2 0 0 0 0 0 0 0
0 0 2 0 0 0 0 6 0 0
0 0 1 0 0 0 0 6 0 0
0 0 1 9 0 0 0 6 0 0
0 0 0 9 0 0 0 6 0 0
0 0 0 16 0 0 0 6 0 0
0 0 0 16 0 0 0 6 0 0
0 0 0 16 0 0 0 9 0 0
0 0 0 15 0 0 0 8 0 0
0 0 0 15 0 0 3 8 0 0
0 0 0 15 0 0 2 7 0 0
0 0 0 15 1 0 2 7 0 0
0 0 0 14 1 0 2 7 0 0
0 0 0 14 1 0 2 7 0 0
0 0 0 13 1 0 1 7 0 0
0 0 0 23 1 0 1 7 0 0
0 0 0 22 0 0 1 7 0 0
9 0 0 22 0 0 1 7 0 0
9 0 0 22 0 0 1 6 0 0
9 0 0 22 0 0 1 6 10 0
8 0 0 21 0 0 0 5 10 0
8 0 0 21 0 0 0 12 10 0
7 0 0 20 0 0 0 12 9 0
7 0 0 24 0 0 0 12 9 0
7 0 0 24 0 0 0 12 9 0
7 0 0 24 9 0 0 12 9 0
7 0 0 23 8 0 0 12 8 0
7 0 0 23 8 0 0 14 8 0
7 0 0 23 7 0 0 14 8 0
7 0 6 23 7 0 0 14 8 0
6 0 5 22 6 0 0 14 7 0
6 0 5 22 14 0 0 14 7 0
5 0 5 22 14 0 0 13 7 0
5 0 5 22 14 0 0 13 7 0
4 0 4 21 13 0 0 13 7 0
4 0 7 21 13 0 0 13 7 0
4 0 7 21 13 0 0 12 7 0
4 0 7 21 13 0 9 12 7 0
4 0 6 21 12 0 8 11 7 0
4 10 6 21 12 0 8 11 7 0
4 10 6 21 11 0 8 11 6 0
4 10 6 21 11 0 8 11 6 4
4 10 6 21 10 0 7 10 5 4
4 10 6 21 15 0 7 10 5 4
4 10 6 21 15 0 7 10 4 3
4 19 6 21 15 0 7 10 4 3
4 18 6 20 15 0 6 9 4 2
4 18 9 20 15 0 6 9 4 2
3 18 9 19 14 0 5 8 4 2
3 18 9 19 14 0 5 16 4 2
2 18 8 19 13 0 5 15 4 1
9 18 8 19 13 0 5 15 4 1
8 18 7 18 13 0 5 14 3 0
8 18 7 18 13 0 5 14 3 0
8 17 6 17 13 0 5 14 3 0
8 17 6 17 13 0 5 14 10 0
8 16 6 16 13 0 4 14 10 0
18 16 6 16 13 0 4 14 10 0
17 16 5 16 13 0 4 14 10 0
17 16 5 16 13 0 4 14 10 9
16 16 4 15 12 0 4 14 9 8
16 16 4 15 12 0 8 14 9 8
15 16 3 14 12 0 8 14 9 8
15 16 3 14 18 0 8 14 9 8
15 16 2 14 17 0 7 14 8 8
15 23 2 14 17 0 7 14 8 8
14 22 1 13 17 0 6 13 8 7
14 22 4 13 17 0 6 13 8 7
13 22 3 13 16 0 5 13 8 7
13 22 3 14 16 0 5 13 8 7
13 21 2 13 15 0 5 12 7 6
13 21 2 13 15 0 15 12 7 6
12 21 2 13 14 0 15 12 6 6
12 21 2 13 14 0 15 15 6 6
12 20 2 12 14 0 15 14 6 5
12 20 2 12 14 0 15 14 6 13
11 19 2 12 13 0 15 13 5 12
11 19 2 12 13 0 15 16 5 12
10 18 1 12 12 0 15 16 4 12
10 18 1 12 12 0 15 21 4 12
9 17 0 12 12 0 15 20 4 11
9 17 0 12 12 0 15 23 4 11
8 16 0 11 12 0 14 22 4 11
8 16 0 11 12 0 24 22 4 11
7 16 0 10 12 0 24 21 4 10
16 16 0 10 12 0 24 21 4 10
15 16 0 9 11 0 24 20 3 10
15 16 0 9 11 9 24 20 3 10
14 15 0 9 11 8 23 19 2 9
14 15 0 9 11 8 23 19 3 9
14 14 0 9 11 7 22 19 2 8
14 14 0 9 11 7 22 24 2 8
13 14 0 8 10 7 21 24 1 8
20 14 0 8 10 7 21 24 1 8
20 13 0 7 10 6 21 23 1 7
20 13 0 7 10 8 21 23 1 7
19 12 0 7 10 8 20 22 0 6
19 12 0 7 10 8 20 23 0 6
18 11 0 6 10 8 19 23 0 5
18 11 4 6 10 8 19 23 0 5
18 11 3 6 10 8 18 22 0 5
18 11 3 12 10 8 18 22 0 5
18 10 2 12 10 7 17 21 0 4
18 19 2 12 10 7 17 21 0 4
18 19 2 11 9 7 16 20 0 3
18 19 2 11 9 7 16 24 0 3
18 18 2 10 9 7 15 24 0 2
18 22 2 10 9 7 15 24 0 2
18 22 2 9 8 7 14 24 0 2
18 22 2 9 8 7 14 24 0 11
17 22 1 8 8 6 14 24 0 10
17 22 2 8 8 6 14 24 0 10
17 22 1 8 8 6 13 23 0 10
17 32 1 8 8 6 13 23 0 10
17 32 0 7 8 6 12 22 0 10
17 32 0 7 8 6 12 22 0 19
16 31 0 6 7 6 12 22 0 19
23 31 0 6 7 6 12 22 0 19
23 30 0 6 7 6 12 22 0 19
23 35 0 6 7 6 12 22 0 19
22 35 0 6 7 6 11 22 0 19
22 35 0 6 7 14 11 22 0 19
22 34 0 5 7 14 10 21 0 19
22 34 0 10 7 14 10 21 0 19
22 33 0 10 7 13 9 20 0 18
22 33 0 10 7 22 9 20 0 18
22 33 0 10 6 21 8 19 0 17
22 33 0 10 6 21 8 19 0 20
22 33 0 9 5 21 8 19 0 19
22 33 0 9 5 21 8 19 0 29
22 33 0 9 4 20 8 18 0 28
29 33 0 9 4 20 8 18 0 28
29 33 0 8 3 20 7 17 0 27
29 33 0 8 3 20 7 17 0 27
28 33 0 8 3 20 6 17 0 27
28 33 0 8 3 20 15 17 0 27
28 33 0 7 2 19 15 16 0 27
28 33 5 7 2 19 15 16 0 27
27 33 4 6 1 19 15 15 0 26
27 33 4 6 1 24 15 15 0 26
27 32 4 5 1 24 14 15 0 26
27 35 4 5 1 24 14 15 0 26
27 35 4 5 1 24 13 14 0 26
27 43 4 5 1 24 13 14 0 26
26 42 4 5 0 23 13 14 0 25
26 42 13 5 0 23 13 14 0 25
25 42 13 5 0 22 13 13 0 25
25 42 23 5 0 22 13 13 0 25
24 42 23 4 0 22 13 13 0 24
24 42 23 4 0 22 13 13 0 28
23 42 22 4 0 22 13 12 0 27
23 42 22 4 4 22 13 12 0 27
22 41 21 4 3 21 12 12 0 27
22 41 21 4 3 24 12 12 0 27
21 41 21 3 3 23 11 11 0 26
21 41 21 3 7 23 11 11 0 26
20 41 21 2 7 22 10 10 0 26
20 41 22 2 7 22 10 10 0 26
20 41 21 1 6 22 10 9 0 25
20 41 21 1 6 22 20 9 0 25
19 40 21 1 5 22 19 8 0 25
19 40 26 1 5 22 19 8 0 25
19 39 26 0 5 22 19 7 0 24
19 49 26 0 5 22 19 7 0 24
19 49 26 0 4 21 18 7 0 24
19 49 26 0 4 22 18 7 0 24
18 48 25 0 3 21 17 7 0 23
18 48 25 0 3 21 17 16 0 23
18 48 25 0 3 21 16 15 0 23
18 48 30 0 3 21 16 15 0 23
17 48 30 0 3 21 15 14 0 23
17 48 30 0 3 21 15 21 0 23
16 48 29 0 2 21 15 20 0 23
16 48 29 0 2 21 15 20 4 23
15 47 28 0 1 21 15 20 4 22
15 47 31 0 1 21 15 20 4 22
15 47 31 0 1 21 14 20 4 22
23 47 31 0 1 21 14 20 4 22
23 47 30 0 0 21 14 19 3 22
23 48 30 0 0 21 14 19 3 22
22 47 29 0 0 20 13 19 2 21
22 47 29 0 6 20 13 19 2 21
22 46 28 0 5 20 13 18 2 20
22 46 28 0 5 20 18 18 2 20
22 46 28 0 5 19 18 17 1 20
22 49 28 0 5 19 18 17 1 20
22 48 28 0 5 18 18 17 1 20
22 48 28 0 5 18 18 17 1 28
21 48 28 0 5 18 18 16 0 27
21 48 28 0 5 18 18 16 0 27
21 47 27 0 4 18 17 15 0 27
21 47 27 0 4 28 17 15 0 27
20 46 27 0 4 27 16 15 0 27
20 46 27 0 4 27 16 20 0 27
20 46 26 0 4 27 16 19 0 26
20 46 26 0 4 27 19 19 0 26
19 46 26 0 4 27 18 19 0 25
19 46 26 0 12 27 18 19 0 25
18 45 25 0 11 27 17 18 0 24
18 45 25 0 20 27 17 18 0 24
17 44 24 0 20 26 16 17 0 24
17 44 33 0 20 26 16 17 0 24
17 43 33 0 20 26 15 16 0 24
17 49 33 0 20 26 15 16 0 24
16 49 33 0 20 26 14 15 0 23
16 49 33 0 20 26 14 15 2 23
15 48 33 0 20 25 13 15 2 23
15 48 33 0 20 25 13 15 2 25
15 47 33 0 20 24 12 15 2 24
15 47 33 0 20 24 12 19 2 24
14 47 33 0 19 24 12 19 2 23
14 47 33 0 19 24 12 27 2 23
14 46 32 0 19 24 12 26 1 23
23 46 32 0 19 24 12 26 1 23
23 45 32 0 19 23 11 25 1 23
23 49 32 0 19 23 11 25 1 23
23 49 31 0 18 23 10 25 1 22
23 49 31 10 18 23 10 25 1 22
23 49 30 10 17 22 10 24 0 21
23 55 30 10 17 22 10 24 0 21
23 54 30 10 17 21 9 23 0 21
23 54 30 15 17 21 9 23 0 21
23 53 29 15 17 20 9 23 0 20
23 53 29 15 27 20 9 23 0 20
22 53 29 14 26 19 8 22 0 19
22 53 35 14 26 19 8 22 0 19
22 52 35 13 25 18 7 22 0 19
22 52 35 13 25 18 7 31 0 19
22 52 34 13 24 18 7 30 0 19
22 52 34 13 24 18 7 38 0 19
21 51 33 12 24 18 7 38 0 19
21 53 33 12 24 18 7 38 0 19
21 53 33 12 23 17 6 38 0 18
21 53 33 12 23 17 6 38 3 18
21 53 32 11 22 17 5 38 2 17
25 53 32 11 22 17 5 38 2 17
24 53 32 11 21 17 4 37 1 17
24 53 38 11 21 17 4 37 1 17
23 52 38 10 21 16 4 37 1 16
23 52 38 10 21 17 4 37 1 16
22 52 37 10 21 16 3 37 1 16
22 52 37 10 30 16 3 37 1 16
21 52 36 10 29 16 2 37 0 15
21 59 36 10 29 16 2 37 0 15
21 59 35 9 28 15 1 37 0 15
21 59 35 9 28 19 1 37 0 15
21 59 34 9 28 19 1 37 0 14
21 59 34 9 30 19 1 37 0 14
21 58 33 9 30 19 1 36 0 13
21 58 33 9 30 19 8 36 0 13
21 57 32 9 30 18 8 35 0 13
21 57 32 9 30 18 8 35 0 13
21 56 31 9 30 18 8 35 0 13
21 57 31 9 30 18 8 35 0 13
21 57 30 8 30 17 7 34 0 13
21 57 30 8 30 17 7 34 0 20
20 57 30 8 29 16 7 34 0 20
20 57 30 8 29 16 7 38 0 20
20 57 30 7 28 16 7 37 0 20
20 57 30 7 28 19 7 37 0 20
19 57 29 6 28 18 7 36 0 19
19 65 29 6 28 18 7 36 0 19
18 64 29 5 28 17 7 35 0 19
18 64 29 5 28 17 7 35 1 19
18 63 29 4 27 17 6 34 1 18
18 63 29 4 27 22 6 34 1 18
17 63 29 3 27 21 6 34 0 17
17 67 29 3 27 21 6 34 0 17
17 67 28 2 27 20 6 33 0 17
17 67 28 2 27 25 6 33 0 17
17 67 28 1 26 24 6 33 0 16
17 67 28 1 26 25 6 33 0 16
16 66 28 1 26 25 5 33 0 15
16 66 28 1 26 25 5 34 0 15
15 65 28 0 26 24 5 33 0 15
15 65 28 0 26 24 5 39 0 15
15 64 27 0 26 23 4 38 0 14
15 64 27 0 29 23 4 38 0 14
15 63 26 0 28 23 4 37 0 13
15 63 26 0 28 24 4 37 0 13
15 63 25 0 28 24 4 37 0 13
15 63 25 0 28 33 4 37 0 13
14 62 25 0 28 33 3 36 0 13
14 62 25 0 28 33 3 36 4 13
13 61 24 0 28 32 2 36 4 12
13 61 24 0 28 32 2 44 4 12
12 61 23 0 28 31 1 43 3 11
12 61 23 0 28 31 1 43 3 15
12 60 23 0 28 30 0 42 2 15
12 60 23 0 32 30 0 42 2 15
12 60 22 0 32 29 0 41 1 15
12 60 22 0 32 29 0 41 1 25
12 60 21 0 31 28 0 40 1 24
12 61 21 0 31 28 0 40 1 24
12 60 21 0 30 27 0 40 0 23
22 60 21 0 30 27 0 40 0 23
21 59 21 0 29 26 0 40 0 22
21 59 21 0 29 27 0 40 0 22
20 58 20 0 29 27 0 39 0 21
20 58 20 0 31 27 0 39 0 21
19 58 19 0 30 26 0 38 0 21
19 59 19 0 30 26 0 38 0 21
19 58 18 0 29 26 0 38 0 21
19 58 21 0 29 26 0 38 0 21
18 58 20 0 28 25 0 38 0 20
18 58 20 0 28 25 0 38 0 23
17 58 19 0 27 24 0 38 0 23
17 58 19 0 27 24 0 38 0 23
17 58 19 0 26 23 0 38 0 22
17 58 19 0 26 23 0 38 2 22
16 58 18 0 25 23 0 38 1 22
16 58 18 0 25 23 0 38 1 22
16 58 17 0 24 22 0 37 0 21
16 58 17 0 24 25 0 37 0 21
15 57 17 0 24 25 0 37 0 21
15 57 17 0 24 25 7 37 0 21
15 57 16 0 23 25 7 37 0 20
15 57 16 0 23 25 7 37 6 20
15 56 16 0 22 25 6 37 6 19
16 56 16 0 22 25 6 37 6 19
15 56 15 0 22 24 6 36 6 18
15 56 15 0 22 24 10 36 6 18
15 55 14 0 22 23 10 35 6 17
15 55 14 0 22 23 11 35 6 17
14 55 13 0 22 23 10 35 5 17
14 55 13 0 22 23 10 42 5 17
13 54 13 0 22 22 9 42 5 16
13 54 13 0 22 22 19 42 5 16
13 53 12 0 21 21 19 42 4 15
13 53 12 6 21 21 19 42 4 15
13 53 11 5 21 21 19 42 3 14
13 58 11 5 21 21 19 42 3 14
12 57 11 5 20 20 19 41 2 14
21 57 11 5 20 20 19 41 2 14
20 57 11 4 20 19 19 40 2 14
20 57 11 4 20 19 19 40 2 23
20 56 10 3 19 18 18 40 2 22
20 56 10 3 19 21 18 40 2 22
19 55 10 2 18 20 18 39 2 22
19 55 10 2 20 20 18 39 2 22
19 54 10 1 20 19 17 39 1 21
19 54 17 1 20 19 17 39 1 21
18 54 17 0 19 18 16 38 1 21
18 54 17 0 19 18 16 38 1 30
17 54 16 0 18 18 16 37 0 29
17 54 16 0 24 18 16 37 0 29
16 53 15 0 23 17 15 36 0 28
16 53 15 0 23 17 17 36 0 28
16 53 15 0 22 16 17 36 0 27
16 58 15 0 22 16 17 36 0 27
16 57 14 0 22 15 16 35 0 26
16 57 14 0 22 17 16 35 0 26
15 57 14 0 22 16 15 34 0 26
15 57 14 0 22 16 24 34 0 26
15 57 13 0 21 16 24 34 0 26
15 57 13 0 21 16 24 36 0 26
15 56 13 0 21 15 23 35 0 26
15 56 13 0 21 15 23 35 0 26
14 55 12 0 20 14 23 35 0 26
14 55 12 0 24 14 23 35 0 26
14 55 11 0 24 13 23 34 0 26
14 55 11 10 24 13 23 34 0 26
13 54 11 9 24 12 22 34 0 26
13 61 11 9 24 12 22 34 0 26
13 60 10 8 23 11 22 33 0 25
13 60 10 8 26 11 22 33 0 25
12 60 10 8 25 11 21 32 0 24
12 60 10 8 25 11 21 32 0 24
11 60 9 8 24 10 21 31 0 23
11 60 9 8 24 19 21 31 0 23
10 60 9 7 23 19 21 31 0 23
10 60 15 7 23 19 21 31 0 23
9 60 15 7 23 18 21 30 0 23
9 60 15 7 23 18 21 38 0 23
9 60 14 6 22 17 20 37 0 22
9 65 14 6 22 17 20 37 0 22
8 65 14 5 22 16 20 37 0 21
8 65 14 5 22 16 20 47 0 21
7 65 14 5 22 16 20 47 0 21
7 65 14 5 22 16 25 47 0 21
7 64 14 5 22 15 25 46 0 20
7 65 14 5 22 15 25 46 0 20
7 65 14 4 22 15 24 46 0 19
7 65 14 4 22 15 24 46 0 23
7 65 14 3 22 15 24 46 0 22
7 65 14 9 22 15 24 46 0 22
6 64 13 9 21 14 23 46 0 22
6 64 13 9 26 14 23 46 0 22
5 63 13 8 25 13 23 46 0 22
5 63 13 8 25 13 23 53 0 22
5 62 13 7 24 12 23 52 0 21
5 62 13 7 24 12 23 52 0 21
5 61 13 7 23 11 23 51 0 21
5 61 23 7 23 11 23 51 0 21
4 61 23 7 22 10 23 51 0 20
4 71 23 7 22 10 23 51 0 20
4 70 22 6 21 10 23 51 0 19
4 70 22 6 21 10 23 56 0 19
4 69 21 6 20 9 22 55 0 19
4 69 21 6 24 9 22 55 0 19
3 68 20 5 24 9 21 55 0 18
3 68 20 5 24 9 21 55 0 28
3 67 20 5 23 9 20 55 0 28
3 67 20 5 23 9 20 55 0 28
3 66 20 5 22 9 20 54 0 28
3 66 20 5 22 9 20 54 0 28
2 66 19 4 22 8 20 54 0 27
2 66 19 4 22 8 20 62 0 27
2 66 18 3 21 8 20 61 0 26
12 66 18 3 21 8 20 61 0 26
11 66 18 3 20 8 20 60 0 25
11 66 18 3 20 8 20 60 0 25
11 66 18 3 19 8 19 60 0 24
13 66 18 3 19 8 19 60 0 24
13 66 18 3 18 8 18 60 0 24
13 66 18 3 18 8 18 60 0 33
12 66 18 3 17 8 17 60 0 33
12 66 18 3 17 8 17 60 0 33
11 66 17 3 17 8 16 59 0 32
11 66 20 3 17 8 16 59 0 32
10 65 19 3 17 8 16 58 0 31
10 65 19 3 17 8 16 58 0 33
10 64 19 3 16 8 16 58 0 32
10 64 19 3 16 8 16 68 0 32
9 64 18 3 16 8 16 67 0 31
9 64 18 3 16 8 16 67 1 31
8 64 17 2 16 7 15 66 0 30
8 64 17 2 16 7 20 66 0 30
7 63 17 1 15 6 20 65 0 29
7 63 17 1 15 6 20 65 4 29
6 62 16 1 14 5 20 65 4 29
6 62 16 1 14 13 20 65 4 29
5 61 16 0 13 13 19 64 4 28
5 61 16 0 13 13 20 64 4 28
4 61 15 0 12 12 19 64 3 28
4 61 15 0 12 12 19 64 6 28
4 61 14 0 12 12 19 64 6 27
4 61 14 0 12 12 19 67 6 27
4 60 13 0 12 11 18 67 5 27
4 60 13 0 12 11 18 67 5 36
4 59 12 0 12 11 18 67 5 36
4 59 12 0 12 11 18 67 5 37
4 58 11 0 12 10 17 67 4 37
4 67 11 0 12 10 17 67 4 37
4 66 11 0 12 9 17 66 4 37
4 66 11 0 12 11 17 66 4 37
4 66 10 0 11 10 17 65 3 37
4 66 10 0 11 10 17 74 3 37
4 65 9 0 11 10 16 74 3 37
4 65 9 0 11 10 16 74 3 37
3 64 9 0 11 9 16 73 3 37
3 64 9 9 11 9 16 73 3 37
2 64 8 8 11 9 16 72 2 37
2 64 8 8 11 9 16 72 2 40
1 63 8 8 11 9 16 71 2 39
1 63 8 9 11 9 16 71 2 39
0 63 7 9 11 8 16 70 1 39
0 63 7 9 11 8 16 73 1 39
0 62 7 8 11 8 16 72 1 38
0 62 7 8 13 8 16 72 1 38
0 62 7 8 12 7 15 72 1 38
0 62 7 8 17 7 15 72 1 38
0 62 7 7 16 6 14 71 0 38
0 65 7 7 16 6 14 71 0 38
0 64 6 7 15 6 14 70 0 38
0 64 6 16 15 6 14 70 0 38
0 64 6 16 14 6 13 69 0 38
0 64 6 16 14 6 13 75 0 38
0 63 6 15 14 6 13 74 0 37
0 72 6 15 14 6 13 74 0 37
0 71 6 14 14 5 12 73 0 36
0 71 6 17 14 5 12 73 0 36
0 71 5 16 13 5 11 72 0 36
0 71 5 16 13 5 11 72 0 46
0 70 4 16 13 4 10 72 0 45
8 70 4 16 13 4 10 72 0 45
7 69 3 15 13 3 10 72 0 45
7 69 3 15 13 3 10 80 0 45
7 68 3 15 12 3 10 79 0 45
7 68 3 23 12 3 10 79 0 45
6 67 2 22 11 2 9 78 0 44
6 67 2 22 11 2 14 78 0 44
6 66 2 22 11 1 14 77 0 43
6 66 2 22 11 1 14 77 0 43
5 66 2 22 10 1 14 77 0 42
5 66 2 30 10 1 14 77 0 42
5 66 1 29 9 1 14 77 0 42
5 66 1 29 18 1 14 77 0 42
5 66 1 29 18 1 13 76 0 41
5 66 1 29 18 11 13 76 0 41
5 66 0 29 18 10 13 75 0 40
13 66 0 29 18 10 13 75 0 40
12 65 0 28 17 10 12 74 0 39
12 65 0 28 17 10 12 74 9 39
12 64 0 27 16 10 12 74 8 38
12 68 0 27 16 10 12 74 8 38
12 67 0 26 15 10 12 73 8 38
12 67 0 26 15 10 20 73 8 38
11 66 0 26 15 9 19 72 7 38
21 66 0 26 15 9 19 72 7 38
20 66 0 25 14 8 18 71 6 38
20 66 7 25 14 8 18 71 6 38
19 65 7 25 13 8 18 71 5 37
19 65 7 25 22 8 18 71 5 37
19 64 7 25 21 7 18 70 4 37
19 64 7 25 21 7 18 70 4 38
19 63 6 24 21 7 18 70 4 37
19 63 6 24 21 9 18 70 4 37
18 63 5 24 21 9 18 69 4 37
18 63 5 24 21 9 28 69 4 37
18 62 5 23 20 9 27 69 3 37
18 62 5 23 20 9 30 69 3 37
18 61 5 22 20 8 29 69 3 37
18 61 5 22 20 16 29 69 3 37
18 61 5 21 20 16 29 69 2 37
18 61 5 21 20 16 29 69 2 37
18 60 4 21 20 15 28 69 2 37
18 60 4 21 30 15 28 69 2 37
17 60 4 20 30 14 27 68 1 36
17 60 4 20 30 14 27 68 1 36
17 60 4 19 30 13 27 67 1 35
17 70 4 19 30 13 27 67 1 35
16 69 4 18 30 12 27 67 0 35
16 75 4 18 30 12 27 67 0 35
16 75 4 18 30 11 27 66 0 34
16 75 4 18 30 11 27 73 0 34
15 74 3 18 30 11 27 73 0 34
22 74 3 18 30 11 27 73 0 34
21 73 3 17 29 10 26 72 0 34
21 73 3 17 29 10 26 72 10 34
21 72 2 17 29 10 25 72 10 34
21 72 2 17 29 10 25 82 10 34
21 72 1 17 28 9 24 81 9 33
21 72 1 22 28 9 24 81 9 33
21 72 0 21 28 9 24 81 9 32
21 72 0 21 28 9 24 81 9 33
20 71 0 21 28 9 24 80 9 33
20 71 0 21 28 9 24 80 9 33
19 70 0 20 28 9 23 80 9 32
19 70 0 20 28 9 28 80 9 32
19 70 0 20 27 8 28 79 8 32
27 70 0 20 27 8 28 79 8 32
26 69 0 20 27 8 27 78 7 31
26 78 0 20 27 8 27 78 7 31
26 77 0 19 26 7 26 77 7 30
26 77 0 19 26 9 26 77 7 30
26 76 0 19 26 8 26 77 6 29
26 76 0 19 26 8 26 77 6 29
25 75 0 18 26 8 25 76 6 28
25 75 0 18 26 8 25 76 6 28
25 75 0 17 25 7 24 75 6 28
25 75 0 22 25 7 24 75 6 28
24 74 0 21 25 6 24 74 6 27
24 74 4 21 25 6 24 74 6 27
23 74 4 20 24 6 24 73 5 27
23 74 4 20 33 6 24 73 5 27
23 73 3 20 33 5 24 72 5 27
23 74 3 20 33 5 24 72 5 27
22 74 3 20 32 5 24 72 4 27
22 74 3 20 32 5 33 72 4 27
21 73 2 19 32 4 32 72 4 26
21 73 11 19 32 4 32 72 4 26
21 73 11 18 32 4 31 72 3 25
21 73 11 18 32 4 31 72 3 30
21 73 11 18 32 3 30 71 2 30
21 73 11 18 32 3 30 71 2 33
21 72 11 17 31 2 30 70 2 32
21 72 11 17 31 11 30 70 2 32
21 72 11 17 30 10 29 70 2 31
21 72 11 17 30 18 29 70 2 31
21 72 10 16 30 17 29 69 2 30
21 72 10 16 30 17 29 69 2 40
21 72 9 16 30 16 28 68 2 40
21 72 9 22 30 16 28 68 2 40
21 72 8 22 29 16 28 67 1 39
21 72 10 22 29 16 28 67 1 39
21 71 10 22 29 16 28 66 0 39
21 73 10 22 29 16 28 66 0 39
21 72 9 21 28 16 27 65 0 39
21 72 9 21 28 16 27 65 0 49
20 72 8 21 28 16 26 64 0 49
20 72 8 21 28 16 26 65 0 49
20 72 7 20 28 15 26 64 0 49
20 72 7 25 28 15 26 64 0 49
19 71 6 25 27 15 25 64 0 48
27 71 6 25 27 15 25 64 0 48
26 70 5 24 26 14 25 63 0 48
26 70 5 24 26 14 33 63 0 48
25 70 5 23 25 14 33 62 0 48
25 70 5 23 25 14 38 62 0 48
24 69 4 23 24 13 38 61 0 47
24 69 4 23 24 13 43 61 0 47
23 68 3 23 23 13 42 60 0 46
23 68 3 23 23 13 42 60 0 52
22 67 3 22 23 12 41 59 0 52
22 67 3 22 23 12 41 59 1 52
21 67 3 22 23 12 41 58 0 51
21 67 4 22 23 12 41 58 0 51
20 66 3 22 22 11 40 57 0 51
20 66 3 27 22 11 40 57 0 51
19 66 2 27 21 10 40 56 0 51
19 66 2 27 21 10 40 56 0 60
18 66 1 26 21 9 39 55 0 60
18 66 1 26 21 9 39 55 0 60
18 66 0 26 20 9 39 55 0 60
18 66 0 26 20 9 39 55 10 60
18 65 0 25 19 8 38 54 9 59
18 65 0 29 19 8 38 54 9 59
18 64 0 29 19 8 38 54 9 59
18 64 0 29 19 8 38 54 12 59
18 63 0 29 19 7 38 54 11 58
18 63 0 29 19 7 41 54 11 58
17 63 0 28 18 6 41 53 11 57
17 63 0 28 18 6 41 53 11 65
16 62 0 27 18 5 41 53 11 64
21 62 0 27 18 5 41 53 11 64
21 62 0 27 17 4 40 52 11 64
28 62 0 27 17 4 40 52 11 64
27 62 0 26 17 4 40 51 11 63
27 62 0 26 17 4 40 59 11 63
26 62 0 26 16 3 40 59 11 63
26 62 3 26 16 3 40 59 11 63
25 62 3 25 16 3 39 58 11 62
25 62 3 25 16 3 46 58 11 62
25 62 2 25 16 2 45 57 10 61
25 62 2 25 16 2 45 65 10 61
25 61 2 24 16 2 44 64 10 60
25 65 2 24 16 2 44 64 10 60
24 65 1 24 16 1 44 64 10 60
24 65 1 24 16 6 44 64 10 60
23 65 1 23 15 6 43 64 10 60
23 74 1 23 15 6 43 64 10 60
23 73 1 23 15 5 42 64 10 59
23 73 6 23 15 5 42 64 10 59
22 73 6 22 15 5 41 64 9 58
22 75 6 22 15 5 41 64 9 58
21 75 6 21 14 5 40 63 9 58
21 75 6 21 14 5 40 64 9 58
20 74 5 20 14 4 39 64 8 57
20 74 5 20 14 4 39 64 13 57
19 74 4 20 14 4 38 64 13 57
19 74 4 20 14 12 38 64 13 57
18 73 3 19 14 12 38 63 13 57
18 73 3 26 14 12 38 63 13 57
18 72 3 26 13 12 38 62 12 56
18 72 3 31 13 12 38 62 12 56
18 71 2 30 13 12 37 61 12 56
18 76 2 30 13 12 37 61 12 56
18 76 1 30 13 12 37 60 11 55
18 76 1 30 13 12 37 60 11 59
17 76 1 30 13 11 37 59 11 59
17 76 1 34 13 11 37 59 11 59
16 75 1 34 12 11 37 59 11 58
16 75 1 34 21 11 37 59 11 58
16 74 1 34 20 11 37 59 11 57
16 74 1 34 20 11 37 59 11 57
15 73 1 33 19 11 36 59 11 56
15 73 1 33 19 11 39 59 11 56
14 73 1 33 19 10 39 59 10 56
14 73 7 33 19 10 39 59 10 56
14 73 6 32 19 9 39 59 9 55
14 73 8 32 19 9 39 59 9 55
14 72 8 31 19 8 39 59 8 55
14 72 8 31 19 8 39 59 8 62
14 71 8 30 18 8 39 58 8 62
14 71 8 30 18 8 39 58 8 65
14 71 8 29 17 8 39 57 7 65
14 71 8 37 17 8 39 57 7 65
14 70 7 37 16 7 39 56 7 64
14 70 15 37 16 7 39 56 7 64
13 69 14 37 15 7 39 55 6 63
13 69 14 37 15 7 42 55 6 63
12 69 13 36 15 6 42 54 5 62
15 69 13 36 15 6 42 54 5 62
14 69 13 35 15 5 42 53 5 62
14 69 13 35 15 5 42 53 5 62
13 69 12 35 15 5 41 52 4 62
13 69 12 35 15 5 49 52 4 62
13 69 11 34 14 4 49 51 4 61
13 71 11 34 14 4 49 51 4 61
13 71 10 34 13 4 48 50 4 61
18 71 10 34 13 4 48 50 4 61
18 70 10 33 12 4 48 50 4 60
18 70 10 33 12 4 48 50 4 70
18 70 9 32 11 4 48 50 4 69
18 70 9 32 11 4 48 52 4 69
18 70 8 31 10 4 47 52 4 68
18 70 8 41 10 4 47 52 4 68
18 69 8 41 9 4 46 51 4 68
18 69 8 41 9 4 52 51 4 68
18 69 8 41 8 4 52 51 4 68
18 69 8 42 8 4 52 51 4 68
17 69 8 41 7 3 52 51 3 67
17 72 8 41 7 3 52 51 3 67
16 72 8 41 6 3 52 51 2 66
16 73 8 41 6 3 52 51 2 66
15 73 8 41 5 3 51 51 1 65
15 73 8 41 5 11 51 51 1 65
15 72 7 40 5 10 50 50 0 65
15 72 9 40 5 10 50 50 0 65
14 71 8 40 5 10 50 49 0 65
14 80 8 40 5 10 50 49 0 65
14 79 7 40 5 9 49 48 0 65
23 79 7 40 5 9 49 48 0 65
23 79 7 40 4 9 49 48 0 65
23 79 7 40 4 9 49 48 0 75
23 79 6 40 3 9 48 48 0 75
23 79 6 40 3 9 48 48 0 75
22 79 6 40 2 8 48 47 0 75
22 79 6 48 2 8 48 47 0 75
21 78 5 47 1 8 48 47 0 74
21 78 5 47 1 8 48 47 0 74
21 78 5 47 1 8 47 47 0 74
21 78 5 49 1 8 47 47 0 74
21 78 4 48 1 7 46 46 0 74
24 78 4 48 1 7 46 46 0 74
23 77 4 47 0 6 45 46 0 73
23 77 4 47 1 6 45 46 0 73
23 77 4 46 0 5 44 45 0 73
23 80 4 46 0 5 44 45 0 73
23 80 3 45 0 4 43 44 0 73
23 80 3 55 0 4 43 44 0 73
22 80 3 55 0 3 42 44 0 72
22 80 12 55 0 3 42 44 0 72
22 80 11 55 0 2 42 44 0 72
22 80 21 55 0 2 42 44 0 72
22 80 21 54 0 1 42 44 0 71
22 80 21 57 0 1 42 44 0 71
21 79 20 57 0 0 42 44 0 71
21 79 20 57 0 2 42 44 0 71
21 78 19 57 0 1 42 43 0 70
21 78 19 57 0 1 42 49 0 70
20 77 19 56 0 1 42 48 0 69
20 77 19 56 0 1 42 48 0 69
20 77 19 55 0 1 42 47 0 68
20 77 28 55 0 1 42 47 0 68
19 76 27 54 0 0 42 46 0 67
19 76 27 54 0 0 42 46 0 67
19 75 26 54 0 0 42 46 0 67
19 75 26 54 6 0 42 46 0 67
18 74 25 53 6 0 41 45 0 66
18 74 25 53 14 0 41 45 0 66
17 74 25 53 13 0 40 45 0 66
17 74 25 62 13 0 40 45 0 66
16 74 24 62 12 0 40 45 0 65
16 74 24 62 12 0 40 55 0 65
15 73 23 61 11 0 40 55 0 65
15 73 26 61 11 0 40 55 0 65
15 72 26 60 10 0 40 55 0 65
15 72 26 60 10 0 50 55 0 65
14 71 26 59 9 0 50 54 0 65
14 71 26 59 9 0 50 54 0 65
14 71 26 58 9 0 50 54 0 65
14 71 26 58 9 0 50 54 8 65
13 70 25 57 9 0 49 54 7 65
13 70 28 57 9 0 49 54 7 65
12 69 28 56 8 0 49 53 6 65
12 69 28 58 8 0 49 53 6 65
12 68 27 58 7 0 48 53 6 64
12 68 27 58 7 0 48 53 6 66
11 67 27 57 7 0 48 53 6 65
11 67 27 57 7 0 57 53 6 65
11 67 27 56 7 0 57 53 5 65
11 67 27 56 13 0 57 53 5 65
10 66 27 56 13 0 56 53 4 65
10 66 27 56 13 0 63 53 4 65
10 65 26 56 13 0 63 53 4 65
10 65 26 56 13 0 70 53 4 65
10 64 26 56 12 0 69 53 3 64
10 64 26 56 14 0 69 53 3 64
9 64 25 55 14 0 69 52 2 63
9 64 25 55 14 0 71 52 2 63
9 63 25 55 13 0 70 52 1 63
9 72 25 55 13 0 70 52 1 63
9 71 25 55 13 0 69 52 1 62
9 79 25 55 13 0 69 52 1 62
8 79 24 54 13 0 68 51 0 62
8 79 24 54 13 0 75 51 0 62
7 79 23 53 12 0 75 50 0 62
7 87 23 53 12 0 75 50 0 62
7 87 23 53 11 0 75 49 0 61
7 87 23 53 11 0 75 55 0 61
6 86 22 53 10 0 75 55 0 60
6 86 22 60 10 0 75 55 0 60
5 85 22 60 9 0 74 55 0 59
5 85 22 60 9 0 74 55 0 64
5 85 22 59 9 0 73 55 0 64
5 85 22 59 12 0 73 55 0 64
4 85 22 58 12 0 73 55 0 63
4 85 22 58 12 0 73 55 2 63
3 85 21 57 11 0 72 55 2 63
3 85 21 57 11 4 72 55 2 63
2 84 21 56 11 3 72 55 1 62
2 93 21 56 11 3 72 55 1 62
1 92 20 55 11 3 71 54 0 62
1 94 20 55 11 3 71 54 0 62
1 93 20 55 11 2 70 54 0 61
1 93 20 55 11 2 70 57 0 61
0 93 19 54 10 2 69 56 0 61
0 93 19 54 10 2 69 61 0 61
0 93 18 54 9 2 68 61 0 60
0 93 18 54 9 2 68 61 0 60
0 93 17 54 9 1 67 61 0 59
0 93 17 54 9 1 67 61 8 59
0 92 17 53 8 0 66 60 8 58
0 92 17 53 8 0 74 60 8 58
0 92 16 52 8 0 73 60 7 57
0 92 16 52 8 0 73 60 7 57
0 91 15 52 7 0 72 59 7 56
0 91 15 52 17 0 72 59 7 56
0 90 15 52 16 0 72 58 6 56
0 90 24 52 16 0 72 58 6 56
0 90 24 52 15 0 71 58 6 55
0 90 24 52 15 0 71 66 6 55
0 89 24 52 15 0 70 65 5 55
0 89 24 52 25 0 70 65 5 55
0 89 24 52 24 0 69 65 5 55
0 89 24 52 24 0 69 74 5 55
0 88 23 51 24 0 69 74 4 55
0 88 23 51 24 0 69 74 4 55
0 88 22 50 24 0 69 74 4 54
0 91 22 50 24 0 69 74 4 54
0 90 21 50 23 0 69 74 4 54
0 90 21 50 23 0 69 74 4 54
0 90 21 49 23 0 68 74 3 53
0 90 21 49 30 0 68 74 3 53
0 90 21 49 30 0 68 74 2 53
0 90 21 49 30 0 68 74 2 56
0 89 21 49 29 0 68 73 1 55
0 89 21 49 29 0 73 73 1 55
0 88 21 49 28 0 72 72 0 54
0 88 21 49 28 0 72 72 10 54
0 87 20 49 27 0 71 71 9 54
0 87 20 49 27 0 79 71 9 54
0 87 19 48 26 0 79 70 8 53
0 95 19 48 26 0 79 70 8 53
0 94 18 47 25 0 78 69 7 52
0 94 18 54 25 0 78 69 7 52
0 94 18 53 24 0 78 68 6 52
0 94 18 57 24 0 78 68 6 52
0 93 18 57 24 0 77 67 6 52
0 93 23 57 24 0 77 67 6 52
0 93 22 56 24 0 76 66 5 51
0 93 22 56 25 0 76 66 5 51
0 92 22 56 24 0 76 66 4 51
0 95 22 56 24 0 76 66 4 51
0 94 22 56 23 0 75 66 4 51
0 94 22 65 23 0 75 66 4 51
0 94 21 65 23 0 75 66 3 50
0 94 22 65 23 0 75 66 3 50
0 93 22 64 23 0 75 66 3 50
0 93 22 64 23 3 75 66 3 50
0 93 21 63 23 2 75 65 3 49
0 93 21 64 23 2 75 65 3 49
0 93 21 64 22 1 75 64 3 49
0 93 21 71 22 1 75 64 3 49
0 93 21 70 21 0 74 64 3 49
0 93 21 70 21 0 74 72 3 49
0 92 21 69 21 0 73 72 2 49
0 92 21 69 21 0 82 72 2 49
0 92 21 68 20 0 82 71 1 48
0 100 21 68 20 0 82 71 1 48
0 100 21 67 19 0 82 70 1 47
1 100 21 67 19 0 82 70 1 47
1 100 21 67 19 0 81 70 0 46
1 100 21 67 25 0 81 70 0 46
0 99 20 67 25 0 80 69 0 45
0 99 20 67 25 0 80 73 0 45
0 99 20 67 25 0 79 73 0 45
0 99 20 67 33 0 79 73 0 45
0 99 20 67 32 0 78 73 0 45
0 99 29 67 32 0 78 73 0 45
0 98 28 67 32 0 77 73 0 44
0 98 28 67 32 0 77 73 0 44
0 98 28 67 31 0 76 72 0 44
0 98 28 67 31 0 85 72 0 44
0 97 27 66 31 0 84 72 0 43
0 97 27 66 31 0 84 72 0 47
0 97 27 65 31 0 83 72 0 47
2 97 27 65 31 0 83 72 0 47
2 97 26 64 31 0 82 72 0 46
2 97 26 64 31 0 82 72 0 46
2 96 25 63 30 0 81 72 0 46
2 101 25 63 30 0 81 72 0 46
2 100 24 63 30 0 80 71 0 45
2 100 24 63 33 0 80 71 0 45
1 99 23 63 32 0 80 71 0 45
1 99 25 63 32 0 80 71 0 45
1 98 24 62 31 0 79 70 0 44
1 98 24 62 31 0 79 74 0 44
1 97 23 62 30 0 79 74 0 44
4 97 23 62 30 0 79 74 0 44
4 96 22 62 29 0 79 73 0 44
4 96 22 62 29 0 79 78 0 44
3 95 22 61 28 0 79 78 0 44
3 99 22 61 28 0 79 78 0 44
3 98 21 61 28 0 79 78 0 44
3 98 21 65 28 0 79 78 0 44
2 98 20 65 28 0 79 78 0 44
2 98 21 65 28 0 79 78 0 44
2 98 20 64 28 0 79 77 0 44
3 98 20 64 28 0 79 77 0 44
3 97 19 64 28 0 79 76 0 43
3 97 19 64 28 0 79 85 0 43
2 96 18 64 28 0 78 84 0 42
2 96 18 64 28 0 78 86 0 42
1 96 18 63 27 0 77 86 0 42
1 96 18 63 27 0 82 86 0 42
0 95 18 62 26 0 81 86 0 42
0 95 18 62 26 8 81 86 0 42
0 94 17 62 26 7 81 85 0 42
0 103 17 62 26 7 81 85 0 42
0 102 16 61 26 7 80 84 0 41
0 102 16 61 26 7 80 84 8 41
0 102 15 60 25 6 79 84 8 40
0 102 15 60 25 6 79 86 8 40
0 101 14 60 25 5 79 86 7 39
0 101 14 60 25 5 79 86 16 39
0 100 14 59 24 4 78 86 15 38
0 100 14 59 24 4 78 86 25 38
0 100 13 59 23 4 77 86 25 38
0 100 13 59 23 4 86 86 25 38
0 99 13 58 23 3 85 85 24 38
0 99 13 58 23 13 85 85 24 38
0 99 13 57 23 12 84 85 24 38
4 99 13 57 23 12 84 85 24 38
4 98 12 57 23 12 83 84 23 37
4 98 12 57 23 22 83 84 23 37
4 97 11 57 22 22 82 84 23 37
4 97 11 61 22 22 82 84 23 37
4 96 10 60 22 22 82 83 22 36
4 96 10 60 22 22 83 83 22 36
3 95 10 59 21 21 83 82 21 36
3 95 10 67 21 21 83 82 21 36
3 95 9 67 20 20 83 81 20 36
3 105 9 67 20 20 83 81 20 36
3 105 9 67 19 20 83 80 19 36
3 105 9 67 20 20 83 80 19 36
3 104 9 67 19 20 83 80 19 36
3 104 9 67 19 20 83 80 19 37
3 104 8 67 19 20 82 80 19 37
3 104 8 67 19 22 82 80 19 37
2 103 8 67 18 21 81 79 19 36
2 103 8 67 18 21 81 89 19 36
2 103 7 66 17 21 81 88 18 35
2 103 7 66 17 21 81 88 26 35
2 103 6 65 17 21 80 88 25 34
2 112 6 65 17 21 80 88 25 34
1 111 5 64 17 20 79 88 24 34
4 111 5 64 17 20 79 88 24 34
3 110 4 64 17 20 78 88 23 33
3 110 4 64 17 20 78 88 30 33
3 110 3 64 17 19 78 88 29 33
4 110 3 64 17 19 78 88 29 33
3 110 2 64 16 18 77 88 28 33
3 110 2 64 16 25 77 88 28 33
2 109 2 64 16 24 77 87 27 33
2 109 2 64 16 30 77 87 27 33
1 109 2 64 16 30 76 86 26 32
1 109 2 64 16 39 76 86 26 32
0 108 1 63 16 38 75 86 26 32
9 108 1 63 16 38 75 86 26 32
8 107 1 63 16 38 75 85 26 32
8 107 1 63 16 38 75 85 30 32
7 106 1 63 16 38 75 85 29 32
7 106 1 63 16 38 75 94 29 32
7 106 0 63 15 38 75 93 28 32
7 106 0 63 15 38 75 93 28 32
7 106 0 62 14 37 74 92 27 32
7 106 0 62 14 37 74 92 27 36
6 105 0 62 13 37 74 92 26 35
6 105 0 62 13 37 74 92 36 35
5 104 0 61 13 37 73 91 35 35
5 104 1 61 13 37 73 91 35 35
5 104 0 60 13 36 73 90 34 35
5 104 0 60 14 36 73 90 34 35
4 103 0 60 14 36 73 89 34 34
4 103 5 60 14 36 73 89 34 34
3 102 5 60 13 35 72 89 33 33
3 102 5 61 13 35 72 89 33 33
2 101 4 61 12 34 71 88 33 33
2 109 4 61 12 34 71 88 33 33
1 109 4 61 11 33 70 87 33 33
1 109 4 68 11 33 70 87 33 33
1 108 3 68 11 32 70 87 33 32
1 108 3 68 11 32 74 87 33 32
1 107 3 67 10 31 74 87 32 31
1 107 3 67 10 37 74 87 32 31
1 107 2 66 10 37 73 86 31 30
1 107 2 66 10 45 73 86 31 30
1 107 1 65 9 45 72 86 30 30
1 107 1 65 9 52 72 86 30 30
0 107 1 64 9 52 72 85 30 30
0 107 1 64 9 52 73 85 30 30
0 107 1 63 8 52 73 84 29 29
0 107 7 63 8 52 73 84 29 29
0 107 7 62 8 51 72 84 28 29
7 107 7 62 8 51 72 84 28 29
7 107 6 61 7 51 71 83 28 28
7 107 6 61 7 51 80 83 28 28
7 106 6 60 7 50 80 82 28 28
7 106 6 60 12 50 80 82 28 28
6 106 6 60 11 50 79 81 28 28
6 106 6 60 11 50 89 81 28 28
6 106 5 60 10 50 88 80 27 27
6 106 5 60 10 50 88 80 27 27
5 105 5 59 10 49 87 80 27 27
5 105 12 59 10 49 87 80 27 27
4 105 11 58 10 49 86 80 27 27
4 105 11 58 10 49 86 80 27 30
4 104 11 57 9 48 85 79 26 30
4 104 11 57 9 48 85 79 26 30
4 103 10 57 8 47 85 78 25 30
4 103 10 57 11 47 85 78 25 30
4 102 10 57 11 46 84 78 24 30
4 110 10 57 11 46 84 78 24 30
3 109 9 57 10 46 83 78 23 30
3 109 9 57 10 46 91 78 23 30
3 109 9 57 9 46 91 77 23 29
3 114 9 57 9 46 91 77 23 29
3 114 8 56 9 46 90 76 23 28
3 114 8 56 9 52 90 76 23 28
2 113 7 55 8 52 90 75 22 27
2 113 7 55 8 55 90 75 22 27
1 113 6 55 7 55 89 75 21 27
1 113 6 55 7 64 89 75 21 27
0 113 5 55 7 64 89 75 21 26
0 113 5 59 7 64 89 75 21 26
0 113 5 58 7 63 88 74 20 26
0 113 5 58 7 63 95 74 20 26
0 112 4 57 7 62 94 73 19 26
0 112 4 57 7 62 103 73 19 26
0 111 4 57 6 62 103 72 19 25
0 111 4 57 14 62 103 72 19 25
0 111 4 57 13 61 102 72 19 24
0 111 4 57 13 61 102 72 23 24
0 111 4 57 12 60 101 71 22 23
0 111 4 57 12 60 103 71 22 23
0 111 3 57 12 60 102 70 21 23
0 111 3 57 12 66 102 70 21 23
0 110 2 56 12 66 102 69 21 23
0 110 2 62 12 66 102 69 21 23
0 110 1 61 11 66 101 68 21 23
0 110 1 61 20 66 101 68 21 23
0 109 1 61 20 66 100 67 21 23
0 109 1 61 21 66 100 67 21 23
0 108 0 60 21 65 99 66 21 22
5 108 0 60 21 65 99 66 21 22
4 107 0 60 20 65 99 66 21 22
4 107 0 60 20 65 99 66 21 31
3 107 0 60 20 64 99 65 20 30
3 107 0 60 20 64 99 74 20 30
3 106 0 60 20 63 98 73 19 30
3 106 0 60 20 63 104 73 19 30
3 106 0 59 20 62 103 73 18 29
3 106 0 59 20 62 103 73 18 37
3 106 0 58 19 61 103 72 18 37
3 106 6 58 19 61 103 72 18 37
3 105 5 58 19 60 102 72 18 36
11 105 5 58 19 60 102 72 18 36
11 104 4 58 19 59 101 71 17 36
17 104 4 58 19 59 101 71 17 36
17 103 3 57 18 59 101 71 16 35
17 103 3 57 18 59 109 71 16 35
16 103 2 57 17 59 108 70 15 34
16 103 2 57 17 59 108 70 23 34
15 103 2 57 16 58 108 70 22 33
15 109 2 57 16 58 108 70 22 33
14 108 1 57 16 57 107 70 21 33
14 108 1 57 16 61 107 70 21 33
13 108 0 56 15 61 107 69 20 33
13 108 0 56 15 61 114 69 20 33
13 108 0 56 14 60 113 68 19 33
13 108 0 56 14 60 113 73 19 33
12 108 0 55 13 59 112 72 19 33
12 108 0 55 13 69 112 72 19 33
11 107 0 55 13 69 112 71 18 32
11 107 0 55 23 69 112 71 18 32
11 106 0 55 23 69 111 71 17 31
11 111 0 55 23 69 111 71 17 31
10 111 0 55 23 69 111 71 16 31
10 111 0 55 23 69 111 71 26 31
10 110 0 54 23 68 110 70 25 31
10 110 0 54 23 68 120 70 25 31
10 109 0 53 23 67 120 70 25 30
17 109 0 53 23 67 120 70 25 30
16 109 0 52 23 67 120 70 24 29
16 109 0 52 23 67 120 70 24 29
15 108 0 51 23 67 120 70 24 29
15 108 6 51 23 67 120 70 24 29
14 108 5 51 23 67 120 70 24 29
14 108 5 51 23 67 120 77 24 29
14 107 5 50 22 66 119 77 24 28
14 107 5 50 32 66 119 77 24 28
13 106 4 49 31 66 119 76 24 27
13 106 4 49 33 66 119 76 24 27
13 105 3 48 33 66 119 75 24 26
13 105 8 48 33 66 119 75 24 26
13 104 7 47 32 65 119 75 23 26
13 104 7 48 32 65 119 75 23 26
12 103 6 47 32 65 119 75 23 25
12 103 6 47 32 65 119 75 23 25
11 103 5 47 32 64 119 75 22 24
11 103 5 47 35 64 119 75 22 24
10 102 5 47 34 63 119 74 22 23
18 102 5 47 34 63 119 74 22 23
17 102 4 47 34 63 118 73 22 23
17 102 4 47 35 63 118 73 22 23
17 102 3 47 34 63 117 72 22 23
18 102 3 47 34 63 117 72 22 23
18 102 3 47 33 63 116 71 21 22
18 107 3 47 33 63 116 71 21 22
17 107 3 47 33 63 115 71 21 22
17 115 3 47 33 63 115 71 21 22
17 115 3 47 33 63 114 70 21 21
17 115 3 47 42 63 114 70 21 21
16 115 3 46 41 63 114 69 21 21
16 122 3 46 41 63 114 69 21 21
16 121 2 46 40 63 113 69 21 21
16 121 2 46 40 63 113 69 21 21
15 121 1 46 39 62 113 69 21 20
19 121 1 46 39 62 113 69 21 20
19 121 0 45 38 62 112 69 20 20
25 121 0 45 38 62 112 69 20 20
24 120 0 45 38 62 112 68 20 20
24 120 6 45 38 62 112 68 20 20
24 120 6 45 38 62 112 68 19 20
24 120 9 45 38 62 112 68 19 20
23 120 8 44 37 62 111 68 19 20
24 120 8 44 37 62 111 68 19 20
23 120 8 43 37 61 110 67 19 19
26 120 8 43 37 61 110 67 19 19
25 119 8 42 37 60 110 67 18 18
25 119 8 42 42 60 110 67 18 18
24 119 8 42 41 59 110 67 17 17
24 119 8 42 41 59 110 67 17 22
23 118 7 42 41 58 109 67 17 22
23 118 10 42 41 58 109 67 17 22
22 117 10 42 41 57 108 67 16 22
22 117 20 42 41 57 108 67 16 22
22 117 20 42 40 56 107 66 15 22
22 117 20 42 40 56 107 66 15 22
21 117 19 42 39 56 106 65 15 22
31 117 19 42 39 56 106 65 15 22
30 116 19 42 38 55 106 65 15 21
30 126 19 42 38 55 106 65 15 21
29 125 19 41 37 55 106 64 15 21
29 125 19 41 37 55 106 64 24 21
28 125 19 41 36 55 106 64 23 21
28 125 19 41 45 55 106 64 23 21
27 124 18 40 45 55 106 64 23 20
27 124 18 45 45 55 106 64 23 20
26 124 18 44 45 55 106 63 23 20
26 124 18 44 48 55 106 63 23 20
25 123 18 44 48 55 106 62 23 20
25 123 18 51 48 55 106 62 23 20
25 122 18 50 47 55 105 61 23 19
25 122 18 50 47 55 105 61 24 19
24 122 17 49 46 55 105 61 23 18
24 122 17 49 56 55 105 61 23 18
24 122 16 49 55 54 104 60 23 17
34 122 16 49 55 54 104 60 23 17
34 121 15 49 54 53 104 60 23 16
34 121 15 49 54 53 104 60 29 16
34 121 15 49 53 53 103 60 29 16
34 121 15 49 53 53 103 60 32 16
33 121 15 48 52 53 102 59 31 16
33 121 15 48 52 53 102 59 32 16
33 121 15 48 51 52 101 58 32 15
33 121 15 48 51 52 101 58 36 15
32 120 14 47 51 51 101 57 35 14
32 120 14 52 51 51 101 57 35 14
31 120 13 51 51 51 101 57 34 13
31 120 13 51 54 51 101 57 34 13
30 119 13 51 53 51 101 57 34 13
30 124 13 51 53 51 101 57 34 13
30 124 13 50 53 50 101 56 34 12
30 124 13 50 53 50 101 56 34 12
29 124 13 50 53 50 100 55 34 12
29 124 13 50 53 58 100 55 34 12
28 124 12 50 53 57 99 55 34 11
28 124 12 50 53 57 99 55 43 11
27 123 11 49 52 56 98 55 43 11
27 123 11 54 52 56 98 55 43 11
27 122 11 54 52 56 98 55 42 10
27 122 11 54 52 56 98 55 50 10
27 122 10 53 52 55 98 55 50 9
27 122 10 53 52 55 98 55 52 9
27 122 10 53 52 55 98 54 51 9
27 122 10 53 52 55 98 54 55 9
27 121 9 53 51 54 98 54 54 8
27 121 9 62 51 54 98 54 54 8
27 121 8 61 50 54 98 53 53 8
27 121 8 63 50 54 98 53 53 8
27 121 8 63 49 54 98 52 53 8
27 121 8 63 49 54 98 52 53 18
26 121 8 62 49 54 98 51 53 17
26 121 8 62 49 54 98 51 53 26
25 121 8 61 49 54 98 51 53 26
25 121 8 61 50 54 98 51 53 26
25 120 8 61 49 54 98 51 53 25
25 120 8 61 49 54 98 51 60 25
25 120 7 61 49 53 98 51 60 24
25 120 7 61 49 53 99 51 60 24
24 120 6 61 48 52 99 50 59 24
24 120 6 61 48 52 99 50 59 30
23 119 6 60 48 51 99 50 59 30
27 119 6 60 48 51 99 50 59 30
26 118 6 59 47 51 98 50 58 30
26 118 7 59 47 51 98 50 58 30
25 117 6 59 47 50 98 49 58 29
25 117 6 59 47 50 105 49 58 29
24 117 6 58 47 49 104 48 57 29
24 126 6 58 47 49 104 48 57 29
24 125 5 57 47 49 103 48 57 28
24 125 5 57 47 49 103 48 58 28
24 124 4 56 46 48 103 47 57 27
28 124 4 56 46 48 103 47 57 27
28 123 3 56 45 48 102 47 57 27
28 123 3 56 45 48 102 52 57 27
27 123 3 55 44 47 102 51 57 26
27 123 3 55 53 47 102 51 57 26
27 122 2 55 52 47 101 50 56 26
27 122 2 55 52 52 101 50 56 26
26 121 2 54 52 51 100 50 55 26
26 121 2 54 52 51 100 50 55 32
25 120 1 54 51 50 100 50 54 32
25 121 1 54 51 50 100 50 54 32
25 120 1 53 50 50 100 50 54 32
25 120 1 53 50 53 100 50 54 32
24 120 1 52 50 52 99 49 54 32
24 120 7 52 50 52 99 49 54 32
24 119 6 51 50 51 98 49 54 32
24 119 6 51 50 51 98 49 54 41
23 119 6 51 50 51 97 48 53 40
23 119 6 51 50 51 97 57 53 40
23 118 6 50 50 50 96 56 52 40
23 118 6 50 50 50 96 56 55 40
22 117 5 50 49 49 96 55 54 39
22 117 5 58 49 49 96 55 54 39
22 116 4 57 49 48 96 55 54 38
22 116 4 57 49 48 96 55 54 38
22 116 4 57 49 47 95 54 54 37
22 116 4 62 49 47 95 54 54 37
22 115 3 61 48 46 94 53 54 37
22 115 3 61 48 46 94 53 54 46
22 115 2 61 47 45 94 52 53 45
22 115 2 61 47 45 94 52 53 45
22 115 2 60 47 45 93 52 52 45
22 115 2 70 47 45 93 52 52 45
22 115 1 69 47 45 92 51 52 45
22 120 1 69 47 45 92 51 52 45
22 119 1 68 47 45 91 50 51 44
22 119 1 68 47 45 91 50 51 44
21 118 0 68 46 45 90 50 51 44
21 118 0 68 46 45 90 51 51 44
21 118 0 67 45 45 89 51 51 43
21 118 0 67 45 45 89 51 51 48
20 118 0 66 44 44 89 51 50 48
20 118 0 66 44 44 89 51 50 48
19 118 0 66 44 43 89 50 50 48
28 118 0 66 44 43 89 50 50 48
28 117 0 65 43 43 89 49 50 48
28 117 0 65 43 43 99 49 50 48
28 117 0 64 42 43 99 48 49 48
28 117 0 64 42 43 99 48 49 48
28 116 0 64 42 42 99 48 48 48
28 116 0 64 42 42 99 48 48 56
28 116 0 63 41 42 98 48 47 56
28 116 9 63 41 42 98 48 47 56
28 116 8 63 40 41 97 47 47 55
28 116 17 63 40 41 97 47 47 55
28 115 16 62 40 40 97 46 46 54
28 115 16 62 40 40 97 46 46 57
28 115 16 62 39 39 96 46 46 56
28 121 16 62 39 39 96 46 46 56
28 120 16 61 38 38 95 46 45 56
28 120 16 61 38 44 95 46 45 56
27 120 16 61 38 43 94 45 44 55
27 120 16 61 38 43 94 45 44 60
26 119 15 60 38 43 94 44 43 60
26 119 25 60 38 43 94 44 43 60
25 118 24 59 37 42 94 44 43 59
25 118 24 59 37 42 94 44 43 59
24 118 24 58 37 42 93 44 43 59
24 118 24 58 37 42 93 45 43 59
24 117 24 57 36 42 93 44 43 58
24 117 24 57 36 47 93 44 43 58
23 117 24 57 36 47 92 43 43 57
23 117 24 62 36 47 92 43 43 57
22 117 24 62 36 46 91 42 43 56
23 117 24 62 36 46 91 42 43 56
22 117 24 61 35 45 91 41 42 55
22 117 24 61 35 45 91 41 42 56
21 117 23 60 35 45 90 41 42 55
21 117 23 60 35 45 90 41 42 55
20 117 23 60 34 45 90 40 41 55
20 117 23 60 34 45 90 40 41 55
20 116 23 59 33 44 89 40 40 54
20 116 23 59 33 44 89 40 40 54
20 115 22 59 33 43 88 40 40 54
29 115 22 59 33 43 88 40 40 54
29 115 21 59 32 43 87 39 40 54
29 115 21 59 32 43 87 39 45 54
28 114 21 58 31 42 87 39 45 53
28 114 24 58 31 42 87 39 45 53
27 114 23 57 31 41 87 39 45 53
27 114 23 65 31 41 87 39 45 53
27 113 23 65 30 40 87 39 45 52
27 113 23 65 30 47 87 39 45 52
26 112 22 65 30 47 86 39 45 51
26 112 22 65 30 47 86 39 45 51
25 111 21 65 30 46 86 39 45 51
25 111 21 65 30 46 86 39 45 51
24 111 20 64 29 45 85 38 44 51
24 111 20 64 29 45 85 42 44 51
24 110 19 63 28 44 85 42 44 51
24 110 19 63 28 44 85 44 44 51
23 110 18 62 28 43 84 44 43 51
23 110 23 62 28 43 84 44 43 51
23 109 22 61 28 43 83 44 42 50
23 109 22 61 28 43 87 44 42 50
22 108 22 61 28 43 87 43 42 50
22 108 22 61 28 43 87 53 42 50
22 108 22 61 27 43 86 52 41 49
22 108 22 61 27 43 86 52 41 53
22 108 22 61 26 42 85 52 40 52
22 108 22 61 26 42 85 52 45 52
22 107 21 60 26 41 85 51 44 51
31 107 21 60 26 41 85 51 44 51
31 106 20 60 25 40 84 50 43 50
31 106 20 60 32 40 84 50 43 50
31 105 19 59 32 39 83 50 43 50
31 105 19 59 32 39 83 51 43 50
30 105 18 58 31 39 83 51 43 49
30 105 18 58 34 39 83 51 43 49
30 105 18 58 34 39 83 51 42 48
30 105 18 58 34 39 83 51 42 55
29 104 18 58 34 39 83 51 41 54
29 104 18 66 34 39 83 51 41 54
28 103 18 66 34 38 82 51 40 54
28 103 18 66 34 38 82 51 48 54
27 102 17 65 34 38 81 50 48 54
27 102 17 65 41 38 81 50 48 54
27 101 17 65 41 37 81 49 48 53
27 101 18 65 41 37 81 49 48 53
26 101 17 64 41 37 80 49 47 53
26 101 17 64 41 37 80 49 48 53
25 100 16 63 40 37 79 49 48 52
25 102 16 63 40 37 79 49 48 52
25 101 16 63 40 37 78 48 48 51
25 101 16 63 40 37 78 48 48 60
24 101 16 62 40 36 77 47 48 60
24 101 16 62 40 36 77 47 48 60
23 101 15 61 39 36 77 46 47 59
28 101 15 61 39 36 77 46 47 59
27 100 14 61 38 35 76 46 46 58
27 100 14 61 41 35 76 46 46 58
26 99 13 60 40 35 76 46 45 58
26 99 13 60 40 44 76 46 45 58
25 98 12 60 40 44 76 46 45 57
25 98 12 60 40 52 76 46 45 57
25 97 11 60 40 52 76 45 44 56
25 97 11 60 40 52 76 45 44 56
25 96 11 59 40 51 76 45 44 55
25 96 11 59 40 51 76 45 44 59
25 95 11 59 39 51 76 44 44 59
25 95 11 61 39 51 76 44 44 59
25 95 11 61 38 50 75 43 43 59
25 95 11 61 38 50 82 43 43 59
25 95 11 60 37 50 82 42 43 58
25 95 11 60 40 50 82 42 43 58
25 94 10 60 39 49 81 41 42 58
25 94 10 60 39 56 81 41 42 58
25 93 9 59 38 55 80 41 41 58
25 93 9 66 38 55 80 41 41 58
25 92 9 66 38 54 80 41 40 58
25 92 9 66 38 57 80 41 40 58
24 91 9 65 37 56 79 40 39 58
24 91 9 65 37 56 79 49 39 58
23 91 8 64 36 55 79 49 38 58
23 91 8 64 36 55 79 50 38 58
22 90 8 63 35 54 78 49 38 57
22 90 17 63 35 54 78 49 38 57
21 89 17 63 35 54 78 49 38 57
21 89 17 63 35 54 78 49 38 57
21 89 16 62 34 53 78 48 37 57
21 89 16 62 34 53 85 48 37 57
21 89 16 62 34 53 85 47 36 57
21 90 16 62 34 53 85 47 36 57
21 89 16 62 34 52 84 47 35 57
21 89 16 62 34 52 84 47 35 57
20 89 15 61 33 52 84 47 35 57
20 89 15 61 33 52 84 47 35 57
19 89 15 61 33 51 84 47 34 57
19 89 15 61 33 51 84 47 37 57
18 88 15 60 32 50 84 46 36 57
18 88 15 60 32 50 84 46 36 57
18 88 15 60 31 49 83 46 35 56
18 88 15 60 31 49 83 46 35 61
18 88 15 60 31 49 82 45 35 61
18 96 15 60 31 49 82 45 35 61
17 96 15 59 31 49 82 45 34 61
17 96 15 60 31 49 82 45 34 61
17 96 14 60 31 49 81 45 34 61
26 96 14 60 31 49 81 45 34 61
25 95 14 60 31 49 80 44 33 61
25 95 14 60 31 57 80 44 33 61
24 94 14 59 30 57 79 43 32 61
30 94 14 59 30 57 79 43 32 61
30 94 13 58 29 56 78 42 31 60
30 98 13 58 29 56 78 42 31 60
30 98 12 58 28 55 77 41 31 60
30 98 12 63 28 55 77 41 31 60
29 98 12 63 28 55 76 40 31 59
29 98 12 63 28 55 76 40 31 64
29 98 12 62 27 54 76 39 30 63
29 98 12 62 27 54 76 39 38 63
28 97 11 61 26 53 75 38 37 62
28 97 11 61 26 53 75 38 37 62
28 97 10 61 25 52 74 37 36 62
28 97 10 61 25 55 74 37 36 62
28 96 10 61 25 54 73 36 35 62
28 96 10 61 25 56 73 36 35 62
28 96 10 60 25 55 72 35 34 62
28 96 10 60 25 55 72 35 36 62
27 96 10 59 25 54 72 35 36 62
29 96 10 59 25 54 72 35 36 62
28 95 10 58 25 53 71 34 35 62
28 95 10 58 25 53 71 34 35 72
28 94 9 57 25 52 71 34 35 71
28 94 12 57 25 52 71 34 35 71
28 93 12 56 25 52 70 34 34 71
28 93 12 56 25 52 73 34 34 71
27 92 11 55 24 52 73 34 33 71
27 92 11 55 24 52 73 34 33 78
27 91 10 54 24 52 72 33 32 78
27 91 15 54 24 52 72 33 32 78
27 91 14 53 23 52 72 33 32 78
27 91 14 55 23 52 72 33 32 78
27 90 14 55 23 51 71 32 31 78
27 90 14 55 23 51 71 32 35 78
26 89 14 55 22 51 71 32 34 77
26 89 14 55 22 51 80 32 34 77
25 89 13 55 22 51 79 31 34 77
25 89 13 55 22 51 79 31 34 77
25 88 12 54 21 51 78 30 34 77
25 88 12 54 21 57 78 30 34 77
24 87 11 53 21 56 77 29 34 77
24 87 11 53 21 56 77 29 34 77
23 87 11 53 20 56 77 28 34 77
23 87 19 53 20 56 77 28 34 77
23 87 18 52 20 55 76 27 33 76
23 87 18 53 20 55 76 27 33 76
22 86 18 52 20 55 75 27 33 76
22 86 18 52 20 55 80 27 33 76
22 85 17 51 20 54 79 27 32 75
22 85 17 51 20 54 79 27 40 75
21 85 16 51 20 53 79 26 39 75
21 85 16 58 20 53 79 26 39 75
21 85 16 58 19 52 78 25 38 75
26 85 16 58 19 52 78 25 38 75
26 84 15 58 19 51 78 24 37 75
26 84 15 58 19 51 78 24 37 75
26 84 15 58 18 50 78 24 37 75
26 84 15 58 18 50 78 32 37 75
26 83 14 58 17 50 78 31 37 75
26 83 14 58 17 50 78 31 37 75
26 83 14 57 16 50 78 30 37 75
26 89 14 57 16 50 78 30 37 75
25 88 14 56 15 50 78 30 36 74
25 88 14 65 15 50 78 30 36 74
25 88 14 65 14 49 77 30 36 74
25 88 15 65 14 49 77 30 36 74
24 88 15 64 13 48 76 30 35 74
24 88 15 64 13 48 76 33 35 74
23 88 15 64 13 48 75 32 34 74
23 88 22 64 13 48 75 32 34 74
23 88 21 63 13 47 75 31 33 74
23 88 21 63 13 47 75 31 37 74
23 87 21 62 13 46 75 30 36 74
23 87 21 62 13 47 75 30 36 74
22 86 20 62 13 46 74 29 35 74
22 86 26 62 13 46 74 29 35 74
21 86 25 62 13 46 73 28 35 74
22 86 25 62 13 46 73 28 35 74
21 86 24 61 13 45 73 27 35 74
21 86 24 61 13 55 73 27 35 74
20 85 24 60 12 55 72 26 35 73
20 91 24 60 12 55 72 26 35 73
19 91 23 60 11 55 71 25 34 73
19 91 23 60 11 55 71 25 34 73
18 90 23 60 10 54 70 25 33 73
18 90 23 60 10 56 70 25 33 73
18 89 22 59 10 55 70 25 33 73
18 89 22 59 10 55 70 25 33 77
17 88 21 59 9 55 69 25 33 76
26 88 21 59 9 55 69 25 33 76
26 88 21 58 9 54 68 24 32 76
26 88 21 64 9 54 68 24 32 76
25 87 21 63 9 54 68 24 31 76
25 87 21 63 9 54 68 24 37 76
25 87 20 62 9 53 67 23 37 75
25 87 20 62 9 53 67 26 37 75
25 87 19 62 8 53 67 25 37 75
25 87 20 62 8 53 67 25 37 75
24 87 20 61 7 53 66 24 37 75
24 87 20 61 7 53 66 27 37 75
23 86 20 60 7 52 65 27 37 74
23 86 20 60 7 57 65 27 37 74
23 85 19 59 6 56 64 27 37 74
23 85 19 59 6 56 64 27 47 74
23 84 18 59 6 55 64 27 47 74
32 84 18 59 6 55 64 27 47 74
31 84 17 59 6 54 64 27 47 74
31 84 17 59 6 54 64 27 47 84
30 83 17 58 6 54 63 27 46 83
38 83 17 58 6 54 63 27 46 83
37 82 16 58 6 53 63 27 45 82
37 82 16 58 6 53 72 27 45 82
37 81 15 58 6 53 71 27 45 82
40 81 15 58 6 53 71 27 45 82
40 80 15 58 6 52 71 27 45 81
40 80 15 58 6 52 71 27 45 81
39 80 15 58 5 51 71 27 44 81
39 80 15 58 5 58 71 27 44 81
39 79 15 58 4 57 71 27 43 80
39 79 15 58 4 57 79 27 43 80
39 78 14 58 3 57 78 26 43 79
39 78 14 58 3 60 78 26 43 79
38 78 13 57 2 59 78 25 42 79
38 78 13 62 2 59 78 25 42 79
38 78 13 61 1 58 77 25 42 79
38 78 19 61 1 58 77 25 42 79
37 77 18 61 1 57 76 24 41 78
37 77 18 61 1 57 76 25 41 78
37 77 18 60 0 56 75 25 41 77
37 77 18 60 0 56 75 25 41 79
36 77 17 59 0 55 75 24 40 79
36 77 17 59 0 55 75 33 40 79
36 77 16 58 0 54 75 33 40 78
36 83 16 58 0 54 75 33 40 78
35 82 16 58 0 53 75 32 39 77
35 82 16 58 6 53 75 32 39 77
34 82 16 58 6 52 74 32 38 77
34 82 16 58 6 52 79 32 38 77
33 81 15 58 5 52 79 32 38 77
33 81 24 58 5 52 79 32 38 77
32 80 24 58 4 51 79 31 38 77
32 80 24 64 4 51 79 31 38 77
32 79 23 64 3 50 78 31 38 77
32 79 23 64 3 50 78 35 38 77
32 79 22 64 2 50 78 34 38 76
32 79 22 64 2 50 78 34 46 76
31 78 21 63 1 49 78 34 46 75
31 78 21 63 1 49 78 34 46 75
30 78 21 62 1 49 77 33 45 74
30 78 21 62 1 49 77 38 45 74
30 77 21 62 1 49 77 38 45 73
30 77 22 62 1 49 77 38 45 73
29 77 22 61 0 49 77 38 44 73
32 77 22 61 0 49 77 38 44 73
31 77 21 61 0 49 76 38 43 72
31 77 21 61 0 49 76 38 43 72
30 76 20 61 0 49 75 37 42 71
30 76 20 68 0 49 75 37 42 71
30 76 19 68 0 48 75 36 41 71
30 76 19 68 2 48 75 36 41 71
29 76 19 67 1 47 74 35 41 70
29 76 19 77 1 47 74 35 41 70
29 75 19 76 1 46 74 35 40 70
29 75 19 76 1 46 74 35 44 70
29 75 18 75 0 45 73 35 43 70
29 85 18 75 0 45 73 35 43 70
28 85 18 75 0 45 72 34 42 70
28 85 18 75 0 45 72 34 42 70
27 84 18 75 0 45 71 33 42 69
27 84 18 75 0 45 71 33 46 69
26 83 17 74 0 45 70 33 46 68
26 83 17 74 0 45 70 37 46 68
25 83 17 74 0 45 69 36 45 67
25 83 21 74 0 45 69 36 45 67
24 82 21 73 0 44 68 36 44 67
24 82 21 73 0 52 68 36 44 67
23 82 20 73 0 51 67 35 44 66
23 87 20 73 0 51 67 35 44 66
22 87 19 72 0 51 67 34 44 66
22 87 19 72 0 51 67 34 44 69
21 86 18 71 0 50 67 34 43 69
27 86 18 71 0 50 67 34 43 69
27 85 18 70 0 50 67 34 43 68
27 85 18 70 0 50 67 34 43 68
27 84 18 70 0 50 66 34 42 67
27 84 18 70 0 50 66 34 50 67
26 84 18 70 0 49 65 34 49 67
26 84 18 70 0 49 65 34 49 67
25 84 17 69 0 48 65 33 49 66
25 84 17 69 7 48 65 33 49 66
24 83 17 69 7 48 65 32 48 65
24 83 17 69 7 48 65 32 57 65
23 83 17 68 6 47 64 31 56 65
23 83 17 68 12 47 64 31 56 65
23 82 16 68 11 47 64 31 55 64
23 88 16 68 11 47 64 31 55 64
22 88 16 68 10 47 64 31 54 64
22 88 16 68 10 54 64 31 54 64
22 87 16 67 10 54 64 31 53 63
22 87 16 67 10 59 64 31 53 63
22 87 15 67 10 59 64 31 52 63
22 87 15 67 13 59 64 31 52 63
22 86 15 67 12 58 64 30 52 62
22 86 15 67 12 58 72 30 52 62
22 86 14 66 11 57 72 30 52 61
22 86 14 66 11 57 72 30 53 61
21 85 13 65 10 56 72 29 52 60
21 85 13 65 10 56 72 29 52 66
20 84 12 65 9 56 71 28 51 65
20 84 12 65 9 63 71 28 51 65
20 83 11 64 8 62 71 28 51 65
20 83 11 64 8 67 71 28 51 65
20 82 10 64 7 66 71 28 50 64
20 82 10 64 7 66 71 33 50 64
19 82 9 63 7 65 71 33 50 63
19 82 9 63 7 67 71 33 50 63
19 82 9 63 7 67 70 32 49 63
19 82 9 63 7 67 70 32 49 63
19 82 8 62 7 67 70 31 49 63
27 82 8 62 7 67 70 31 49 63
26 81 7 61 6 66 69 31 48 62
26 81 10 61 6 66 69 31 48 62
25 81 9 60 5 66 68 30 47 62
25 81 9 60 5 66 68 30 47 69
25 80 8 59 4 65 67 30 46 69
25 80 8 59 4 65 67 30 53 69
25 79 7 59 4 64 67 30 53 68
25 79 7 59 4 64 67 30 53 68
25 79 7 59 4 64 67 30 53 68
25 79 13 59 4 64 67 30 53 68
24 78 12 58 4 63 67 30 52 67
24 78 12 58 4 63 67 30 52 76
23 78 12 57 4 63 67 29 52 75
26 78 12 57 4 63 67 29 52 75
26 77 12 57 4 62 67 29 52 75
26 86 12 57 4 62 67 29 52 75
25 86 11 57 4 61 66 28 51 74
25 86 11 61 4 61 66 28 51 74
24 86 11 61 4 61 66 28 51 73
24 86 11 61 4 66 66 28 51 73
24 85 11 60 3 66 65 28 50 72
24 85 11 62 3 66 65 28 50 72
23 85 10 61 3 65 64 28 50 72
28 85 10 61 3 65 64 28 50 72
28 84 10 61 2 64 64 28 49 72
29 84 10 61 2 64 64 28 49 72
28 83 10 61 2 64 64 28 49 71
28 83 10 61 2 64 64 28 58 71
27 82 9 61 2 63 63 28 58 70
27 82 9 61 2 63 63 28 58 77
26 82 8 60 2 63 63 28 57 77
26 82 8 70 2 63 63 28 57 77
26 82 7 69 2 63 62 27 56 76
26 82 7 69 2 63 62 27 56 76
25 82 7 69 2 63 62 26 55 75
25 82 7 69 2 63 62 34 55 75
24 81 6 68 1 62 61 34 55 75
28 81 6 68 1 62 61 34 55 75
28 80 5 68 0 61 60 33 55 75
28 80 5 68 0 70 60 33 55 75
28 80 5 68 0 69 59 33 55 74
28 80 5 68 0 69 59 33 55 74
27 80 4 67 0 68 59 32 55 74
31 80 4 67 0 68 59 32 55 74
30 79 4 67 0 68 59 32 55 73
30 79 4 67 0 68 59 32 55 73
30 79 4 66 0 67 58 31 54 72
30 79 4 66 0 67 58 31 61 72
30 78 3 65 0 67 58 31 61 71
30 85 3 65 0 67 58 31 61 71
29 84 3 65 0 66 58 31 60 70
29 84 3 65 4 66 58 31 60 70
29 84 3 64 3 65 58 30 60 70
29 84 3 64 3 65 66 30 60 70
28 83 3 64 2 64 65 29 59 70
28 83 3 64 3 64 65 29 59 70
28 83 3 63 3 63 65 29 59 70
28 83 3 63 5 63 65 29 59 70
28 83 2 62 4 63 65 28 59 69
35 83 2 62 4 63 65 28 59 69
34 83 2 62 4 62 65 27 58 68
34 83 2 62 14 62 65 27 58 68
33 82 2 62 13 62 64 26 57 68
33 83 2 62 13 62 64 26 57 68
32 82 2 62 13 61 63 25 57 68
32 89 2 62 13 61 63 25 57 68
32 89 2 61 13 60 62 25 57 68
32 89 2 61 13 60 71 25 57 68
32 88 1 60 12 59 71 24 57 67
32 88 1 60 12 59 71 24 57 67
32 87 1 59 11 58 71 24 56 66
32 87 1 59 11 63 71 24 56 66
32 86 0 59 10 62 70 24 56 66
32 86 0 59 14 62 70 24 56 66
31 86 0 58 14 62 69 24 55 65
31 87 0 58 14 62 69 24 55 65
31 86 0 58 14 61 68 23 55 64
31 86 2 58 14 61 68 23 55 64
31 86 2 57 13 60 67 23 55 63
31 86 11 57 13 60 67 23 55 63
31 86 11 57 12 60 67 22 55 63
31 91 11 57 12 60 67 22 55 63
30 90 10 57 12 59 67 22 54 62
30 90 10 63 12 59 67 22 54 62
30 90 10 62 12 59 66 22 54 62
30 90 10 62 12 59 66 28 54 62
29 90 9 62 11 59 65 28 53 61
29 90 9 62 11 67 65 28 53 61
29 89 9 61 11 66 64 27 52 61
31 89 9 61 11 66 64 27 52 61
31 89 9 60 10 66 64 26 52 61
31 89 9 60 10 73 64 26 52 61
30 88 8 60 10 73 63 26 52 60
30 88 11 60 10 73 63 26 52 60
30 87 11 60 10 73 63 26 51 59
30 87 11 60 10 73 63 26 59 59
29 87 11 60 9 72 62 25 58 59
29 87 11 60 9 72 62 25 68 59
28 86 11 60 8 71 61 24 67 58
28 94 11 60 8 71 61 24 67 58
27 93 11 59 7 70 61 24 67 57
27 93 11 59 17 70 61 24 67 57
27 92 10 59 16 69 60 24 67 57
27 92 10 59 16 69 61 24 67 57
27 92 10 58 16 68 60 23 67 57
27 92 10 58 16 68 60 27 67 57
26 92 9 58 15 67 60 27 67 56
26 92 9 58 15 67 60 27 75 56
25 91 8 58 14 66 60 27 75 56
25 91 8 58 14 66 60 27 83 56
25 91 7 57 13 66 60 27 83 56
25 91 7 57 13 66 60 36 83 56
24 91 7 56 13 66 59 35 83 56
24 91 15 56 13 66 59 35 83 56
23 90 15 55 13 66 59 34 83 56
23 90 23 55 13 66 59 34 83 56
22 90 22 54 13 65 58 33 83 56
22 90 22 54 13 65 58 34 83 56
22 90 22 53 13 64 57 33 83 55
22 90 22 56 13 64 57 33 83 55
21 89 21 56 13 64 56 33 83 54
21 89 21 56 13 64 56 33 83 54
21 88 21 56 12 63 56 32 82 53
21 88 21 56 12 69 56 32 82 53
20 88 20 56 12 69 55 32 81 52
20 88 20 56 12 73 55 32 81 52
19 87 19 55 11 73 54 31 80 51
19 87 19 55 11 73 54 31 80 51
18 86 19 54 10 73 53 31 80 50
18 86 19 54 10 73 53 31 80 51
18 85 19 53 9 73 53 30 79 50
18 85 19 53 9 73 53 39 79 50
17 85 18 52 9 72 52 38 78 49
17 85 18 52 9 72 61 38 78 49
16 85 18 52 9 71 61 38 77 48
16 85 22 52 9 71 61 38 77 48
15 85 22 52 8 70 61 37 76 48
15 85 22 52 8 70 61 37 84 48
15 84 21 52 7 69 60 37 83 47
15 91 21 52 7 69 60 37 83 47
14 90 20 51 7 69 60 37 82 46
14 90 20 56 7 69 60 37 82 46
13 89 19 56 6 69 59 36 82 45
13 89 19 56 6 69 60 36 82 45
13 89 19 55 6 68 59 36 82 45
13 89 19 55 12 68 59 36 82 45
13 89 18 54 12 67 59 35 82 44
13 89 18 54 12 67 59 42 82 44
12 88 18 53 11 66 58 42 82 44
12 88 18 53 11 66 58 42 82 44
12 87 18 52 11 65 57 42 81 44
19 87 18 52 11 65 57 42 81 44
19 87 18 51 10 64 57 41 81 44
26 87 18 51 10 64 57 41 81 44
25 87 18 51 10 64 56 40 80 44
25 90 18 51 10 64 56 40 80 44
25 89 18 51 10 63 55 39 80 44
25 94 18 51 10 63 55 39 80 44
24 94 17 51 9 63 54 38 79 43
24 94 17 51 9 63 54 38 89 43
24 94 16 51 8 62 53 38 89 43
24 94 16 51 8 62 63 38 89 43
24 94 15 51 8 61 63 38 89 42
24 96 15 51 8 61 63 38 89 42
23 96 14 50 7 60 63 38 88 42
28 96 14 50 7 60 63 38 88 42
27 96 14 49 6 60 62 38 87 42
27 101 14 49 6 60 62 38 87 42
27 100 13 49 5 60 62 38 86 41
27 100 13 49 5 60 62 38 86 41
26 99 13 48 4 59 61 38 85 41
26 99 13 48 4 59 61 38 90 41
26 98 13 47 3 59 61 38 90 40
26 98 13 57 3 59 61 38 90 40
25 97 12 57 3 59 60 38 89 40
25 97 12 59 3 59 60 38 89 40
25 97 12 59 3 59 60 38 88 40
25 97 12 59 3 59 60 38 88 40
25 96 11 58 2 59 59 38 88 39
25 99 11 58 2 59 59 38 88 39
25 98 11 57 1 59 58 37 88 39
25 98 21 57 1 59 58 37 88 39
25 97 21 56 0 59 58 37 88 39
25 97 21 56 0 59 59 37 88 39
24 96 20 55 0 58 58 36 88 39
24 96 20 55 0 58 58 45 88 39
23 95 20 54 0 58 58 45 88 39
23 95 20 54 0 60 58 45 88 39
23 94 20 54 0 60 57 44 87 39
23 94 20 54 0 64 57 44 87 39
22 94 19 54 0 64 57 43 87 38
22 94 19 62 0 64 57 43 87 38
21 93 19 62 0 64 56 42 86 38
21 97 19 62 0 64 56 42 86 38
20 96 18 62 0 64 56 41 86 38
20 96 18 62 0 64 56 41 86 38
20 95 18 61 0 63 55 41 85 37
20 103 18 61 0 63 55 41 85 37
20 102 18 61 0 62 54 40 85 37
20 102 18 61 0 62 54 40 88 37
20 101 18 61 0 61 53 40 88 36
20 101 18 61 0 65 53 40 88 36
20 101 17 60 0 65 52 40 87 35
20 101 17 60 0 72 52 40 87 35
20 100 17 59 0 72 51 40 87 35
20 100 17 59 0 72 51 42 87 35
19 100 17 59 0 71 50 42 86 35
28 100 17 59 0 71 50 42 86 35
28 100 17 59 0 70 50 42 85 35
28 100 17 59 0 70 50 42 85 42
27 100 17 59 0 70 50 41 85 42
27 102 17 59 0 70 50 41 85 42
27 101 17 59 0 69 49 41 85 41
27 101 17 59 0 69 49 41 85 45
26 100 17 59 0 69 49 40 85 45
26 100 17 59 10 69 49 40 85 45
25 99 17 59 9 68 48 40 85 45
25 100 17 59 9 68 48 40 85 45
24 100 17 58 9 67 47 39 84 44
32 100 17 58 9 67 47 39 84 44
31 99 16 57 8 67 46 39 83 43
31 99 16 57 8 67 46 39 83 44
30 99 16 57 8 67 45 39 82 43
30 104 16 57 8 67 45 39 82 43
29 104 16 57 8 67 45 39 81 42
29 104 16 57 8 67 45 45 81 42
29 104 16 57 8 67 45 44 80 42
29 104 16 62 8 67 45 44 80 42
29 104 16 61 8 66 44 43 79 41
29 107 16 61 8 66 44 43 79 41
28 107 15 61 7 66 44 42 78 41
28 107 15 61 7 66 44 42 78 44
27 106 15 60 7 66 44 41 77 44
27 106 15 60 7 66 44 41 77 46
26 105 15 59 7 65 44 41 76 46
26 105 15 64 7 65 44 41 76 46
26 105 14 64 7 64 44 41 75 46
26 105 14 64 7 64 44 45 75 46
25 104 13 64 7 63 43 45 74 45
25 104 13 64 12 63 43 45 74 45
24 104 13 64 12 62 43 44 73 45
24 104 13 64 12 62 43 44 73 45
23 103 13 63 12 61 42 44 73 45
23 103 19 63 12 61 42 44 73 45
23 103 19 63 12 60 41 44 72 45
23 103 19 63 19 60 41 44 72 45
22 102 19 63 18 60 40 43 72 44
22 102 19 63 18 60 40 50 72 44
21 101 18 62 18 60 40 50 71 43
21 108 18 62 18 60 40 50 71 43
21 107 17 62 18 60 40 50 70 42
21 107 17 62 18 60 40 54 70 42
20 106 17 61 17 60 39 54 70 41
20 106 17 61 17 60 39 54 70 48
20 106 16 61 17 59 39 53 69 47
20 106 16 61 17 60 39 53 69 47
20 105 16 60 17 60 39 53 68 46
20 105 16 66 17 60 39 53 68 46
20 105 16 66 16 60 38 53 67 46
20 105 16 66 16 60 38 53 67 52
20 105 15 65 16 59 37 53 66 52
20 105 15 65 16 59 37 53 67 52
19 104 14 65 15 58 37 53 66 52
19 104 14 65 15 58 37 53 66 56
19 103 14 64 15 57 37 52 65 55
19 103 14 66 15 57 37 52 65 55
18 102 13 66 14 57 36 52 65 54
18 102 13 66 14 57 36 58 65 54
18 101 13 65 14 56 35 57 65 53
18 101 13 65 14 61 35 57 65 53
18 101 13 65 13 61 34 56 64 53
18 101 13 71 13 61 34 56 64 53
17 101 12 71 13 61 34 56 64 52
17 101 12 71 13 61 34 56 64 52
17 100 12 70 13 61 34 56 63 52
17 100 12 70 13 61 34 56 63 53
17 100 12 70 13 61 34 55 62 52
17 100 12 70 17 61 34 55 62 52
17 99 11 70 17 60 34 55 61 51
17 99 19 70 17 60 34 55 61 51
17 99 19 69 16 59 33 54 60 51
17 99 19 69 16 59 36 54 60 51
17 98 19 68 16 59 36 53 60 50
17 98 19 68 16 68 36 53 60 50
16 98 19 68 15 67 36 52 59 50
16 98 19 68 15 67 36 56 59 50
16 97 19 68 14 67 36 55 59 49
16 97 19 68 19 67 36 55 59 49
15 96 18 68 19 66 36 55 58 48
15 96 18 68 19 66 36 62 58 48
15 96 18 68 19 66 35 61 57 47
15 96 18 68 19 66 35 61 57 47
15 96 18 67 18 66 35 61 56 47
15 96 18 67 18 66 35 61 56 47
14 95 18 67 17 65 35 61 56 46
14 95 18 75 17 65 35 61 56 46
14 94 18 74 16 64 35 61 56 45
14 94 18 74 16 64 35 61 57 45
14 94 17 73 16 64 34 60 56 45
14 94 17 73 16 64 34 60 56 47
13 94 17 73 16 63 33 60 56 46
15 94 17 73 16 63 33 60 56 46
14 93 17 73 15 62 33 60 56 45
14 93 17 77 15 62 33 60 56 45
14 93 16 76 14 62 33 59 55 44
14 93 16 76 14 71 33 59 55 44
14 93 15 76 13 71 32 59 54 44
14 102 15 76 13 71 32 59 54 44
13 101 14 75 12 70 32 59 53 44
13 109 14 75 12 70 32 59 53 44
12 108 13 75 11 69 32 58 52 43
12 108 13 75 11 69 39 58 52 43
11 108 12 74 10 68 39 58 51 42
11 108 12 74 10 68 47 58 51 42
10 107 12 73 9 68 46 57 51 41
10 107 12 73 13 68 46 57 51 41
9 107 12 73 13 68 46 56 51 41
9 107 12 73 13 68 46 56 51 41
8 106 12 72 12 67 45 55 51 40
8 106 12 76 12 67 45 55 51 40
8 105 12 76 12 66 45 55 50 39
8 105 12 76 12 66 45 55 50 39
8 105 11 75 12 65 44 54 49 39
8 105 20 75 12 65 44 54 49 39
8 105 20 74 11 65 43 54 48 38
8 114 20 74 11 65 43 54 48 38
7 114 20 74 11 65 42 54 47 37
7 120 20 74 11 65 42 54 47 37
7 119 20 74 11 64 42 54 46 37
7 119 20 74 11 64 51 54 46 37
7 119 19 73 10 64 50 53 45 36
7 119 19 80 10 64 50 53 45 36
6 118 18 80 10 64 50 52 44 36
6 118 18 80 18 64 50 52 44 36
6 118 18 79 18 64 50 51 43 35
6 118 18 79 28 64 50 51 43 35
6 117 17 79 27 63 50 51 42 35
6 117 17 85 27 63 50 51 42 35
6 117 16 85 27 62 50 51 42 34
6 117 16 85 27 62 50 51 42 36
5 117 15 84 27 61 50 51 41 35
5 117 24 84 27 61 50 51 41 35
4 117 24 84 26 61 50 51 40 34
4 117 24 84 26 61 50 51 40 37
3 117 23 84 26 60 49 51 40 36
3 117 23 84 26 60 51 51 40 36
3 117 23 84 25 59 50 50 40 36
3 117 23 84 34 59 50 50 40 36
3 116 23 84 33 58 49 49 39 36
3 116 23 84 33 58 59 49 39 36
2 115 22 83 32 57 58 49 39 35
3 115 22 83 32 57 58 49 39 35
2 114 22 82 32 56 58 49 38 34
2 122 22 82 32 56 58 49 38 34
1 122 21 81 32 55 58 49 38 33
1 130 21 81 32 55 58 49 38 33
1 130 20 81 32 55 57 49 38 32
1 130 20 87 32 55 57 49 38 32
0 130 19 86 31 55 56 49 37 32
0 130 19 86 31 55 56 49 39 32
0 129 19 86 31 54 55 49 39 31
7 129 19 86 31 54 55 49 39 31
7 128 18 85 30 54 55 49 39 31
8 128 18 85 30 54 55 49 39 31
8 127 17 85 29 54 55 49 38 31
8 127 17 85 38 54 55 49 38 31
7 127 17 85 38 53 55 49 37 31
7 127 17 94 38 53 55 49 37 31
7 126 16 94 38 53 55 48 37 30
7 126 16 94 39 53 55 48 37 30
