1000 10
0 0 0 0 0 0 0 0 0 0
0 0 0 0 0 26 0 0 0 0
0 0 0 0 0 26 0 0 0 0
0 0 60 0 0 26 0 0 0 0
0 0 60 0 0 19 0 0 0 0
0 0 60 0 0 19 0 94 0 0
0 0 57 0 0 18 0 90 0 0
0 0 57 0 0 18 50 90 0 0
0 0 54 0 0 13 44 86 0 0
0 0 54 0 0 77 44 86 0 0
0 0 44 0 0 71 43 83 0 0
0 0 91 0 0 71 43 83 0 0
0 0 85 0 0 67 35 81 0 0
34 0 85 0 0 67 35 81 0 0
34 0 85 0 0 60 34 79 0 0
59 0 85 0 0 60 34 79 0 0
54 0 81 0 0 53 30 71 0 0
55 0 81 0 0 53 30 71 0 0
52 0 80 0 0 52 26 71 0 0
52 0 80 0 0 52 26 71 0 89
49 0 71 0 0 49 26 65 0 79
49 0 71 0 0 49 26 157 0 79
45 0 68 0 0 47 17 156 0 77
45 0 68 86 0 47 17 156 0 77
41 0 63 77 0 47 15 156 0 69
41 0 63 77 0 47 70 156 0 69
31 0 54 74 0 44 64 146 0 59
31 0 54 74 0 131 64 146 0 59
30 0 49 66 0 125 64 136 0 59
30 0 49 66 0 125 102 136 0 59
30 0 42 61 0 121 93 131 0 52
30 0 42 61 0 121 170 131 0 52
28 0 39 52 0 118 162 126 0 44
61 0 39 52 0 118 162 126 0 44
53 0 32 48 0 111 155 122 0 34
53 0 59 48 0 111 155 122 0 34
50 0 58 39 0 106 151 122 0 26
50 0 58 45 0 106 151 122 0 26
49 0 55 42 0 100 150 114 0 23
49 0 55 42 0 100 150 191 0 23
46 0 49 40 0 95 143 187 0 21
46 0 49 40 0 95 143 264 0 21
43 0 47 36 0 92 143 257 0 21
43 0 47 36 5 92 143 257 0 21
35 0 47 30 0 83 141 252 0 19
35 0 47 30 0 83 197 252 0 19
30 0 45 22 0 77 196 252 0 19
30 0 134 22 0 77 196 252 0 19
26 0 132 13 0 68 190 252 0 17
26 0 132 13 0 68 284 252 0 17
21 0 130 6 0 59 281 251 0 11
21 49 130 6 0 59 281 251 0 11
15 44 128 5 0 52 274 249 0 6
15 44 128 5 0 52 346 249 0 6
8 38 127 3 0 51 338 244 0 0
8 38 127 3 0 81 338 244 0 0
6 34 120 0 0 76 336 241 0 0
6 34 120 0 0 76 336 241 0 59
0 28 116 0 0 71 327 241 0 53
0 36 116 0 0 71 327 241 0 53
0 33 114 0 0 71 321 234 0 46
0 33 114 0 0 71 321 234 0 49
0 32 109 0 0 67 316 226 0 45
0 32 109 0 95 67 316 226 0 45
0 25 108 0 93 67 316 216 0 37
0 25 108 0 93 67 316 216 73 37
0 17 104 0 92 66 310 214 66 35
0 17 104 0 92 66 310 214 66 63
0 10 98 0 87 56 307 211 56 58
0 92 98 0 87 56 307 211 56 58
0 88 94 0 79 51 301 201 51 48
0 88 144 0 79 51 301 201 51 48
0 83 141 0 77 44 300 192 42 40
0 83 141 61 77 44 300 192 42 40
0 83 138 58 68 37 297 192 38 33
0 83 138 58 68 37 297 192 38 77
0 79 132 52 64 28 287 190 33 71
0 79 132 52 64 28 287 190 111 71
0 76 129 52 54 24 285 190 109 66
0 76 129 52 123 24 285 190 109 66
0 70 126 52 117 24 280 186 102 61
0 70 126 52 117 38 280 186 102 61
0 66 123 51 115 31 274 183 95 53
0 66 123 51 115 31 274 183 189 53
0 63 120 45 106 21 266 173 187 48
0 63 120 45 106 21 314 173 187 48
0 54 111 45 103 17 307 172 178 42
0 54 111 45 103 17 307 172 178 90
0 52 104 45 93 10 307 163 172 89
0 52 104 45 93 10 395 163 172 89
0 44 101 45 86 10 390 159 169 87
0 44 132 45 86 10 390 159 169 87
0 41 129 42 82 1 382 156 168 85
0 41 189 42 82 1 382 156 168 85
0 40 179 40 80 0 379 154 167 84
0 40 179 128 80 0 379 154 167 84
0 31 178 128 70 0 371 154 161 79
0 31 178 128 70 0 435 154 161 79
0 25 169 120 65 0 435 146 158 75
61 25 169 120 65 0 435 146 158 75
58 16 162 113 65 0 434 138 157 68
58 16 162 113 65 0 434 155 157 68
50 6 158 110 61 0 433 153 152 64
131 6 158 110 61 0 433 153 152 64
121 0 149 108 51 0 425 153 145 60
121 0 149 108 51 0 425 230 145 60
119 0 148 103 45 0 424 220 135 55
119 0 148 103 45 0 424 220 135 87
109 0 140 97 44 0 417 214 134 87
109 0 140 97 44 0 417 214 157 87
104 0 131 92 42 0 410 214 148 82
104 76 131 92 42 0 410 214 148 82
99 68 126 86 33 0 401 213 140 72
99 68 126 86 33 91 401 213 140 72
96 65 121 79 33 87 394 213 138 70
96 65 121 82 33 87 394 213 138 70
90 60 119 74 23 83 387 210 137 68
90 60 119 74 23 83 387 210 137 158
85 52 115 66 19 73 382 203 137 148
85 53 115 66 19 73 382 203 137 148
84 44 108 61 9 69 380 197 129 148
84 44 108 61 9 69 380 265 129 148
83 35 106 52 0 66 378 256 125 141
83 70 106 52 0 66 378 256 125 141
76 63 103 50 0 61 373 250 117 135
76 63 103 50 76 61 373 250 117 135
70 53 96 44 66 60 368 248 116 133
70 53 96 44 66 60 368 248 116 209
67 51 96 42 59 55 361 241 114 200
67 51 96 42 59 55 361 241 114 242
58 48 94 37 50 45 354 239 107 233
58 48 94 37 50 45 354 331 107 233
54 46 92 30 41 45 353 329 99 223
54 46 92 30 79 45 353 329 99 223
50 45 87 27 75 37 353 326 98 221
50 45 87 27 75 37 353 369 98 221
42 38 87 22 66 37 349 366 94 211
42 38 87 22 66 37 349 366 94 306
41 28 85 12 62 34 340 363 88 298
68 28 85 12 62 34 340 363 88 298
61 28 79 12 59 26 331 356 78 290
61 28 79 12 59 26 358 356 78 290
61 24 75 4 59 18 355 348 73 289
61 24 75 4 64 18 355 348 73 289
56 15 71 0 54 17 346 341 66 280
56 15 71 41 54 17 346 341 66 280
49 6 69 40 53 15 345 337 58 270
49 6 69 40 53 15 345 412 58 270
41 5 68 40 50 15 337 408 52 263
41 5 68 40 50 15 337 468 52 263
32 0 59 39 45 12 329 462 45 262
32 0 59 39 45 12 329 462 110 262
32 0 52 32 40 8 322 460 105 261
32 21 52 32 40 8 322 460 105 261
32 13 46 24 39 7 317 453 97 257
32 13 46 24 39 7 317 453 97 273
30 9 38 18 37 3 311 452 87 269
30 9 105 18 37 3 311 452 87 269
26 5 96 16 32 0 302 443 82 266
26 5 96 16 32 27 302 443 82 266
23 3 92 7 32 23 302 437 72 264
23 3 92 7 32 23 302 454 72 264
15 0 87 3 25 19 300 449 72 258
15 0 87 3 25 19 300 449 72 320
14 0 78 0 22 13 292 445 66 319
14 0 78 0 22 13 292 445 66 385
13 0 74 0 13 3 291 441 58 384
13 0 74 38 13 3 291 441 58 384
7 0 68 34 4 2 286 433 50 376
7 0 68 34 4 2 286 433 114 376
3 0 58 27 2 0 278 432 113 370
3 0 144 27 2 0 278 432 113 370
0 0 140 25 0 0 271 426 112 365
0 0 140 62 0 0 271 426 112 365
0 0 136 52 0 0 261 417 102 365
0 28 136 52 0 0 261 417 102 365
0 21 129 44 0 0 258 412 101 363
86 21 129 44 0 0 258 412 101 363
81 20 128 38 0 0 249 405 101 362
81 20 128 38 0 0 249 405 101 398
78 15 127 30 0 0 243 404 97 390
78 15 127 30 0 0 292 404 97 390
76 12 122 25 0 0 283 395 88 383
76 12 122 25 0 0 283 395 115 383
72 7 118 22 0 0 276 388 107 377
72 7 118 22 0 0 276 388 107 377
71 1 108 20 0 0 273 382 100 376
71 60 108 20 0 0 273 382 100 376
61 50 107 19 0 0 267 372 94 374
61 50 107 19 26 0 267 372 94 374
52 41 106 19 16 0 258 366 85 365
52 41 106 19 16 7 258 366 85 365
44 38 98 17 13 0 248 363 78 360
76 38 98 17 13 0 248 363 78 360
70 32 98 10 8 0 238 354 75 355
70 32 141 10 8 0 238 354 75 355
70 32 132 8 8 0 238 345 70 348
70 55 132 8 8 0 238 345 70 348
61 47 131 2 0 0 229 335 68 347
61 47 131 2 0 70 229 335 68 347
54 42 122 1 0 64 229 332 60 346
54 42 145 1 0 64 229 332 60 346
52 34 140 0 0 60 228 327 59 339
52 123 140 0 0 60 228 327 59 339
45 123 132 0 0 55 225 327 58 335
45 123 132 65 0 55 225 327 58 335
45 123 130 62 0 55 219 319 54 325
45 123 130 75 0 55 219 319 54 325
38 115 126 67 0 45 211 319 54 324
38 115 126 67 0 45 220 319 54 324
36 112 126 64 0 35 216 315 47 320
36 150 126 64 0 35 216 315 47 320
29 147 121 57 0 27 213 306 42 314
29 147 121 57 0 27 213 306 132 314
26 141 120 53 0 25 212 297 127 305
26 141 120 95 0 25 212 297 127 305
22 135 114 92 0 23 210 287 127 303
22 135 114 92 0 23 210 358 127 303
19 134 108 88 0 16 200 350 117 296
19 134 108 88 0 16 283 350 117 296
9 129 105 84 0 9 281 348 113 287
9 129 105 84 0 9 281 348 113 363
0 126 102 79 0 8 279 338 111 358
0 126 102 83 0 8 279 338 111 358
0 121 95 76 0 2 276 336 104 351
0 121 95 76 34 2 276 336 104 351
0 114 94 74 28 2 274 335 96 342
0 161 94 74 28 2 274 335 96 342
0 153 84 66 24 0 265 333 87 335
0 153 125 66 24 0 265 333 87 335
0 145 119 62 15 0 264 325 86 325
85 145 119 62 15 0 264 325 86 325
83 137 115 61 10 0 260 324 81 318
83 137 115 61 10 0 260 324 81 367
78 134 114 52 3 0 250 323 77 363
78 134 114 52 3 0 250 323 109 363
71 124 107 50 0 0 246 319 102 360
71 124 145 50 0 0 246 319 102 360
70 114 142 47 0 0 239 319 96 359
113 114 142 47 0 0 239 319 96 359
109 107 140 39 0 0 232 315 94 357
138 107 140 39 0 0 232 315 94 357
137 97 137 32 0 0 223 306 86 348
137 97 137 32 0 0 223 398 86 348
133 89 128 30 0 0 223 398 77 341
133 89 128 30 0 0 223 398 155 341
125 88 123 28 0 0 222 388 150 333
125 88 123 28 0 84 222 388 150 333
122 87 117 21 0 80 216 379 143 331
122 87 117 21 0 80 216 379 204 331
116 84 117 16 0 80 216 376 199 325
133 84 117 16 0 80 216 376 199 325
130 80 109 12 0 75 206 368 197 325
130 80 109 66 0 75 206 368 197 325
126 72 108 60 0 73 201 368 196 317
126 72 108 60 35 73 201 368 196 317
119 63 100 59 31 64 194 358 196 309
119 63 114 59 31 64 194 358 196 309
111 57 107 51 23 59 189 354 192 309
145 57 107 51 23 59 189 354 192 309
140 56 102 45 22 50 183 345 190 300
140 56 102 45 22 50 183 387 190 300
130 55 94 35 14 47 175 379 190 294
130 55 94 35 19 47 175 379 190 294
125 45 89 34 16 46 173 369 187 286
169 45 89 34 16 46 173 369 187 286
160 37 88 27 6 37 168 369 185 279
160 37 158 27 6 37 168 369 185 279
153 35 154 27 0 32 168 360 177 273
153 72 154 27 0 32 168 360 177 273
147 72 150 17 0 32 168 354 174 267
173 72 150 17 0 32 168 354 174 267
173 71 147 13 0 29 164 346 173 265
173 71 147 13 26 29 164 346 173 265
172 66 144 3 17 28 155 343 164 265
172 73 144 3 17 28 155 343 164 265
170 63 138 2 12 27 145 339 154 259
170 63 138 2 12 27 146 339 154 259
165 58 137 0 10 17 146 333 149 258
165 74 137 0 10 17 146 333 149 258
164 65 127 0 0 14 143 328 149 254
164 138 127 0 0 14 143 328 149 254
160 129 126 0 0 6 141 324 144 251
160 129 126 0 45 6 141 324 144 251
151 125 123 0 39 0 136 320 138 248
151 125 123 18 39 0 136 320 138 248
146 122 115 11 30 0 128 313 128 239
146 122 115 11 30 0 128 334 128 239
136 114 110 7 22 0 128 327 118 232
136 114 110 7 22 0 185 327 118 232
134 106 104 2 14 0 178 327 110 231
134 106 104 2 14 31 178 327 110 231
125 104 100 0 14 21 170 326 100 221
125 104 100 0 14 95 170 326 100 221
121 103 100 0 5 89 170 319 90 215
121 103 100 0 5 89 170 319 100 215
119 100 100 0 0 89 162 317 97 213
119 100 100 0 0 89 242 317 97 213
112 90 98 0 0 83 234 314 89 207
207 90 98 0 0 83 234 314 89 207
203 87 88 0 0 78 232 312 82 207
203 87 88 0 34 78 232 312 82 207
201 80 88 0 27 68 231 311 82 202
201 80 88 0 42 68 231 311 82 202
197 77 84 0 37 66 226 301 78 195
197 77 84 0 37 66 226 386 78 195
189 74 79 0 28 63 221 383 77 190
189 74 79 0 28 113 221 383 77 190
179 71 78 0 20 104 221 381 75 188
270 71 78 0 20 104 221 381 75 188
264 62 70 0 12 104 218 374 69 181
264 110 70 0 12 104 218 374 69 181
255 101 60 0 9 98 213 372 68 179
255 101 60 0 100 98 213 372 68 179
246 100 60 0 91 89 206 364 59 170
263 100 60 0 91 89 206 364 59 170
261 97 53 0 82 79 199 357 50 163
289 97 53 0 82 79 199 357 50 163
282 93 50 0 72 76 192 356 50 157
282 93 50 0 72 101 192 356 50 157
275 86 42 0 71 94 183 348 41 149
275 86 42 10 71 94 183 348 41 149
272 79 39 6 64 92 180 343 40 146
272 138 39 6 64 92 180 343 40 146
262 136 39 0 63 86 179 343 40 137
262 136 39 0 63 86 179 429 40 137
258 132 33 0 58 83 172 426 33 130
258 132 107 0 58 83 172 426 33 130
250 126 105 0 54 79 172 425 25 128
250 126 105 0 54 79 172 479 25 128
245 119 97 0 52 76 170 479 22 127
245 119 97 0 52 86 170 479 22 127
236 114 91 0 51 86 165 473 20 124
236 114 91 0 51 86 165 555 20 124
234 105 89 0 49 82 160 555 10 118
234 105 89 65 49 82 160 555 10 118
224 99 81 56 49 77 150 547 4 118
224 99 81 56 49 77 150 547 4 211
224 99 73 54 44 71 147 539 0 207
224 99 73 54 44 110 147 539 0 207
224 91 73 48 34 102 139 530 0 201
224 91 73 48 34 102 139 572 0 201
218 87 63 43 30 101 133 564 0 198
218 117 63 43 30 101 133 564 0 198
214 117 63 37 20 98 129 555 0 193
224 117 63 37 20 98 129 555 0 193
216 111 53 28 13 92 128 552 0 191
216 111 53 28 48 92 128 552 0 191
214 108 45 23 48 85 126 550 0 187
214 108 45 29 48 85 126 550 0 187
210 104 40 28 43 78 120 541 0 177
210 104 40 28 135 78 120 541 0 177
209 104 31 25 131 75 118 535 0 173
209 104 31 25 131 170 118 535 0 173
203 94 30 16 127 161 118 525 0 169
203 94 30 16 127 161 197 525 0 169
195 90 24 13 126 156 197 525 0 162
195 90 24 13 126 156 197 525 0 254
189 86 16 3 121 156 190 517 0 252
189 86 16 3 121 156 190 609 0 252
185 80 8 0 114 153 190 606 0 243
185 80 8 46 114 153 190 606 0 243
177 71 4 45 107 148 182 600 0 241
177 71 4 45 150 148 182 600 0 241
168 66 0 37 140 146 181 594 0 239
168 66 0 37 140 146 181 594 0 254
163 59 0 30 140 139 171 592 0 252
163 59 0 30 197 139 171 592 0 252
158 58 0 22 197 136 163 587 0 249
158 58 0 22 197 136 163 587 64 249
156 54 0 12 190 126 158 580 56 245
156 54 0 12 190 126 158 580 56 280
147 53 0 9 189 126 150 576 54 276
147 53 0 9 189 126 150 576 121 276
145 44 0 5 179 120 150 575 113 269
145 44 0 5 245 120 150 575 113 269
140 39 0 0 241 116 148 571 113 269
140 39 0 0 242 116 148 571 113 269
136 37 0 0 236 106 141 569 108 259
136 37 0 0 236 106 141 652 108 259
132 35 0 0 226 97 140 642 99 251
132 35 0 0 226 97 140 642 99 336
125 27 0 0 218 90 130 636 97 328
125 27 0 0 218 120 130 636 97 328
125 25 0 0 209 119 128 626 97 323
125 25 0 0 209 119 128 626 97 358
117 17 0 0 202 109 126 621 87 357
117 75 0 0 202 109 126 621 87 357
111 66 0 0 202 101 124 614 86 356
111 66 0 0 202 174 124 614 86 356
101 66 0 0 194 170 124 609 80 356
101 66 0 0 261 170 124 609 80 356
95 63 0 0 258 162 119 600 76 346
95 63 0 54 258 162 119 600 76 346
93 54 0 49 254 161 118 596 69 336
93 54 0 49 254 161 118 619 69 336
85 48 0 49 252 158 115 614 66 326
85 48 0 49 252 158 115 614 66 326
80 38 0 42 243 152 115 606 64 316
80 38 0 65 243 152 115 606 64 316
80 36 0 61 240 144 112 603 55 316
80 36 84 61 240 144 112 603 55 316
73 28 82 51 234 141 108 598 48 316
73 28 82 51 234 177 108 598 48 316
71 18 77 44 224 172 102 592 47 311
71 107 77 44 224 172 102 592 47 311
61 106 76 41 215 171 92 588 41 306
61 106 76 41 217 171 92 588 41 306
55 106 72 41 214 163 84 578 31 299
55 106 72 104 214 163 84 578 31 299
49 97 62 94 206 159 80 573 24 289
49 97 62 94 206 159 80 657 24 289
40 88 54 85 205 159 73 653 19 286
40 88 54 85 205 217 73 653 19 286
38 82 54 80 201 216 69 647 16 284
38 82 78 80 201 216 69 647 16 284
30 73 78 80 201 206 60 638 6 274
30 73 78 80 296 206 60 638 6 274
23 69 78 78 296 206 60 633 6 266
23 69 78 78 296 206 60 633 6 360
21 66 75 74 290 200 53 624 2 357
21 66 75 74 290 200 53 624 26 357
15 63 65 66 280 200 53 618 18 356
15 63 65 66 280 200 53 618 18 394
6 55 62 59 277 190 47 611 18 384
6 55 62 59 277 263 47 611 18 384
4 48 52 49 273 258 39 607 8 384
4 48 52 49 330 258 39 607 8 384
0 45 47 44 328 255 34 597 5 377
0 45 47 44 328 255 34 597 5 452
0 35 46 39 320 245 32 590 1 448
0 50 46 39 320 245 32 590 1 448
0 43 42 37 311 244 24 580 0 441
0 43 42 54 311 244 24 580 0 441
0 42 32 53 303 236 19 574 0 438
0 42 32 121 303 236 19 574 0 438
0 32 25 119 296 226 13 573 0 433
0 32 25 119 296 301 13 573 0 433
0 32 18 115 288 298 7 566 0 431
0 32 18 115 288 298 7 633 0 431
0 28 10 105 288 298 7 627 0 426
0 28 10 105 351 298 7 627 0 426
0 25 4 105 346 290 5 624 0 419
0 25 4 184 346 290 5 624 0 419
0 16 2 182 344 286 2 617 0 409
0 16 2 182 344 335 2 617 0 409
0 9 2 179 342 334 0 609 0 407
0 9 90 179 342 334 0 609 0 407
0 0 87 173 340 327 0 599 0 403
0 0 87 246 340 327 0 599 0 403
0 0 84 237 336 323 0 598 0 401
0 0 84 237 336 323 67 598 0 401
0 0 76 233 331 314 66 593 0 400
0 0 76 274 331 314 66 593 0 400
0 0 67 271 330 309 60 590 0 390
0 1 67 271 330 309 60 590 0 390
0 0 66 263 325 300 60 586 0 388
0 0 66 263 325 300 60 586 30 388
0 0 61 253 322 296 51 577 30 385
0 0 61 253 322 296 51 577 30 385
0 0 54 248 321 287 44 573 21 380
0 0 54 312 321 287 44 573 21 380
0 0 54 311 314 281 41 572 20 373
0 0 54 311 314 372 41 572 20 373
0 0 54 303 314 365 39 563 18 368
0 0 54 303 314 365 39 563 18 433
0 0 51 302 309 360 30 558 12 427
0 19 51 302 309 360 30 558 12 427
0 14 41 296 300 353 29 557 6 420
0 14 41 296 354 353 29 557 6 420
0 5 40 292 354 346 25 548 0 410
0 5 40 292 354 346 25 548 0 482
0 0 39 289 347 345 21 540 0 476
0 0 39 289 347 345 21 605 0 476
0 0 29 289 344 340 18 604 0 466
0 22 29 289 344 340 18 604 0 466
0 15 29 289 341 335 18 598 0 463
0 15 29 289 341 335 18 598 64 463
0 5 22 280 332 329 18 598 64 453
0 5 22 280 390 329 18 598 64 453
0 0 20 275 383 325 15 588 64 450
0 0 20 275 383 325 15 588 128 450
0 0 10 269 382 322 14 583 118 450
0 0 10 269 382 322 14 666 118 450
0 0 3 267 382 317 4 656 108 443
0 0 3 347 382 317 4 656 108 443
0 0 0 346 375 312 0 649 107 440
0 0 0 346 375 401 0 649 107 440
0 0 0 345 366 394 0 639 98 440
0 0 0 345 366 394 0 639 162 440
0 0 0 344 356 393 0 639 152 439
0 0 0 344 356 393 0 639 242 439
0 0 0 344 356 387 0 637 237 432
0 44 0 344 356 387 0 637 237 432
0 40 0 340 348 386 0 633 235 427
9 40 0 340 348 386 0 633 235 427
3 36 0 339 345 377 0 631 232 422
3 36 0 339 345 377 0 652 232 422
2 29 0 335 335 368 0 646 227 422
2 29 0 335 335 368 0 646 227 449
0 28 0 332 327 363 0 637 225 447
0 28 0 332 327 363 0 637 284 447
0 20 0 323 325 363 0 637 278 443
0 20 0 323 325 363 36 637 278 443
0 10 0 319 319 358 29 629 268 433
0 85 0 319 319 358 29 629 268 433
0 75 0 310 313 353 26 627 263 427
0 75 0 310 313 353 26 668 263 427
0 73 0 309 310 346 19 667 260 423
0 73 0 309 397 346 19 667 260 423
0 67 0 303 394 341 16 665 256 413
0 67 48 303 394 341 16 665 256 413
0 63 45 303 384 338 12 663 251 413
0 63 45 303 384 338 12 718 251 413
0 55 45 303 377 331 8 709 251 412
0 55 45 303 391 331 8 709 251 412
0 49 35 297 384 321 0 705 248 408
0 49 35 297 384 321 0 705 248 447
0 45 27 290 374 311 0 697 248 447
0 45 27 290 429 311 0 697 248 447
0 39 18 290 423 307 0 695 240 441
0 39 18 290 423 400 0 695 240 441
0 38 18 287 421 394 0 688 237 440
52 38 18 287 421 394 0 688 237 440
51 36 10 278 411 384 0 684 235 435
51 36 10 278 506 384 0 684 235 435
42 26 10 278 499 384 0 682 232 434
42 26 81 278 499 384 0 682 232 434
35 17 75 269 496 375 0 673 226 425
35 17 75 269 496 375 0 673 230 425
31 9 68 263 490 371 0 670 227 420
31 9 68 263 490 371 0 670 227 491
26 6 64 259 490 368 0 666 219 481
26 6 64 259 505 368 0 666 219 481
18 3 54 258 498 361 0 661 214 480
18 3 54 258 545 361 0 661 214 480
16 0 51 253 535 360 0 651 205 475
36 0 51 253 535 360 0 651 205 475
27 0 51 252 529 354 0 646 200 470
27 0 51 252 529 354 0 646 250 470
18 0 44 252 528 351 0 644 248 464
24 0 44 252 528 351 0 644 248 464
22 0 39 243 527 344 0 644 243 464
22 13 39 243 527 344 0 644 243 464
22 5 33 242 522 343 0 643 239 462
22 5 33 242 586 343 0 643 239 462
12 3 23 233 584 343 0 635 229 462
12 41 23 233 584 343 0 635 229 462
7 40 20 227 582 335 0 625 222 457
7 40 20 227 582 335 0 625 222 479
3 36 19 220 582 325 0 624 215 478
3 36 19 220 582 325 0 653 215 478
0 31 12 214 574 318 0 645 210 478
0 31 12 214 617 318 0 645 210 478
0 30 2 209 615 313 0 642 207 468
0 30 2 209 615 313 0 664 207 468
0 30 0 200 608 303 0 656 200 464
78 30 0 200 608 303 0 656 200 464
77 26 0 191 602 298 0 652 190 457
77 26 0 191 602 298 73 652 190 457
73 17 0 189 600 292 66 642 186 451
73 17 0 189 637 292 66 642 186 451
72 7 0 189 633 284 61 635 181 441
72 79 0 189 633 284 61 635 181 441
68 74 0 187 627 279 52 635 181 434
68 74 0 187 627 279 52 635 181 490
63 69 0 177 622 272 50 627 178 485
89 69 0 177 622 272 50 627 178 485
82 63 0 175 616 267 46 620 176 484
82 63 0 175 707 267 46 620 176 484
81 54 0 165 703 263 41 616 168 484
81 54 0 165 720 263 41 616 168 484
78 54 0 161 719 258 33 606 164 475
78 54 0 175 719 258 33 606 164 475
72 49 0 169 713 256 24 603 160 467
72 51 0 169 713 256 24 603 160 467
70 43 0 162 708 251 23 602 160 465
70 43 0 162 708 251 23 683 160 465
60 34 0 158 707 248 18 680 159 457
60 34 0 158 707 248 18 710 159 457
58 31 0 153 699 245 13 708 159 448
58 31 0 153 699 259 13 708 159 448
51 26 0 147 699 250 3 701 159 445
51 26 0 147 699 250 3 788 159 445
47 24 0 143 694 249 0 779 150 438
47 24 0 143 757 249 0 779 150 438
44 19 0 137 747 247 0 777 142 438
44 19 0 137 747 247 75 777 142 438
42 11 0 130 740 244 74 775 142 431
130 11 0 130 740 244 74 775 142 431
130 8 0 127 734 238 73 770 139 426
214 8 0 127 734 238 73 770 139 426
206 8 0 124 729 237 67 766 134 426
206 8 0 212 729 237 67 766 134 426
200 0 0 204 727 236 65 757 126 420
200 0 0 289 727 236 65 757 126 420
196 0 0 285 720 234 56 751 121 410
196 0 0 285 785 234 56 751 121 410
186 0 0 277 775 229 52 749 113 407
186 0 0 277 775 229 52 749 196 407
176 0 0 270 765 224 48 748 195 404
176 4 0 270 765 224 48 748 195 404
173 0 0 270 763 216 45 738 186 394
173 0 0 270 763 216 65 738 186 394
173 0 0 260 755 211 65 728 178 388
173 0 0 260 755 211 65 728 199 388
169 0 0 254 752 208 58 720 191 383
169 0 0 254 752 208 58 720 191 406
164 0 0 251 751 199 55 718 183 399
164 0 0 251 751 199 55 753 183 399
158 0 0 241 749 195 46 753 176 399
158 0 0 241 749 195 46 753 176 442
150 0 0 231 746 193 46 752 174 442
150 0 0 231 746 193 132 752 174 442
144 0 0 226 743 187 131 743 171 442
208 0 0 226 743 187 131 743 171 442
203 0 0 218 741 187 123 739 164 434
203 0 0 218 741 187 123 739 202 434
197 0 0 213 739 185 117 734 202 427
197 9 0 213 739 185 117 734 202 427
195 5 0 203 737 178 112 731 199 425
195 5 0 203 737 178 112 781 199 425
185 3 0 193 729 168 107 778 197 416
185 3 0 193 729 168 107 778 239 416
175 1 0 187 729 165 104 771 235 408
175 1 0 187 779 165 104 771 235 408
170 0 0 186 778 155 96 771 228 407
170 0 0 268 778 155 96 771 228 407
167 0 0 261 773 147 88 768 227 407
167 0 0 261 773 147 150 768 227 407
165 0 0 261 765 139 144 761 219 402
165 0 0 261 784 139 144 761 219 402
165 0 0 259 778 131 134 760 209 399
165 0 35 259 778 131 134 760 209 399
161 0 27 250 774 127 124 753 200 392
161 0 27 250 774 127 156 753 200 392
161 0 25 244 767 122 147 747 192 389
161 0 25 244 767 122 147 747 192 421
151 0 17 236 767 122 143 737 186 413
151 0 17 236 769 122 143 737 186 413
143 0 15 228 765 116 137 735 181 411
143 0 15 228 765 116 137 735 205 411
134 0 13 226 755 107 137 735 199 407
134 0 13 226 782 107 137 735 199 407
130 0 8 216 775 107 134 730 193 402
130 0 8 216 775 124 134 730 193 402
121 0 8 206 766 121 129 725 190 394
121 0 8 206 766 121 129 725 190 472
121 0 0 205 758 113 124 720 185 469
121 37 0 205 758 113 124 720 185 469
114 32 0 200 758 109 117 716 179 461
114 32 0 286 758 109 117 716 179 461
107 26 0 280 748 103 109 714 173 457
107 26 0 372 748 103 109 714 173 457
100 16 0 364 746 94 101 707 163 449
100 16 0 364 746 94 101 707 163 499
97 7 0 358 738 94 93 703 159 492
97 7 0 358 809 94 93 703 159 492
90 0 0 354 801 91 90 700 155 484
90 0 0 354 801 91 90 700 236 484
85 0 0 344 801 84 88 698 233 483
85 0 0 344 869 84 88 698 233 483
85 0 0 336 859 81 82 696 228 480
85 0 0 392 859 81 82 696 228 480
77 0 0 389 857 76 72 689 223 476
77 0 0 389 857 164 72 689 223 476
67 0 0 385 856 163 66 683 216 475
67 0 0 385 856 163 66 683 219 475
58 0 0 375 856 163 65 680 219 467
58 0 0 393 856 163 65 680 219 467
53 0 0 384 846 154 61 677 209 457
53 22 0 384 846 154 61 677 209 457
51 12 0 378 846 145 52 669 202 447
51 12 0 378 914 145 52 669 202 447
50 10 0 378 908 136 43 661 200 438
50 10 0 378 908 162 43 661 200 438
47 10 0 375 904 159 34 655 194 432
47 10 0 375 904 159 34 655 194 464
38 10 0 370 904 153 32 646 192 462
38 10 0 370 904 153 32 646 196 462
37 6 0 370 903 150 32 642 188 459
37 6 0 370 903 150 110 642 188 459
34 4 0 363 901 146 102 633 187 452
34 4 0 445 901 146 102 633 187 452
27 0 0 438 901 146 95 631 182 445
27 0 0 438 901 146 95 631 259 445
20 0 0 430 891 139 93 631 254 437
20 0 0 430 891 139 98 631 254 437
15 0 0 429 890 130 93 625 249 431
15 0 0 429 901 130 93 625 249 431
15 0 0 424 892 127 84 624 240 423
15 0 0 424 892 127 84 710 240 423
7 0 0 420 889 122 82 710 238 423
7 0 0 420 919 122 82 710 238 423
2 0 0 412 914 118 73 705 235 422
2 0 0 412 929 118 73 705 235 422
2 0 0 409 924 113 69 700 234 421
2 0 0 409 924 113 69 700 261 421
0 0 0 403 914 107 67 694 260 412
0 0 0 403 914 185 67 694 260 412
0 0 0 396 911 178 66 688 258 407
0 0 0 396 911 178 66 709 258 407
0 0 0 396 909 171 59 702 258 401
0 0 0 433 909 171 59 702 258 401
0 0 0 424 905 171 59 696 249 392
0 0 44 424 905 171 59 696 249 392
0 0 39 417 900 169 57 695 245 389
0 0 39 417 900 169 57 695 281 389
0 0 33 414 891 162 50 693 280 385
0 0 33 414 891 216 50 693 280 385
0 0 32 412 886 215 50 692 271 383
0 0 32 501 886 215 50 692 271 383
0 0 32 497 885 212 50 692 264 376
0 0 32 497 885 212 127 692 264 376
0 0 25 488 876 206 122 686 256 366
0 0 25 488 876 251 122 686 256 366
0 0 22 485 867 243 114 684 253 363
0 0 22 485 867 243 114 714 253 363
0 0 15 480 866 236 110 706 250 363
0 0 15 571 866 236 110 706 250 363
0 0 12 561 857 228 106 706 242 357
0 0 12 561 857 228 106 706 255 357
0 0 6 557 855 228 101 697 249 354
0 0 6 557 855 316 101 697 249 354
0 0 3 556 849 315 95 688 243 345
0 0 80 556 849 315 95 688 243 345
0 0 73 556 839 313 86 684 243 340
0 0 73 556 839 403 86 684 243 340
0 0 68 552 837 394 80 678 237 337
0 0 68 552 837 394 80 727 237 337
0 0 61 542 836 394 79 719 237 330
0 0 82 542 836 394 79 719 237 330
0 0 82 533 834 394 71 712 233 329
0 0 160 533 834 394 71 712 233 329
0 0 153 528 824 393 68 710 233 323
0 29 153 528 824 393 68 710 233 323
0 22 151 526 820 393 65 706 224 316
0 55 151 526 820 393 65 706 224 316
0 45 145 519 816 391 64 705 219 306
0 45 145 519 816 391 64 705 295 306
0 37 138 509 811 390 60 699 292 304
0 37 138 509 811 393 60 699 292 304
0 31 129 499 802 390 52 690 286 294
0 31 129 499 802 390 112 690 286 294
0 23 125 492 795 382 104 680 285 284
0 112 125 492 795 382 104 680 285 284
0 112 118 486 785 372 95 677 278 274
0 112 151 486 785 372 95 677 278 274
0 104 149 479 785 365 86 670 277 266
0 104 149 479 785 365 86 670 277 340
0 97 148 473 784 363 82 669 277 334
0 97 148 473 784 432 82 669 277 334
0 90 145 468 783 428 77 661 275 329
0 90 145 468 783 481 77 661 275 329
0 82 145 463 779 472 67 659 270 319
0 82 145 463 779 472 92 659 270 319
0 77 145 461 779 471 82 658 266 313
0 77 145 484 779 471 82 658 266 313
0 76 135 479 772 461 78 649 258 313
0 76 135 479 772 461 78 649 258 348
0 74 129 479 766 455 74 641 253 346
0 74 141 479 766 455 74 641 253 346
0 70 141 475 758 454 64 636 248 346
0 70 141 475 822 454 64 636 248 346
0 64 134 466 819 448 54 636 247 340
0 64 134 466 819 448 79 636 247 340
0 62 125 457 812 447 73 628 244 339
0 62 125 549 812 447 73 628 244 339
0 58 122 540 810 438 65 627 237 337
0 58 200 540 810 438 65 627 237 337
0 55 198 530 809 433 56 625 228 332
0 55 198 601 809 433 56 625 228 332
0 51 194 597 801 433 48 616 222 331
0 51 194 597 801 433 48 616 222 363
0 50 184 597 798 431 38 614 214 363
0 50 184 597 824 431 38 614 214 363
0 46 176 593 820 429 34 609 214 361
0 46 176 593 820 429 34 648 214 361
0 38 171 586 813 423 31 638 212 353
0 38 171 586 813 423 31 638 212 445
0 28 161 580 813 416 22 633 203 442
0 28 161 580 813 416 22 633 253 442
0 26 158 574 807 411 20 630 249 442
0 26 158 574 807 411 20 630 267 442
0 17 152 572 805 404 14 625 257 433
0 17 152 572 805 404 14 625 257 435
0 16 150 563 799 400 4 624 247 425
0 16 150 563 799 400 4 624 247 502
0 16 148 560 794 398 0 623 240 501
0 16 148 636 794 398 0 623 240 501
0 12 141 634 784 398 0 619 240 494
0 12 141 634 784 398 0 619 240 528
0 10 133 627 782 392 0 617 237 520
0 10 133 627 838 392 0 617 237 520
0 9 132 618 828 384 0 614 237 519
0 9 132 618 880 384 0 614 237 519
0 6 129 618 879 377 0 607 235 510
0 39 129 618 879 377 0 607 235 510
0 38 122 612 879 374 0 605 235 508
0 38 122 612 881 374 0 605 235 508
0 38 120 609 878 373 0 599 234 503
0 38 120 609 878 373 47 599 234 503
0 29 117 605 871 370 43 599 226 498
0 41 117 605 871 370 43 599 226 498
0 38 114 600 863 368 40 593 218 489
0 38 114 600 863 368 40 612 218 489
0 30 109 592 860 358 36 606 212 485
0 30 109 592 860 450 36 606 212 485
0 26 104 585 852 440 36 596 210 477
0 26 104 631 852 440 36 596 210 477
0 16 95 630 845 430 34 591 203 471
79 16 95 630 845 430 34 591 203 471
71 7 88 622 836 430 26 584 193 463
71 7 88 622 836 430 26 584 193 552
64 6 79 616 835 421 19 578 191 545
64 6 171 616 835 421 19 578 191 545
61 5 166 609 835 415 10 575 188 544
155 5 166 609 835 415 10 575 188 544
148 3 163 607 831 412 3 565 184 537
148 3 163 641 831 412 3 565 184 537
140 0 158 640 824 407 0 557 179 530
140 0 212 640 824 407 0 557 179 530
136 0 204 632 815 403 0 552 174 530
141 0 204 632 815 403 0 552 174 530
138 0 204 625 805 400 0 547 171 530
138 11 204 625 805 400 0 547 171 530
137 10 204 621 798 392 0 541 168 520
137 10 204 621 876 392 0 541 168 520
134 2 195 616 870 385 0 539 162 518
134 61 195 616 870 385 0 539 162 518
132 55 193 607 866 376 0 534 162 514
132 55 193 607 866 376 0 587 162 514
129 51 191 606 857 374 0 579 162 506
129 51 192 606 857 374 0 579 162 506
120 50 192 597 854 364 0 575 160 503
120 50 192 654 854 364 0 575 160 503
114 49 187 654 847 361 0 568 156 493
114 98 187 654 847 361 0 568 156 493
104 92 184 649 841 359 0 561 152 487
104 92 184 649 878 359 0 561 152 487
97 83 183 644 873 355 0 553 151 483
97 161 183 644 873 355 0 553 151 483
90 158 174 636 867 345 0 546 146 483
90 158 174 707 867 345 0 546 146 483
88 149 168 705 867 343 0 537 140 478
129 149 168 705 867 343 0 537 140 478
120 142 167 704 859 336 0 533 131 475
120 142 167 704 859 336 0 533 131 555
115 136 166 696 853 334 0 528 129 554
115 136 166 696 853 334 0 528 199 554
112 132 164 694 847 328 0 523 194 545
112 132 164 694 847 328 0 539 194 545
109 128 156 685 842 324 0 536 192 545
161 128 156 685 842 324 0 536 192 545
153 122 148 678 841 320 0 527 186 542
153 122 148 678 907 320 0 527 186 542
145 116 146 675 900 312 0 522 185 537
145 116 146 675 900 312 0 522 185 631
136 112 137 668 896 308 0 515 175 627
136 112 137 668 910 308 0 515 175 627
135 103 133 664 909 302 0 506 173 624
135 103 220 664 909 302 0 506 173 624
132 99 215 664 906 300 0 497 167 614
132 99 215 703 906 300 0 497 167 614
124 92 215 700 898 292 0 487 161 606
124 92 215 700 898 292 0 487 251 606
124 85 209 693 898 289 0 484 247 601
124 85 292 693 898 289 0 484 247 601
114 85 284 690 893 282 0 481 246 592
114 85 284 690 893 282 0 481 269 592
105 75 276 687 886 278 0 477 259 590
105 75 276 687 886 278 0 490 259 590
100 67 274 680 880 271 0 482 249 584
100 67 274 680 880 271 0 526 249 584
100 63 267 675 875 270 0 526 243 575
100 63 267 714 875 270 0 526 243 575
99 55 262 704 875 270 0 523 235 567
99 55 262 743 875 270 0 523 235 567
91 46 257 736 873 261 0 515 234 567
91 46 257 770 873 261 0 515 234 567
89 46 257 764 871 261 0 514 225 558
89 63 257 764 871 261 0 514 225 558
87 55 252 759 863 254 0 508 225 556
87 55 252 759 923 254 0 508 225 556
84 51 250 751 922 253 0 508 225 551
84 51 262 751 922 253 0 508 225 551
78 43 262 745 912 251 0 506 222 543
78 43 262 745 912 251 0 506 222 548
74 39 253 738 906 246 0 506 220 541
74 39 253 799 906 246 0 506 220 541
68 30 246 790 899 241 0 498 211 537
68 30 246 790 987 241 0 498 211 537
58 30 239 785 980 240 0 495 204 533
58 30 239 785 980 278 0 495 204 533
58 21 235 779 977 272 0 485 203 530
58 52 235 779 977 272 0 485 203 530
53 43 233 769 972 262 0 475 201 520
53 135 233 769 972 262 0 475 201 520
51 132 224 769 972 259 0 471 191 516
51 132 224 769 1050 259 0 471 191 516
49 131 224 764 1040 250 0 463 187 513
49 131 224 764 1040 250 69 463 187 513
45 129 222 757 1038 246 59 459 180 513
45 129 222 757 1038 246 59 516 180 513
42 127 222 756 1033 244 53 515 173 509
42 127 277 756 1033 244 53 515 173 509
35 125 277 754 1028 235 43 512 170 505
35 125 277 754 1087 235 43 512 170 505
25 124 267 745 1086 235 37 506 160 496
25 124 267 745 1086 235 37 512 160 496
16 122 263 739 1086 229 31 509 159 492
16 122 263 739 1115 229 31 509 159 492
9 122 255 730 1105 221 23 507 153 491
9 122 255 730 1151 221 23 507 153 491
7 120 247 729 1151 217 13 505 149 483
7 120 247 729 1151 217 97 505 149 483
6 112 237 721 1141 208 93 496 149 478
6 206 237 721 1141 208 93 496 149 478
0 201 229 717 1136 201 86 491 141 475
0 201 229 774 1136 201 86 491 141 475
0 201 225 766 1134 192 81 491 138 465
0 201 234 766 1134 192 81 491 138 465
0 201 227 760 1132 191 73 484 137 455
0 201 227 760 1132 191 73 484 217 455
0 198 221 752 1128 186 71 474 207 447
0 198 221 752 1128 186 71 474 207 516
0 191 219 749 1123 182 63 470 205 510
0 191 219 749 1123 275 63 470 205 510
0 189 210 739 1122 269 60 461 198 504
0 189 210 739 1122 269 60 473 198 504
0 179 201 731 1122 263 51 471 194 504
0 179 201 731 1122 263 51 561 194 504
0 172 191 721 1121 259 46 558 184 496
0 172 191 721 1121 259 46 558 232 496
0 172 190 716 1111 259 40 549 222 493
0 221 190 716 1111 259 40 549 222 493
0 215 180 709 1101 258 30 539 216 483
0 215 231 709 1101 258 30 539 216 483
0 207 221 707 1096 257 30 530 210 482
0 207 221 707 1185 257 30 530 210 482
0 204 211 702 1185 248 28 529 207 473
0 204 211 702 1185 309 28 529 207 473
0 197 210 701 1177 303 18 523 207 469
0 197 210 701 1238 303 18 523 207 469
0 192 203 694 1233 299 13 515 206 463
0 201 203 694 1233 299 13 515 206 463
0 200 201 694 1230 289 6 510 202 460
0 200 201 694 1257 289 6 510 202 460
0 195 191 691 1257 279 0 500 201 457
0 195 191 691 1257 279 0 500 201 457
0 185 186 686 1252 272 0 492 199 451
0 185 186 699 1252 272 0 492 199 451
0 184 186 694 1250 272 0 491 190 444
0 184 186 694 1250 272 89 491 190 444
0 183 179 684 1248 268 83 490 180 434
0 183 179 684 1248 268 83 490 180 518
0 183 179 682 1248 259 83 485 179 515
0 183 179 769 1248 259 83 485 179 515
0 176 174 768 1247 251 81 485 173 512
0 176 174 768 1247 251 81 548 173 512
0 166 167 763 1239 249 75 547 170 512
0 166 167 820 1239 249 75 547 170 512
0 166 159 812 1239 248 70 537 168 510
0 166 159 812 1239 248 70 537 168 510
0 159 154 805 1237 244 60 527 162 501
0 159 154 805 1237 244 60 610 162 501
0 153 154 798 1232 242 56 609 154 493
57 153 154 798 1232 242 56 609 154 493
55 152 154 797 1225 240 47 603 152 484
55 152 154 797 1225 240 47 603 206 484
49 143 144 788 1215 238 42 599 199 475
49 143 144 788 1215 238 42 599 199 501
42 135 134 781 1215 237 32 599 196 496
42 135 134 781 1215 278 32 599 196 496
36 131 127 772 1207 271 29 595 191 494
36 145 127 772 1207 271 29 595 191 494
34 141 118 769 1198 262 20 594 191 487
34 141 118 769 1198 270 20 594 191 487
28 136 116 765 1192 264 18 587 184 485
28 136 116 838 1192 264 18 587 184 485
24 132 111 838 1189 264 15 584 182 479
24 132 111 928 1189 264 15 584 182 479
23 130 111 926 1182 259 8 575 172 471
23 130 111 926 1182 259 8 575 191 471
18 130 102 926 1177 251 0 565 191 470
18 130 102 926 1177 251 0 599 191 470
14 130 92 916 1168 250 0 590 189 464
14 130 92 916 1214 250 0 590 189 464
13 125 92 914 1213 247 0 583 179 456
13 125 92 914 1213 302 0 583 179 456
6 116 91 906 1204 294 0 582 179 448
6 116 91 997 1204 294 0 582 179 448
2 108 82 991 1198 288 0 581 171 438
2 108 82 991 1198 288 0 610 171 438
0 99 75 989 1197 284 0 601 169 438
0 147 75 989 1197 284 0 601 169 438
0 143 66 980 1195 280 0 596 166 436
0 143 66 980 1268 280 0 596 166 436
0 139 60 979 1264 275 0 592 164 433
0 139 60 979 1264 275 0 592 255 433
0 139 59 972 1262 271 0 585 252 429
0 139 59 972 1262 271 0 657 252 429
0 138 52 962 1261 269 0 657 243 426
0 138 52 962 1261 269 3 657 243 426
0 131 44 956 1255 263 2 650 240 425
0 131 44 956 1255 263 2 650 240 467
0 131 37 952 1247 259 0 640 233 462
0 131 37 1022 1247 259 0 640 233 462
0 127 37 1013 1245 257 0 639 223 454
0 127 37 1013 1245 268 0 639 223 454
0 120 37 1013 1242 263 0 632 214 450
0 120 37 1013 1276 263 0 632 214 450
0 119 27 1013 1267 259 0 625 211 443
0 119 27 1013 1267 259 0 625 211 506
0 114 18 1009 1267 255 0 623 207 497
30 114 18 1009 1267 255 0 623 207 497
23 106 15 1006 1263 249 0 620 202 488
23 106 15 1006 1263 254 0 620 202 488
17 97 7 999 1256 252 0 617 194 482
67 97 7 999 1256 252 0 617 194 482
65 88 0 989 1256 244 0 612 191 473
65 88 0 1022 1256 244 0 612 191 473
56 86 0 1015 1256 241 0 610 188 468
56 86 0 1015 1256 241 0 610 188 487
48 82 0 1012 1246 241 0 609 183 487
48 82 35 1012 1246 241 0 609 183 487
43 75 33 1007 1245 232 0 609 183 486
43 75 81 1007 1245 232 0 609 183 486
35 71 72 997 1240 227 0 600 174 485
35 71 140 997 1240 227 0 600 174 485
29 66 132 990 1239 222 0 599 172 482
29 66 132 990 1243 222 0 599 172 482
22 66 122 980 1234 216 0 597 172 482
22 66 122 980 1234 216 27 597 172 482
13 57 114 980 1232 216 23 592 169 481
13 57 114 980 1232 301 23 592 169 481
13 57 104 980 1229 297 21 586 168 479
13 57 104 980 1229 297 21 619 168 479
13 47 104 979 1228 293 12 610 165 479
13 47 110 979 1228 293 12 610 165 479
7 43 105 978 1224 287 10 603 160 479
7 43 160 978 1224 287 10 603 160 479
5 41 157 977 1220 280 4 598 154 476
5 41 157 977 1267 280 4 598 154 476
0 36 154 977 1266 277 0 592 148 470
0 85 154 977 1266 277 0 592 148 470
0 78 145 973 1266 276 0 584 142 466
0 78 145 973 1266 303 0 584 142 466
0 78 143 968 1261 303 0 581 133 465
0 78 143 968 1261 303 0 658 133 465
0 73 133 964 1258 295 0 653 124 464
0 142 133 964 1258 295 0 653 124 464
0 134 123 964 1253 295 0 646 121 463
0 134 123 964 1253 295 0 646 121 476
0 127 118 961 1245 289 0 639 113 473
0 127 118 961 1245 289 0 639 120 473
0 125 108 952 1237 286 0 633 111 473
0 125 108 952 1237 286 0 633 111 565
0 116 105 949 1231 283 0 628 106 561
0 116 105 949 1231 283 0 628 106 561
0 107 102 939 1222 277 0 626 105 557
0 107 102 939 1222 277 58 626 105 557
0 97 92 937 1221 267 49 616 102 555
0 97 92 937 1221 267 49 651 102 555
0 92 92 931 1217 257 46 641 92 550
0 92 177 931 1217 257 46 641 92 550
0 85 172 930 1207 250 36 633 85 548
89 85 172 930 1207 250 36 633 85 548
83 81 167 924 1203 240 35 627 77 539
83 81 167 924 1203 240 35 627 77 539
78 81 159 916 1201 235 34 622 73 534
78 81 159 921 1201 235 34 622 73 534
73 76 149 913 1200 229 27 619 68 528
73 76 149 913 1200 229 27 619 68 619
70 70 146 912 1194 227 18 617 65 619
138 70 146 912 1194 227 18 617 65 619
128 64 146 912 1184 223 12 614 62 619
128 64 146 912 1184 288 12 614 62 619
118 55 142 909 1175 285 4 606 53 611
151 55 142 909 1175 285 4 606 53 611
146 50 139 908 1166 278 0 603 51 608
146 50 139 908 1166 328 0 603 51 608
136 41 129 908 1163 326 0 594 44 599
136 41 138 908 1163 326 0 594 44 599
133 33 136 899 1156 321 0 585 35 592
133 33 136 899 1156 321 0 585 59 592
126 26 130 890 1153 312 0 576 54 590
126 26 130 890 1153 312 0 576 54 621
116 17 123 883 1148 312 0 574 54 621
116 17 123 883 1148 312 0 596 54 621
116 9 115 881 1143 309 0 592 50 614
116 9 115 881 1200 309 0 592 50 614
110 0 107 873 1192 308 0 582 42 608
110 41 107 873 1192 308 0 582 42 608
109 33 104 872 1184 301 0 576 35 600
139 33 104 872 1184 301 0 576 35 600
135 30 99 870 1175 292 0 570 31 595
135 30 99 870 1175 292 0 600 31 595
125 26 97 861 1167 285 0 593 21 588
176 26 97 861 1167 285 0 593 21 588
166 22 87 856 1165 284 0 590 21 581
166 22 87 922 1165 284 0 590 21 581
161 22 85 915 1160 278 0 589 19 576
161 22 85 915 1160 278 0 629 19 576
160 16 80 908 1157 273 0 628 11 575
160 16 80 929 1157 273 0 628 11 575
158 8 77 925 1150 269 0 625 8 573
158 8 77 1016 1150 269 0 625 8 573
156 0 77 1010 1142 259 0 622 0 573
156 0 77 1010 1142 259 0 661 0 573
155 0 68 1003 1140 252 0 657 0 570
155 0 68 1003 1169 252 0 657 0 570
151 0 68 997 1168 251 0 648 0 562
151 0 68 997 1168 251 0 688 0 562
142 0 62 994 1162 244 0 687 0 558
142 0 62 994 1162 244 0 687 21 558
136 0 53 990 1161 244 0 687 15 548
136 0 132 990 1161 244 0 687 15 548
129 0 130 987 1158 244 0 678 14 541
129 32 130 987 1158 244 0 678 14 541
128 30 123 983 1154 234 0 669 13 532
128 30 123 983 1154 324 0 669 13 532
127 25 114 979 1149 320 0 666 5 532
127 25 114 979 1149 320 0 666 5 583
123 18 111 976 1144 315 0 665 0 579
123 18 111 976 1232 315 0 665 0 579
121 8 110 972 1224 309 0 655 0 571
121 8 110 972 1224 309 0 655 56 571
113 4 101 965 1219 305 0 648 50 564
113 4 101 1015 1219 305 0 648 50 564
110 0 95 1013 1210 297 0 642 45 564
110 0 95 1013 1210 297 0 642 45 590
103 0 93 1011 1208 291 0 635 44 586
103 0 93 1011 1238 291 0 635 44 586
102 0 83 1010 1236 281 0 625 37 583
102 0 83 1010 1237 281 0 625 37 583
100 0 78 1006 1229 277 0 616 35 580
100 0 78 1006 1229 340 0 616 35 580
96 0 73 998 1219 330 0 615 29 571
96 0 73 998 1219 353 0 615 29 571
93 0 64 991 1212 345 0 614 27 568
93 0 64 991 1212 358 0 614 27 568
84 0 56 987 1212 348 0 606 22 559
84 0 56 987 1212 348 72 606 22 559
77 0 53 985 1208 342 67 599 15 553
84 0 53 985 1208 342 67 599 15 553
75 0 44 984 1200 337 64 590 11 544
75 0 44 984 1200 337 64 590 44 544
74 0 35 982 1195 327 63 589 42 535
74 0 35 982 1195 327 63 589 42 546
70 0 27 981 1194 317 58 584 41 536
70 0 27 981 1194 317 143 584 41 536
70 0 21 973 1194 316 140 574 39 534
70 0 21 973 1194 316 140 574 39 615
65 0 13 963 1194 310 131 565 34 609
65 21 13 963 1194 310 131 565 34 609
57 19 12 953 1189 305 122 558 31 604
57 19 12 953 1189 305 122 558 58 604
47 14 6 947 1187 298 115 552 56 604
47 14 6 947 1187 298 115 552 112 604
40 14 3 942 1178 294 108 548 111 597
40 14 3 942 1178 294 108 621 111 597
30 12 3 937 1176 294 98 619 107 589
30 12 78 937 1176 294 98 619 107 589
24 12 76 928 1174 294 97 613 98 584
24 12 76 928 1174 294 97 640 98 584
22 9 69 920 1169 290 90 638 88 583
81 9 69 920 1169 290 90 638 88 583
81 9 62 913 1164 285 80 633 86 576
137 9 62 913 1164 285 80 633 86 576
133 0 55 912 1161 281 71 625 84 571
133 0 55 912 1161 281 71 625 88 571
128 0 48 903 1152 273 64 625 81 567
128 0 48 903 1152 273 64 625 81 596
125 0 47 897 1151 265 64 624 73 590
172 0 47 897 1151 265 64 624 73 590
171 0 42 894 1148 264 63 622 69 580
171 0 42 894 1148 264 63 622 75 580
166 0 41 885 1142 264 54 618 72 576
193 0 41 885 1142 264 54 618 72 576
189 0 33 882 1140 261 50 618 63 568
189 11 33 882 1140 261 50 618 63 568
184 4 30 878 1130 252 50 609 59 563
184 4 30 878 1130 252 50 674 59 563
174 1 23 878 1127 242 49 667 59 563
214 1 23 878 1127 242 49 667 59 563
206 1 23 868 1119 236 45 663 58 556
206 1 23 868 1119 236 45 663 136 556
204 1 17 858 1114 228 45 659 130 555
204 1 17 858 1114 228 45 659 130 560
201 0 11 854 1111 219 41 654 125 560
201 0 11 854 1111 219 87 654 125 560
194 0 4 845 1110 215 77 644 122 551
222 0 4 845 1110 215 77 644 122 551
215 0 0 836 1109 215 72 637 114 550
250 0 0 836 1109 215 72 637 114 550
245 0 0 832 1107 214 72 629 110 547
245 0 0 913 1107 214 72 629 110 547
243 0 0 911 1104 204 69 626 101 546
243 0 0 911 1174 204 69 626 101 546
243 0 0 901 1166 198 65 622 101 540
243 0 0 901 1166 198 65 622 101 620
240 0 0 893 1157 189 57 616 98 610
240 0 0 918 1157 189 57 616 98 610
231 0 0 909 1150 180 50 616 95 603
231 0 0 961 1150 180 50 616 95 603
231 0 0 952 1142 172 44 609 90 596
231 0 0 952 1189 172 44 609 90 596
227 0 0 947 1189 170 40 604 88 592
287 0 0 947 1189 170 40 604 88 592
287 0 0 940 1179 160 37 601 80 587
287 0 0 940 1179 160 37 689 80 587
281 0 0 940 1169 150 36 689 73 580
281 0 0 940 1169 150 122 689 73 580
274 0 0 936 1165 143 118 689 68 570
274 0 0 944 1165 143 118 689 68 570
265 0 0 941 1155 135 113 680 62 563
265 0 0 941 1155 135 113 721 62 563
257 0 0 934 1146 127 111 713 60 559
257 0 0 934 1146 127 111 713 60 570
249 0 0 930 1146 127 105 707 54 566
250 0 0 930 1146 127 105 707 54 566
242 0 0 924 1142 126 96 700 44 563
242 0 0 924 1180 126 96 700 44 563
242 0 0 917 1172 125 93 695 37 556
242 0 32 917 1172 125 93 695 37 556
234 0 22 912 1163 123 92 692 27 554
234 0 79 912 1163 123 92 692 27 554
228 0 70 909 1154 119 90 687 27 554
228 0 70 952 1154 119 90 687 27 554
225 0 67 949 1151 119 86 686 17 549
307 0 67 949 1151 119 86 686 17 549
300 0 58 940 1148 116 86 677 7 542
300 0 58 940 1148 132 86 677 7 542
294 0 56 935 1148 124 84 671 0 533
294 0 56 935 1148 124 84 671 47 533
285 0 51 935 1145 118 80 669 37 524
285 0 51 935 1211 118 80 669 37 524
284 0 46 932 1203 115 73 669 27 521
284 54 46 932 1203 115 73 669 27 521
278 54 41 925 1198 111 71 660 23 520
278 54 41 925 1198 142 71 660 23 520
275 45 35 924 1196 142 67 652 18 511
275 45 35 924 1196 142 111 652 18 511
269 40 30 914 1191 135 102 651 11 508
269 40 30 914 1191 218 102 651 11 508
264 38 22 907 1187 210 97 644 4 506
264 38 22 907 1200 210 97 644 4 506
258 30 21 905 1194 202 89 637 0 504
258 30 21 905 1194 202 89 637 0 586
251 27 16 904 1186 195 81 631 0 581
251 27 16 904 1186 195 81 631 0 669
251 24 8 902 1176 188 81 630 0 660
251 26 8 902 1176 188 81 630 0 660
246 18 1 895 1169 180 71 627 0 650
246 18 1 895 1169 180 84 627 0 650
243 8 0 888 1165 170 78 617 0 640
243 8 0 942 1165 170 78 617 0 640
235 0 0 941 1165 165 69 612 0 640
235 0 0 941 1165 237 69 612 0 640
230 0 0 936 1157 233 62 607 0 638
241 0 0 936 1157 233 62 607 0 638
239 0 0 932 1150 226 59 597 0 636
239 0 0 932 1150 226 59 597 87 636
232 0 0 926 1142 216 53 590 77 635
232 0 0 926 1142 216 136 590 77 635
231 0 0 925 1133 210 131 581 71 629
231 0 0 925 1133 293 131 581 71 629
231 0 0 924 1124 291 125 574 62 625
231 62 0 924 1124 291 125 574 62 625
223 55 0 922 1120 289 115 569 60 621
223 55 0 922 1182 289 115 569 60 621
213 45 0 914 1177 286 115 566 50 615
213 120 0 914 1177 286 115 566 50 615
207 119 0 910 1170 279 108 556 40 607
207 119 0 910 1170 279 108 556 111 607
201 113 0 904 1169 269 108 550 102 599
201 113 0 904 1169 269 108 550 108 599
198 112 0 896 1164 264 99 545 104 599
198 112 0 896 1164 264 99 588 104 599
192 106 0 891 1161 261 99 580 96 593
192 106 0 891 1161 261 99 580 111 593
184 105 0 887 1156 258 97 576 101 583
184 105 0 887 1156 289 97 576 101 583
181 104 0 878 1148 282 87 576 99 574
181 104 0 878 1148 352 87 576 99 574
175 103 0 872 1145 351 79 569 98 572
175 103 0 876 1145 351 79 569 98 572
170 93 0 868 1139 344 75 559 88 566
170 93 0 868 1139 344 142 559 88 566
165 89 0 860 1139 340 139 558 85 563
165 89 0 860 1139 340 139 601 85 563
156 80 0 850 1133 330 138 595 76 555
156 80 0 850 1133 330 155 595 76 555
152 71 0 845 1131 321 152 595 76 546
152 71 36 845 1131 321 152 595 76 546
142 65 29 841 1127 318 147 587 71 544
142 65 32 841 1127 318 147 587 71 544
136 56 22 839 1125 310 146 584 65 535
136 56 22 839 1125 395 146 584 65 535
126 53 12 831 1118 385 139 583 56 527
126 53 12 831 1118 430 139 583 56 527
121 46 10 828 1117 428 132 578 52 519
121 46 10 828 1117 445 132 578 52 519
112 42 9 822 1116 437 131 570 46 513
112 42 9 822 1116 456 131 570 46 513
103 35 3 814 1114 456 127 566 45 511
117 35 3 814 1114 456 127 566 45 511
111 35 0 809 1110 456 119 561 36 502
131 35 0 809 1110 456 119 561 36 502
123 29 0 806 1107 451 111 558 32 492
144 29 0 806 1107 451 111 558 32 492
138 24 0 801 1106 441 107 552 22 490
138 24 0 801 1106 441 107 552 22 519
128 19 0 798 1097 439 100 550 15 519
128 19 0 798 1179 439 100 550 15 519
118 14 0 798 1178 432 100 548 10 510
118 14 0 798 1264 432 100 548 10 510
116 6 0 791 1264 430 93 546 8 500
116 6 0 791 1264 430 93 546 8 531
114 2 0 786 1255 428 92 546 0 523
114 2 0 786 1255 453 92 546 0 523
112 0 0 776 1246 450 91 545 0 514
116 0 0 776 1246 450 91 545 0 514
111 0 0 768 1240 445 83 536 0 514
111 0 0 768 1240 445 83 536 0 520
104 0 0 759 1236 442 82 536 0 519
184 0 0 759 1236 442 82 536 0 519
180 0 0 751 1234 439 82 532 0 519
180 0 0 751 1295 439 82 532 0 519
172 0 0 746 1293 429 76 532 0 515
172 0 0 746 1325 429 76 532 0 515
165 0 0 744 1324 420 70 523 0 513
220 0 0 744 1324 420 70 523 0 513
219 0 0 740 1317 411 62 520 0 510
219 0 0 740 1317 411 62 520 0 525
216 0 0 732 1313 403 56 518 0 521
216 0 0 732 1318 403 56 518 0 521
209 0 0 722 1309 402 48 508 0 512
209 0 0 722 1309 402 124 508 0 512
206 0 0 714 1307 392 122 502 0 509
206 0 0 714 1307 392 132 502 0 509
205 0 0 710 1304 388 123 500 0 507
205 86 0 710 1304 388 123 500 0 507
200 79 0 701 1301 384 121 498 0 497
200 79 0 701 1301 384 129 498 0 497
198 78 0 691 1300 382 128 493 0 490
198 78 43 691 1300 382 128 493 0 490
190 71 39 682 1292 375 127 484 0 487
190 71 39 682 1292 375 196 484 0 487
181 69 29 679 1286 372 191 480 0 482
181 69 29 679 1286 372 204 480 0 482
178 68 25 670 1285 368 196 480 0 474
178 81 25 670 1285 368 196 480 0 474
173 72 20 662 1285 367 190 477 0 468
173 72 20 662 1285 367 190 477 35 468
168 72 11 654 1280 366 184 469 25 462
168 72 51 654 1280 366 184 469 25 462
166 68 51 647 1277 361 180 466 15 458
166 68 51 647 1277 361 180 466 74 458
160 58 41 638 1270 361 177 462 68 453
160 58 41 638 1270 361 177 472 68 453
157 50 37 637 1262 361 172 462 61 445
157 50 104 637 1262 361 172 462 61 445
149 43 101 629 1259 359 169 460 56 439
149 43 101 629 1259 371 169 460 56 439
140 40 101 620 1251 370 165 455 50 431
140 40 178 620 1251 370 165 455 50 431
132 32 170 611 1242 364 164 447 50 421
132 32 170 611 1242 364 164 465 50 421
128 25 170 601 1232 355 163 461 49 413
128 25 170 631 1232 355 163 461 49 413
124 15 165 631 1227 354 163 460 40 411
124 15 165 631 1227 412 163 460 40 411
123 14 155 622 1223 408 155 459 33 411
123 14 155 622 1223 408 155 459 70 411
119 10 146 620 1216 399 151 453 69 407
119 10 146 657 1216 399 151 453 69 407
112 3 142 649 1212 392 150 443 67 398
112 3 142 649 1212 443 150 443 67 398
111 2 139 642 1208 440 143 434 66 393
111 2 139 642 1208 440 143 445 66 393
107 0 130 642 1199 432 141 438 66 387
107 0 130 642 1199 432 141 438 90 387
105 0 122 638 1199 432 138 433 81 381
117 0 122 638 1199 432 138 433 81 381
114 0 114 634 1197 424 128 431 78 371
114 0 114 634 1197 424 128 431 165 371
113 0 113 634 1188 424 128 421 164 364
113 0 113 674 1188 424 128 421 164 364
108 0 108 665 1188 420 124 416 154 363
108 0 108 677 1188 420 124 416 154 363
108 0 108 667 1187 416 115 407 150 359
145 0 108 667 1187 416 115 407 150 359
145 0 107 667 1184 406 106 402 141 349
145 0 107 667 1184 406 106 402 193 349
141 0 97 663 1174 406 102 394 184 347
228 0 97 663 1174 406 102 394 184 347
224 0 92 658 1168 398 94 386 182 347
248 0 92 658 1168 398 94 386 182 347
241 0 92 651 1159 398 94 385 175 344
241 10 92 651 1159 398 94 385 175 344
237 3 82 648 1150 391 88 380 174 342
237 3 94 648 1150 391 88 380 174 342
236 3 88 646 1141 386 86 374 168 340
236 3 88 646 1141 419 86 374 168 340
230 3 88 639 1136 416 76 365 164 338
230 3 88 639 1136 416 76 365 164 407
222 0 79 634 1130 412 70 357 154 401
222 0 79 634 1130 412 70 357 154 450
215 0 72 628 1128 407 67 350 151 440
215 0 72 628 1128 407 67 350 185 440
214 0 65 624 1125 401 57 350 176 436
214 0 65 624 1125 401 57 350 205 436
205 0 65 621 1121 394 51 340 204 436
205 0 65 621 1200 394 51 340 204 436
198 0 64 612 1199 389 50 338 203 436
198 0 67 612 1199 389 50 338 203 436
188 0 65 611 1191 380 50 338 197 435
188 0 153 611 1191 380 50 338 197 435
188 0 151 611 1186 371 41 338 187 433
188 0 151 611 1186 371 41 338 187 515
185 0 145 602 1179 364 37 333 180 515
185 0 145 602 1179 364 114 333 180 515
181 0 140 600 1174 354 105 323 174 515
181 0 140 600 1243 354 105 323 174 515
171 0 136 596 1242 350 99 317 165 513
171 0 136 596 1242 350 99 324 165 513
167 0 136 591 1232 349 89 316 161 508
243 0 136 591 1232 349 89 316 161 508
239 0 128 584 1227 340 82 312 161 504
239 0 172 584 1227 340 82 312 161 504
229 0 170 584 1219 334 82 311 153 498
229 0 170 584 1219 334 82 326 153 498
225 0 170 583 1217 332 79 322 145 489
225 0 170 583 1217 419 79 322 145 489
215 0 167 576 1217 409 72 312 139 483
215 0 167 576 1217 409 72 375 139 483
215 0 165 567 1217 400 69 373 139 477
215 0 195 567 1217 400 69 373 139 477
212 0 189 566 1213 392 67 369 133 475
212 74 189 566 1213 392 67 369 133 475
209 65 181 563 1203 390 66 362 129 469
209 65 181 563 1203 390 66 383 129 469
204 64 178 560 1196 390 60 378 129 465
204 64 178 560 1196 411 60 378 129 465
200 58 170 555 1191 402 54 378 124 465
200 58 212 555 1191 402 54 378 124 465
198 48 208 549 1182 400 50 369 116 456
215 48 208 549 1182 400 50 369 116 456
208 41 207 547 1173 398 45 369 113 447
208 41 207 636 1173 398 45 369 113 447
203 35 204 635 1173 393 43 359 107 440
203 35 204 651 1173 393 43 359 107 440
203 34 197 644 1169 387 33 350 100 440
203 34 197 644 1169 387 118 350 100 440
202 29 194 640 1165 382 111 347 100 432
202 29 234 640 1165 382 111 347 100 432
197 22 233 638 1156 380 106 337 96 429
197 22 233 638 1177 380 106 337 96 429
189 14 229 638 1169 371 99 337 87 429
189 14 321 638 1169 371 99 337 87 429
184 5 319 632 1164 364 89 331 78 420
184 5 319 695 1164 364 89 331 78 420
178 5 318 686 1164 364 88 323 71 419
178 86 318 686 1164 364 88 323 71 419
174 84 309 684 1159 362 86 322 65 409
174 84 326 684 1159 362 86 322 65 409
174 76 316 679 1152 360 76 320 55 407
174 76 316 691 1152 360 76 320 55 407
165 73 310 690 1148 353 72 314 54 402
185 73 310 690 1148 353 72 314 54 402
175 63 309 688 1139 349 65 312 48 392
175 63 309 719 1139 349 65 312 48 392
170 62 308 714 1131 342 60 308 38 388
170 62 308 714 1131 342 60 308 65 388
165 58 307 709 1131 338 53 299 57 383
165 58 307 709 1131 338 53 299 57 403
159 50 305 703 1127 334 43 299 54 394
159 50 305 703 1127 334 43 338 54 394
155 48 305 693 1119 333 37 335 45 384
155 48 305 693 1119 412 37 335 45 384
152 38 305 686 1109 409 32 325 42 383
152 38 305 686 1189 409 32 325 42 383
152 37 303 683 1181 401 22 315 40 375
152 37 345 683 1181 401 22 315 40 375
147 35 344 679 1178 396 13 311 36 367
147 35 344 679 1178 396 13 311 112 367
138 30 334 677 1178 388 11 311 104 358
138 30 334 677 1178 472 11 311 104 358
129 27 334 674 1171 465 7 306 100 350
129 27 334 674 1171 465 7 306 112 350
126 20 334 664 1170 462 3 304 112 342
126 20 334 664 1170 462 3 304 128 342
119 13 324 662 1170 458 0 304 118 337
119 81 324 662 1170 458 0 304 118 337
117 73 314 654 1162 450 0 297 115 334
117 73 314 689 1162 450 0 297 115 334
113 70 308 681 1157 441 0 293 113 330
113 70 308 681 1157 441 0 361 113 330
112 60 299 679 1155 432 0 360 105 329
112 83 299 679 1155 432 0 360 105 329
108 77 291 679 1145 423 0 359 95 325
108 77 291 679 1145 423 0 359 137 325
107 71 288 671 1141 419 0 355 132 316
117 71 288 671 1141 419 0 355 132 316
117 70 285 664 1138 418 0 345 129 309
117 162 285 664 1138 418 0 345 129 309
116 154 281 655 1136 415 0 338 122 309
116 154 373 655 1136 415 0 338 122 309
108 151 369 649 1132 407 0 335 112 306
108 151 369 649 1158 407 0 335 112 306
103 150 364 640 1158 403 0 335 103 302
103 150 364 667 1158 403 0 335 103 302
101 143 356 665 1158 402 0 325 101 299
101 143 356 665 1158 402 0 363 101 299
95 135 356 658 1149 397 0 361 101 298
95 135 356 658 1149 397 0 383 101 298
86 135 348 657 1142 395 0 382 96 288
109 135 348 657 1142 395 0 382 96 288
102 125 344 651 1139 388 0 381 90 284
102 125 344 651 1139 388 1 381 90 284
92 117 342 650 1136 387 0 378 85 284
92 117 342 650 1136 387 0 419 85 284
90 109 340 648 1136 381 0 416 85 279
90 109 340 648 1136 472 0 416 85 279
83 108 332 640 1135 463 0 408 84 276
83 108 332 734 1135 463 0 408 84 276
73 104 328 730 1129 458 0 398 79 266
73 104 328 730 1129 458 0 403 79 266
64 95 318 725 1128 452 0 396 77 265
88 95 318 725 1128 452 0 396 77 265
86 92 313 725 1120 449 0 396 72 256
86 92 313 725 1120 449 0 396 74 256
84 92 309 721 1118 446 0 395 66 249
84 92 309 721 1118 446 0 395 141 249
78 83 299 721 1116 440 0 385 141 244
78 115 299 721 1116 440 0 385 141 244
78 108 295 719 1107 433 0 384 131 243
166 108 295 719 1107 433 0 384 131 243
160 106 287 710 1104 428 0 378 122 237
253 106 287 710 1104 428 0 378 122 237
244 99 285 702 1102 422 0 374 115 236
244 99 285 707 1102 422 0 374 115 236
243 91 282 707 1092 419 0 374 114 230
243 91 282 800 1092 419 0 374 114 230
234 81 281 790 1084 409 0 367 105 230
234 81 281 790 1084 409 39 367 105 230
233 74 277 782 1074 406 32 364 97 230
233 74 277 782 1122 406 32 364 97 230
229 66 269 774 1119 401 22 359 97 227
229 66 269 774 1119 438 22 359 97 227
229 66 263 768 1116 429 17 356 91 221
229 66 263 768 1116 429 96 356 91 221
225 59 253 761 1112 424 88 352 89 213
225 59 253 761 1137 424 88 352 89 213
217 53 249 757 1129 415 80 343 80 208
217 53 249 757 1129 415 80 425 80 208
213 48 245 754 1119 411 75 419 70 204
213 48 284 754 1119 411 75 419 70 204
209 44 277 753 1109 410 73 412 61 202
209 44 277 753 1154 410 73 412 61 202
204 42 271 744 1153 406 72 408 58 201
204 42 271 744 1196 406 72 408 58 201
197 39 269 740 1192 406 71 405 50 199
197 39 269 740 1192 406 153 405 50 199
187 36 263 735 1184 398 146 395 50 190
187 36 263 735 1184 398 178 395 50 190
181 31 258 725 1181 388 178 387 45 182
181 31 353 725 1181 388 178 387 45 182
176 28 344 724 1173 384 168 386 45 181
176 28 344 724 1173 384 168 386 96 181
172 24 343 717 1165 377 161 385 95 173
172 24 343 717 1165 377 161 385 95 196
162 15 338 717 1156 377 158 385 91 190
162 15 338 717 1156 460 158 385 91 190
162 7 334 707 1149 455 151 383 91 183
162 7 334 707 1149 455 151 383 108 183
157 0 326 704 1148 454 150 379 100 180
157 0 326 704 1148 458 150 379 100 180
152 0 319 696 1142 456 142 372 90 176
152 0 356 696 1142 456 142 372 90 176
144 0 350 686 1137 451 141 372 85 169
173 0 350 686 1137 451 141 372 85 169
167 0 340 680 1129 441 135 368 81 167
167 0 340 680 1129 441 135 368 88 167
165 0 338 676 1123 433 126 367 87 161
165 34 338 676 1123 433 126 367 87 161
164 29 334 670 1121 424 122 357 86 155
164 29 334 670 1127 424 122 357 86 155
154 24 327 666 1119 418 118 353 76 146
154 24 395 666 1119 418 118 353 76 146
144 20 395 662 1117 409 115 349 69 136
144 76 395 662 1117 409 115 349 69 136
135 73 390 658 1109 401 108 339 65 129
135 73 390 658 1109 401 108 339 74 129
134 63 384 656 1108 401 98 338 69 124
171 63 384 656 1108 401 98 338 69 124
165 60 379 651 1108 397 91 335 63 119
165 60 379 651 1141 397 91 335 63 119
156 58 379 645 1137 390 84 326 59 116
156 123 379 645 1137 390 84 326 59 116
150 120 379 643 1137 387 77 320 55 108
150 120 379 643 1137 387 77 409 55 108
141 110 369 638 1133 381 76 408 53 107
141 110 369 727 1133 381 76 408 53 107
138 101 360 719 1129 371 75 403 53 105
173 101 360 719 1129 371 75 403 53 105
167 91 350 719 1119 365 72 394 45 103
211 91 350 719 1119 365 72 394 45 103
206 91 346 715 1115 356 69 394 40 102
206 91 346 715 1115 356 69 394 40 127
206 88 344 711 1110 352 65 390 33 124
206 180 344 711 1110 352 65 390 33 124
198 173 337 706 1101 349 56 382 32 118
198 173 337 706 1101 349 140 382 32 118
193 164 327 703 1093 344 133 372 22 111
276 164 327 703 1093 344 133 372 22 111
267 163 324 700 1083 336 124 365 18 105
267 163 324 700 1083 336 124 410 18 105
259 163 321 694 1081 326 117 403 16 104
259 179 321 694 1081 326 117 403 16 104
256 172 311 694 1075 326 112 402 12 94
256 172 311 694 1075 326 112 402 39 94
248 169 303 692 1073 321 106 396 35 93
248 169 303 692 1073 389 106 396 35 93
242 167 298 682 1068 387 106 392 34 86
242 167 298 682 1142 387 106 392 34 86
235 159 291 682 1133 385 103 389 32 86
235 232 291 682 1133 385 103 389 32 86
225 231 289 677 1131 381 103 389 32 76
225 231 289 739 1131 381 103 389 32 76
217 229 282 732 1126 379 101 379 32 66
217 229 282 732 1126 468 101 379 32 66
216 219 276 726 1124 467 94 371 23 63
216 219 276 726 1124 467 94 403 23 63
216 219 276 721 1117 464 84 402 16 58
216 219 276 721 1117 464 84 402 16 102
209 215 266 717 1113 463 79 396 10 92
209 215 266 717 1113 541 79 396 10 92
207 214 258 714 1108 531 72 392 5 91
207 214 258 728 1108 531 72 392 5 91
205 210 257 719 1104 527 64 383 0 82
205 210 257 745 1104 527 64 383 0 82
196 209 251 738 1103 523 60 380 0 74
196 209 251 738 1103 523 60 380 46 74
190 203 247 729 1095 519 54 371 43 74
190 203 247 729 1095 519 54 379 43 74
184 203 237 729 1085 509 49 370 33 66
184 203 237 729 1085 509 49 370 47 66
180 198 236 723 1077 505 39 366 46 63
180 198 317 723 1077 505 39 366 46 63
175 192 312 719 1067 496 31 358 43 55
186 192 312 719 1067 496 31 358 43 55
180 183 312 712 1066 486 21 356 36 48
180 183 312 712 1066 486 21 356 36 115
170 175 304 704 1062 483 17 351 26 112
170 175 304 704 1062 513 17 351 26 112
165 173 303 701 1059 506 10 351 24 104
165 173 303 701 1059 506 61 351 24 104
159 173 303 700 1058 496 51 344 21 95
159 184 303 700 1058 496 51 344 21 95
157 180 294 694 1053 492 44 344 19 89
157 180 294 694 1053 492 44 382 19 89
152 177 287 687 1045 484 43 373 13 88
152 177 287 687 1083 484 43 373 13 88
144 169 277 687 1076 484 36 363 9 87
144 169 277 687 1076 484 36 363 9 156
135 168 276 687 1072 475 34 359 3 150
135 168 276 687 1072 475 34 359 3 176
129 163 266 683 1069 474 33 356 2 169
129 163 266 683 1069 479 33 356 2 169
121 155 257 677 1067 477 28 354 0 160
121 155 257 677 1067 477 28 354 40 160
119 151 248 674 1060 471 23 351 36 154
119 168 248 674 1060 471 23 351 36 154
116 160 243 670 1057 469 20 349 36 148
116 160 243 670 1057 469 20 379 36 148
106 156 242 670 1048 468 18 376 26 139
106 156 242 670 1065 468 18 376 26 139
104 148 241 670 1057 459 12 373 24 136
104 148 241 670 1057 519 12 373 24 136
96 141 237 668 1048 513 3 368 16 131
96 141 320 668 1048 513 3 368 16 131
86 133 312 663 1043 504 0 366 7 122
86 133 312 740 1043 504 0 366 7 122
80 133 311 738 1036 501 0 364 6 118
80 133 311 738 1036 501 0 364 6 200
70 123 306 736 1032 499 0 356 0 192
70 123 358 736 1032 499 0 356 0 192
65 122 352 733 1025 496 0 348 0 192
65 122 352 733 1025 496 0 348 89 192
65 113 352 733 1019 493 0 346 79 183
65 113 447 733 1019 493 0 346 79 183
59 107 441 723 1013 493 0 346 72 176
59 107 441 723 1013 493 0 346 72 233
56 98 437 717 1005 493 0 345 67 229
56 98 522 717 1005 493 0 345 67 229
48 92 522 709 999 493 0 335 58 229
48 92 522 709 999 493 0 335 58 310
39 85 519 703 998 485 0 327 49 305
39 85 519 703 998 485 0 327 49 376
37 80 515 700 994 483 0 318 40 376
37 80 515 700 994 483 0 318 40 471
31 78 513 694 986 480 0 312 35 469
74 78 513 694 986 480 0 312 35 469
74 76 506 685 977 477 0 306 31 467
74 76 506 685 1061 477 0 306 31 467
64 73 500 681 1059 472 0 296 21 459
64 127 500 681 1059 472 0 296 21 459
64 124 500 675 1054 464 0 292 21 457
64 124 500 675 1054 464 0 292 47 457
63 122 492 667 1044 456 0 282 39 449
63 122 492 667 1044 456 0 282 39 519
63 120 492 661 1036 455 0 273 36 509
63 120 492 661 1036 455 0 273 36 590
59 118 489 652 1030 448 0 266 32 584
59 118 489 652 1030 517 0 266 32 584
59 111 483 645 1027 508 0 256 26 583
59 111 483 645 1027 508 70 256 26 583
55 102 479 637 1027 501 66 255 26 575
55 102 479 637 1082 501 66 255 26 575
54 94 478 637 1081 498 57 248 23 575
54 94 478 637 1081 498 57 248 83 575
51 91 476 627 1071 490 53 240 82 574
51 91 476 627 1071 568 53 240 82 574
41 91 475 618 1068 558 49 230 80 572
41 153 475 618 1068 558 49 230 80 572
33 149 469 614 1064 555 41 230 74 563
33 149 469 614 1064 644 41 230 74 563
24 141 467 606 1060 642 38 223 74 554
24 141 467 606 1060 642 38 240 74 554
15 134 465 604 1057 639 35 239 65 551
15 134 465 616 1057 639 35 239 65 551
15 134 464 609 1052 633 25 231 57 542
15 134 464 609 1107 633 25 231 57 542
14 126 456 602 1100 628 20 221 52 539
14 126 456 602 1100 628 20 221 52 630
12 120 446 595 1098 626 12 213 48 621
12 120 446 595 1098 626 78 213 48 621
12 113 439 592 1095 619 71 213 41 621
12 120 439 592 1095 619 71 213 41 621
8 112 438 590 1085 611 63 203 34 616
8 139 438 590 1085 611 63 203 34 616
2 130 433 585 1076 607 60 194 29 608
2 130 433 585 1077 607 60 194 29 608
2 121 426 582 1074 603 54 184 24 603
2 203 426 582 1074 603 54 184 24 603
0 196 423 580 1070 596 54 181 15 603
0 196 423 580 1070 596 54 181 15 603
0 192 423 578 1064 591 47 173 14 596
0 192 423 664 1064 591 47 173 14 596
0 184 423 656 1058 587 42 169 4 586
46 184 423 656 1058 587 42 169 4 586
46 174 416 653 1053 577 33 160 0 585
46 174 501 653 1053 577 33 160 0 585
45 174 492 647 1044 576 31 150 0 577
45 174 492 647 1058 576 31 150 0 577
36 165 486 638 1057 569 24 141 0 570
36 165 486 638 1057 569 24 141 0 636
36 159 480 632 1048 565 15 137 0 630
36 219 480 632 1048 565 15 137 0 630
33 219 472 629 1044 562 9 130 0 625
59 219 472 629 1044 562 9 130 0 625
49 216 470 625 1038 558 6 130 0 618
49 308 470 625 1038 558 6 130 0 618
39 305 469 624 1028 550 6 125 0 616
82 305 469 624 1028 550 6 125 0 616
80 305 462 616 1028 545 6 115 0 608
80 305 462 616 1028 545 6 115 0 648
79 303 458 609 1018 535 5 114 0 638
79 303 458 609 1018 535 5 114 0 733
75 297 458 602 1013 528 3 113 0 730
75 297 458 602 1013 528 3 113 0 760
66 290 456 601 1013 520 0 107 0 757
66 290 456 601 1032 520 0 107 0 757
58 290 456 591 1030 512 0 98 0 751
58 341 456 591 1030 512 0 98 0 751
51 331 450 591 1023 505 0 88 0 744
51 331 450 591 1090 505 0 88 0 744
42 329 449 584 1081 503 0 81 0 735
42 386 449 584 1081 503 0 81 0 735
33 382 449 576 1075 497 0 75 0 730
33 382 507 576 1075 497 0 75 0 730
27 382 500 570 1068 490 0 75 0 730
27 382 500 629 1068 490 0 75 0 730
19 379 498 628 1064 489 0 71 0 726
19 379 498 648 1064 489 0 71 0 726
12 374 493 640 1062 480 0 65 0 721
33 374 493 640 1062 480 0 65 0 721
32 364 483 633 1058 476 0 65 0 715
32 364 483 633 1058 476 63 65 0 715
29 354 475 629 1056 474 58 65 0 713
29 354 475 629 1056 474 58 65 15 713
28 346 471 620 1048 473 54 65 14 706
28 364 471 620 1048 473 54 65 14 706
22 356 468 617 1042 465 45 61 14 699
22 356 468 624 1042 465 45 61 14 699
13 354 459 614 1038 464 41 61 6 696
13 409 459 614 1038 464 41 61 6 696
10 402 449 604 1035 457 37 58 0 694
10 402 449 604 1035 457 129 58 0 694
0 397 442 596 1030 453 119 56 0 685
11 397 442 596 1030 453 119 56 0 685
10 397 432 591 1028 452 118 56 0 680
10 397 432 592 1028 452 118 56 0 680
8 392 431 584 1025 442 110 47 0 679
8 392 431 584 1025 442 190 47 0 679
7 391 427 584 1019 433 186 45 0 679
7 391 427 584 1019 518 186 45 0 679
0 385 419 577 1018 518 178 45 0 671
0 385 419 577 1018 518 229 45 0 671
0 382 418 571 1017 518 224 39 0 671
0 382 485 571 1017 518 224 39 0 671
0 375 475 571 1011 509 217 35 0 669
0 375 475 571 1064 509 217 35 0 669
0 374 469 562 1055 502 207 27 0 663
34 374 469 562 1055 502 207 27 0 663
29 374 461 562 1047 499 197 18 0 660
29 374 507 562 1047 499 197 18 0 660
27 365 506 558 1042 492 196 10 0 654
27 365 506 618 1042 492 196 10 0 654
20 355 504 613 1035 490 190 6 0 649
20 427 504 613 1035 490 190 6 0 649
19 418 499 605 1033 482 190 0 0 642
19 418 499 605 1033 482 222 0 0 642
11 412 498 603 1024 474 215 0 0 632
11 412 498 604 1024 474 215 0 0 632
9 404 490 598 1019 470 208 0 0 626
9 404 490 598 1019 479 208 0 0 626
7 399 482 590 1017 470 206 0 0 622
7 399 482 590 1017 470 206 0 50 622
2 393 473 584 1012 460 200 0 44 612
28 393 473 584 1012 460 200 0 44 612
27 391 465 575 1006 453 200 0 38 609
27 391 465 575 1043 453 200 0 38 609
18 383 456 570 1038 445 196 0 38 599
18 383 456 570 1038 445 196 54 38 599
11 376 449 569 1028 436 193 45 34 589
25 376 449 569 1028 436 193 45 34 589
23 374 440 567 1021 436 186 40 28 581
67 374 440 567 1021 436 186 40 28 581
57 371 440 557 1015 431 181 30 25 571
57 371 507 557 1015 431 181 30 25 571
49 364 499 551 1010 426 172 23 18 570
49 364 499 605 1010 426 172 23 18 570
45 354 492 597 1001 419 168 13 11 562
45 354 492 597 1001 419 168 13 11 648
45 344 484 587 997 415 164 12 2 645
45 416 484 587 997 415 164 12 2 645
43 408 474 586 993 414 157 5 1 637
43 408 474 586 1073 414 157 5 1 637
39 403 465 586 1069 410 152 2 0 631
39 403 465 586 1069 410 152 68 0 631
33 396 461 582 1064 400 151 66 0 627
33 396 461 582 1074 400 151 66 0 627
31 387 453 573 1069 391 147 62 0 626
31 387 453 646 1069 391 147 62 0 626
28 379 450 643 1067 382 141 61 0 621
28 379 450 643 1110 382 141 61 0 621
27 371 448 636 1100 375 131 57 0 614
27 371 448 636 1100 375 131 57 10 614
19 371 442 634 1100 375 127 57 6 614
19 371 442 643 1100 375 127 57 6 614
11 362 440 642 1097 371 127 47 0 607
11 362 440 642 1097 371 178 47 0 607
6 354 431 639 1089 366 170 46 0 598
6 354 431 639 1089 366 170 46 16 598
0 347 430 638 1079 356 160 40 13 596
0 347 430 706 1079 356 160 40 13 596
0 339 426 704 1077 354 154 36 9 595
0 408 426 704 1077 354 154 36 9 595
0 400 417 698 1076 346 145 27 5 591
0 400 417 698 1076 346 145 75 5 591
0 390 411 697 1073 344 139 70 0 581
0 419 411 697 1073 344 139 70 0 581
0 416 409 691 1065 335 136 63 0 575
0 416 409 691 1075 335 136 63 0 575
0 411 405 685 1073 332 136 53 0 575
0 411 468 685 1073 332 136 53 0 575
0 411 459 685 1064 324 129 45 0 569
0 411 459 685 1064 410 129 45 0 569
0 404 459 685 1062 408 121 44 0 563
0 404 459 685 1062 408 121 130 0 563
0 403 454 677 1062 402 116 123 0 561
0 403 454 701 1062 402 116 123 0 561
0 396 444 700 1052 402 114 113 0 551
0 396 444 731 1052 402 114 113 0 551
0 393 443 724 1048 401 104 104 0 550
0 393 471 724 1048 401 104 104 0 550
0 392 462 719 1041 401 95 94 0 547
0 392 462 719 1041 427 95 94 0 547
0 389 459 716 1041 424 86 84 0 546
0 389 459 716 1041 424 151 84 0 546
0 386 458 710 1031 418 146 75 0 537
0 386 458 786 1031 418 146 75 0 537
0 377 448 782 1026 413 136 73 0 529
0 377 448 782 1026 494 136 73 0 529
0 369 438 774 1021 486 131 67 0 523
49 369 438 774 1021 486 131 67 0 523
40 363 428 767 1019 486 127 66 0 522
40 363 428 767 1019 486 127 158 0 522
30 358 425 761 1012 477 122 157 0 513
30 400 425 761 1012 477 122 157 0 513
20 390 424 751 1008 472 114 155 0 513
20 390 424 751 1008 472 114 193 0 513
20 383 418 747 998 470 104 191 0 503
74 383 418 747 998 470 104 191 0 503
72 382 408 740 993 461 96 188 0 498
72 382 408 740 1026 461 96 188 0 498
71 373 401 739 1016 452 95 181 0 493
71 398 401 739 1016 452 95 181 0 493
71 391 394 737 1014 446 88 180 0 490
71 391 394 737 1014 503 88 180 0 490
61 387 391 733 1010 493 83 170 0 486
61 387 391 733 1010 493 83 170 0 544
56 384 381 731 1001 487 81 164 0 544
56 384 381 731 1001 487 81 208 0 544
50 383 380 728 999 477 79 207 0 542
50 383 380 728 999 477 79 294 0 542
47 373 374 720 999 467 74 293 0 533
47 373 374 720 999 467 74 293 0 578
39 372 366 719 993 463 66 289 0 574
39 372 433 719 993 463 66 289 0 574
35 363 431 709 988 453 65 280 0 569
35 363 431 709 988 467 65 280 0 569
30 358 423 703 988 467 61 279 0 564
53 358 423 703 988 467 61 279 0 564
48 353 415 701 987 461 52 271 0 556
48 353 415 701 987 461 82 271 0 556
47 353 412 696 978 461 73 265 0 549
47 353 412 696 978 461 105 265 0 549
44 343 405 692 971 451 101 265 0 543
44 343 438 692 971 451 101 265 0 543
41 334 436 682 963 448 91 261 0 540
41 334 436 682 963 448 91 261 0 590
35 328 432 679 954 445 83 257 0 580
35 328 432 679 1002 445 83 257 0 580
31 327 424 674 996 435 78 248 0 575
31 327 424 706 996 435 78 248 0 575
28 321 422 699 994 426 70 248 0 567
28 321 422 699 994 475 70 248 0 567
21 319 422 691 992 470 63 238 0 558
21 319 422 691 992 470 63 238 0 576
18 317 417 688 989 461 61 237 0 570
24 317 417 688 989 461 61 237 0 570
18 309 415 683 979 461 59 230 0 565
18 309 415 683 979 461 59 285 0 565
8 303 407 677 975 458 52 281 0 561
8 303 407 677 975 488 52 281 0 561
0 297 398 673 970 488 43 271 0 551
0 297 398 673 970 488 43 271 0 620
0 288 397 669 962 478 34 264 0 610
0 288 397 669 962 478 34 285 0 610
0 282 395 662 953 478 24 283 0 603
0 282 395 662 953 478 24 283 26 603
0 275 386 652 945 471 16 280 17 593
0 275 386 652 945 471 16 280 28 593
0 272 380 642 936 468 13 272 19 590
0 272 380 642 936 526 13 272 19 590
0 268 370 637 927 526 7 262 11 581
0 268 370 637 927 526 7 262 11 675
0 265 361 632 925 524 0 256 11 667
0 265 361 632 925 524 0 343 11 667
0 262 356 631 921 521 0 337 8 663
0 333 356 631 921 521 0 337 8 663
0 333 347 629 913 513 0 331 3 653
0 333 416 629 913 513 0 331 3 653
0 331 408 627 908 504 0 329 3 648
0 369 408 627 908 504 0 329 3 648
0 359 402 621 903 504 0 323 1 642
52 359 402 621 903 504 0 323 1 642
46 351 394 615 898 501 0 318 0 636
46 417 394 615 898 501 0 318 0 636
37 417 389 610 893 500 0 316 0 631
37 435 389 610 893 500 0 316 0 631
31 432 387 606 890 497 0 315 0 626
31 432 387 610 890 497 0 315 0 626
27 431 386 604 889 495 0 306 0 625
27 447 386 604 889 495 0 306 0 625
17 437 377 604 889 491 0 297 0 615
17 437 414 604 889 491 0 297 0 615
17 433 412 595 879 482 0 294 0 607
17 433 412 595 879 482 0 294 0 668
10 429 412 593 878 479 0 285 0 658
10 429 470 593 878 479 0 285 0 658
0 426 466 586 876 469 0 279 0 651
0 426 466 586 876 469 0 279 4 651
0 423 461 582 868 461 0 273 4 647
0 423 461 582 868 461 0 273 53 647
0 419 459 573 859 461 0 269 48 637
0 419 459 616 859 461 0 269 48 637
0 409 457 611 851 461 0 264 48 629
0 409 457 611 851 461 0 335 48 629
0 403 456 605 846 457 0 330 38 622
0 436 456 605 846 457 0 330 38 622
0 432 451 601 846 453 0 322 36 621
0 432 451 636 846 453 0 322 36 621
0 432 448 631 843 449 0 315 28 620
0 432 448 631 843 449 0 375 28 620
