1000 10
0 0 0 0 0 0 0 0 0 0
0 0 0 178 0 0 0 0 0 0
0 0 0 175 0 0 0 0 0 0
0 0 0 175 0 0 0 0 0 940
0 0 0 138 0 0 0 0 0 891
0 0 0 138 0 0 0 0 0 1691
0 0 0 85 0 0 0 0 0 1630
0 0 989 85 0 0 0 0 0 1630
0 0 953 57 0 0 0 0 0 1569
0 0 953 57 0 0 0 574 0 1569
0 0 897 3 0 0 0 504 0 1549
0 0 897 979 0 0 0 504 0 1549
0 0 860 960 0 0 0 488 0 1481
0 0 860 960 0 0 332 488 0 1481
0 0 766 954 0 0 240 397 0 1406
0 0 766 954 0 0 781 397 0 1406
0 0 680 877 0 0 683 350 0 1369
0 0 680 877 0 0 906 350 0 1369
0 0 632 818 0 0 856 300 0 1352
0 0 632 1693 0 0 856 300 0 1352
0 0 538 1613 0 0 761 269 0 1276
297 0 538 1613 0 0 761 269 0 1276
201 0 492 1597 0 0 716 256 0 1261
201 0 492 2054 0 0 716 256 0 1261
107 0 426 2015 0 0 630 177 0 1184
107 0 426 2015 732 0 630 177 0 1184
64 0 344 1936 642 0 629 106 0 1135
64 89 344 1936 642 0 629 106 0 1135
46 81 269 1902 608 0 573 79 0 1121
46 81 269 2071 608 0 573 79 0 1121
0 32 216 2039 534 0 497 33 0 1116
0 32 216 2039 534 0 497 33 100 1116
0 13 164 1968 533 0 470 0 66 1111
0 463 164 1968 533 0 470 0 66 1111
0 400 142 1938 449 0 372 0 65 1062
0 1248 142 1938 449 0 372 0 65 1062
0 1238 43 1936 394 0 352 0 9 1054
0 1238 43 1936 394 0 352 0 400 1054
0 1152 39 1894 348 0 253 0 369 997
0 1152 39 2407 348 0 253 0 369 997
0 1119 0 2402 303 0 187 0 278 965
0 1119 0 2402 847 0 187 0 278 965
0 1090 0 2374 782 0 93 0 276 949
0 1122 0 2374 782 0 93 0 276 949
0 1109 0 2292 758 0 28 0 201 853
0 1853 0 2292 758 0 28 0 201 853
0 1846 0 2281 753 0 0 0 169 811
0 1846 0 2281 753 0 752 0 169 811
0 1837 0 2202 705 0 712 0 166 809
0 1837 0 3022 705 0 712 0 166 809
0 1789 0 2971 689 0 636 0 87 714
0 1789 0 2971 689 0 636 0 436 714
0 1745 0 2958 662 0 556 0 362 647
972 1745 0 2958 662 0 556 0 362 647
928 1697 0 2953 647 0 523 0 280 646
1497 1697 0 2953 647 0 523 0 280 646
1474 1637 0 2951 564 0 474 0 245 581
1474 1637 0 3301 564 0 474 0 245 581
1444 1596 0 3271 487 0 435 0 177 578
1444 1596 0 3271 487 0 761 0 177 578
1381 1561 0 3254 479 0 693 0 100 478
1381 1561 0 3254 479 0 1469 0 100 478
1289 1509 0 3209 418 0 1438 0 70 448
1289 1509 0 3209 1035 0 1438 0 70 448
1226 1423 0 3176 993 0 1345 0 49 405
1226 2215 0 3176 993 0 1345 0 49 405
1217 2200 0 3168 930 0 1326 0 11 388
1217 2200 0 3168 930 0 1326 362 11 388
1135 2166 0 3141 892 0 1314 280 0 317
1135 2166 0 3141 1561 0 1314 280 0 317
1115 2082 0 3113 1517 0 1247 234 0 307
1115 2250 0 3113 1517 0 1247 234 0 307
1041 2241 0 3106 1429 0 1202 139 0 302
1041 2241 0 3106 1429 0 1202 360 0 302
959 2153 0 3071 1394 0 1146 290 0 219
959 2153 0 3071 1572 0 1146 290 0 219
888 2143 0 3004 1512 0 1133 264 0 147
888 2143 372 3004 1512 0 1133 264 0 147
835 2139 274 2931 1416 0 1115 209 0 65
835 2139 274 2931 1416 532 1115 209 0 65
779 2083 206 2897 1324 525 1051 152 0 0
1056 2083 206 2897 1324 525 1051 152 0 0
1038 1991 162 2858 1275 466 998 108 0 0
1038 1991 594 2858 1275 466 998 108 0 0
945 1911 541 2812 1222 417 932 82 0 0
1940 1911 541 2812 1222 417 932 82 0 0
1858 1897 518 2749 1204 389 847 56 0 0
1858 1897 518 2749 1204 389 847 512 0 0
1837 1809 438 2722 1142 316 833 434 0 0
1837 1809 722 2722 1142 316 833 434 0 0
1758 1725 664 2631 1098 307 771 356 0 0
1758 1725 664 2741 1098 307 771 356 0 0
1707 1666 625 2678 1016 215 696 291 0 0
1707 1666 625 2678 1016 215 696 291 0 377
1647 1580 533 2581 984 160 669 199 0 363
1647 1580 533 3544 984 160 669 199 0 363
1609 1553 468 3518 965 105 587 139 0 363
1609 1553 468 3518 965 105 587 605 0 363
1596 1478 388 3447 904 87 490 586 0 292
1596 1478 388 3447 1404 87 490 586 0 292
1566 1402 295 3355 1403 73 396 566 0 205
1566 1402 1002 3355 1403 73 396 566 0 205
1477 1362 1001 3349 1360 5 333 521 0 136
1477 2366 1001 3349 1360 5 333 521 0 136
1413 2331 933 3261 1342 0 251 441 0 67
1794 2331 933 3261 1342 0 251 441 0 67
1700 2314 928 3253 1293 0 202 406 0 27
1700 2314 928 3253 1293 0 1210 406 0 27
1602 2227 842 3196 1196 0 1190 345 0 0
1602 2227 842 3802 1196 0 1190 345 0 0
1581 2170 810 3777 1112 0 1174 251 0 0
1581 2170 810 3777 1345 0 1174 251 0 0
1573 2163 724 3737 1250 0 1097 171 0 0
1573 2163 1416 3737 1250 0 1097 171 0 0
1500 2123 1408 3677 1238 0 1049 113 0 0
1500 2123 1408 3677 1238 0 1075 113 0 0
1433 2065 1311 3592 1232 0 1032 65 0 0
1433 2120 1311 3592 1232 0 1032 65 0 0
1399 2020 1219 3552 1150 0 991 48 0 0
1399 2020 1646 3552 1150 0 991 48 0 0
1367 2020 1641 3456 1055 0 976 7 0 0
1367 2020 1641 3456 1055 0 976 7 0 319
1363 1940 1592 3407 1008 0 931 0 0 315
1363 1940 1592 3407 1528 0 931 0 0 315
1318 1900 1556 3392 1513 0 849 0 0 283
1318 1900 1556 3392 1513 0 1007 0 0 283
1228 1865 1481 3356 1475 0 994 0 0 193
1228 1903 1481 3356 1475 0 994 0 0 193
1163 1835 1414 3337 1440 0 903 0 0 133
1674 1835 1414 3337 1440 0 903 0 0 133
1589 1809 1366 3256 1417 0 878 0 0 93
1589 1809 1366 3981 1417 0 878 0 0 93
1559 1738 1343 3899 1341 0 830 0 0 34
1559 1738 1496 3899 1341 0 830 0 0 34
1558 1666 1420 3810 1341 0 801 0 0 23
2265 1666 1420 3810 1341 0 801 0 0 23
2236 1653 1329 3747 1282 0 712 0 0 22
2688 1653 1329 3747 1282 0 712 0 0 22
2609 1573 1305 3709 1212 0 632 0 0 0
2609 1573 1305 3964 1212 0 632 0 0 0
2590 1483 1229 3954 1147 0 579 0 0 0
2590 1483 1229 3954 1698 0 579 0 0 0
2590 1415 1184 3917 1638 0 571 0 0 0
2590 1415 1184 3917 1638 0 571 786 0 0
2542 1415 1129 3825 1629 0 527 699 0 0
2542 1415 1129 3825 1629 0 527 699 4 0
2499 1376 1115 3794 1614 0 490 645 0 0
2499 1376 1115 3794 1614 0 490 645 0 749
2437 1360 1085 3696 1585 0 418 609 0 712
2437 1360 1085 3696 1585 0 418 609 0 1583
2431 1272 1079 3669 1515 0 348 524 0 1516
2431 1272 1079 4433 1515 0 348 524 0 1516
2386 1202 1012 4333 1477 0 263 490 0 1432
2386 1202 1012 4333 1477 0 263 490 0 2217
2352 1104 1009 4274 1466 0 185 390 0 2157
2352 1104 1009 4274 1466 0 185 390 469 2157
2267 1028 986 4220 1461 0 99 356 436 2133
3086 1028 986 4220 1461 0 99 356 436 2133
2995 1015 902 4146 1400 0 3 320 396 2122
2995 1015 902 4146 1400 0 3 653 396 2122
2967 974 875 4140 1398 0 0 647 376 2076
3199 974 875 4140 1398 0 0 647 376 2076
3105 916 849 4133 1358 0 0 628 312 1979
3105 916 849 4133 1358 234 0 628 312 1979
3088 902 754 4096 1356 231 0 627 257 1961
3088 902 1589 4096 1356 231 0 627 257 1961
3077 802 1568 4078 1337 181 0 536 254 1878
3077 802 1568 4078 1892 181 0 536 254 1878
3010 777 1541 4030 1878 148 0 469 180 1796
3010 777 1579 4030 1878 148 0 469 180 1796
2951 721 1501 4010 1865 102 0 377 174 1780
2951 1703 1501 4010 1865 102 0 377 174 1780
2928 1621 1469 3982 1855 94 0 348 152 1685
2928 1621 1469 4337 1855 94 0 348 152 1685
2926 1563 1441 4328 1811 46 0 341 82 1638
2926 1563 1441 4328 2074 46 0 341 82 1638
2887 1464 1353 4328 2008 0 0 304 82 1630
2887 1464 1353 4328 2008 0 336 304 82 1630
2874 1442 1292 4269 1938 0 272 236 42 1552
2874 1442 1292 4269 1938 0 272 416 42 1552
2778 1404 1215 4260 1907 0 240 318 0 1491
2778 1404 1215 4260 1907 0 1105 318 0 1491
2680 1365 1139 4260 1873 0 1061 289 0 1467
2688 1365 1139 4260 1873 0 1061 289 0 1467
2671 1336 1109 4221 1860 0 990 225 0 1460
2671 1336 1592 4221 1860 0 990 225 0 1460
2639 1256 1493 4209 1784 0 970 180 0 1409
2639 1256 1493 4209 1784 0 970 180 534 1409
2541 1245 1439 4140 1768 0 960 151 465 1364
2541 1245 1439 4140 1768 0 1549 151 465 1364
2490 1147 1352 4117 1668 0 1516 58 440 1293
2490 1147 1352 4117 1668 0 1923 58 440 1293
2390 1098 1325 4100 1632 0 1827 43 404 1200
2390 1098 1325 4100 2494 0 1827 43 404 1200
2371 1096 1230 4008 2469 0 1766 0 324 1173
2371 1096 1230 4383 2469 0 1766 0 324 1173
2350 1056 1198 4383 2439 0 1755 0 318 1092
2350 1056 1198 4383 2439 0 1755 0 318 1718
2286 987 1148 4379 2410 0 1713 0 259 1714
2286 987 1148 4379 2410 0 1713 0 259 2582
2285 982 1123 4319 2329 0 1707 0 194 2560
2285 982 1123 4319 2329 31 1707 0 194 2560
2245 976 1091 4243 2261 0 1703 0 168 2486
2245 976 1091 4243 2261 0 2414 0 168 2486
2166 924 1058 4190 2249 0 2380 0 73 2472
2166 1178 1058 4190 2249 0 2380 0 73 2472
2153 1104 1010 4152 2240 0 2288 0 37 2439
2707 1104 1010 4152 2240 0 2288 0 37 2439
2646 1004 972 4084 2150 0 2274 0 0 2340
2646 1004 972 4084 2150 0 2274 623 0 2340
2608 976 942 4055 2103 0 2176 571 0 2321
2608 976 942 4055 2103 918 2176 571 0 2321
2542 945 882 3982 2032 892 2160 506 0 2318
2575 945 882 3982 2032 892 2160 506 0 2318
2534 890 826 3884 1993 818 2063 412 0 2252
2534 890 826 3884 1993 818 2063 412 931 2252
2474 807 800 3814 1961 771 2056 390 850 2227
2474 807 800 3814 1961 771 2056 946 850 2227
2394 769 749 3717 1885 749 2009 930 775 2176
2394 769 749 3717 1885 749 2009 930 775 3161
2294 731 688 3640 1875 649 1966 902 771 3074
2294 731 688 3640 1875 649 2925 902 771 3074
2264 631 636 3616 1849 557 2904 837 725 3029
2264 1445 636 3616 1849 557 2904 837 725 3029
2234 1411 596 3543 1825 508 2884 830 641 2984
2234 1411 596 3543 1825 508 2884 830 1090 2984
2139 1381 544 3507 1748 466 2795 827 1040 2982
2139 2107 544 3507 1748 466 2795 827 1040 2982
2114 2039 466 3472 1674 404 2729 742 969 2982
2114 2039 948 3472 1674 404 2729 742 969 2982
2061 1969 881 3413 1650 382 2676 665 913 2913
2061 1969 881 3417 1650 382 2676 665 913 2913
2008 1937 854 3393 1583 329 2605 654 826 2831
2008 1937 854 3393 2023 329 2605 654 826 2831
1934 1843 798 3339 1928 286 2568 624 799 2815
1934 1843 798 3339 1928 286 2568 624 799 3747
1909 1747 763 3249 1884 199 2509 592 785 3721
1909 1747 763 3249 1884 279 2509 592 785 3721
1902 1676 727 3180 1849 257 2508 547 697 3682
1902 1676 727 3180 1849 257 2508 547 792 3682
1899 1600 651 3160 1837 212 2453 486 785 3676
1899 1600 651 3160 2009 212 2453 486 785 3676
1895 1562 552 3144 1921 172 2441 471 749 3589
1895 1562 552 3144 1921 172 2441 471 1099 3589
1867 1479 477 3051 1861 148 2381 371 1054 3553
1867 1479 477 3051 1861 1122 2381 371 1054 3553
1805 1418 390 2970 1801 1093 2356 320 971 3531
1805 1418 390 2970 1801 1093 2356 675 971 3531
1790 1333 294 2913 1728 1079 2261 578 953 3523
1790 1333 294 2913 1728 1079 2261 578 953 4336
1738 1317 235 2911 1727 993 2214 511 853 4253
1738 1991 235 2911 1727 993 2214 511 853 4253
1641 1957 139 2889 1673 950 2150 447 779 4247
1641 1957 589 2889 1673 950 2150 447 779 4247
1600 1931 522 2853 1584 853 2139 351 739 4154
1600 1931 522 2853 2010 853 2139 351 739 4154
1511 1873 476 2835 2009 829 2053 261 702 4114
1511 1873 476 2835 2009 829 2053 261 702 4171
1423 1860 441 2794 1936 816 2021 251 655 4145
1423 1860 441 2794 1936 816 2021 434 655 4145
1358 1831 348 2696 1914 740 2018 406 627 4058
1358 1831 348 2727 1914 740 2018 406 627 4058
1337 1831 292 2690 1825 668 1934 357 546 4027
1337 1831 354 2690 1825 668 1934 357 546 4027
1260 1801 342 2656 1743 617 1902 271 497 4011
1260 1801 342 2656 2389 617 1902 271 497 4011
1234 1797 248 2564 2298 582 1878 271 468 3936
1234 1797 248 2564 2298 1111 1878 271 468 3936
1134 1759 226 2489 2253 1064 1808 176 401 3929
1134 2442 226 2489 2253 1064 1808 176 401 3929
1052 2405 153 2449 2181 1051 1746 89 307 3909
1052 2405 153 2449 2181 1051 2246 89 307 3909
1019 2385 144 2442 2088 973 2154 8 233 3848
1019 2385 144 2442 2088 1628 2154 8 233 3848
1012 2325 49 2432 2006 1566 2125 0 151 3842
1012 2325 49 2432 2006 1566 2125 0 151 4519
993 2317 0 2421 1941 1481 2055 0 103 4509
993 2317 459 2421 1941 1481 2055 0 103 4509
990 2268 422 2364 1906 1481 2002 0 21 4503
990 2268 422 2364 1906 1481 2002 545 21 4503
986 2223 336 2271 1882 1389 1972 516 0 4422
986 2223 336 2271 1882 1389 1972 516 446 4422
980 2221 309 2245 1879 1337 1951 516 416 4395
980 2221 309 2245 1879 1337 1951 947 416 4395
890 2186 291 2197 1852 1294 1894 857 374 4328
890 2186 291 2197 1852 1294 1894 857 937 4328
802 2163 266 2122 1790 1237 1868 801 868 4276
1810 2163 266 2122 1790 1237 1868 801 868 4276
1752 2113 250 2090 1777 1169 1807 706 856 4185
1752 2113 250 2090 1777 1169 1807 706 1566 4185
1734 2020 157 2047 1730 1074 1774 673 1529 4181
1734 2020 157 2047 2703 1074 1774 673 1529 4181
1637 1934 120 1979 2651 1054 1713 595 1443 4141
1637 1934 120 1979 2651 1054 1713 595 1920 4141
1573 1858 91 1952 2640 1053 1648 586 1906 4122
1573 1858 91 1952 2640 1455 1648 586 1906 4122
1473 1790 4 1893 2581 1360 1624 506 1838 4081
1473 1790 4 1893 2581 1360 1624 506 2160 4081
1420 1714 0 1797 2506 1330 1617 437 2109 4073
1420 1714 0 1797 2506 1330 2481 437 2109 4073
1320 1633 0 1751 2446 1242 2439 428 2047 4022
1550 1633 0 1751 2446 1242 2439 428 2047 4022
1494 1621 0 1732 2413 1235 2417 342 2033 3966
1494 1621 0 1732 2413 1507 2417 342 2033 3966
1493 1579 0 1675 2390 1465 2394 263 1952 3921
1493 1579 0 1675 2781 1465 2394 263 1952 3921
1445 1550 0 1605 2767 1404 2327 191 1882 3878
1445 1550 0 2206 2767 1404 2327 191 1882 3878
1359 1511 0 2182 2753 1368 2251 152 1835 3811
1359 1511 116 2182 2753 1368 2251 152 1835 3811
1291 1458 44 2166 2673 1344 2230 86 1746 3804
1291 1458 44 2166 2673 1417 2230 86 1746 3804
1289 1378 0 2127 2588 1358 2173 22 1681 3747
1289 1378 802 2127 2588 1358 2173 22 1681 3747
1206 1343 717 2082 2559 1304 2129 0 1588 3743
1206 1343 717 2082 2559 1304 2129 0 1595 3743
1167 1320 627 1989 2510 1237 2110 0 1579 3663
1167 1320 627 1989 2510 1237 2110 621 1579 3663
1148 1223 541 1958 2447 1143 2106 607 1574 3612
1148 1223 658 1958 2447 1143 2106 607 1574 3612
1124 1211 648 1882 2381 1085 2026 546 1487 3577
1124 1211 648 1882 2381 1085 2026 546 1487 3661
1085 1138 645 1810 2286 1063 1998 501 1462 3582
1085 1318 645 1810 2286 1063 1998 501 1462 3582
1084 1269 577 1784 2262 986 1984 443 1440 3552
1084 1269 577 1784 2262 1544 1984 443 1440 3552
1036 1248 553 1767 2249 1516 1925 396 1361 3527
1036 1248 553 1767 2249 2074 1925 396 1361 3527
1007 1155 524 1673 2184 2057 1868 356 1326 3445
1007 2064 524 1673 2184 2057 1868 356 1326 3445
988 2050 469 1575 2164 1959 1807 336 1284 3391
988 2050 469 1575 2164 1959 1807 389 1284 3391
979 1982 397 1478 2072 1867 1710 343 1251 3344
979 2373 397 1478 2072 1867 1710 343 1251 3344
950 2313 379 1450 2049 1849 1652 333 1227 3328
950 2313 379 2423 2049 1849 1652 333 1227 3328
911 2294 284 2387 1999 1767 1604 304 1193 3257
911 2294 284 2387 2033 1767 1604 304 1193 3257
823 2274 205 2357 2009 1740 1543 299 1094 3219
823 2274 205 2357 2009 1864 1543 299 1094 3219
774 2221 127 2287 1994 1845 1505 257 1036 3124
774 2221 127 2287 1994 1845 1505 257 1451 3124
681 2191 106 2239 1976 1819 1420 257 1354 3042
681 2191 106 2239 1976 1819 1420 1084 1354 3042
594 2139 6 2142 1885 1811 1369 1042 1317 3026
594 2139 946 2142 1885 1811 1369 1042 1317 3026
549 2072 901 2062 1847 1750 1349 970 1236 2967
549 2473 901 2062 1847 1750 1349 970 1236 2967
511 2451 838 2003 1815 1666 1267 930 1210 2899
511 2451 838 2003 2391 1666 1267 930 1210 2899
465 2411 766 1982 2348 1653 1228 836 1194 2856
465 2411 766 1982 2348 2659 1228 836 1194 2856
427 2364 676 1936 2289 2572 1168 784 1158 2756
427 2364 676 1936 2289 2572 1168 784 1497 2756
391 2332 667 1865 2218 2522 1126 774 1457 2755
391 2332 667 1865 2218 2522 1126 774 1457 2782
305 2287 575 1845 2123 2516 1060 704 1445 2713
305 2287 1328 1845 2123 2516 1060 704 1445 2713
255 2282 1328 1781 2077 2512 1007 704 1376 2664
255 2282 1328 1781 2077 2512 1620 704 1376 2664
204 2270 1318 1754 2024 2460 1572 696 1348 2623
204 2270 1318 1754 2024 3293 1572 696 1348 2623
166 2249 1295 1712 2014 3251 1572 665 1249 2564
166 2672 1295 1712 2014 3251 1572 665 1249 2564
142 2575 1252 1669 2012 3227 1503 594 1231 2523
142 2775 1252 1669 2012 3227 1503 594 1231 2523
91 2748 1204 1629 1996 3196 1429 537 1219 2462
91 2748 1204 1629 1996 3196 1429 1102 1219 2462
1 2651 1129 1596 1957 3181 1400 1068 1168 2434
1 3577 1129 1596 1957 3181 1400 1068 1168 2434
0 3503 1089 1521 1937 3102 1323 1043 1125 2388
0 3503 1089 1521 1937 3102 1508 1043 1125 2388
0 3486 993 1483 1883 3078 1505 954 1044 2312
0 3783 993 1483 1883 3078 1505 954 1044 2312
0 3759 988 1472 1855 3056 1474 914 989 2299
0 3759 1221 1472 1855 3056 1474 914 989 2299
0 3749 1213 1429 1831 3024 1430 840 973 2224
244 3749 1213 1429 1831 3024 1430 840 973 2224
243 3675 1170 1405 1804 3000 1373 782 875 2169
243 3675 1170 1405 1804 3622 1373 782 875 2169
146 3600 1102 1367 1764 3540 1274 772 806 2124
146 3600 1102 1367 2339 3540 1274 772 806 2124
90 3587 1028 1307 2257 3489 1230 739 802 2035
1021 3587 1028 1307 2257 3489 1230 739 802 2035
970 3568 953 1259 2257 3441 1213 704 704 2010
970 3568 953 1259 3129 3441 1213 704 704 2010
919 3482 872 1226 3116 3342 1196 661 687 1948
919 3482 872 1226 3809 3342 1196 661 687 1948
889 3430 780 1174 3774 3296 1123 641 659 1903
889 3430 780 1174 3774 3296 1123 641 659 2058
852 3417 717 1167 3726 3196 1029 550 658 1998
852 3417 717 1167 3726 3196 1331 550 658 1998
796 3366 669 1126 3675 3120 1310 484 614 1957
1000 3366 669 1126 3675 3120 1310 484 614 1957
981 3296 645 1064 3658 3027 1277 455 516 1885
1456 3296 645 1064 3658 3027 1277 455 516 1885
1370 3262 619 1001 3649 2933 1247 390 511 1863
1370 3262 619 1001 3649 2933 1247 390 511 2611
1301 3215 610 936 3563 2895 1158 326 417 2605
1301 3215 610 936 3563 3523 1158 326 417 2605
1232 3136 529 936 3469 3444 1155 239 365 2558
1232 3136 1087 936 3469 3444 1155 239 365 2558
1139 3123 1011 893 3407 3371 1065 160 295 2464
1139 3123 1011 893 3407 3703 1065 160 295 2464
1134 3120 957 850 3388 3610 988 80 211 2398
1134 3120 957 850 3388 3610 1594 80 211 2398
1038 3074 944 756 3342 3512 1564 8 189 2323
1038 3474 944 756 3342 3512 1564 8 189 2323
994 3440 888 688 3274 3508 1497 0 166 2239
994 3440 888 688 3274 3508 1497 466 166 2239
944 3368 870 619 3231 3491 1439 457 145 2195
944 3368 870 1516 3231 3491 1439 457 145 2195
892 3325 818 1509 3198 3490 1391 437 104 2136
892 3325 818 1509 3312 3490 1391 437 104 2136
856 3258 758 1470 3219 3398 1292 378 99 2086
856 3258 1153 1470 3219 3398 1292 378 99 2086
835 3250 1106 1371 3191 3391 1292 368 45 2020
835 3250 1106 1371 3191 3391 1292 368 525 2020
762 3230 1049 1305 3132 3349 1267 366 459 1951
1076 3230 1049 1305 3132 3349 1267 366 459 1951
1037 3186 1018 1240 3056 3288 1248 346 414 1950
1037 3186 1018 1240 3056 3288 1248 346 414 2684
950 3172 920 1232 3055 3272 1221 289 317 2608
950 3172 1395 1232 3055 3272 1221 289 317 2608
869 3148 1328 1200 2965 3268 1157 272 270 2598
869 3148 1328 1200 2965 3268 1157 760 270 2598
868 3116 1264 1122 2954 3195 1147 748 209 2579
868 3116 1264 1122 2954 3195 1715 748 209 2579
842 3045 1176 1029 2925 3128 1628 653 172 2547
842 3045 1176 1029 3763 3128 1628 653 172 2547
820 2972 1123 935 3685 3098 1546 560 98 2469
820 2972 1123 935 4482 3098 1546 560 98 2469
745 2963 1104 844 4406 3028 1475 522 21 2456
745 2963 1104 844 4406 3028 1475 522 947 2456
658 2955 1017 767 4355 2961 1432 493 927 2389
658 2955 1017 767 4355 2961 1685 493 927 2389
642 2955 972 674 4301 2895 1676 465 884 2326
642 2955 972 1323 4301 2895 1676 465 884 2326
595 2954 933 1305 4267 2851 1672 463 821 2324
595 2954 933 1305 4267 3373 1672 463 821 2324
559 2866 918 1298 4170 3277 1632 414 759 2224
559 3235 918 1298 4170 3277 1632 414 759 2224
522 3176 916 1259 4155 3191 1610 358 739 2220
522 3176 916 1259 4155 3705 1610 358 739 2220
468 3150 916 1163 4135 3684 1566 299 640 2198
495 3150 916 1163 4135 3684 1566 299 640 2198
397 3122 911 1104 4078 3651 1552 296 640 2125
397 3122 911 1104 4078 3651 1552 1185 640 2125
308 3040 821 1009 3988 3627 1466 1135 634 2029
308 3040 821 1009 3988 3627 1763 1135 634 2029
301 2969 775 945 3959 3544 1762 1109 606 1936
301 2969 775 945 4920 3544 1762 1109 606 1936
214 2887 706 868 4859 3445 1691 1096 509 1869
214 2887 706 868 5320 3445 1691 1096 509 1869
169 2809 623 784 5222 3421 1615 1083 496 1778
169 2809 623 784 5222 3421 1615 1690 496 1778
103 2732 571 765 5217 3405 1520 1630 433 1750
103 3339 571 765 5217 3405 1520 1630 433 1750
25 3247 480 687 5121 3382 1480 1531 394 1663
25 3247 480 687 5121 3608 1480 1531 394 1663
6 3198 452 614 5099 3576 1409 1494 364 1622
6 3198 452 614 5099 3576 1630 1494 364 1622
0 3173 406 521 5033 3554 1610 1420 314 1592
0 3173 406 521 5532 3554 1610 1420 314 1592
0 3168 355 485 5506 3503 1566 1322 258 1504
0 3168 1243 485 5506 3503 1566 1322 258 1504
0 3166 1220 478 5465 3489 1559 1236 250 1484
0 3166 1220 478 5465 3489 1559 1236 332 1484
0 3071 1176 399 5403 3466 1477 1153 241 1471
0 4043 1176 399 5403 3466 1477 1153 241 1471
0 3967 1140 357 5376 3427 1394 1081 235 1414
0 3967 1140 357 5376 3427 1394 1081 235 2419
0 3929 1102 265 5299 3375 1383 993 206 2414
0 3929 1102 265 5299 3375 1383 1641 206 2414
0 3829 1084 256 5295 3289 1329 1633 198 2325
505 3829 1084 256 5295 3289 1329 1633 198 2325
435 3803 1057 237 5250 3214 1249 1558 123 2234
435 4149 1057 237 5250 3214 1249 1558 123 2234
418 4080 1037 143 5195 3171 1220 1489 118 2186
418 4080 1037 143 5195 3171 1220 1718 118 2186
407 4039 965 62 5128 3093 1202 1707 51 2171
407 4039 965 62 5761 3093 1202 1707 51 2171
333 4018 920 0 5711 3018 1126 1652 0 2138
333 4018 1659 0 5711 3018 1126 1652 0 2138
285 3987 1602 0 5665 3002 1070 1626 0 2124
285 3987 1602 0 5665 3002 1070 1626 366 2124
257 3949 1530 0 5578 2915 1032 1553 275 2081
257 3949 1530 0 6508 2915 1032 1553 275 2081
236 3894 1444 0 6500 2913 949 1454 203 2069
236 3894 1444 0 6500 3833 949 1454 203 2069
193 3879 1346 0 6481 3812 945 1357 158 2024
193 3879 1346 0 6481 3812 945 1357 158 2975
151 3812 1295 0 6387 3720 879 1280 148 2932
151 3812 1295 0 6387 3720 879 1280 682 2932
64 3749 1213 0 6359 3651 856 1263 611 2865
64 3749 1213 0 6359 3651 856 1566 611 2865
0 3690 1160 0 6277 3609 827 1510 574 2851
0 3690 1160 0 6602 3609 827 1510 574 2851
0 3682 1106 0 6589 3554 739 1459 553 2809
593 3682 1106 0 6589 3554 739 1459 553 2809
571 3678 1104 0 6541 3541 653 1368 534 2750
571 3678 1104 0 6541 4044 653 1368 534 2750
482 3621 1023 0 6488 4000 651 1335 441 2670
482 3621 1023 0 6488 4000 1624 1335 441 2670
422 3578 1007 0 6483 3974 1579 1259 394 2596
422 3578 1007 0 6483 3974 1579 1259 394 3248
353 3504 924 0 6408 3935 1492 1212 373 3190
353 3504 924 753 6408 3935 1492 1212 373 3190
258 3407 870 657 6333 3841 1489 1151 276 3147
258 3407 870 657 6333 3841 1489 1151 844 3147
158 3373 831 655 6319 3782 1397 1146 824 3077
158 4219 831 655 6319 3782 1397 1146 824 3077
90 4157 741 559 6301 3770 1381 1099 755 3001
90 4157 741 559 6301 3770 1381 1099 755 3059
19 4081 683 541 6206 3747 1379 1025 678 3014
19 4484 683 541 6206 3747 1379 1025 678 3014
7 4442 663 525 6113 3726 1330 994 637 2939
7 4442 663 525 6197 3726 1330 994 637 2939
0 4436 623 520 6150 3658 1267 944 597 2895
0 4436 623 1227 6150 3658 1267 944 597 2895
0 4415 562 1130 6138 3624 1231 915 546 2877
0 4415 562 1130 6138 3624 1429 915 546 2877
0 4385 516 1101 6072 3535 1364 894 486 2844
0 4385 516 1101 6072 3535 1364 1249 486 2844
0 4338 492 1060 6051 3493 1295 1247 483 2829
0 4338 492 1060 6051 3493 1295 1247 1396 2829
0 4300 403 971 5998 3480 1201 1234 1317 2797
0 4300 403 1288 5998 3480 1201 1234 1317 2797
0 4252 316 1273 5952 3393 1163 1134 1262 2794
0 4252 316 1273 5952 3920 1163 1134 1262 2794
0 4234 299 1185 5915 3846 1100 1092 1164 2777
0 4234 299 1185 5915 3846 1100 1092 1164 2926
0 4162 263 1103 5862 3837 1080 1013 1142 2901
0 4162 263 1413 5862 3837 1080 1013 1142 2901
0 4073 178 1390 5822 3766 1034 981 1102 2885
0 4521 178 1390 5822 3766 1034 981 1102 2885
0 4433 78 1387 5747 3718 987 971 1005 2816
0 4433 78 1387 5747 3718 987 1732 1005 2816
0 4384 76 1287 5648 3684 915 1707 920 2753
0 4384 76 1287 5648 3684 915 1707 1377 2753
0 4371 0 1199 5555 3637 871 1674 1307 2675
0 4371 0 1199 5555 4259 871 1674 1307 2675
0 4351 0 1176 5457 4196 815 1575 1294 2611
152 4351 0 1176 5457 4196 815 1575 1294 2611
56 4294 0 1155 5357 4162 782 1533 1222 2539
56 4294 648 1155 5357 4162 782 1533 1222 2539
0 4212 596 1060 5313 4094 692 1489 1207 2513
0 4212 964 1060 5313 4094 692 1489 1207 2513
0 4122 880 975 5258 4065 646 1462 1188 2484
0 4122 880 975 5258 4327 646 1462 1188 2484
0 4025 844 960 5167 4303 581 1376 1188 2394
0 4025 844 960 5761 4303 581 1376 1188 2394
0 3974 802 877 5737 4293 572 1285 1109 2303
0 3974 1571 877 5737 4293 572 1285 1109 2303
0 3927 1504 868 5706 4210 541 1229 1082 2229
644 3927 1504 868 5706 4210 541 1229 1082 2229
634 3865 1449 840 5668 4170 496 1198 1009 2207
634 3865 1449 840 5668 4170 496 1431 1009 2207
570 3804 1396 768 5595 4118 411 1425 967 2159
570 3804 1396 768 5595 4118 411 1425 967 3013
555 3760 1332 685 5519 4057 402 1402 923 2954
555 3760 1332 685 5519 4057 402 1896 923 2954
460 3733 1264 657 5519 4037 329 1806 915 2939
460 3733 1264 657 5519 4037 329 1806 915 2991
375 3685 1250 618 5512 4019 296 1777 855 2899
375 3685 1250 618 5512 4019 296 1777 1406 2899
324 3666 1201 601 5483 3941 253 1766 1336 2856
324 3666 1201 601 5483 3941 1092 1766 1336 2856
249 3568 1117 516 5395 3898 1013 1714 1331 2787
249 4439 1117 516 5395 3898 1013 1714 1331 2787
232 4409 1029 488 5305 3869 935 1658 1238 2755
232 4810 1029 488 5305 3869 935 1658 1238 2755
155 4759 977 430 5222 3785 905 1601 1213 2674
155 5600 977 430 5222 3785 905 1601 1213 2674
62 5527 975 390 5204 3759 890 1511 1182 2662
62 5527 975 1209 5204 3759 890 1511 1182 2662
46 5514 972 1201 5120 3735 859 1444 1168 2588
46 5514 972 1201 5120 3735 1235 1444 1168 2588
34 5466 955 1181 5096 3674 1141 1432 1143 2575
34 5466 955 1181 5096 3674 1141 1432 1143 2734
0 5411 914 1129 5028 3597 1062 1374 1084 2670
0 5411 1817 1129 5028 3597 1062 1374 1084 2670
0 5312 1806 1077 5028 3518 1059 1326 1043 2660
0 5312 1806 1077 5028 3518 1059 1326 1869 2660
0 5306 1782 1036 4963 3451 1039 1263 1852 2645
0 6247 1782 1036 4963 3451 1039 1263 1852 2645
0 6185 1711 967 4941 3390 999 1252 1793 2586
0 6185 1711 967 4941 3390 1852 1252 1793 2586
0 6146 1711 935 4846 3355 1759 1220 1746 2558
0 6146 1711 935 4846 4143 1759 1220 1746 2558
0 6123 1698 895 4807 4069 1748 1161 1714 2510
0 6123 1844 895 4807 4069 1748 1161 1714 2510
0 6100 1755 841 4798 4020 1743 1094 1679 2474
0 6100 1755 841 4957 4020 1743 1094 1679 2474
0 6034 1755 796 4948 4009 1738 1075 1651 2405
0 6034 2510 796 4948 4009 1738 1075 1651 2405
0 6006 2426 794 4946 3940 1713 1016 1608 2326
0 6006 3220 794 4946 3940 1713 1016 1608 2326
0 5911 3181 752 4899 3938 1662 924 1578 2316
0 5911 3181 752 4899 3938 1662 924 1578 3136
0 5910 3157 666 4834 3846 1618 844 1509 3086
0 6347 3157 666 4834 3846 1618 844 1509 3086
0 6297 3062 632 4761 3830 1617 824 1487 2990
0 6297 3062 1271 4761 3830 1617 824 1487 2990
0 6233 3045 1260 4675 3800 1529 764 1441 2956
0 6233 3045 1260 4675 3800 1714 764 1441 2956
0 6221 3038 1160 4646 3783 1666 689 1407 2944
0 6277 3038 1160 4646 3783 1666 689 1407 2944
0 6258 2941 1102 4590 3781 1591 627 1406 2868
0 6258 2941 1102 4590 3781 1591 627 1584 2868
0 6182 2843 1080 4490 3762 1587 615 1576 2788
343 6182 2843 1080 4490 3762 1587 615 1576 2788
326 6085 2810 1047 4431 3736 1493 546 1535 2752
326 6085 3685 1047 4431 3736 1493 546 1535 2752
267 6003 3649 1009 4347 3708 1462 493 1509 2655
267 6003 3649 1009 4347 3708 1462 493 1764 2655
188 5915 3629 990 4338 3612 1428 438 1713 2644
188 5915 3629 990 4601 3612 1428 438 1713 2644
144 5900 3574 916 4510 3523 1389 377 1691 2604
144 5900 3921 916 4510 3523 1389 377 1691 2604
144 5895 3834 898 4426 3511 1315 331 1659 2519
144 5895 3834 898 4426 3511 1405 331 1659 2519
95 5865 3817 823 4358 3416 1319 254 1634 2499
95 5865 3817 823 4358 3416 1319 254 1634 2981
38 5788 3765 768 4336 3415 1289 154 1596 2904
205 5788 3765 768 4336 3415 1289 154 1596 2904
185 5757 3698 711 4240 3339 1276 91 1514 2805
185 5757 3698 711 4876 3339 1276 91 1514 2805
144 5747 3617 701 4787 3292 1229 57 1473 2747
144 5747 3617 1471 4787 3292 1229 57 1473 2747
83 5743 3526 1449 4787 3200 1130 6 1430 2665
83 5743 3526 1449 4787 3200 1130 529 1430 2665
67 5706 3432 1378 4771 3112 1094 442 1389 2648
67 5706 3849 1378 4771 3112 1094 442 1389 2648
46 5635 3820 1296 4712 3012 1035 373 1384 2636
46 6225 3820 1296 4712 3012 1035 373 1384 2636
2 6213 3745 1235 4676 2990 1020 290 1308 2570
2 6213 3745 1235 4676 2990 1020 1002 1308 2570
0 6200 3699 1175 4592 2939 990 990 1304 2521
0 6200 4097 1175 4592 2939 990 990 1304 2521
0 6116 4050 1165 4573 2839 916 987 1205 2509
0 6116 4050 1165 4573 2839 1330 987 1205 2509
0 6078 3970 1089 4502 2814 1320 984 1114 2425
0 6572 3970 1089 4502 2814 1320 984 1114 2425
0 6482 3955 1075 4438 2765 1318 975 1087 2401
0 6482 3955 1075 4438 2765 1318 975 1608 2401
0 6461 3910 1002 4349 2750 1227 878 1526 2341
0 6461 3910 1002 4349 2750 1257 878 1526 2341
0 6375 3880 919 4282 2667 1198 878 1520 2290
221 6375 3880 919 4282 2667 1198 878 1520 2290
166 6316 3789 899 4214 2622 1122 797 1421 2213
166 6316 3789 899 4214 3612 1122 797 1421 2213
142 6311 3775 844 4186 3552 1098 778 1378 2160
142 6311 3775 844 4186 3552 1409 778 1378 2160
92 6273 3775 825 4098 3463 1346 694 1373 2103
92 6273 3775 825 4098 3463 1966 694 1373 2103
41 6188 3722 788 3999 3373 1903 651 1330 2029
41 6188 4148 788 3999 3373 1903 651 1330 2029
13 6184 4126 764 3968 3337 1851 566 1294 2010
13 6184 4126 764 3968 4344 1851 566 1294 2010
0 6125 4033 685 3953 4315 1787 562 1273 1919
0 6125 4033 685 3953 4315 1787 562 1273 2118
0 6062 4016 588 3859 4293 1691 543 1188 2018
0 6062 4457 588 3859 4293 1691 543 1188 2018
0 5986 4369 569 3768 4255 1596 451 1103 1939
0 5986 4369 569 3768 4480 1596 451 1103 1939
0 5910 4337 485 3725 4380 1550 365 1003 1880
0 5910 4337 1176 3725 4380 1550 365 1003 1880
0 5880 4294 1077 3684 4297 1486 343 903 1814
0 6799 4294 1077 3684 4297 1486 343 903 1814
0 6719 4289 1014 3621 4247 1431 260 898 1778
0 6719 4289 1014 3621 4247 1431 1259 898 1778
0 6692 4247 968 3571 4247 1398 1222 896 1750
0 6692 4247 968 3571 4476 1398 1222 896 1750
0 6678 4225 882 3516 4400 1391 1128 888 1748
0 6678 4225 882 4076 4400 1391 1128 888 1748
0 6632 4183 802 4005 4357 1342 1041 848 1746
0 6663 4183 802 4005 4357 1342 1041 848 1746
0 6651 4117 795 3930 4263 1262 1014 848 1720
0 6651 4117 795 3930 4263 1262 1014 1204 1720
0 6585 4065 786 3844 4206 1251 976 1117 1709
0 6585 4065 786 3844 4461 1251 976 1117 1709
0 6545 4036 707 3810 4437 1222 929 1080 1623
0 6545 4036 977 3810 4437 1222 929 1080 1623
0 6499 4012 975 3779 4399 1127 836 983 1604
0 6499 4012 975 3779 4399 1127 836 983 1607
0 6405 3931 954 3764 4387 1083 785 976 1588
0 6405 4905 954 3764 4387 1083 785 976 1588
0 6387 4853 905 3710 4314 1078 697 931 1577
0 6387 4853 905 3710 4314 1147 697 931 1577
0 6311 4797 836 3624 4255 1083 684 873 1568
0 6311 4797 836 3624 4477 1083 684 873 1568
0 6216 4706 758 3533 4424 1052 627 778 1472
0 6216 4706 758 3533 4424 1052 627 790 1472
0 6179 4626 677 3508 4383 1021 568 785 1412
0 6179 4626 677 3508 4950 1021 568 785 1412
0 6150 4546 645 3435 4856 974 531 774 1393
0 6150 4546 645 3435 4856 974 531 774 1595
0 6110 4504 555 3336 4846 924 492 751 1580
0 6110 4504 668 3336 4846 924 492 751 1580
0 6072 4430 627 3263 4775 895 447 704 1559
0 6072 4430 627 3263 4775 895 1086 704 1559
0 5980 4409 608 3232 4701 856 1064 630 1497
0 5980 4409 608 3232 4701 1383 1064 630 1497
0 5905 4398 590 3208 4677 1362 1021 606 1464
0 5905 4398 590 3208 5650 1362 1021 606 1464
0 5898 4372 535 3116 5647 1275 965 538 1459
0 5898 4372 535 3388 5647 1275 965 538 1459
0 5815 4283 513 3328 5613 1224 954 439 1398
0 5815 4283 513 3328 5965 1224 954 439 1398
0 5748 4271 506 3234 5953 1183 886 379 1357
0 5748 4980 506 3234 5953 1183 886 379 1357
0 5745 4965 445 3147 5951 1142 813 323 1310
0 5745 4965 445 3147 6878 1142 813 323 1310
0 5655 4950 428 3098 6779 1057 803 313 1280
0 5655 4950 428 3098 6779 1216 803 313 1280
0 5640 4870 371 3008 6716 1216 752 280 1195
0 6176 4870 371 3008 6716 1216 752 280 1195
0 6111 4787 322 2920 6686 1148 736 225 1096
0 6111 4787 322 2920 6686 1148 736 433 1096
0 6029 4717 244 2846 6647 1090 735 432 1032
0 6029 4717 244 2846 6647 1090 1622 432 1032
0 5981 4624 213 2766 6574 1007 1616 412 980
0 5981 4624 1076 2766 6574 1007 1616 412 980
0 5966 4526 1050 2670 6506 989 1544 409 975
0 5966 4526 1050 2670 6592 989 1544 409 975
0 5941 4473 963 2611 6527 945 1480 313 950
0 5941 4473 963 2611 7047 945 1480 313 950
0 5873 4451 902 2532 7001 848 1422 230 897
0 5873 4451 902 2532 7001 1065 1422 230 897
0 5815 4436 862 2491 6967 1053 1379 191 877
0 5815 4436 862 2491 6967 1053 1379 191 1606
0 5768 4355 845 2483 6882 1010 1357 129 1597
0 5768 5181 845 2483 6882 1010 1357 129 1597
0 5725 5148 774 2447 6869 940 1285 82 1507
0 5725 5148 774 2447 6869 1032 1285 82 1507
0 5635 5120 691 2384 6787 979 1257 21 1481
0 5635 5120 691 2384 6787 979 1257 21 2474
0 5567 5053 618 2353 6730 976 1229 2 2377
0 5982 5053 618 2353 6730 976 1229 2 2377
0 5893 4953 581 2279 6661 904 1182 0 2300
0 6682 4953 581 2279 6661 904 1182 0 2300
0 6663 4858 540 2255 6660 806 1180 0 2204
0 7267 4858 540 2255 6660 806 1180 0 2204
0 7210 4799 536 2160 6587 795 1107 0 2161
0 8068 4799 536 2160 6587 795 1107 0 2161
0 8008 4706 450 2115 6504 743 1088 0 2157
0 8008 4706 450 2115 7406 743 1088 0 2157
0 7995 4611 417 2015 7362 743 1024 0 2120
550 7995 4611 417 2015 7362 743 1024 0 2120
495 7990 4582 319 1947 7289 643 926 0 2095
495 7990 4686 319 1947 7289 643 926 0 2095
411 7907 4604 274 1855 7200 554 836 0 2065
411 7907 4736 274 1855 7200 554 836 0 2065
401 7818 4698 245 1808 7197 479 781 0 1971
401 7818 4698 245 1808 7197 479 781 89 1971
393 7786 4684 161 1798 7187 379 763 0 1943
393 7786 4684 161 1798 7187 379 763 0 2895
365 7756 4598 74 1722 7165 337 666 0 2818
365 7756 4598 74 1722 7165 337 789 0 2818
337 7694 4577 63 1719 7139 286 768 0 2780
337 7694 4577 910 1719 7139 286 768 0 2780
335 7644 4523 875 1715 7130 270 731 0 2777
335 7644 4523 875 1715 7675 270 731 0 2777
253 7602 4517 871 1618 7624 239 666 0 2711
253 7602 4517 871 1618 7624 252 666 0 2711
223 7560 4512 835 1551 7559 203 622 0 2626
1053 7560 4512 835 1551 7559 203 622 0 2626
986 7492 4498 797 1453 7484 129 537 0 2571
986 7492 4498 797 1453 7484 129 1133 0 2571
899 7421 4434 725 1372 7421 41 1105 0 2508
899 7421 4434 725 1372 7421 41 1105 226 2508
891 7420 4363 696 1290 7381 30 1037 171 2417
891 7420 4363 696 1290 7561 30 1037 171 2417
812 7341 4316 643 1230 7510 0 997 134 2368
1080 7341 4316 643 1230 7510 0 997 134 2368
1049 7283 4246 628 1230 7477 0 961 95 2313
1049 7283 4246 1471 1230 7477 0 961 95 2313
1021 7230 4207 1431 1190 7472 0 895 76 2295
1021 7230 4207 1431 1190 7472 0 895 76 3110
931 7153 4148 1431 1180 7377 0 888 76 3039
931 7153 4148 1431 1180 7377 843 888 76 3039
914 7146 4058 1397 1166 7354 842 791 0 2941
914 7146 4058 1412 1166 7354 842 791 0 2941
886 7107 3958 1394 1073 7324 837 733 0 2845
1228 7107 3958 1394 1073 7324 837 733 0 2845
1204 7047 3895 1381 983 7303 809 662 0 2803
1204 7047 3895 1381 983 7303 809 699 0 2803
1204 7027 3801 1283 905 7300 711 632 0 2720
1204 7027 3801 1283 905 7300 711 632 391 2720
1108 6998 3785 1217 827 7273 667 612 332 2685
1108 6998 3785 1868 827 7273 667 612 332 2685
1068 6922 3703 1866 754 7262 632 592 294 2630
1068 6922 3881 1866 754 7262 632 592 294 2630
1035 6849 3808 1805 661 7200 549 554 208 2531
1035 6849 3808 1805 661 7200 549 554 208 2950
949 6841 3714 1787 609 7138 461 535 178 2866
949 6841 3714 1787 609 7138 461 535 178 3021
886 6792 3619 1758 604 7098 447 471 150 2973
886 6792 3619 1758 1257 7098 447 471 150 2973
857 6737 3597 1680 1202 7049 364 440 139 2881
857 6737 3597 1680 1202 7049 364 1341 139 2881
839 6718 3519 1611 1135 7046 344 1251 84 2853
839 6718 3519 1611 1135 7046 344 1251 84 3396
748 6618 3499 1521 1105 6985 244 1250 71 3352
748 7116 3499 1521 1105 6985 244 1250 71 3352
709 7049 3457 1478 1059 6983 240 1154 70 3311
1190 7049 3457 1478 1059 6983 240 1154 70 3311
1097 7022 3409 1413 980 6913 204 1076 0 3218
1097 7022 3985 1413 980 6913 204 1076 0 3218
1045 6961 3888 1388 886 6848 114 987 0 3209
1045 6961 3888 1388 886 6848 114 1780 0 3209
1028 6876 3816 1349 860 6827 27 1737 0 3195
1028 6876 3825 1349 860 6827 27 1737 0 3195
1016 6797 3815 1280 821 6801 11 1706 0 3114
1016 6797 3815 1280 821 6801 508 1706 0 3114
966 6706 3757 1243 798 6791 494 1671 0 3108
966 6706 3757 1243 1749 6791 494 1671 0 3108
920 6700 3754 1232 1651 6742 478 1625 0 3008
920 6700 3754 1232 1651 6742 478 1625 635 3008
902 6606 3672 1218 1632 6723 418 1533 579 2918
902 6606 4636 1218 1632 6723 418 1533 579 2918
892 6584 4570 1143 1629 6690 343 1498 485 2877
892 6584 4692 1143 1629 6690 343 1498 485 2877
842 6526 4656 1053 1588 6616 280 1463 388 2839
842 6526 4656 1053 2116 6616 280 1463 388 2839
754 6436 4598 1018 2036 6610 203 1367 354 2785
754 6436 4598 1238 2036 6610 203 1367 354 2785
675 6378 4531 1211 1994 6555 121 1358 286 2746
675 6378 4531 1211 1994 6718 121 1358 286 2746
582 6344 4469 1152 1933 6699 52 1328 243 2654
582 6344 4469 1152 1933 6699 52 1640 243 2654
482 6261 4468 1128 1896 6655 0 1617 211 2643
482 6261 5314 1128 1896 6655 0 1617 211 2643
392 6244 5275 1108 1810 6583 0 1520 158 2632
392 6244 5275 1108 1810 6583 0 1520 600 2632
292 6158 5185 1081 1760 6511 0 1466 593 2629
292 6158 5185 1081 1760 6511 0 1466 593 3625
280 6112 5111 1021 1664 6489 0 1433 557 3546
1036 6112 5111 1021 1664 6489 0 1433 557 3546
984 6091 5075 957 1638 6414 0 1350 471 3461
984 6091 5075 957 1638 7334 0 1350 471 3461
943 6051 5033 951 1614 7311 0 1258 376 3387
943 6051 5033 951 1614 7311 0 1258 1227 3387
923 5984 4988 926 1535 7236 0 1175 1225 3351
923 6419 4988 926 1535 7236 0 1175 1225 3351
895 6407 4953 889 1477 7154 0 1162 1183 3287
895 6407 4953 889 1477 8110 0 1162 1183 3287
809 6385 4898 821 1411 8064 0 1146 1105 3258
1309 6385 4898 821 1411 8064 0 1146 1105 3258
1297 6286 4878 755 1373 7995 0 1100 1098 3217
1297 6286 4878 755 1373 7995 569 1100 1098 3217
1266 6236 4857 656 1276 7915 569 1048 1004 3189
1266 6236 4857 656 1276 7915 569 1306 1004 3189
1224 6181 4767 638 1259 7871 490 1223 935 3169
1224 6181 4767 638 1349 7871 490 1223 935 3169
1217 6097 4752 598 1317 7796 446 1179 929 3127
1217 6097 4752 598 1317 7796 446 1179 1370 3127
1203 6082 4735 561 1295 7779 380 1117 1308 3081
1203 6082 4735 563 1295 7779 380 1117 1308 3081
1143 6018 4691 553 1195 7721 287 1030 1281 3063
1143 6018 4691 886 1195 7721 287 1030 1281 3063
1111 6015 4644 820 1111 7716 225 969 1214 3049
1111 6015 4644 820 1111 7802 225 969 1214 3049
1013 5991 4623 763 1085 7736 143 889 1210 2977
1013 5991 4623 763 1085 7736 143 889 1210 3467
968 5984 4583 749 1014 7645 64 831 1178 3401
968 5984 4583 801 1014 7645 64 831 1178 3401
964 5974 4582 743 970 7643 47 731 1085 3358
964 5974 4582 1053 970 7643 47 731 1085 3358
954 5930 4535 996 936 7560 0 731 1063 3305
954 5930 4535 996 936 7560 308 731 1063 3305
933 5890 4471 920 895 7484 223 639 1063 3267
933 5890 4471 1844 895 7484 223 639 1063 3267
866 5885 4425 1762 820 7450 126 557 1003 3230
866 5885 4425 1762 1799 7450 126 557 1003 3230
824 5858 4397 1675 1765 7409 50 533 986 3210
824 5858 4397 1675 1765 7633 50 533 986 3210
794 5791 4378 1655 1759 7583 0 504 932 3182
794 5791 4378 1655 1759 7583 1000 504 932 3182
759 5757 4337 1564 1681 7523 986 417 913 3151
759 5757 4337 1789 1681 7523 986 417 913 3151
721 5733 4282 1731 1598 7508 891 413 869 3087
721 5921 4282 1731 1598 7508 891 413 869 3087
653 5867 4206 1687 1510 7474 860 330 802 3038
653 5867 5030 1687 1510 7474 860 330 802 3038
562 5840 5016 1608 1456 7410 796 315 738 3026
562 5840 5016 1608 1456 7448 796 315 738 3026
471 5831 4998 1553 1362 7367 716 237 653 2935
715 5831 4998 1553 1362 7367 716 237 653 2935
621 5751 4915 1531 1359 7362 691 219 629 2879
621 5751 4915 1531 1359 7362 691 219 629 3252
592 5711 4839 1443 1318 7330 677 189 586 3159
592 6087 4839 1443 1318 7330 677 189 586 3159
515 6063 4772 1384 1303 7288 629 133 495 3063
515 6815 4772 1384 1303 7288 629 133 495 3063
494 6744 4711 1338 1279 7197 580 105 446 3048
1083 6744 4711 1338 1279 7197 580 105 446 3048
1048 6734 4690 1299 1237 7186 493 23 418 3013
1048 6734 4690 2121 1237 7186 493 23 418 3013
967 6658 4629 2087 1233 7168 461 0 398 2972
967 6658 4832 2087 1233 7168 461 0 398 2972
931 6601 4749 1994 1164 7163 438 0 311 2914
931 6783 4749 1994 1164 7163 438 0 311 2914
896 6726 4735 1959 1095 7134 429 0 217 2900
896 6726 4735 1959 1095 7134 429 582 217 2900
797 6627 4704 1933 1094 7055 414 493 191 2841
797 6627 5551 1933 1094 7055 414 493 191 2841
786 6541 5509 1915 995 7004 400 435 146 2838
786 6541 5853 1915 995 7004 400 435 146 2838
756 6540 5761 1825 917 6918 351 389 78 2818
756 6540 5761 2762 917 6918 351 389 78 2818
659 6464 5747 2691 877 6914 269 337 68 2738
659 6464 5747 2691 877 6914 269 337 68 3430
647 6379 5747 2690 790 6836 169 265 48 3333
647 6379 5747 3170 790 6836 169 265 48 3333
608 6339 5711 3107 712 6772 135 216 0 3272
608 6659 5711 3107 712 6772 135 216 0 3272
595 6650 5688 3011 627 6750 128 138 0 3203
595 6650 5688 3011 627 6750 128 138 0 3569
549 6583 5653 2948 597 6685 76 130 0 3512
549 6583 5653 2948 597 6685 76 130 337 3512
529 6526 5567 2865 525 6653 36 109 329 3488
529 6526 5567 2865 525 6653 36 109 918 3488
497 6444 5525 2844 456 6564 0 44 829 3461
497 6444 5525 2844 456 6564 0 44 1033 3461
416 6386 5460 2830 358 6481 0 38 1003 3417
416 6386 5460 2830 358 6481 0 38 1281 3417
360 6351 5411 2820 334 6408 0 0 1199 3409
360 6351 5411 3319 334 6408 0 0 1199 3409
301 6340 5360 3236 309 6350 0 0 1145 3343
301 6340 5360 3236 309 6350 0 0 1145 3504
222 6272 5282 3215 269 6305 0 0 1061 3458
222 6272 5282 3215 754 6305 0 0 1061 3458
145 6194 5257 3159 730 6263 0 0 1020 3391
145 6194 5257 3159 1228 6263 0 0 1020 3391
87 6184 5254 3072 1189 6220 0 0 1012 3309
87 6184 5254 3072 1189 6220 287 0 1012 3309
54 6098 5219 3053 1105 6181 245 0 989 3273
54 6098 5219 3053 1105 7103 245 0 989 3273
0 6001 5120 3005 1026 7069 191 0 956 3225
0 6001 5120 3005 1026 7510 191 0 956 3225
0 5927 5021 2961 930 7443 153 0 916 3216
0 5927 5021 2961 930 7443 153 0 1319 3216
0 5920 5004 2953 863 7386 109 0 1277 3185
528 5920 5004 2953 863 7386 109 0 1277 3185
442 5907 4999 2952 837 7286 32 0 1200 3121
442 5907 4999 2952 837 7286 32 0 1200 3975
349 5884 4997 2869 796 7209 0 0 1199 3941
1018 5884 4997 2869 796 7209 0 0 1199 3941
939 5815 4962 2834 703 7189 0 0 1126 3862
939 5815 4962 2834 703 7825 0 0 1126 3862
900 5759 4917 2822 630 7815 0 0 1086 3847
900 5759 4917 2822 717 7815 0 0 1086 3847
839 5739 4906 2820 665 7798 0 0 1009 3825
839 5739 4906 2820 665 7798 938 0 1009 3825
797 5684 4888 2771 608 7794 888 0 978 3774
797 5684 5690 2771 608 7794 888 0 978 3774
752 5600 5648 2682 577 7768 845 0 927 3694
1626 5600 5648 2682 577 7768 845 0 927 3694
1571 5516 5558 2606 555 7731 780 0 849 3671
2379 5516 5558 2606 555 7731 780 0 849 3671
2332 5479 5463 2575 461 7633 770 0 750 3594
2332 5479 5463 2575 461 7633 776 0 750 3594
2233 5468 5372 2499 397 7596 693 0 692 3517
2233 5468 5372 2841 397 7596 693 0 692 3517
2181 5403 5322 2836 297 7526 606 0 664 3501
2181 5403 5322 2836 297 7722 606 0 664 3501
2097 5311 5260 2814 239 7714 545 0 624 3451
2097 5311 5260 2814 239 7714 545 0 715 3451
2096 5211 5249 2737 211 7689 508 0 707 3352
2096 5211 5249 2737 211 8341 508 0 707 3352
2023 5130 5195 2650 198 8331 420 0 697 3294
2023 5130 5319 2650 198 8331 420 0 697 3294
1989 5085 5304 2604 190 8240 384 0 608 3284
1989 5085 5304 2604 190 8240 384 0 1272 3284
1973 4993 5251 2567 107 8229 363 0 1244 3229
1973 4993 5251 2567 107 8229 804 0 1244 3229
1915 4974 5172 2514 83 8188 804 0 1178 3208
1915 4974 5172 2514 356 8188 804 0 1178 3208
1914 4892 5145 2418 287 8162 734 0 1143 3182
2235 4892 5145 2418 287 8162 734 0 1143 3182
2160 4829 5084 2354 187 8118 731 0 1099 3118
2530 4829 5084 2354 187 8118 731 0 1099 3118
2479 4794 5005 2311 94 8081 689 0 1085 3040
2479 4794 5428 2311 94 8081 689 0 1085 3040
2391 4778 5367 2227 18 8062 607 0 1035 2976
2646 4778 5367 2227 18 8062 607 0 1035 2976
2630 4773 5302 2172 1 8040 523 0 1009 2937
2630 4773 5302 2488 1 8040 523 0 1009 2937
2566 4761 5262 2439 0 7978 424 0 936 2887
2566 4761 5262 2439 0 7978 424 0 936 3590
2475 4689 5193 2343 0 7950 375 0 864 3518
2475 4689 5193 2571 0 7950 375 0 864 3518
2461 4615 5161 2502 0 7916 301 0 799 3455
2461 5444 5161 2502 0 7916 301 0 799 3455
2449 5401 5080 2410 0 7835 226 0 775 3404
2449 5401 5080 2468 0 7835 226 0 775 3404
2426 5334 5065 2465 0 7747 130 0 739 3388
2426 5501 5065 2465 0 7747 130 0 739 3388
2410 5453 4984 2418 0 7709 49 0 660 3338
2410 5453 4984 2418 0 7709 49 0 1594 3338
2410 5431 4970 2352 0 7671 31 0 1585 3312
2410 5431 4970 2352 0 7671 31 0 1893 3312
2373 5356 4937 2280 0 7631 0 0 1811 3281
2373 5563 4937 2280 0 7631 0 0 1811 3281
2276 5479 4922 2248 0 7620 0 0 1808 3278
2276 5479 4922 3240 0 7620 0 0 1808 3278
2268 5440 4912 3148 0 7561 0 0 1805 3211
2268 5440 4912 3148 0 8220 0 0 1805 3211
2195 5425 4908 3137 0 8208 0 0 1707 3203
2195 5425 4908 3137 0 8208 0 394 1707 3203
2167 5419 4857 3076 0 8119 0 360 1621 3197
2167 5419 4857 3076 0 8119 554 360 1621 3197
2144 5389 4814 2983 0 8115 523 349 1560 3179
2144 5389 4814 2983 0 8115 523 574 1560 3179
2106 5298 4814 2947 0 8016 465 481 1496 3177
2106 5298 4814 2947 0 8016 912 481 1496 3177
2006 5233 4745 2931 0 7927 851 474 1496 3079
2006 5233 4745 2931 145 7927 851 474 1496 3079
1961 5190 4675 2897 64 7838 759 455 1426 3028
1961 5190 4675 3674 64 7838 759 455 1426 3028
1957 5147 4630 3672 16 7825 699 405 1404 2928
1957 5706 4630 3672 16 7825 699 405 1404 2928
1941 5650 4615 3583 0 7819 630 309 1381 2914
1941 5650 5038 3583 0 7819 630 309 1381 2914
1911 5566 4993 3536 0 7734 534 260 1333 2872
1911 5566 4993 3536 0 7734 534 969 1333 2872
1884 5558 4941 3524 0 7644 505 888 1265 2833
1884 5558 4941 4384 0 7644 505 888 1265 2833
1884 5465 4918 4310 0 7587 427 793 1262 2774
1884 5465 4918 4310 0 7587 1414 793 1262 2774
1857 5386 4885 4271 0 7581 1362 730 1254 2718
1857 5386 4885 4271 0 8163 1362 730 1254 2718
1855 5318 4866 4258 0 8106 1294 663 1217 2700
2385 5318 4866 4258 0 8106 1294 663 1217 2700
2353 5247 4821 4214 0 8098 1220 651 1150 2641
2353 5247 4821 4214 0 8616 1220 651 1150 2641
2304 5178 4789 4147 0 8588 1129 648 1139 2575
2304 5178 4789 4651 0 8588 1129 648 1139 2575
2280 5148 4695 4633 0 8536 1072 567 1130 2480
2280 5148 4695 4923 0 8536 1072 567 1130 2480
2248 5058 4675 4908 0 8452 1026 537 1093 2469
2288 5058 4675 4908 0 8452 1026 537 1093 2469
2278 4968 4588 4847 0 8399 953 447 1015 2389
2278 4968 4588 4847 0 8399 1153 447 1015 2389
2203 4934 4500 4819 0 8393 1138 395 945 2366
2203 4934 4500 4819 0 8393 1138 395 945 2669
2164 4912 4499 4753 0 8358 1054 359 942 2623
2164 4912 4499 5755 0 8358 1054 359 942 2623
2107 4855 4473 5690 0 8317 959 309 938 2556
2107 4855 4473 5690 0 8317 1161 309 938 2556
2082 4847 4418 5617 0 8282 1134 260 870 2546
2082 5774 4418 5617 0 8282 1134 260 870 2546
2007 5674 4331 5572 0 8217 1045 162 825 2507
2007 5674 4331 5572 0 8217 1045 230 825 2507
1994 5606 4239 5499 0 8136 953 177 759 2422
1994 5606 4239 6146 0 8136 953 177 759 2422
1898 5554 4181 6064 0 8118 948 105 670 2389
2225 5554 4181 6064 0 8118 948 105 670 2389
2156 5495 4137 6037 0 8032 897 30 604 2350
2156 5495 4137 6037 0 8032 897 30 604 3023
2092 5413 4119 6032 0 7942 868 17 586 2992
2092 5413 4119 6739 0 7942 868 17 586 2992
2052 5342 4085 6672 0 7865 786 0 583 2932
2052 5342 4085 6672 0 7865 786 0 618 2932
1970 5269 4025 6624 0 7809 763 0 530 2896
1970 5269 4025 6624 0 7809 763 826 530 2896
1948 5214 3969 6546 0 7737 710 819 436 2837
1948 5214 3969 7272 0 7737 710 819 436 2837
1866 5161 3919 7235 0 7715 652 801 395 2794
1866 5161 3919 7235 0 7715 652 867 395 2794
1776 5156 3867 7151 0 7661 566 838 343 2721
1776 5156 3867 7151 0 7661 566 838 490 2721
1687 5124 3824 7138 0 7650 547 792 420 2688
2353 5124 3824 7138 0 7650 547 792 420 2688
2294 5060 3787 7130 0 7581 462 736 388 2688
2294 5060 3787 7130 0 7581 462 736 388 2820
2226 5053 3770 7033 0 7528 363 707 325 2816
2226 5053 3770 7033 0 7528 367 707 325 2816
2129 5008 3744 6945 0 7430 311 676 237 2735
2129 5008 3744 6945 0 8291 311 676 237 2735
2055 4927 3692 6889 0 8253 292 606 187 2720
2055 4927 3692 7421 0 8253 292 606 187 2720
2054 4920 3611 7355 0 8159 194 515 131 2629
2294 4920 3611 7355 0 8159 194 515 131 2629
2256 4895 3578 7354 0 8082 107 449 89 2604
2256 4895 3578 7354 0 8082 107 821 89 2604
2168 4868 3498 7323 0 8031 7 796 3 2579
2168 4868 3498 7323 904 8031 7 796 3 2579
2107 4790 3438 7319 834 7986 0 779 0 2560
2107 4790 3438 7319 834 8495 0 779 0 2560
2096 4738 3368 7314 736 8491 0 763 0 2546
2096 4738 3368 7314 736 8491 0 763 0 3418
2048 4721 3308 7298 659 8413 0 664 0 3369
2048 4721 3308 7298 659 8413 0 664 440 3369
1973 4649 3250 7277 659 8398 0 661 426 3302
1973 5105 3250 7277 659 8398 0 661 426 3302
1969 5095 3164 7184 656 8329 0 657 344 3228
1969 5095 3164 7410 656 8329 0 657 344 3228
1940 5033 3117 7407 630 8323 0 603 272 3154
1940 5033 3117 7407 630 8323 0 698 272 3154
1937 5028 3034 7331 596 8299 0 646 188 3091
1937 5028 3034 7331 827 8299 0 646 188 3091
1927 4930 2994 7285 825 8213 0 550 121 3025
1927 4930 2994 7285 825 8213 0 550 121 3839
1830 4893 2913 7185 797 8195 0 510 118 3760
1830 4893 2913 7185 797 8195 0 823 118 3760
1774 4869 2910 7162 779 8170 0 779 92 3748
1774 5223 2910 7162 779 8170 0 779 92 3748
1703 5182 2888 7118 769 8076 0 710 34 3675
1703 5583 2888 7118 769 8076 0 710 34 3675
1648 5505 2819 7117 687 8040 0 649 8 3674
1648 5505 2819 7117 687 8040 176 649 8 3674
1591 5436 2773 7100 609 8034 81 575 0 3615
1591 5436 2773 7100 609 8034 81 1345 0 3615
1542 5397 2703 7058 517 7983 27 1267 0 3600
1542 5397 2703 7058 1518 7983 27 1267 0 3600
1542 5331 2652 7042 1486 7924 0 1218 0 3546
1542 5331 3176 7042 1486 7924 0 1218 0 3546
1539 5284 3078 7012 1432 7916 0 1164 0 3486
1539 5284 3078 7012 1432 7916 0 1164 749 3486
1480 5204 2983 7006 1332 7853 0 1092 680 3441
1480 5204 2983 7006 1332 7853 0 1092 1331 3441
1415 5104 2948 6951 1293 7770 0 1044 1317 3421
1415 5104 2948 6951 1293 7770 0 1044 1317 4115
1404 5086 2866 6907 1243 7720 0 1039 1225 4052
1404 5086 2866 6907 1874 7720 0 1039 1225 4052
1326 5064 2823 6826 1864 7622 0 994 1222 3980
1326 5064 2823 6826 1864 7622 875 994 1222 3980
1274 5023 2733 6756 1858 7556 835 963 1188 3912
1274 5023 2733 6756 1858 8487 835 963 1188 3912
1210 4949 2719 6689 1763 8405 782 936 1150 3887
1210 4949 2719 6689 1763 8405 1459 936 1150 3887
1199 4864 2641 6642 1685 8370 1442 856 1054 3845
1199 5528 2641 6642 1685 8370 1442 856 1054 3845
1161 5445 2572 6639 1630 8331 1394 778 1011 3754
1161 6136 2572 6639 1630 8331 1394 778 1011 3754
1161 6038 2572 6612 1630 8290 1301 747 922 3751
1161 6038 2572 7325 1630 8290 1301 747 922 3751
1111 6037 2571 7264 1573 8222 1300 671 835 3722
1845 6037 2571 7264 1573 8222 1300 671 835 3722
1764 6017 2564 7243 1520 8202 1279 628 747 3678
1764 6017 2564 7243 1520 8202 1279 776 747 3678
1706 5952 2523 7223 1439 8187 1264 723 683 3658
1706 5952 2523 7223 1439 8187 1264 723 795 3658
1705 5903 2432 7153 1420 8165 1226 649 769 3644
1705 5903 2432 7153 1420 8480 1226 649 769 3644
1678 5853 2408 7060 1341 8464 1135 569 694 3578
1678 5853 2408 7060 1341 8464 1135 1155 694 3578
1583 5807 2375 7040 1279 8391 1051 1148 670 3506
1583 5965 2375 7040 1279 8391 1051 1148 670 3506
1514 5959 2315 7035 1252 8343 1028 1123 587 3499
1514 5959 2315 7035 2095 8343 1028 1123 587 3499
1479 5891 2298 6957 2019 8306 998 1081 499 3440
1479 5891 2298 6957 2019 8306 998 1081 499 4246
1457 5858 2221 6881 1956 8261 952 982 456 4157
1457 5858 2221 6881 1956 8261 952 1317 456 4157
1446 5808 2144 6793 1890 8188 935 1236 387 4100
1446 5808 2144 6793 1890 8228 935 1236 387 4100
1398 5711 2087 6754 1845 8195 895 1217 342 4029
1398 5711 2087 6754 1845 8195 920 1217 342 4029
1352 5703 2051 6680 1758 8195 915 1117 323 3959
1352 5703 2051 6680 2326 8195 915 1117 323 3959
1287 5664 2039 6669 2285 8188 825 1084 250 3866
1287 5664 2039 7230 2285 8188 825 1084 250 3866
1218 5639 1998 7209 2264 8183 791 1007 168 3778
1218 5639 2922 7209 2264 8183 791 1007 168 3778
1161 5618 2885 7155 2201 8139 724 947 73 3761
1161 5618 2885 7155 2201 8139 1468 947 73 3761
1107 5541 2843 7077 2172 8081 1400 934 22 3677
1937 5541 2843 7077 2172 8081 1400 934 22 3677
1869 5487 2810 6999 2117 8040 1353 906 0 3583
1869 5487 2810 7315 2117 8040 1353 906 0 3583
1793 5412 2784 7228 2075 8013 1290 864 0 3530
1793 5412 2784 8174 2075 8013 1290 864 0 3530
1785 5328 2754 8137 2071 7917 1254 838 0 3523
1785 5328 3259 8137 2071 7917 1254 838 0 3523
1759 5313 3173 8087 2042 7911 1251 820 0 3494
1759 5313 3173 8087 2989 7911 1251 820 0 3494
1689 5287 3104 8086 2976 7813 1166 769 0 3490
1689 5287 3104 8086 3058 7813 1166 769 0 3490
1682 5228 3023 7994 2986 7726 1088 716 0 3402
1682 5228 3023 7994 2986 7726 1088 716 828 3402
1638 5199 2994 7958 2986 7695 1003 698 782 3341
2645 5199 2994 7958 2986 7695 1003 698 782 3341
2601 5109 2901 7862 2897 7688 904 696 702 3247
2601 5109 2901 7862 2897 7688 904 696 1238 3247
2586 5061 2830 7825 2865 7650 878 629 1138 3147
2586 5061 2830 7825 2865 7650 878 629 1138 3902
2562 4971 2734 7789 2834 7606 823 573 1048 3810
2850 4971 2734 7789 2834 7606 823 573 1048 3810
2838 4880 2655 7738 2782 7557 787 524 1036 3774
2838 4880 2655 7738 2782 7557 1627 524 1036 3774
2776 4868 2648 7684 2775 7513 1562 454 981 3703
2776 4868 2648 7684 2775 7513 1562 483 981 3703
2709 4783 2593 7664 2744 7422 1491 470 960 3693
2921 4783 2593 7664 2744 7422 1491 470 960 3693
2884 4701 2527 7661 2685 7336 1408 400 950 3633
2884 4701 2527 7661 3492 7336 1408 400 950 3633
2827 4691 2485 7618 3488 7270 1378 339 868 3598
3359 4691 2485 7618 3488 7270 1378 339 868 3598
3358 4592 2388 7617 3415 7263 1351 281 866 3549
3358 4592 2388 7617 3415 7263 1351 281 866 4387
3281 4512 2376 7600 3341 7251 1261 235 839 4341
4054 4512 2376 7600 3341 7251 1261 235 839 4341
3972 4463 2344 7579 3297 7241 1235 195 794 4325
4885 4463 2344 7579 3297 7241 1235 195 794 4325
4838 4386 2289 7528 3265 7200 1161 192 753 4266
4838 4386 2289 8216 3265 7200 1161 192 753 4266
4805 4378 2195 8148 3169 7190 1143 127 752 4247
4805 4378 2195 8148 3169 7190 1143 127 1639 4247
4728 4347 2122 8124 3168 7175 1100 104 1566 4163
4728 4347 2122 8124 3544 7175 1100 104 1566 4163
4708 4259 2106 8054 3502 7118 1090 89 1467 4093
4941 4259 2106 8054 3502 7118 1090 89 1467 4093
4878 4200 2073 7967 3487 7081 1057 55 1452 4029
5823 4200 2073 7967 3487 7081 1057 55 1452 4029
5743 4124 1977 7926 3475 6984 974 0 1417 3973
5743 4124 1977 7926 3475 6984 1607 0 1417 3973
5740 4080 1929 7913 3473 6930 1523 0 1388 3883
5740 4080 1929 7913 3473 6930 1839 0 1388 3883
5720 4044 1909 7876 3472 6855 1744 0 1299 3862
5720 4044 1909 7876 3472 7164 1744 0 1299 3862
5622 3966 1825 7783 3375 7147 1712 0 1201 3789
5622 4050 1825 7783 3375 7147 1712 0 1201 3789
5544 3962 1809 7692 3275 7107 1694 0 1165 3698
5544 4728 1809 7692 3275 7107 1694 0 1165 3698
5484 4677 1716 7607 3205 7062 1620 0 1134 3615
5484 4677 1716 7607 3205 7062 1620 144 1134 3615
5388 4609 1628 7530 3138 7033 1604 123 1109 3530
5388 4609 1628 7530 3461 7033 1604 123 1109 3530
5364 4597 1600 7458 3423 6994 1515 50 1018 3479
5364 4597 1600 7458 4384 6994 1515 50 1018 3479
5264 4572 1518 7407 4359 6932 1443 42 939 3437
5264 4572 1518 7407 4359 7766 1443 42 939 3437
5255 4552 1481 7324 4266 7754 1409 0 886 3396
5255 4552 2390 7324 4266 7754 1409 0 886 3396
5212 4510 2386 7238 4242 7678 1360 0 828 3369
5212 4510 2386 7238 4242 7678 1360 0 1363 3369
5171 4418 2310 7178 4176 7622 1291 0 1345 3306
5171 4418 2310 7178 4176 7622 1291 865 1345 3306
5078 4376 2288 7175 4158 7535 1254 793 1336 3263
5078 4376 2288 7175 4158 7535 1337 793 1336 3263
5055 4280 2279 7112 4109 7458 1333 699 1255 3248
5998 4280 2279 7112 4109 7458 1333 699 1255 3248
5993 4198 2252 7023 4090 7376 1303 615 1255 3217
5993 4198 2252 7023 4090 7726 1303 615 1255 3217
5952 4192 2232 7022 4039 7645 1243 610 1160 3163
5952 4192 2232 7022 4039 7645 1243 610 1160 3163
5867 4143 2181 6978 4006 7578 1231 524 1110 3140
5867 4143 2181 6978 4006 7578 2199 524 1110 3140
5811 4109 2133 6956 3966 7529 2183 471 1060 3118
5811 4109 2133 6956 3966 7529 2183 471 1749 3118
5755 4071 2112 6946 3877 7488 2179 426 1740 3092
5755 4071 2112 6946 3877 7488 2637 426 1740 3092
5722 3989 2047 6849 3875 7434 2568 387 1680 3043
5722 3989 2308 6849 3875 7434 2568 387 1680 3043
5695 3976 2251 6822 3850 7381 2530 364 1588 3004
5695 3976 2251 6822 4108 7381 2530 364 1588 3004
5693 3943 2185 6795 4055 7281 2456 299 1583 2909
5693 3943 2185 6795 4055 7281 2456 958 1583 2909
5595 3847 2118 6696 3961 7196 2383 917 1575 2826
5595 3847 2118 6696 3961 7196 2383 917 1575 3360
5559 3824 2053 6646 3924 7177 2328 863 1567 3260
5559 4550 2053 6646 3924 7177 2328 863 1567 3260
5536 4522 1986 6554 3917 7146 2289 775 1487 3179
5536 4522 1986 6554 3917 7146 2289 1334 1487 3179
5495 4462 1902 6462 3852 7134 2221 1250 1478 3161
5495 4462 1902 6462 3852 7134 2221 1449 1478 3161
5460 4457 1849 6428 3772 7064 2129 1392 1429 3148
5460 4457 1849 6428 3772 7064 2129 1392 1429 3950
5366 4414 1828 6376 3755 7011 2071 1391 1333 3901
5366 4414 1828 6376 3755 7011 2071 2377 1333 3901
5320 4381 1825 6304 3715 6954 1979 2361 1333 3896
5918 4381 1825 6304 3715 6954 1979 2361 1333 3896
5904 4286 1731 6227 3686 6881 1912 2294 1296 3871
5904 4286 1943 6227 3686 6881 1912 2294 1296 3871
5837 4234 1852 6135 3630 6794 1817 2239 1263 3785
6203 4234 1852 6135 3630 6794 1817 2239 1263 3785
6177 4183 1773 6079 3572 6785 1811 2162 1254 3750
6177 4183 2149 6079 3572 6785 1811 2162 1254 3750
6172 4102 2089 6038 3524 6703 1722 2063 1214 3704
6843 4102 2089 6038 3524 6703 1722 2063 1214 3704
6828 4090 2010 5965 3494 6682 1626 2062 1214 3635
7647 4090 2010 5965 3494 6682 1626 2062 1214 3635
7628 4019 1991 5959 3456 6670 1596 2058 1161 3583
7628 4433 1991 5959 3456 6670 1596 2058 1161 3583
7553 4355 1978 5914 3419 6656 1496 2010 1095 3507
7553 4830 1978 5914 3419 6656 1496 2010 1095 3507
7454 4795 1939 5842 3354 6636 1467 2000 1038 3442
7454 4795 1939 6583 3354 6636 1467 2000 1038 3442
7360 4768 1913 6543 3330 6591 1415 1953 1030 3356
7360 4768 1913 6543 3330 6591 1415 1953 1893 3356
7328 4743 1869 6448 3282 6518 1409 1934 1850 3355
7328 4743 1869 6448 3282 6518 1409 2660 1850 3355
7295 4684 1788 6447 3184 6425 1373 2638 1837 3261
7295 4684 1788 6447 3184 6425 2078 2638 1837 3261
7236 4620 1737 6446 3154 6371 2059 2564 1738 3175
7236 4620 1737 6446 3154 6371 2317 2564 1738 3175
7236 4553 1643 6349 3069 6311 2253 2479 1710 3141
7236 4553 1643 6349 3069 6311 3009 2479 1710 3141
7181 4547 1634 6256 3046 6230 2974 2451 1694 3050
7181 4547 1634 6256 3046 6857 2974 2451 1694 3050
7128 4534 1556 6157 3026 6778 2932 2441 1680 3022
7975 4534 1556 6157 3026 6778 2932 2441 1680 3022
7931 4440 1493 6094 3018 6772 2868 2365 1667 3013
7931 4440 1493 6094 3018 6772 2868 2365 1679 3013
7886 4399 1425 6017 2981 6743 2839 2329 1617 2927
7886 4399 1425 6017 2981 6743 2839 2329 1946 2927
7839 4313 1394 5949 2908 6657 2826 2238 1879 2862
7839 4313 2074 5949 2908 6657 2826 2238 1879 2862
7838 4242 2050 5878 2898 6620 2726 2187 1833 2805
7838 4686 2050 5878 2898 6620 2726 2187 1833 2805
7744 4607 2018 5824 2825 6530 2676 2181 1741 2744
7744 4607 2869 5824 2825 6530 2676 2181 1741 2744
7732 4523 2810 5796 2805 6515 2590 2106 1647 2744
7732 4523 2810 5796 2805 6515 2590 2106 2486 2744
7664 4461 2775 5732 2713 6457 2530 2054 2418 2692
7664 4461 2775 5732 2713 6457 2530 2478 2418 2692
7600 4363 2758 5659 2705 6391 2508 2472 2377 2634
7600 4803 2758 5659 2705 6391 2508 2472 2377 2634
7590 4780 2736 5591 2617 6357 2436 2472 2326 2608
7590 5615 2736 5591 2617 6357 2436 2472 2326 2608
7499 5556 2672 5565 2518 6341 2422 2453 2226 2573
7499 5556 2672 5565 2518 6818 2422 2453 2226 2573
7467 5511 2598 5476 2479 6798 2379 2389 2182 2526
7467 5511 2598 5476 3245 6798 2379 2389 2182 2526
7375 5417 2520 5401 3229 6724 2292 2372 2094 2448
7375 5417 2520 5401 3229 6724 2612 2372 2094 2448
7358 5348 2510 5343 3198 6716 2577 2347 2048 2396
7418 5348 2510 5343 3198 6716 2577 2347 2048 2396
7374 5321 2443 5276 3166 6650 2528 2332 1993 2350
7374 5321 2443 5276 3166 6650 2528 2332 1993 3355
7319 5238 2363 5190 3118 6587 2471 2262 1939 3315
7319 5238 3026 5190 3118 6587 2471 2262 1939 3315
7232 5238 2941 5105 3036 6558 2383 2197 1849 3314
7232 5238 2941 5105 3036 6558 2827 2197 1849 3314
7173 5150 2853 5041 2970 6479 2781 2141 1787 3251
7173 5150 2853 5041 2970 6479 2781 2978 1787 3251
7098 5052 2754 4960 2878 6384 2776 2903 1782 3170
7098 5052 2754 4960 3394 6384 2776 2903 1782 3170
7042 4995 2703 4866 3314 6369 2703 2843 1781 3138
7042 4995 2703 4866 4247 6369 2703 2843 1781 3138
7025 4911 2684 4864 4164 6274 2655 2786 1735 3054
7025 4911 2684 4864 4164 6274 2655 2786 1735 4045
6931 4873 2618 4856 4130 6270 2605 2784 1727 3949
7180 4873 2618 4856 4130 6270 2605 2784 1727 3949
7098 4842 2591 4836 4098 6208 2558 2751 1657 3898
7098 4842 2591 4836 4098 7096 2558 2751 1657 3898
7008 4828 2507 4835 4035 7036 2465 2715 1632 3833
7008 4931 2507 4835 4035 7036 2465 2715 1632 3833
6953 4909 2452 4780 3947 6975 2441 2698 1596 3744
7562 4909 2452 4780 3947 6975 2441 2698 1596 3744
7535 4811 2385 4697 3886 6934 2432 2616 1564 3648
7535 5400 2385 4697 3886 6934 2432 2616 1564 3648
7459 5313 2290 4624 3828 6864 2395 2516 1525 3585
7459 5313 2290 4624 3828 6864 2395 3080 1525 3585
7393 5244 2268 4608 3806 6855 2369 3070 1458 3576
7393 5244 2306 4608 3806 6855 2369 3070 1458 3576
7331 5194 2232 4602 3774 6809 2319 3019 1438 3571
7331 5194 2232 4602 3774 6937 2319 3019 1438 3571
7296 5148 2141 4521 3677 6856 2262 2966 1373 3537
7296 5148 2141 4682 3677 6856 2262 2966 1373 3537
7232 5095 2050 4682 3677 6827 2222 2944 1298 3514
7232 5095 2050 4682 3677 6827 2222 2944 1949 3514
7134 5023 2041 4589 3619 6759 2128 2874 1913 3474
7134 5023 2041 4589 3619 7158 2128 2874 1913 3474
7102 4968 2009 4542 3542 7116 2049 2778 1839 3422
7102 4968 2009 4542 3542 7793 2049 2778 1839 3422
7016 4899 1953 4519 3533 7787 1949 2717 1781 3351
7016 5582 1953 4519 3533 7787 1949 2717 1781 3351
6980 5506 1937 4437 3493 7713 1907 2672 1749 3261
6980 5506 1937 4437 4106 7713 1907 2672 1749 3261
6892 5492 1874 4339 4015 7691 1847 2580 1727 3199
6892 5492 1874 4339 4015 8626 1847 2580 1727 3199
6858 5438 1806 4272 3944 8610 1765 2562 1658 3101
6858 5438 1806 4272 3944 8610 1765 3384 1658 3101
6796 5412 1796 4177 3912 8539 1733 3319 1629 3074
6796 5412 1796 4793 3912 8539 1733 3319 1629 3074
6696 5338 1760 4702 3877 8502 1634 3252 1617 3032
6696 5338 1760 5617 3877 8502 1634 3252 1617 3032
6607 5334 1715 5548 3866 8477 1597 3189 1602 2976
7136 5334 1715 5548 3866 8477 1597 3189 1602 2976
7113 5256 1617 5534 3791 8408 1546 3168 1507 2902
7113 5256 2451 5534 3791 8408 1546 3168 1507 2902
7083 5176 2410 5489 3766 8330 1510 3118 1469 2803
7139 5176 2410 5489 3766 8330 1510 3118 1469 2803
7136 5080 2332 5462 3675 8298 1433 3085 1430 2713
7136 5080 2332 5462 3675 8298 1433 4017 1430 2713
7081 5002 2319 5416 3665 8277 1358 3973 1358 2705
7081 5002 2319 6109 3665 8277 1358 3973 1358 2705
7072 4998 2283 6078 3613 8245 1304 3964 1286 2693
7072 4998 2283 6078 3613 8245 1304 3964 1286 2798
7048 4927 2210 6010 3518 8233 1270 3956 1280 2784
7048 4927 2210 6010 3518 8233 1765 3956 1280 2784
7018 4871 2177 5960 3449 8230 1747 3879 1207 2708
7018 5221 2177 5960 3449 8230 1747 3879 1207 2708
6975 5126 2158 5902 3396 8141 1667 3782 1183 2619
6975 5126 2158 5902 3396 8254 1667 3782 1183 2619
6941 5106 2087 5814 3371 8167 1634 3700 1117 2557
6941 5106 2087 5814 3371 8167 1634 3700 1117 3443
6877 5017 2014 5801 3338 8126 1560 3693 1028 3346
6877 5017 2014 5995 3338 8126 1560 3693 1028 3346
6875 4981 1956 5895 3323 8034 1541 3643 955 3250
6875 4981 2576 5895 3323 8034 1541 3643 955 3250
6822 4947 2548 5855 3264 7989 1487 3556 879 3238
6822 4947 2548 5855 3264 7991 1487 3556 879 3238
6724 4929 2455 5769 3231 7905 1406 3550 846 3229
7530 4929 2455 5769 3231 7905 1406 3550 846 3229
7523 4874 2357 5747 3181 7824 1379 3521 810 3191
7523 4874 2357 5747 3181 7824 1969 3521 810 3191
7506 4847 2302 5656 3143 7790 1923 3505 808 3134
7506 4847 2302 5656 3143 7822 1923 3505 808 3134
7504 4804 2275 5582 3050 7745 1862 3430 801 3076
7504 4804 2965 5582 3050 7745 1862 3430 801 3076
7440 4724 2940 5563 2984 7676 1854 3395 702 3011
7440 4724 2940 5563 2984 7676 1963 3395 702 3011
7375 4712 2904 5500 2964 7631 1889 3369 672 2931
7375 4712 2904 5500 2964 7631 1889 3369 984 2931
7342 4706 2855 5458 2920 7614 1866 3330 927 2910
7342 4706 2855 5458 2920 7614 1866 3330 927 3428
7337 4677 2835 5423 2892 7530 1865 3267 864 3396
7337 4677 2835 5423 2892 7530 2682 3267 864 3396
7309 4604 2740 5345 2852 7511 2643 3258 802 3323
7309 4604 2740 5345 2852 7511 3191 3258 802 3323
7295 4592 2651 5292 2761 7417 3155 3183 724 3310
7624 4592 2651 5292 2761 7417 3155 3183 724 3310
7562 4500 2605 5278 2737 7361 3111 3180 724 3296
7562 4500 2605 5278 2737 7361 3742 3180 724 3296
7512 4408 2580 5215 2688 7345 3739 3124 674 3236
7512 4408 2580 5215 2688 7345 3739 3124 875 3236
7463 4353 2568 5206 2606 7254 3708 3118 864 3215
7463 5078 2568 5206 2606 7254 3708 3118 864 3215
7372 5046 2489 5156 2565 7162 3634 3085 825 3207
7372 5046 2732 5156 2565 7162 3634 3085 825 3207
7334 4969 2714 5100 2557 7140 3607 2991 792 3113
7561 4969 2714 5100 2557 7140 3607 2991 792 3113
7485 4903 2651 5044 2550 7050 3520 2951 785 3022
7485 4903 2651 5044 2550 7050 3520 2951 785 3084
7408 4860 2649 4960 2535 7046 3509 2948 779 3037
7408 4860 2649 4960 2701 7046 3509 2948 779 3037
7395 4804 2626 4872 2682 7005 3482 2877 770 2951
7395 4804 2626 4872 2682 7005 3482 3763 770 2951
7299 4789 2579 4845 2613 6955 3399 3708 759 2944
7299 4789 2579 4845 2613 7689 3399 3708 759 2944
7260 4738 2576 4781 2567 7628 3312 3687 697 2888
7260 4738 2576 4781 2567 7628 3312 4570 697 2888
7230 4716 2479 4747 2555 7592 3265 4539 664 2800
7230 4716 2479 4747 2555 7852 3265 4539 664 2800
7202 4662 2468 4733 2496 7816 3216 4454 607 2753
7202 4662 2468 4733 2496 8084 3216 4454 607 2753
7174 4574 2452 4710 2421 8072 3212 4423 539 2720
7174 4992 2452 4710 2421 8072 3212 4423 539 2720
7174 4981 2433 4685 2351 8001 3165 4352 518 2646
7174 4981 2433 4685 2351 8001 3165 4352 518 3223
7123 4915 2370 4673 2349 7908 3094 4274 449 3167
7123 5709 2370 4673 2349 7908 3094 4274 449 3167
7038 5695 2318 4614 2271 7816 3086 4206 444 3158
7038 6306 2318 4614 2271 7816 3086 4206 444 3158
6950 6234 2235 4613 2257 7774 3013 4204 427 3060
7485 6234 2235 4613 2257 7774 3013 4204 427 3060
7406 6135 2167 4607 2172 7719 2965 4160 400 2984
7406 7040 2167 4607 2172 7719 2965 4160 400 2984
7337 7014 2153 4570 2127 7672 2936 4157 388 2898
7337 7014 2153 4570 2995 7672 2936 4157 388 2898
7326 6997 2060 4532 2930 7594 2841 4112 313 2853
7326 6997 2060 4532 3394 7594 2841 4112 313 2853
7296 6905 1984 4510 3345 7514 2771 4038 306 2816
7296 6905 1984 4510 3577 7514 2771 4038 306 2816
7238 6879 1948 4450 3529 7495 2720 3988 295 2792
7238 6879 1948 4450 3569 7495 2720 3988 295 2792
7179 6842 1869 4379 3538 7461 2620 3924 277 2729
7179 6842 1869 4379 3538 7461 2620 3924 1249 2729
7104 6767 1829 4346 3457 7419 2567 3827 1221 2664
7104 6767 2745 4346 3457 7419 2567 3827 1221 2664
7100 6677 2717 4342 3379 7400 2567 3759 1220 2600
7100 6700 2717 4342 3379 7400 2567 3759 1220 2600
7038 6647 2633 4294 3369 7340 2520 3673 1209 2599
7038 6647 2633 5170 3369 7340 2520 3673 1209 2599
6953 6603 2590 5123 3283 7307 2467 3595 1186 2512
6953 6603 2590 5123 3966 7307 2467 3595 1186 2512
6863 6553 2542 5075 3966 7239 2387 3495 1163 2506
7367 6553 2542 5075 3966 7239 2387 3495 1163 2506
7354 6532 2539 4988 3871 7185 2301 3474 1161 2409
7354 6532 2539 5719 3871 7185 2301 3474 1161 2409
7351 6438 2526 5709 3810 7092 2283 3424 1156 2316
7351 6438 2526 5709 3810 7092 2283 3424 1156 2488
7323 6377 2521 5657 3796 7018 2234 3381 1146 2394
7323 6377 2521 5657 3796 7018 2234 3381 1597 2394
7300 6282 2498 5569 3747 6955 2225 3317 1507 2315
7300 6282 2498 6425 3747 6955 2225 3317 1507 2315
7214 6208 2454 6401 3708 6883 2135 3284 1501 2225
7214 6208 2454 6917 3708 6883 2135 3284 1501 2225
7180 6206 2432 6859 3690 6834 2089 3242 1403 2127
7310 6206 2432 6859 3690 6834 2089 3242 1403 2127
7272 6141 2367 6761 3617 6738 1998 3242 1382 2108
7272 6141 2367 6761 3617 6738 1998 4076 1382 2108
7268 6116 2332 6679 3586 6667 1943 4017 1332 2098
7785 6116 2332 6679 3586 6667 1943 4017 1332 2098
7760 6036 2299 6627 3550 6617 1854 3996 1258 2044
7760 6036 2299 6627 3550 6617 1854 3996 1959 2044
7725 6018 2291 6624 3546 6552 1847 3974 1871 1973
7725 6018 2291 6624 3851 6552 1847 3974 1871 1973
7687 5949 2208 6560 3834 6507 1773 3896 1836 1885
7687 5949 2208 6560 3834 7429 1773 3896 1836 1885
7609 5911 2174 6480 3747 7346 1697 3820 1833 1833
7609 5911 2174 6480 3747 7346 1697 4210 1833 1833
7585 5840 2117 6425 3651 7280 1607 4172 1803 1739
8537 5840 2117 6425 3651 7280 1607 4172 1803 1739
8442 5752 2071 6391 3553 7224 1578 4087 1800 1732
8442 5752 2071 6391 3553 7224 2514 4087 1800 1732
8383 5653 2038 6335 3487 7193 2432 4080 1716 1731
8383 5653 2038 6335 3487 7533 2432 4080 1716 1731
8350 5650 1960 6256 3398 7501 2420 4072 1634 1669
8350 5650 1960 6256 3398 7577 2420 4072 1634 1669
8259 5590 1880 6161 3318 7556 2388 4018 1551 1660
8736 5590 1880 6161 3318 7556 2388 4018 1551 1660
8683 5576 1879 6066 3269 7552 2340 3982 1530 1570
8683 5576 1879 6066 3269 7552 2340 3982 1946 1570
8628 5538 1795 6031 3198 7479 2308 3890 1942 1503
8628 5538 1795 6031 3198 7479 2308 3890 2117 1503
8558 5496 1720 5972 3107 7407 2231 3851 2069 1420
8558 5496 1720 5972 3107 7407 2340 3851 2069 1420
8531 5472 1695 5930 3031 7316 2311 3772 1970 1406
8531 5472 1695 5930 3031 7316 2311 4742 1970 1406
8490 5463 1656 5848 2959 7283 2289 4725 1967 1405
8490 5463 2115 5848 2959 7283 2289 4725 1967 1405
8478 5394 2098 5830 2946 7234 2229 4672 1897 1382
8478 5394 2098 5830 2946 7234 2229 4672 1897 1979
8418 5318 2065 5782 2939 7212 2184 4576 1882 1892
8418 5318 2065 6778 2939 7212 2184 4576 1882 1892
8383 5261 1972 6681 2937 7205 2148 4504 1848 1891
8437 5261 1972 6681 2937 7205 2148 4504 1848 1891
8397 5232 1889 6634 2868 7166 2066 4457 1829 1838
8397 5232 1889 6634 2868 7166 2066 4457 1829 2643
8377 5178 1856 6633 2802 7126 1990 4455 1735 2620
8377 5178 1856 6633 2802 7126 1990 4455 1735 2799
8327 5149 1824 6581 2718 7062 1971 4372 1641 2743
8327 5149 1824 6581 2718 7062 2239 4372 1641 2743
8301 5061 1727 6482 2656 6982 2227 4331 1558 2687
8301 5061 1727 6482 2656 6982 2227 4331 1558 2864
8241 4962 1679 6435 2582 6887 2180 4251 1549 2854
8241 4962 1679 6435 2582 6887 2180 5137 1549 2854
8149 4931 1625 6364 2520 6831 2114 5080 1545 2757
8149 4931 1625 6400 2520 6831 2114 5080 1545 2757
8093 4838 1526 6368 2507 6750 2106 5053 1499 2740
8093 4838 1526 6368 2507 6750 2106 5436 1499 2740
8083 4817 1500 6285 2410 6665 2063 5401 1430 2692
8083 4817 1500 6285 3065 6665 2063 5401 1430 2692
8076 4728 1473 6195 3011 6623 1980 5391 1379 2609
8468 4728 1473 6195 3011 6623 1980 5391 1379 2609
8440 4708 1429 6144 2923 6615 1955 5295 1326 2557
8440 4708 1975 6144 2923 6615 1955 5295 1326 2557
8358 4627 1968 6082 2835 6553 1898 5272 1308 2478
8358 4627 1968 6082 2835 6855 1898 5272 1308 2478
8357 4620 1877 6004 2744 6836 1886 5176 1270 2445
8357 4620 1877 6004 2744 6836 1886 5176 1270 3360
8281 4552 1856 5962 2671 6834 1873 5085 1206 3296
8281 4552 1856 6224 2671 6834 1873 5085 1206 3296
8263 4474 1844 6133 2607 6737 1791 4987 1114 3287
8263 4474 1844 6133 2607 6737 1791 5645 1114 3287
8229 4448 1763 6067 2577 6730 1763 5554 1060 3220
8229 4448 1763 6067 2577 6730 1763 5554 1594 3220
8226 4442 1754 6008 2537 6692 1704 5464 1556 3214
8226 4442 1754 6008 2537 7684 1704 5464 1556 3214
8189 4435 1682 5949 2466 7649 1659 5392 1535 3190
8189 4435 1682 5949 2466 7649 1659 6365 1535 3190
8146 4349 1681 5941 2423 7589 1570 6291 1453 3114
8146 4372 1681 5941 2423 7589 1570 6291 1453 3114
8085 4304 1654 5912 2362 7586 1565 6247 1358 3026
8085 4304 1654 5930 2362 7586 1565 6247 1358 3026
8080 4297 1594 5908 2340 7522 1537 6160 1331 2993
8080 4297 1594 5908 2340 8460 1537 6160 1331 2993
8032 4203 1564 5855 2334 8394 1460 6136 1263 2915
8032 4203 1564 5855 2905 8394 1460 6136 1263 2915
7976 4164 1488 5789 2902 8325 1460 6107 1252 2903
7976 4164 2434 5789 2902 8325 1460 6107 1252 2903
7956 4125 2430 5726 2897 8250 1440 6033 1227 2849
8582 4125 2430 5726 2897 8250 1440 6033 1227 2849
8525 4052 2333 5673 2823 8193 1432 5952 1138 2817
8602 4052 2333 5673 2823 8193 1432 5952 1138 2817
8584 3980 2320 5607 2752 8125 1335 5919 1127 2720
8584 3980 2320 5607 2752 8698 1335 5919 1127 2720
8570 3974 2318 5564 2739 8661 1266 5891 1083 2703
8570 3974 2318 5564 2739 8661 1266 6366 1083 2703
8548 3917 2220 5477 2691 8619 1220 6321 1052 2605
8548 4460 2220 5477 2691 8619 1220 6321 1052 2605
8520 4428 2212 5401 2686 8557 1200 6255 1001 2517
8520 4428 2212 5401 3441 8557 1200 6255 1001 2517
8448 4375 2171 5303 3384 8466 1124 6247 975 2430
8448 4739 2171 5303 3384 8466 1124 6247 975 2430
8360 4726 2120 5297 3356 8401 1092 6234 890 2390
8360 4726 2120 5297 3356 8401 1479 6234 890 2390
8280 4703 2025 5263 3268 8363 1390 6149 889 2295
8280 4703 2025 5263 3268 8363 1390 6630 889 2295
8222 4670 1952 5183 3198 8295 1321 6544 846 2266
8222 4670 1952 5183 3198 8295 2321 6544 846 2266
8168 4641 1909 5126 3103 8230 2231 6541 830 2243
8168 4641 1909 5126 3103 8230 3018 6541 830 2243
8098 4593 1840 5070 3045 8172 3012 6509 777 2222
8098 4593 1840 5070 3232 8172 3012 6509 777 2222
8078 4496 1824 4987 3156 8079 2926 6506 760 2208
8078 4496 1824 4987 3156 8079 2926 6506 760 2585
8004 4452 1822 4936 3117 8040 2831 6466 687 2521
8004 4452 1822 4936 3117 8437 2831 6466 687 2521
7927 4427 1791 4925 3017 8399 2786 6417 632 2445
8881 4427 1791 4925 3017 8399 2786 6417 632 2445
8805 4410 1776 4825 2922 8368 2727 6390 586 2348
8805 4410 1941 4825 2922 8368 2727 6390 586 2348
8740 4372 1886 4768 2842 8330 2681 6356 490 2338
8740 4372 1886 4768 2842 8330 2681 6385 490 2338
8665 4283 1800 4766 2836 8256 2678 6377 480 2261
8665 4283 1800 4766 2836 8256 2678 6377 614 2261
8600 4200 1705 4765 2776 8213 2641 6328 566 2250
8600 4200 1705 5266 2776 8213 2641 6328 566 2250
8543 4187 1608 5215 2680 8205 2559 6260 551 2162
8543 4187 1608 5724 2680 8205 2559 6260 551 2162
8445 4175 1550 5667 2604 8180 2527 6235 493 2111
8445 4175 2140 5667 2604 8180 2527 6235 493 2111
8389 4148 2042 5585 2603 8155 2507 6146 395 2022
8389 4148 2042 6396 2603 8155 2507 6146 395 2022
8326 4078 1977 6391 2570 8153 2450 6081 347 1983
8326 4078 1977 6391 2570 8153 2450 6081 971 1983
8325 4073 1879 6375 2487 8151 2447 6065 968 1903
8325 4073 1879 6375 2487 8151 2447 6065 1892 1903
8265 4014 1868 6363 2406 8097 2360 6007 1850 1839
8265 4014 1868 6363 2406 8097 2360 6007 2383 1839
8181 3948 1781 6339 2334 8074 2350 5969 2300 1761
8181 3948 1781 6339 2334 8074 2350 5969 3133 1761
8124 3917 1696 6276 2302 7983 2304 5910 3132 1678
8124 3917 1696 6276 2302 8720 2304 5910 3132 1678
8048 3853 1664 6215 2270 8654 2285 5847 3040 1583
8490 3853 1664 6215 2270 8654 2285 5847 3040 1583
8408 3756 1661 6175 2233 8562 2244 5749 2941 1523
8408 3756 1661 6175 2233 9520 2244 5749 2941 1523
8397 3754 1597 6143 2189 9486 2203 5742 2856 1443
8397 3754 1597 6143 2189 9486 2203 6589 2856 1443
8309 3705 1557 6124 2148 9456 2150 6559 2846 1369
8309 3705 1557 6124 3149 9456 2150 6559 2846 1369
8218 3640 1509 6026 3084 9384 2124 6504 2838 1310
8218 3640 1509 6026 3084 9384 2124 6504 2838 1763
8130 3597 1414 6019 3010 9356 2025 6442 2771 1677
8130 3597 1414 6767 3010 9356 2025 6442 2771 1677
8092 3523 1325 6760 2956 9329 1931 6437 2707 1660
8092 3523 1325 6760 2956 9329 2275 6437 2707 1660
8025 3488 1233 6757 2901 9270 2203 6430 2631 1619
8025 3488 1973 6757 2901 9270 2203 6430 2631 1619
8003 3461 1877 6695 2804 9224 2186 6425 2567 1573
8003 3461 1877 6695 2804 9224 2186 6911 2567 1573
7982 3436 1877 6626 2794 9182 2101 6880 2479 1558
7982 3436 1877 6626 3701 9182 2101 6880 2479 1558
7954 3358 1860 6588 3665 9154 2020 6802 2382 1509
8374 3358 1860 6588 3665 9154 2020 6802 2382 1509
8290 3306 1768 6489 3648 9114 1940 6777 2305 1422
8290 3306 1768 6567 3648 9114 1940 6777 2305 1422
8276 3281 1710 6517 3638 9082 1923 6768 2282 1411
8276 3281 1710 6517 3638 9082 1987 6768 2282 1411
8184 3223 1610 6491 3591 8996 1934 6717 2214 1348
8184 3223 1610 6491 3591 8996 2569 6717 2214 1348
8095 3194 1536 6409 3565 8934 2499 6716 2210 1281
8095 3194 1536 6409 3565 8934 2499 6716 2210 1664
8065 3172 1527 6394 3486 8931 2405 6682 2175 1588
8065 3172 1527 6394 3486 9298 2405 6682 2175 1588
7996 3099 1448 6337 3445 9249 2324 6648 2110 1563
7996 3099 1448 6337 3445 9249 2324 6648 2499 1563
7950 3058 1407 6287 3441 9190 2249 6604 2428 1491
7950 3058 1407 6287 3441 9190 2614 6604 2428 1491
7858 3004 1326 6240 3375 9105 2568 6520 2347 1419
7858 3004 1326 6240 3375 9105 2568 6834 2347 1419
7842 2999 1235 6224 3322 9080 2557 6816 2347 1329
7842 2999 1235 6224 3322 9080 2557 6852 2347 1329
7804 2906 1231 6221 3271 9046 2512 6754 2269 1258
7804 2906 1231 6221 3271 9046 2512 6754 3130 1258
7798 2870 1140 6167 3204 9021 2468 6681 3059 1192
7798 2870 1140 6167 3204 9259 2468 6681 3059 1192
7763 2843 1078 6136 3112 9190 2453 6676 3051 1174
7763 2843 1078 6136 3374 9190 2453 6676 3051 1174
7698 2793 1064 6095 3333 9125 2439 6597 2986 1126
7698 2793 1064 6095 3333 9125 2439 6597 3064 1126
7677 2716 1018 6041 3268 9029 2408 6535 2993 1050
7677 3681 1018 6041 3268 9029 2408 6535 2993 1050
7620 3638 995 6000 3221 9001 2360 6513 2931 1019
7620 3638 995 6000 3221 9001 2360 6800 2931 1019
7596 3594 915 5984 3221 8941 2357 6745 2913 930
7596 3594 915 5984 3221 8941 2357 7506 2913 930
7589 3564 895 5913 3145 8939 2263 7431 2871 880
7589 3564 895 5913 3145 8939 2263 7431 2871 1247
7501 3555 862 5852 3075 8889 2163 7392 2857 1209
7501 3555 862 6178 3075 8889 2163 7392 2857 1209
7404 3459 814 6175 2997 8853 2091 7375 2771 1135
7404 3459 1664 6175 2997 8853 2091 7375 2771 1135
7325 3459 1654 6160 2910 8815 2085 7318 2761 1120
7325 3459 1654 6160 3129 8815 2085 7318 2761 1120
7226 3403 1608 6119 3057 8809 2073 7303 2711 1063
7226 3403 1608 6119 3057 9462 2073 7303 2711 1063
7175 3374 1594 6103 3013 9412 2060 7244 2612 988
7175 3374 1594 6103 3013 9412 2060 7244 3203 988
7116 3296 1567 6058 2969 9353 1990 7144 3113 986
7116 3296 1567 6058 2969 9353 1990 7657 3113 986
7032 3252 1468 6015 2887 9335 1899 7565 3045 886
7032 3967 1468 6015 2887 9335 1899 7565 3045 886
6987 3917 1433 5963 2882 9318 1823 7537 3027 832
6987 3917 1433 5963 2882 9318 1823 8195 3027 832
6960 3839 1336 5920 2848 9300 1724 8171 2999 799
6960 3839 1336 5920 3772 9300 1724 8171 2999 799
6922 3769 1240 5854 3706 9227 1704 8098 2969 754
6922 3769 1240 5854 3706 9227 1704 8098 3786 754
6896 3757 1159 5848 3698 9138 1616 8053 3700 655
6896 3757 1159 5848 3698 9250 1616 8053 3700 655
6872 3662 1076 5767 3645 9211 1518 8020 3684 570
6872 3778 1076 5767 3645 9211 1518 8020 3684 570
6784 3762 1021 5722 3631 9155 1424 7978 3656 532
6784 3762 1021 6015 3631 9155 1424 7978 3656 532
6774 3725 964 5980 3602 9096 1356 7969 3617 434
6774 3725 964 5980 3602 9749 1356 7969 3617 434
6713 3628 952 5938 3506 9691 1313 7928 3601 391
6713 3628 1808 5938 3506 9691 1313 7928 3601 391
6618 3590 1732 5899 3493 9686 1255 7897 3503 300
6618 3590 1732 5899 3493 9686 1255 7897 3626 300
6589 3522 1703 5875 3424 9656 1207 7811 3594 243
6589 3522 1703 5875 3424 9656 1207 8175 3594 243
6571 3520 1670 5796 3351 9593 1179 8123 3577 184
6571 3520 1670 5796 3351 9593 1179 8269 3577 184
6495 3506 1654 5734 3283 9588 1097 8212 3573 96
6495 3988 1654 5734 3283 9588 1097 8212 3573 96
6490 3908 1629 5724 3199 9519 1077 8166 3501 57
6490 3908 1629 5724 3199 10193 1077 8166 3501 57
6480 3904 1549 5696 3132 10115 1054 8100 3473 0
6480 3904 1549 5696 3352 10115 1054 8100 3473 0
6380 3810 1478 5669 3346 10089 963 8003 3425 0
6380 3810 1764 5669 3346 10089 963 8003 3425 0
6340 3741 1674 5640 3266 10054 877 7979 3392 0
6340 3741 1674 6023 3266 10054 877 7979 3392 0
6257 3692 1581 5966 3172 10039 783 7884 3369 0
6257 3692 1581 5966 3172 10039 783 7917 3369 0
6227 3679 1547 5872 3141 10024 723 7825 3274 0
7163 3679 1547 5872 3141 10024 723 7825 3274 0
7073 3606 1452 5858 3126 9934 660 7736 3253 0
7073 3606 1944 5858 3126 9934 660 7736 3253 0
7040 3514 1887 5800 3064 9928 604 7655 3192 0
7040 3514 1887 5800 3064 9928 604 8659 3192 0
6966 3476 1840 5780 3061 9908 601 8580 3142 0
7890 3476 1840 5780 3061 9908 601 8580 3142 0
7854 3388 1787 5753 3048 9834 556 8548 3062 0
7854 4333 1787 5753 3048 9834 556 8548 3062 0
7813 4297 1765 5702 3005 9826 491 8537 2994 0
7813 4297 1765 5702 3005 9826 677 8537 2994 0
7751 4203 1682 5649 2963 9817 607 8472 2923 0
7751 4203 1931 5649 2963 9817 607 8472 2923 0
7693 4141 1866 5554 2904 9746 551 8472 2862 0
7980 4141 1866 5554 2904 9746 551 8472 2862 0
7959 4141 1819 5525 2823 9706 534 8426 2768 0
8386 4141 1819 5525 2823 9706 534 8426 2768 0
8377 4117 1723 5518 2725 9663 517 8375 2735 0
8377 4117 1723 5518 3236 9663 517 8375 2735 0
8372 4063 1696 5424 3215 9587 459 8367 2682 0
8372 4063 1696 5424 3215 9587 1465 8367 2682 0
8272 4019 1690 5365 3129 9529 1387 8319 2600 0
8272 4019 1690 5365 3129 9535 1387 8319 2600 0
8272 3974 1680 5294 3111 9521 1334 8285 2587 0
8272 4464 1680 5294 3111 9521 1334 8285 2587 0
8240 4441 1631 5292 3047 9444 1271 8220 2529 0
8240 4441 1631 5292 3047 9444 1271 8220 2529 223
8219 4403 1582 5264 2987 9399 1187 8191 2505 145
8219 4694 1582 5264 2987 9399 1187 8191 2505 145
8154 4611 1545 5208 2909 9367 1127 8188 2446 84
8154 4611 1545 5208 2909 9367 1127 9117 2446 84
8143 4561 1536 5208 2861 9320 1056 9090 2413 9
8143 4561 1536 5208 2861 10020 1056 9090 2413 9
8124 4526 1443 5137 2776 9998 1028 8996 2376 0
8124 4526 1443 5137 2776 10916 1028 8996 2376 0
8033 4484 1379 5120 2744 10881 1011 8987 2286 0
8033 4484 1379 5120 2744 10881 1011 9393 2286 0
7972 4445 1315 5028 2718 10816 963 9345 2274 0
7972 4445 1315 5028 2718 10816 963 9345 2274 927
7938 4427 1295 4970 2666 10814 879 9278 2236 865
7938 4427 1295 4970 2666 10814 879 9362 2236 865
7839 4381 1237 4934 2635 10768 815 9281 2231 830
7839 4381 1237 4934 2635 10768 815 9890 2231 830
7752 4311 1190 4908 2602 10745 724 9833 2149 770
7752 4311 1190 4908 2602 10745 724 9833 2149 1033
7735 4304 1181 4873 2552 10689 625 9805 2088 1029
7735 4304 1181 4873 2552 10689 772 9805 2088 1029
7689 4257 1162 4846 2511 10684 762 9788 2006 936
7689 4257 1162 4846 2511 10684 762 9788 2006 1344
7617 4192 1092 4769 2412 10652 727 9708 1995 1344
7617 4192 1092 4769 2412 10806 727 9708 1995 1344
7583 4159 1036 4694 2326 10719 685 9614 1909 1282
7583 4159 1597 4694 2326 10719 685 9614 1909 1282
7494 4080 1576 4596 2274 10649 599 9572 1875 1208
7494 4080 1576 4596 2274 10649 599 10448 1875 1208
7476 4035 1557 4556 2271 10565 551 10381 1871 1200
7476 4035 1557 4556 2962 10565 551 10381 1871 1200
7393 4007 1509 4468 2957 10537 548 10297 1827 1173
7393 4404 1509 4468 2957 10537 548 10297 1827 1173
7374 4373 1445 4370 2902 10456 521 10267 1797 1093
7374 4373 1445 4370 3370 10456 521 10267 1797 1093
7275 4315 1384 4271 3313 10428 470 10184 1726 1009
7275 4315 1384 4271 3313 10428 470 10346 1726 1009
7184 4305 1305 4253 3312 10425 406 10283 1685 1005
7184 4305 1305 4253 3720 10425 406 10283 1685 1005
7112 4275 1289 4209 3690 10418 391 10224 1597 941
7112 4275 1289 4209 3837 10418 391 10224 1597 941
7015 4181 1213 4188 3800 10416 341 10214 1555 873
7015 4181 1213 4188 3800 10416 341 10214 1569 873
6992 4166 1170 4108 3756 10343 287 10120 1514 805
7830 4166 1170 4108 3756 10343 287 10120 1514 805
7809 4165 1163 4036 3680 10246 212 10112 1464 800
7809 4165 1163 4036 3680 10246 324 10112 1464 800
7749 4147 1144 4036 3634 10232 271 10040 1421 721
7749 4147 1144 4036 3634 11145 271 10040 1421 721
7747 4100 1143 3981 3583 11124 220 9970 1367 636
7747 4100 1143 3981 3583 11124 220 9970 1367 1396
7703 4049 1047 3966 3516 11099 133 9931 1287 1349
7703 4049 1047 3966 3516 11099 133 9931 1886 1349
7661 3961 992 3910 3498 11045 79 9832 1868 1320
8556 3961 992 3910 3498 11045 79 9832 1868 1320
8481 3917 902 3881 3445 10981 21 9818 1860 1317
8481 3917 902 4418 3445 10981 21 9818 1860 1317
8445 3894 821 4341 3418 10977 0 9777 1775 1298
8445 3894 821 4341 3418 10977 0 10677 1775 1298
8362 3884 764 4260 3357 10896 0 10581 1767 1262
8425 3884 764 4260 3357 10896 0 10581 1767 1262
8404 3846 711 4245 3326 10812 0 10514 1693 1195
8404 3846 711 4245 3326 10812 0 11032 1693 1195
8333 3792 684 4180 3264 10802 0 11014 1684 1138
8333 3792 684 4180 3264 10802 878 11014 1684 1138
8262 3778 627 4117 3228 10785 856 10948 1682 1123
8262 3778 627 4117 3228 11315 856 10948 1682 1123
8253 3759 547 4114 3161 11252 818 10910 1657 1048
8253 3759 547 4114 3161 11252 905 10910 1657 1048
8248 3738 521 4063 3073 11159 805 10880 1604 983
8248 3738 521 4063 3722 11159 805 10880 1604 983
8160 3666 428 3973 3642 11144 720 10783 1586 964
8160 3666 428 3973 3642 11144 720 10783 1586 1425
8071 3581 415 3913 3593 11142 623 10707 1513 1411
8071 3581 415 3913 4472 11142 623 10707 1513 1411
8015 3575 390 3906 4467 11047 545 10687 1428 1311
8015 3575 390 3906 4948 11047 545 10687 1428 1311
7937 3489 303 3837 4881 10967 447 10641 1329 1272
7937 3489 303 3837 4881 10967 447 10641 1932 1272
7920 3485 295 3830 4860 10925 441 10590 1875 1231
7920 3574 295 3830 4860 10925 441 10590 1875 1231
7825 3570 238 3810 4811 10838 439 10502 1794 1181
7825 3570 238 3810 4811 10838 439 10502 1794 1984
7751 3525 186 3737 4774 10779 341 10486 1714 1935
8129 3525 186 3737 4774 10779 341 10486 1714 1935
8074 3471 160 3682 4751 10747 321 10422 1624 1893
8074 3484 160 3682 4751 10747 321 10422 1624 1893
8067 3411 110 3682 4697 10747 282 10336 1594 1821
8067 3411 110 3682 4697 10747 282 10507 1594 1821
7982 3339 106 3622 4644 10713 221 10454 1576 1732
7982 3339 106 3622 4644 10713 221 10454 1758 1732
7978 3297 104 3567 4596 10645 187 10454 1726 1658
8226 3297 104 3567 4596 10645 187 10454 1726 1658
8170 3224 33 3489 4571 10579 179 10369 1640 1586
8170 3224 33 3947 4571 10579 179 10369 1640 1586
8137 3159 0 3874 4503 10517 88 10367 1633 1556
8700 3159 0 3874 4503 10517 88 10367 1633 1556
8671 3152 0 3776 4460 10490 8 10285 1571 1552
8671 3152 0 3776 4460 10490 8 10497 1571 1552
8648 3116 0 3760 4450 10487 0 10420 1496 1455
8648 3116 0 3760 4450 10487 0 10420 1496 1510
8581 3110 0 3690 4387 10453 0 10409 1484 1416
8581 3110 0 3690 4387 10453 0 10409 1484 1579
8498 3026 0 3610 4288 10396 0 10395 1399 1574
8498 3026 0 3610 4288 10396 0 10395 1399 2425
8428 2927 0 3571 4215 10321 0 10360 1320 2413
8428 2927 0 4131 4215 10321 0 10360 1320 2413
8330 2851 0 4047 4155 10301 0 10336 1284 2317
8330 2851 0 4047 4155 10301 0 10336 1401 2317
8281 2770 0 4003 4063 10281 0 10251 1351 2286
8656 2770 0 4003 4063 10281 0 10251 1351 2286
8611 2729 0 3943 3989 10229 0 10207 1343 2278
8611 2729 0 3943 3989 10229 0 10207 1619 2278
8529 2683 0 3924 3965 10173 0 10110 1536 2259
8529 3111 0 3924 3965 10173 0 10110 1536 2259
8489 3110 0 3910 3930 10097 0 10027 1444 2220
8489 3110 0 3910 3930 10153 0 10027 1444 2220
8420 3094 0 3910 3877 10150 0 9991 1362 2126
8420 3094 0 3916 3877 10150 0 9991 1362 2126
8369 2994 0 3866 3874 10077 0 9967 1270 2062
8369 2994 823 3866 3874 10077 0 9967 1270 2062
8345 2916 732 3813 3818 10022 0 9946 1242 1977
8345 2916 732 3813 3818 10022 0 9946 2062 1977
8289 2817 675 3720 3801 9984 0 9943 1987 1911
8289 2817 675 3720 3801 9984 0 9943 2935 1911
8205 2813 616 3676 3703 9929 0 9869 2930 1891
8205 2813 757 3676 3703 9929 0 9869 2930 1891
8161 2766 734 3583 3614 9901 0 9784 2908 1881
9099 2766 734 3583 3614 9901 0 9784 2908 1881
9001 2705 723 3574 3514 9894 0 9757 2890 1823
9001 2705 723 3574 3514 9894 589 9757 2890 1823
8985 2647 646 3540 3512 9865 582 9696 2810 1736
8985 2647 646 3540 3512 9865 582 9696 3424 1736
8962 2608 576 3489 3450 9811 567 9657 3394 1735
8962 2608 576 3489 3450 9811 567 9657 3394 2201
8877 2533 538 3488 3379 9802 490 9608 3375 2173
8877 2533 538 3829 3379 9802 490 9608 3375 2173
8870 2482 458 3742 3288 9802 456 9542 3279 2126
8870 2527 458 3742 3288 9802 456 9542 3279 2126
8792 2527 381 3662 3278 9791 424 9541 3215 2112
9304 2527 381 3662 3278 9791 424 9541 3215 2112
9223 2502 322 3584 3186 9708 369 9507 3171 2076
9223 2993 322 3584 3186 9708 369 9507 3171 2076
9205 2913 229 3557 3121 9621 270 9413 3084 2010
9205 2913 229 3557 3121 10337 270 9413 3084 2010
9144 2909 218 3550 3098 10284 225 9382 3082 1912
9144 2909 218 3550 3098 10284 225 9643 3082 1912
9126 2836 120 3492 3048 10201 144 9624 3072 1871
9126 3348 120 3492 3048 10201 144 9624 3072 1871
9041 3249 30 3392 2972 10132 73 9624 3031 1807
9041 3249 30 3392 2972 10132 349 9624 3031 1807
9006 3215 11 3325 2948 10088 288 9562 2967 1761
9006 3316 11 3325 2948 10088 288 9562 2967 1761
8917 3300 0 3323 2856 10083 190 9560 2875 1739
8917 3300 0 3323 2856 10662 190 9560 2875 1739
8873 3278 0 3312 2839 10607 151 9535 2824 1712
8873 3278 0 3312 2839 10607 833 9535 2824 1712
8867 3272 0 3266 2788 10531 755 9484 2737 1691
8867 3272 217 3266 2788 10531 755 9484 2737 1691
8858 3253 145 3180 2785 10443 693 9411 2689 1676
8858 3253 145 3400 2785 10443 693 9411 2689 1676
8832 3210 127 3383 2757 10378 616 9326 2656 1605
8832 3210 127 3383 2757 10378 1515 9326 2656 1605
8811 3170 71 3313 2675 10318 1492 9255 2588 1566
8811 3170 71 3313 2675 10318 2306 9255 2588 1566
8804 3121 55 3304 2633 10300 2260 9185 2531 1541
8804 3121 55 3304 2633 10300 2260 9185 2531 1769
8734 3052 0 3285 2613 10286 2163 9180 2508 1671
9412 3052 0 3285 2613 10286 2163 9180 2508 1671
9412 2991 0 3285 2549 10212 2144 9136 2417 1599
9412 2991 0 3628 2549 10212 2144 9136 2417 1599
9317 2977 0 3597 2488 10175 2115 9047 2365 1512
9317 2977 0 3597 2488 10175 2115 9288 2365 1512
9309 2923 0 3591 2445 10128 2018 9280 2298 1419
9309 2923 0 3591 2445 10128 2018 9280 3130 1419
9273 2910 0 3586 2436 10080 1945 9247 3061 1372
9273 2910 0 3586 2436 10080 1945 9247 3595 1372
9266 2876 0 3581 2357 10053 1849 9235 3514 1334
9266 2876 0 3581 2357 10828 1849 9235 3514 1334
9265 2866 0 3552 2264 10778 1805 9206 3504 1285
9265 2866 204 3552 2264 10778 1805 9206 3504 1285
9220 2803 116 3536 2246 10718 1714 9131 3438 1200
9357 2803 116 3536 2246 10718 1714 9131 3438 1200
9341 2747 79 3494 2237 10702 1661 9114 3363 1186
9341 2747 512 3494 2237 10702 1661 9114 3363 1186
9268 2681 479 3401 2137 10694 1660 9070 3324 1097
9268 2681 479 3548 2137 10694 1660 9070 3324 1097
9190 2624 384 3466 2074 10684 1568 9016 3234 1022
9190 2624 384 3466 2074 10684 2028 9016 3234 1022
9102 2606 316 3422 2012 10669 1984 8994 3218 1020
9102 2606 316 3582 2012 10669 1984 8994 3218 1020
9071 2567 307 3509 1948 10584 1886 8971 3178 1002
9384 2567 307 3509 1948 10584 1886 8971 3178 1002
9324 2493 235 3409 1848 10568 1881 8954 3141 921
9324 2493 235 3409 1848 10568 1881 8954 3141 1793
9301 2470 228 3363 1772 10482 1814 8867 3077 1759
9301 2579 228 3363 1772 10482 1814 8867 3077 1759
9283 2579 141 3289 1731 10429 1771 8773 3072 1676
9283 2579 141 3289 1731 11086 1771 8773 3072 1676
9198 2495 77 3279 1677 11009 1728 8740 3070 1608
9198 2495 77 3279 1677 11009 2069 8740 3070 1608
9122 2480 64 3216 1626 10967 1998 8686 2973 1521
9122 2480 64 3216 1626 10967 1998 8686 3024 1521
9107 2467 0 3133 1608 10964 1909 8620 3020 1455
9163 2467 0 3133 1608 10964 1909 8620 3020 1455
9085 2418 0 3111 1539 10933 1905 8614 2998 1370
9085 2418 809 3111 1539 10933 1905 8614 2998 1370
9035 2366 732 3046 1512 10889 1829 8612 2962 1333
9035 2366 732 3046 1762 10889 1829 8612 2962 1333
8938 2289 650 3026 1734 10811 1818 8545 2957 1322
9229 2289 650 3026 1734 10811 1818 8545 2957 1322
9175 2261 636 2981 1640 10715 1806 8463 2869 1227
9175 2261 636 2981 1640 10715 1806 8463 2869 2160
9162 2167 566 2933 1584 10682 1766 8370 2809 2122
9162 2167 566 2933 2448 10682 1766 8370 2809 2122
9080 2159 550 2902 2358 10612 1713 8305 2740 2056
9080 2159 550 2902 2358 10612 1713 8305 3569 2056
9050 2073 525 2834 2353 10550 1646 8282 3549 1964
9050 2073 525 2834 2353 10550 1778 8282 3549 1964
9010 2071 492 2762 2306 10518 1696 8246 3508 1946
9010 2071 492 2762 2306 10518 1696 8246 3508 2358
8947 1992 416 2707 2274 10456 1693 8211 3502 2287
9697 1992 416 2707 2274 10456 1693 8211 3502 2287
9631 1930 404 2672 2194 10433 1598 8133 3412 2215
9631 1930 404 2672 2535 10433 1598 8133 3412 2215
9556 1895 338 2654 2470 10377 1563 8046 3345 2199
9556 1895 338 2654 2470 10377 1563 8046 3530 2199
9517 1832 242 2625 2380 10321 1517 7963 3498 2165
9517 1960 242 2625 2380 10321 1517 7963 3498 2165
9486 1916 203 2610 2301 10260 1491 7921 3470 2125
9486 1916 203 2610 3099 10260 1491 7921 3470 2125
9398 1824 178 2516 3014 10203 1462 7881 3398 2121
9398 1909 178 2516 3014 10203 1462 7881 3398 2121
9366 1810 164 2515 2955 10163 1369 7878 3391 2042
9366 1810 164 2616 2955 10163 1369 7878 3391 2042
9308 1759 125 2594 2865 10154 1273 7801 3367 1970
9308 1759 125 2594 2865 10154 1273 7801 3456 1970
