1000 10
0 0 0 0 0 0 0 0 0 0
0 0 0 0 0 0 0 2 0 0
0 0 0 0 0 0 0 2 0 0
0 0 0 0 0 37 0 2 0 0
0 0 0 0 0 27 0 0 0 0
0 0 0 0 0 27 0 0 14 0
0 0 0 0 0 21 0 0 5 0
0 0 0 0 0 21 0 0 5 65
0 0 0 0 0 21 0 0 3 56
0 0 43 0 0 21 0 0 3 56
0 0 36 0 0 19 0 0 0 54
0 0 85 0 0 19 0 0 0 54
0 0 82 0 0 17 0 0 0 49
0 0 82 0 0 17 0 0 0 80
0 0 79 0 0 7 0 0 0 77
0 52 79 0 0 7 0 0 0 77
0 51 73 0 0 0 0 0 0 74
0 51 73 0 0 17 0 0 0 74
0 47 72 0 0 13 0 0 0 72
0 47 72 0 0 13 0 20 0 72
0 44 65 0 0 6 0 20 0 64
67 44 65 0 0 6 0 20 0 64
60 39 60 0 0 1 0 20 0 58
60 39 60 0 0 1 0 20 80 58
53 33 60 0 0 0 0 18 79 50
53 33 60 0 0 0 0 18 79 115
52 30 60 0 0 0 0 10 69 110
52 30 60 0 0 0 0 10 140 110
42 25 54 0 0 0 0 10 135 101
42 67 54 0 0 0 0 10 135 101
38 60 48 0 0 0 0 7 125 97
38 60 48 0 10 0 0 7 125 97
29 50 46 0 4 0 0 7 119 92
68 50 46 0 4 0 0 7 119 92
63 48 40 0 0 0 0 7 109 84
63 48 40 0 0 0 97 7 109 84
60 44 39 0 0 0 92 6 102 74
60 44 39 0 0 0 92 46 102 74
60 44 34 0 0 0 88 45 95 72
60 44 34 0 0 0 88 45 95 84
55 36 34 0 0 0 83 43 90 80
55 73 34 0 0 0 83 43 90 80
48 70 24 0 0 0 76 43 88 75
48 70 114 0 0 0 76 43 88 75
40 64 105 0 0 0 70 41 85 75
40 64 105 0 0 0 70 53 85 75
32 54 98 0 0 0 60 51 85 66
32 54 98 0 0 0 60 51 85 79
30 54 96 0 0 0 59 48 77 70
30 54 96 0 0 0 59 48 177 70
21 49 91 0 0 0 58 41 170 70
21 49 91 0 0 1 58 41 170 70
19 47 90 0 0 0 50 39 166 67
19 47 140 0 0 0 50 39 166 67
18 43 137 0 0 0 47 37 158 59
18 43 137 34 0 0 47 37 158 59
12 33 131 30 0 0 38 35 152 56
12 85 131 30 0 0 38 35 152 56
5 84 126 26 0 0 37 29 148 56
5 84 126 26 0 0 37 29 190 56
0 76 123 18 0 0 29 23 188 54
0 76 123 18 0 31 29 23 188 54
0 75 113 12 0 26 24 19 180 49
0 75 113 12 0 89 24 19 180 49
0 71 109 5 0 83 18 15 170 47
0 71 109 5 0 83 18 23 170 47
0 71 104 0 0 78 8 22 162 38
0 71 104 47 0 78 8 22 162 38
0 68 100 42 0 75 5 15 155 38
0 68 100 42 0 75 101 15 155 38
0 65 94 35 0 65 101 5 153 29
0 65 94 70 0 65 101 5 153 29
0 59 94 61 0 58 92 0 151 24
0 59 94 61 0 142 92 0 151 24
0 52 92 51 0 141 89 0 148 21
0 52 92 127 0 141 89 0 148 21
0 50 85 123 0 140 81 0 144 12
100 50 85 123 0 140 81 0 144 12
100 49 84 121 0 134 80 0 137 5
100 49 84 121 86 134 80 0 137 5
100 41 76 118 79 126 73 0 127 1
101 41 76 118 79 126 73 0 127 1
101 35 68 118 70 119 64 0 123 0
101 35 68 118 70 119 64 0 123 99
93 29 64 115 64 110 60 0 117 98
139 29 64 115 64 110 60 0 117 98
132 19 62 112 60 101 56 0 108 96
132 19 62 112 60 101 56 20 108 96
131 19 55 102 59 97 53 16 100 88
131 19 135 102 59 97 53 16 100 88
131 18 135 102 56 96 51 8 97 87
131 18 135 102 108 96 51 8 97 87
123 18 130 101 98 89 47 2 90 86
123 18 130 101 98 89 71 2 90 86
117 18 125 92 94 86 69 0 83 86
117 18 125 92 94 86 69 65 83 86
111 15 123 85 87 77 63 65 76 76
111 15 123 85 87 77 63 121 76 76
111 15 121 77 81 77 58 119 75 70
162 15 121 77 81 77 58 119 75 70
159 6 120 69 79 71 57 111 75 68
159 6 219 69 79 71 57 111 75 68
152 0 215 69 73 62 56 101 71 60
152 0 215 69 73 62 56 101 104 60
144 0 214 59 72 54 55 93 104 54
144 0 214 59 72 54 55 93 104 68
136 0 211 51 67 52 48 93 103 62
136 0 211 51 67 52 48 93 103 80
132 0 204 47 67 44 43 89 98 80
132 11 204 47 67 44 43 89 98 80
124 5 203 46 62 44 36 87 90 77
124 85 203 46 62 44 36 87 90 77
121 76 202 38 59 38 30 82 83 73
121 76 202 122 59 38 30 82 83 73
118 74 198 112 52 38 30 82 77 68
118 74 198 112 52 66 30 82 77 68
114 71 188 109 45 64 25 80 73 62
114 71 188 132 45 64 25 80 73 62
108 66 181 122 45 54 17 75 68 52
108 66 181 122 45 54 17 75 115 52
103 56 174 114 38 46 15 69 111 49
103 56 174 198 38 46 15 69 111 49
96 46 166 194 30 44 10 62 109 41
96 47 166 194 30 44 10 62 109 41
88 39 161 189 27 39 7 61 102 36
88 39 161 189 88 39 7 61 102 36
81 32 159 179 79 36 1 55 102 31
81 39 159 179 79 36 1 55 102 31
71 33 151 171 74 35 0 53 93 25
111 33 151 171 74 35 0 53 93 25
102 27 143 166 66 28 0 49 84 19
102 73 143 166 66 28 0 49 84 19
93 73 142 159 58 18 0 41 74 15
93 73 225 159 58 18 0 41 74 15
92 64 220 157 55 13 0 38 66 7
92 64 220 157 55 13 92 38 66 7
88 55 211 155 51 8 86 36 58 2
88 55 211 155 139 8 86 36 58 2
81 45 209 146 132 0 83 27 57 0
81 72 209 146 132 0 83 27 57 0
72 67 201 144 125 0 77 21 55 0
72 67 201 144 129 0 77 21 55 0
62 67 197 144 129 0 73 12 52 0
62 147 197 144 129 0 73 12 52 0
58 139 197 143 124 0 67 6 48 0
58 139 197 143 146 0 67 6 48 0
49 132 194 141 139 0 65 4 48 0
49 132 194 141 139 0 76 4 48 0
43 127 192 132 138 0 74 0 47 0
43 196 192 132 138 0 74 0 47 0
33 189 191 122 131 0 74 0 39 0
33 189 191 122 131 0 74 0 39 1
31 185 189 113 125 0 66 0 35 0
31 185 189 113 125 93 66 0 35 0
24 181 188 105 124 87 63 0 30 0
24 181 188 176 124 87 63 0 30 0
15 175 187 166 115 77 58 0 30 0
15 175 187 166 115 77 58 65 30 0
11 171 178 158 109 67 52 60 29 0
11 171 178 158 173 67 52 60 29 0
2 168 169 155 168 62 43 50 28 0
9 168 169 155 168 62 43 50 28 0
7 164 160 154 160 55 39 47 25 0
7 164 160 154 160 55 80 47 25 0
7 159 156 148 156 51 76 46 19 0
7 159 156 168 156 51 76 46 19 0
2 150 154 168 148 43 72 44 18 0
2 150 154 168 148 43 72 83 18 0
2 140 149 166 144 33 62 78 14 0
2 140 149 166 144 33 129 78 14 0
0 134 148 163 144 32 126 74 12 0
0 134 148 163 144 32 126 74 12 21
0 131 141 162 135 31 126 67 10 15
0 131 141 162 135 31 126 131 10 15
0 125 137 162 133 28 120 126 10 8
0 207 137 162 133 28 120 126 10 8
0 202 136 161 123 26 116 117 0 5
0 202 136 169 123 26 116 117 0 5
0 193 129 160 113 20 112 108 0 0
0 193 129 160 113 20 112 108 0 9
0 184 129 153 106 10 106 98 0 5
0 184 129 153 106 10 106 98 17 5
0 184 122 147 105 1 99 95 15 1
0 184 122 147 105 1 99 95 15 1
0 174 116 141 100 0 94 87 8 0
0 174 116 141 100 0 130 87 8 0
0 173 111 140 95 0 121 78 3 0
0 173 111 140 95 1 121 78 3 0
0 164 107 135 93 0 119 74 1 0
93 164 107 135 93 0 119 74 1 0
88 163 98 125 85 0 117 74 0 0
88 163 107 125 85 0 117 74 0 0
86 157 100 123 81 0 110 71 0 0
86 157 100 123 81 0 110 161 0 0
83 149 90 115 76 0 110 156 0 0
83 149 90 115 76 72 110 156 0 0
81 144 85 112 74 69 108 152 0 0
81 200 85 112 74 69 108 152 0 0
77 200 84 106 68 68 101 147 0 0
77 200 170 106 68 68 101 147 0 0
76 195 164 105 61 63 101 139 0 0
76 195 164 105 61 63 101 139 26 0
68 190 159 101 51 57 95 131 22 0
87 190 159 101 51 57 95 131 22 0
85 180 154 93 43 52 89 131 21 0
85 180 154 93 43 139 89 131 21 0
83 176 145 83 40 136 85 129 13 0
83 176 145 83 40 136 85 129 13 79
75 170 145 78 39 126 77 119 4 74
75 170 145 78 39 126 115 119 4 74
75 167 140 71 31 117 106 110 0 64
75 167 140 71 31 117 204 110 0 64
65 162 133 71 29 113 198 106 0 57
65 162 133 71 76 113 198 106 0 57
59 152 125 61 76 111 194 101 0 48
59 152 125 61 106 111 194 101 0 48
51 142 123 52 106 103 191 96 0 47
51 142 123 52 106 103 286 96 0 47
50 132 113 52 98 99 277 86 0 43
50 132 113 52 98 99 372 86 0 43
45 124 104 43 88 91 366 78 0 36
45 124 104 43 88 91 366 78 0 66
37 114 97 37 88 89 360 77 0 64
37 114 97 37 99 89 360 77 0 64
28 105 87 34 96 87 357 77 0 58
28 105 87 34 96 87 357 77 0 93
25 101 85 34 94 80 348 70 0 84
60 101 85 34 94 80 348 70 0 84
54 97 83 26 87 75 339 66 0 81
54 97 83 26 87 158 339 66 0 81
47 89 80 24 84 148 334 61 0 78
47 89 166 24 84 148 334 61 0 78
40 80 158 18 81 147 329 58 0 68
131 80 158 18 81 147 329 58 0 68
128 79 152 16 75 145 320 57 0 68
128 79 172 16 75 145 320 57 0 68
125 71 165 12 72 138 310 54 0 60
125 71 165 12 72 138 310 54 55 60
123 67 158 8 70 133 303 47 50 50
123 67 158 8 70 211 303 47 50 50
116 58 148 1 68 206 295 44 45 48
116 58 148 1 68 300 295 44 45 48
107 53 141 1 63 297 295 35 43 41
107 74 141 1 63 297 295 35 43 41
106 65 132 0 55 289 288 31 36 36
194 65 132 0 55 289 288 31 36 36
187 56 129 0 55 281 286 24 26 32
187 56 129 0 55 281 335 24 26 32
187 48 128 0 47 274 335 19 21 27
187 48 207 0 47 274 335 19 21 27
180 39 201 0 42 265 328 14 12 23
180 39 243 0 42 265 328 14 12 23
178 39 233 0 37 257 325 6 12 22
178 39 233 0 37 257 325 6 12 53
168 30 232 0 31 255 325 0 7 53
168 30 232 0 31 255 347 0 7 53
162 28 232 0 21 252 341 0 7 51
162 28 232 55 21 252 341 0 7 51
160 23 224 46 16 245 334 0 1 42
160 23 224 46 16 245 334 55 1 42
157 20 224 39 7 239 331 54 0 36
157 20 224 39 7 239 331 54 0 45
150 17 218 35 0 231 323 54 0 42
150 17 218 35 0 231 323 54 0 45
142 7 210 35 0 222 314 54 0 35
142 7 210 35 0 222 397 54 0 35
136 0 207 35 0 214 390 47 0 29
136 0 207 35 0 252 390 47 0 29
136 0 205 27 0 252 380 40 0 28
136 0 205 27 0 252 422 40 0 28
134 0 205 25 0 242 414 34 0 18
134 0 206 25 0 242 414 34 0 18
131 0 205 21 0 233 405 26 0 18
131 0 205 21 0 233 405 26 40 18
127 0 195 15 0 232 397 21 33 12
127 0 195 15 0 232 397 21 88 12
121 0 187 12 0 229 395 21 87 10
121 0 187 12 0 229 395 21 118 10
117 0 180 11 0 227 388 11 113 10
117 0 180 104 0 227 388 11 113 10
112 0 172 101 0 219 378 6 108 5
112 0 172 101 0 285 378 6 108 5
107 0 169 98 0 277 369 0 101 5
107 0 235 98 0 277 369 0 101 5
107 0 226 95 0 276 359 0 99 0
107 33 226 95 0 276 359 0 99 0
107 30 220 95 0 266 349 0 94 0
107 30 220 95 0 266 349 0 94 2
98 24 217 85 0 256 344 0 84 2
98 24 217 85 0 285 344 0 84 2
98 22 211 84 0 277 340 0 77 0
98 22 211 84 0 277 340 0 111 0
93 13 201 84 0 277 340 0 103 0
93 13 201 84 0 277 340 0 103 49
86 6 197 79 0 272 330 0 96 43
86 6 197 79 0 272 330 0 96 50
83 0 197 71 0 265 321 0 90 40
83 11 197 71 0 265 321 0 90 40
78 11 194 62 0 264 315 0 84 34
164 11 194 62 0 264 315 0 84 34
162 6 194 53 0 262 314 0 81 34
162 6 194 53 0 262 314 0 81 113
161 0 187 44 0 261 304 0 74 113
161 13 187 44 0 261 304 0 74 113
156 5 183 44 0 257 296 0 71 108
156 5 183 44 0 257 296 40 71 108
152 5 179 35 0 252 293 33 69 99
230 5 179 35 0 252 293 33 69 99
225 1 169 27 0 248 291 25 59 94
225 1 169 27 0 248 291 25 66 94
225 0 160 17 0 243 288 24 60 87
225 0 160 17 0 243 288 98 60 87
224 0 156 12 0 234 286 91 60 84
295 0 156 12 0 234 286 91 60 84
291 0 146 6 0 224 282 83 55 84
291 0 146 6 0 224 282 83 55 84
285 0 146 0 0 214 279 81 45 74
285 0 146 0 0 288 279 81 45 74
282 0 144 0 0 286 270 78 41 72
282 68 144 0 0 286 270 78 41 72
277 62 141 0 0 286 262 69 37 65
277 62 210 0 0 286 262 69 37 65
268 58 208 0 0 286 257 68 33 62
268 103 208 0 0 286 257 68 33 62
263 95 203 0 0 277 252 64 24 57
292 95 203 0 0 277 252 64 24 57
282 95 196 0 0 267 247 61 17 51
282 95 196 0 0 267 255 61 17 51
277 95 195 0 0 260 255 56 8 46
277 95 195 0 0 260 327 56 8 46
277 88 190 0 0 257 326 54 0 44
277 88 190 0 0 257 326 109 0 44
268 79 187 0 0 257 320 100 0 42
268 171 187 0 0 257 320 100 0 42
268 167 181 0 0 252 314 99 0 38
268 178 181 0 0 252 314 99 0 38
263 172 180 0 0 243 309 90 0 38
263 172 180 0 99 243 309 90 0 38
258 170 180 0 95 242 302 90 0 31
258 170 265 0 95 242 302 90 0 31
252 164 264 0 90 237 297 81 0 23
252 164 354 0 90 237 297 81 0 23
244 160 353 0 85 235 289 76 0 22
276 160 353 0 85 235 289 76 0 22
274 158 352 0 76 235 285 76 0 15
274 158 352 0 76 235 285 76 67 15
265 157 349 0 74 227 275 71 58 14
265 157 349 0 74 227 355 71 58 14
257 155 349 0 69 224 352 64 48 5
257 155 349 0 69 227 352 64 48 5
257 155 347 0 66 227 344 60 48 2
257 155 347 0 66 227 383 60 48 2
248 155 345 0 64 222 381 56 41 0
248 155 345 0 64 222 381 56 126 0
248 147 337 0 54 213 375 48 121 0
248 147 337 0 54 213 375 48 161 0
246 147 332 0 48 208 372 44 160 0
246 147 332 0 48 208 372 130 160 0
246 141 328 0 40 202 367 127 151 0
246 141 328 0 40 202 403 127 151 0
239 141 322 0 34 193 400 126 147 0
239 141 322 0 34 193 406 126 147 0
235 131 316 0 34 192 396 120 142 0
235 131 316 0 34 192 396 120 217 0
229 125 314 0 31 188 391 115 215 0
229 125 314 0 31 188 391 115 215 81
226 122 305 0 31 183 384 105 212 72
226 122 305 0 31 183 384 105 212 142
222 120 299 0 25 178 377 103 209 141
222 120 299 92 25 178 377 103 209 141
215 113 298 84 17 170 368 101 200 134
215 113 298 84 28 170 368 101 200 134
209 108 288 82 25 162 365 99 193 126
209 108 288 82 25 181 365 99 193 126
200 102 278 73 20 178 360 93 184 119
200 102 307 73 20 178 360 93 184 119
197 95 307 71 13 168 357 93 177 111
197 194 307 71 13 168 357 93 177 111
187 187 297 65 4 159 352 86 176 110
219 187 297 65 4 159 352 86 176 110
218 187 289 63 0 151 349 80 174 102
218 187 289 63 0 169 349 80 174 102
215 186 289 63 0 159 342 75 174 97
215 186 289 77 0 159 342 75 174 97
208 185 282 71 0 151 337 75 172 96
208 185 282 71 0 151 337 75 172 172
201 176 282 64 0 146 331 69 164 163
201 176 282 81 0 146 331 69 164 163
191 176 281 75 0 143 324 64 157 163
191 176 281 75 0 143 324 64 164 163
186 176 275 75 0 142 318 63 158 163
206 176 275 75 0 142 318 63 158 163
201 176 269 73 0 142 312 57 154 159
201 176 269 73 0 142 312 57 154 228
194 176 264 69 0 140 311 48 147 218
194 176 264 69 0 140 311 117 147 218
187 170 260 61 0 131 303 108 139 214
187 242 260 61 0 131 303 108 139 214
184 237 255 51 0 129 295 102 136 210
184 324 255 51 0 129 295 102 136 210
179 319 254 51 0 122 291 102 136 202
179 319 254 51 0 122 291 102 158 202
178 316 245 45 0 122 290 97 157 194
178 316 245 45 0 122 290 97 253 194
173 309 235 40 0 116 289 88 249 190
173 309 320 40 0 116 289 88 249 190
172 304 319 31 0 108 279 86 247 185
172 384 319 31 0 108 279 86 247 185
166 384 316 27 0 103 278 83 242 178
166 384 316 27 0 114 278 83 242 178
162 376 313 23 0 112 271 80 240 170
162 376 313 23 0 112 271 140 240 170
160 374 305 17 0 104 270 140 236 166
160 374 305 17 0 202 270 140 236 166
151 370 298 13 0 199 265 139 236 161
151 370 298 21 0 199 265 139 236 161
148 366 291 11 0 193 264 138 234 158
148 366 291 87 0 193 264 138 234 158
142 357 291 85 0 187 254 129 228 158
142 357 291 85 78 187 254 129 228 158
132 349 288 84 75 181 246 125 224 156
132 349 288 84 75 181 246 125 224 166
128 341 283 81 74 181 244 119 219 163
128 341 283 81 74 181 245 119 219 163
127 338 280 80 73 173 243 116 215 158
127 338 280 80 73 212 243 116 215 158
118 329 274 78 68 209 236 106 210 157
118 329 274 119 68 209 236 106 210 157
109 329 268 118 67 207 235 102 207 153
180 329 268 118 67 207 235 102 207 153
180 326 260 117 60 197 226 102 206 153
180 326 295 117 60 197 226 102 206 153
173 316 286 111 52 195 221 100 202 144
175 316 286 111 52 195 221 100 202 144
169 309 281 103 45 193 220 93 193 140
238 309 281 103 45 193 220 93 193 140
233 308 273 95 36 184 214 92 189 133
233 308 273 95 58 184 214 92 189 133
229 301 269 88 51 184 211 89 185 132
229 301 269 88 51 184 211 89 244 132
223 300 267 79 43 180 209 85 240 125
223 300 304 79 43 180 209 85 240 125
222 294 301 72 33 178 201 79 237 120
222 294 301 72 33 251 201 79 237 120
214 286 298 65 29 244 200 73 234 114
214 287 298 65 29 244 200 73 234 114
208 277 297 57 27 240 195 65 232 113
208 277 297 57 105 240 195 65 232 113
198 276 291 49 99 232 195 57 227 112
198 363 291 49 99 232 195 57 227 112
191 353 290 44 97 224 193 47 227 108
191 353 290 99 97 224 193 47 227 108
190 346 283 99 96 223 188 37 218 106
190 346 283 171 96 223 188 37 218 106
183 336 280 169 92 216 184 30 214 98
183 336 280 169 156 216 184 30 214 98
182 331 276 166 146 206 176 26 204 93
182 331 276 166 146 255 176 26 204 93
175 323 267 166 146 251 173 18 195 90
175 323 267 166 146 251 173 18 236 90
165 316 258 164 138 249 170 13 235 81
165 316 258 164 138 249 170 13 325 81
162 311 250 154 135 241 162 11 323 79
162 371 250 154 135 241 162 11 323 79
153 362 249 150 127 240 160 4 322 74
153 362 249 150 127 240 188 4 322 74
153 362 239 142 118 233 178 0 318 73
153 362 239 142 118 273 178 0 318 73
152 362 235 142 118 264 177 0 309 66
152 362 235 142 118 264 177 0 309 95
152 355 227 132 109 255 169 0 306 91
152 355 227 132 109 255 254 0 306 91
147 352 222 124 105 254 253 0 303 91
147 352 222 124 202 254 253 0 303 91
138 343 217 119 201 252 249 0 303 91
138 343 217 119 201 252 249 0 316 91
130 336 214 114 195 245 241 0 308 84
130 336 214 158 195 245 241 0 308 84
120 330 213 149 185 244 238 0 307 75
120 330 213 149 185 244 238 38 307 75
118 324 211 147 182 239 236 34 299 65
118 324 277 147 182 239 236 34 299 65
113 324 276 142 173 238 236 29 297 59
113 324 276 142 173 238 311 29 297 59
111 320 270 132 164 231 301 20 290 50
111 320 270 132 164 231 301 83 290 50
106 314 264 129 155 221 294 74 282 43
106 314 350 129 155 221 294 74 282 43
98 307 341 125 148 219 287 68 278 33
98 307 341 125 148 219 365 68 278 33
91 306 339 122 145 212 355 68 269 26
91 306 339 122 145 212 440 68 269 26
84 305 332 114 135 211 440 61 263 17
84 305 332 114 170 211 440 61 263 17
79 302 325 113 170 210 433 55 263 7
79 302 325 113 204 210 433 55 263 7
74 302 316 104 201 200 428 51 261 6
74 302 316 104 208 200 428 51 261 6
74 295 308 103 206 192 418 44 256 0
74 295 308 103 206 192 418 110 256 0
72 285 306 98 203 192 413 110 251 0
72 285 306 147 203 192 413 110 251 0
71 276 303 147 194 188 410 102 250 0
71 276 303 147 194 188 410 192 250 0
65 273 301 139 194 184 406 185 241 0
65 273 301 139 214 184 406 185 241 0
63 267 293 135 211 177 399 181 235 0
63 267 293 135 211 177 399 181 334 0
54 261 291 131 205 168 390 174 332 0
54 261 291 131 205 168 407 174 332 0
51 251 291 128 200 158 407 170 330 0
51 251 291 128 200 158 407 170 402 0
45 243 285 127 190 155 404 160 396 0
89 243 285 127 190 155 404 160 396 0
86 234 283 119 186 154 402 155 394 0
112 234 283 119 186 154 402 155 394 0
111 233 280 117 185 147 401 150 393 0
111 233 294 117 185 147 401 150 393 0
105 225 285 117 180 140 401 145 391 0
105 225 285 117 180 140 401 216 391 0
101 222 285 110 178 135 396 213 381 0
101 222 285 110 178 135 396 213 381 1
96 217 278 107 177 126 388 212 381 0
96 217 278 107 238 126 388 212 381 0
89 208 268 102 236 124 384 210 377 0
89 208 268 102 236 124 384 243 377 0
81 207 264 99 232 118 380 239 371 0
81 207 264 99 232 118 448 239 371 0
71 201 260 91 222 112 448 229 365 0
71 201 260 154 222 112 448 229 365 0
62 200 251 148 213 102 439 222 358 0
62 200 251 148 213 102 439 222 358 11
58 192 248 142 207 98 438 219 350 6
58 244 248 142 207 98 438 219 350 6
56 243 238 140 198 94 430 216 350 6
56 243 238 157 198 94 430 216 350 6
55 242 238 147 192 93 425 209 349 0
55 242 238 147 192 93 452 209 349 0
52 239 236 140 192 89 449 204 345 0
52 304 236 140 192 89 449 204 345 0
46 295 232 135 183 83 441 194 338 0
46 295 269 135 183 83 441 194 338 0
39 287 263 128 175 82 436 187 335 0
44 287 263 128 175 82 436 187 335 0
40 280 263 121 175 81 427 186 331 0
40 280 263 121 175 123 427 186 331 0
30 279 255 121 173 121 421 184 329 0
120 279 255 121 173 121 421 184 329 0
111 276 252 112 172 113 411 182 327 0
111 276 252 112 172 113 411 182 327 0
101 271 242 105 170 112 407 174 322 0
101 271 242 105 243 112 407 174 322 0
97 266 239 105 243 107 401 174 322 0
97 266 239 105 243 107 497 174 322 0
90 261 233 100 237 107 495 171 312 0
90 261 233 100 237 107 495 171 312 38
85 258 229 95 228 101 493 164 306 30
85 258 264 95 228 101 493 164 306 30
83 256 257 94 225 93 487 160 301 25
83 256 257 94 225 93 487 160 311 25
81 253 253 90 221 85 480 151 303 19
81 253 253 110 221 85 480 151 303 19
71 250 245 102 216 77 470 148 294 12
71 250 245 102 269 77 470 148 294 12
66 244 239 95 259 74 460 142 293 11
66 244 239 95 259 74 548 142 293 11
57 243 234 92 252 68 546 140 293 6
57 243 234 92 281 68 546 140 293 6
53 241 228 89 278 68 543 130 290 0
53 241 228 89 278 68 543 204 290 0
45 238 219 86 278 65 535 202 280 0
45 238 219 177 278 65 535 202 280 0
41 229 209 175 273 62 532 200 274 0
41 229 209 175 273 62 532 200 274 65
34 219 205 170 271 55 528 196 274 60
34 219 205 170 271 55 584 196 274 60
28 218 201 170 262 48 575 190 271 52
28 218 201 170 262 48 575 190 271 97
28 209 199 170 252 44 570 187 266 93
108 209 199 170 252 44 570 187 266 93
107 208 197 166 251 35 566 182 266 84
107 208 197 166 251 35 566 182 280 84
101 208 195 160 251 33 566 173 279 76
101 208 202 160 251 33 566 173 279 76
91 207 197 153 244 24 562 173 275 75
91 207 197 153 244 24 562 191 275 75
82 202 187 152 235 19 554 181 270 72
82 202 187 152 235 19 554 181 293 72
73 194 186 145 235 18 545 180 286 69
139 194 186 145 235 18 545 180 286 69
134 192 176 135 229 10 541 175 277 67
134 259 176 135 229 10 541 175 277 67
130 251 166 129 222 10 541 174 275 64
130 251 166 129 222 10 541 174 275 139
127 243 165 125 215 1 541 171 265 139
127 272 165 125 215 1 541 171 265 139
127 271 158 124 206 0 539 163 256 130
127 271 233 124 206 0 539 163 256 130
120 262 223 124 201 0 539 158 247 126
120 262 223 124 201 0 539 158 247 193
118 256 213 123 194 0 531 149 240 191
118 256 230 123 194 0 531 149 240 191
114 248 225 122 189 0 529 149 237 185
114 248 225 122 196 0 529 149 237 185
104 243 220 119 186 0 525 140 233 181
104 243 220 119 186 0 525 140 263 181
94 233 219 118 185 0 525 139 254 179
94 233 219 181 185 0 525 139 254 179
86 229 218 172 179 0 515 131 254 178
86 229 312 172 179 0 515 131 254 178
85 223 311 169 169 0 512 125 251 172
85 223 311 192 169 0 512 125 251 172
80 214 308 185 163 0 503 124 249 162
80 214 308 185 163 11 503 124 249 162
75 204 301 179 163 10 503 114 246 153
75 204 301 179 163 10 503 148 246 153
69 196 300 170 154 3 497 147 243 148
69 291 300 170 154 3 497 147 243 148
69 282 298 168 150 0 493 141 243 141
69 282 298 168 150 0 493 141 280 141
65 277 296 159 149 0 487 139 277 136
65 277 296 159 149 0 487 139 367 136
65 272 294 158 143 0 477 129 359 132
65 272 294 158 143 0 477 129 359 229
56 270 291 151 138 0 467 122 353 221
56 270 316 151 138 0 467 122 353 221
47 270 312 147 135 0 460 112 349 212
142 270 312 147 135 0 460 112 349 212
133 266 304 137 133 0 460 110 347 202
133 266 304 137 133 0 460 110 403 202
127 260 295 134 125 0 459 110 400 194
159 260 295 134 125 0 459 110 400 194
152 256 292 124 116 0 457 108 394 190
152 256 292 124 116 0 457 108 394 280
148 252 289 118 115 0 453 104 385 277
148 252 289 118 115 0 549 104 385 277
142 252 280 111 115 0 546 100 380 271
142 252 280 111 115 0 546 100 380 361
135 246 276 103 113 0 544 97 374 357
135 246 276 103 113 0 544 110 374 357
125 241 270 103 103 0 541 110 373 350
125 241 270 155 103 0 541 110 373 350
122 240 263 148 93 0 535 106 367 345
122 240 263 148 118 0 535 106 367 345
114 238 262 144 111 0 527 103 361 341
114 238 262 144 201 0 527 103 361 341
108 228 254 139 192 0 527 96 357 340
108 228 254 223 192 0 527 96 357 340
105 226 245 223 189 0 524 94 347 339
105 226 245 245 189 0 524 94 347 339
103 225 236 238 186 0 517 89 342 333
103 225 236 238 186 0 598 89 342 333
94 220 231 233 176 0 593 86 340 333
94 220 231 233 176 0 593 127 340 333
87 212 221 227 175 0 585 126 330 325
141 212 221 227 175 0 585 126 330 325
135 203 219 218 171 0 582 125 321 321
227 203 219 218 171 0 582 125 321 321
218 201 215 210 167 0 575 123 316 318
218 201 215 210 167 0 575 138 316 318
209 191 207 209 160 0 565 134 308 317
209 191 207 209 160 0 648 134 308 317
204 181 197 202 157 0 648 134 301 314
204 181 197 202 157 0 648 134 301 360
203 177 187 199 155 0 638 128 300 351
203 177 187 199 155 0 638 128 300 351
201 167 177 192 149 0 634 121 291 347
201 167 177 192 163 0 634 121 291 347
201 160 168 190 159 0 633 113 290 342
201 160 168 252 159 0 633 113 290 342
194 160 159 242 159 0 623 103 280 334
194 160 159 242 159 68 623 103 280 334
187 153 159 240 152 64 619 100 278 329
187 191 159 240 152 64 619 100 278 329
183 188 154 237 151 63 618 93 271 323
183 188 154 237 151 63 618 93 370 323
179 181 154 235 148 58 615 91 360 321
179 181 154 235 148 58 646 91 360 321
171 178 151 231 140 57 646 84 356 315
171 178 151 231 140 57 646 84 365 315
171 172 146 221 135 50 642 82 362 305
171 172 166 221 135 50 642 82 362 305
166 172 163 221 125 43 639 77 358 298
166 172 163 221 160 43 639 77 358 298
162 171 163 219 152 43 630 77 358 288
162 171 163 219 152 43 630 77 358 327
162 169 153 215 151 40 621 77 350 327
162 169 153 215 151 40 655 77 350 327
162 163 147 213 147 38 651 67 349 323
162 163 147 213 184 38 651 67 349 323
154 162 146 208 180 38 648 57 339 323
154 162 146 208 180 38 648 57 403 323
146 160 144 207 174 37 638 57 400 315
146 160 144 207 174 37 638 57 400 386
139 158 144 207 172 34 632 57 394 386
139 158 244 207 172 34 632 57 394 386
137 154 239 202 166 30 631 57 385 377
137 154 239 202 166 30 657 57 385 377
131 146 229 196 160 28 655 51 383 367
131 190 229 196 160 28 655 51 383 367
131 189 223 195 158 26 649 46 378 364
131 199 223 195 158 26 649 46 378 364
125 189 216 191 153 25 649 42 372 361
125 189 216 191 153 25 649 129 372 361
122 181 215 190 146 22 649 129 363 360
122 181 215 190 146 22 649 129 409 360
118 180 205 187 145 20 639 120 405 353
118 180 205 187 147 20 639 120 405 353
110 172 198 180 146 18 632 117 403 347
110 172 198 180 146 18 632 163 403 347
104 167 198 179 142 15 632 158 403 344
104 167 198 179 142 15 640 158 403 344
104 159 191 177 140 9 632 149 397 336
104 159 191 177 140 9 632 149 497 336
100 157 181 170 137 5 628 147 488 327
100 157 181 170 137 5 628 147 488 383
92 153 172 170 137 5 618 140 482 379
92 153 172 170 137 5 618 140 482 420
88 153 171 162 129 1 611 131 474 420
88 153 171 162 129 1 611 131 555 420
83 153 164 162 128 1 605 121 551 416
104 153 164 162 128 1 605 121 551 416
104 145 163 160 127 0 604 116 549 411
104 145 163 160 170 0 604 116 549 411
100 139 156 152 166 0 602 109 539 411
100 139 156 152 166 70 602 109 539 411
92 134 152 148 157 70 592 106 535 408
92 134 152 148 157 70 592 200 535 408
85 133 142 140 149 65 590 199 526 408
85 133 142 140 149 65 590 199 532 408
85 127 142 134 143 62 585 190 532 402
85 127 142 134 190 62 585 190 532 402
78 125 141 132 189 57 575 189 527 402
78 125 141 146 189 57 575 189 527 402
70 119 140 143 180 47 575 185 518 395
70 119 140 143 180 47 575 185 518 480
67 114 130 142 174 41 565 178 517 479
67 114 130 142 174 41 565 178 615 479
57 114 130 137 167 36 558 177 609 474
57 114 130 218 167 36 558 177 609 474
53 104 126 213 159 26 549 171 605 472
53 104 126 237 159 26 549 171 605 472
51 97 121 236 153 25 549 161 602 472
51 107 121 236 153 25 549 161 602 472
41 106 112 236 151 18 541 151 597 463
55 106 112 236 151 18 541 151 597 463
51 103 102 234 143 17 540 141 596 461
51 103 102 234 235 17 540 141 596 461
47 100 95 225 230 14 537 137 590 452
47 100 95 254 230 14 537 137 590 452
37 97 89 250 226 13 529 127 588 447
37 97 89 250 226 13 529 157 588 447
28 93 86 241 217 5 529 149 582 446
28 93 86 241 217 64 529 149 582 446
21 91 81 231 208 63 524 142 580 442
21 149 81 231 208 63 524 142 580 442
11 144 75 225 200 61 515 139 572 442
11 144 75 225 241 61 515 139 572 442
8 135 71 222 235 53 513 137 565 432
8 135 71 222 235 53 513 207 565 432
1 134 67 218 228 43 503 197 564 426
1 134 67 218 228 43 503 197 564 426
0 128 67 212 219 43 502 189 561 423
0 128 67 212 219 43 502 189 561 442
0 123 67 205 213 41 495 184 554 434
0 123 67 205 213 66 495 184 554 434
0 120 65 203 204 63 489 178 544 429
0 120 65 203 204 157 489 178 544 429
0 110 55 194 198 151 489 171 538 419
0 110 55 198 198 151 489 171 538 419
0 102 46 193 198 147 481 170 538 413
29 102 46 193 198 147 481 170 538 413
19 100 43 189 191 138 472 167 528 410
19 100 43 189 191 138 536 167 528 410
10 96 38 188 181 130 526 163 521 405
10 96 38 188 181 130 526 163 521 505
10 87 31 184 174 130 523 161 521 495
10 87 31 184 174 130 523 161 543 495
9 86 29 181 173 124 514 161 535 491
9 86 86 181 173 124 514 161 535 491
7 86 77 180 166 122 504 152 529 490
7 86 77 180 166 195 504 152 529 490
6 78 67 176 158 190 504 142 529 487
6 160 67 176 158 190 504 142 529 487
6 154 65 176 158 187 502 138 527 486
6 154 65 176 159 187 502 138 527 486
1 148 64 168 154 186 492 135 521 476
1 148 64 168 154 236 492 135 521 476
0 141 63 164 151 231 492 134 520 476
0 141 63 164 151 231 492 164 520 476
0 140 55 161 146 226 489 159 514 467
0 166 55 161 146 226 489 159 514 467
0 157 45 157 141 217 488 155 504 457
0 157 45 208 141 217 488 155 504 457
0 155 45 204 133 214 483 147 498 448
0 160 45 204 133 214 483 147 498 448
0 154 44 204 132 214 479 142 496 447
0 154 44 204 132 214 479 142 496 521
0 154 38 202 132 208 477 140 493 521
0 154 38 202 132 208 477 140 493 537
0 145 31 193 125 208 468 132 492 527
0 145 31 193 223 208 468 132 492 527
0 143 21 183 222 204 463 132 483 527
0 143 21 264 222 204 463 132 483 527
0 139 12 259 212 199 460 131 477 523
0 139 12 259 212 199 460 131 545 523
0 136 2 258 211 191 454 125 544 513
0 136 2 258 211 191 454 220 544 513
0 127 0 254 208 186 448 211 536 512
0 127 37 254 208 186 448 211 536 512
0 118 35 246 208 179 447 202 529 507
7 118 35 246 208 179 447 202 529 507
0 118 27 239 204 176 446 195 520 502
0 118 110 239 204 176 446 195 520 502
0 111 106 229 194 170 443 190 520 500
0 111 106 229 194 170 443 190 530 500
0 110 100 221 185 160 442 190 524 491
0 199 100 221 185 160 442 190 524 491
0 196 99 214 179 153 432 182 515 481
0 196 99 214 179 153 432 182 515 545
0 195 92 214 173 148 424 177 505 544
0 195 92 214 173 148 424 231 505 544
0 192 92 206 168 146 421 229 503 538
0 192 92 224 168 146 421 229 503 538
0 190 85 219 160 143 420 224 502 538
0 190 85 219 160 143 420 312 502 538
0 182 77 217 154 136 417 306 492 536
0 182 77 217 154 136 483 306 492 536
0 173 70 215 144 130 476 301 490 534
0 173 70 215 144 130 476 360 490 534
0 172 61 209 139 130 472 351 484 525
0 172 61 209 139 130 472 392 484 525
0 163 56 202 134 124 463 392 483 522
0 163 56 202 134 124 463 441 483 522
0 161 46 201 129 122 463 431 477 514
0 161 94 201 129 122 463 431 477 514
0 152 88 199 126 121 457 427 475 514
0 152 88 199 126 121 457 427 475 579
0 143 87 195 118 111 457 427 474 570
0 224 87 195 118 111 457 427 474 570
0 219 87 191 110 108 452 418 470 570
0 219 127 191 110 108 452 418 470 570
0 215 123 191 100 98 445 415 465 565
0 215 123 191 100 98 445 415 544 565
0 208 118 185 93 98 438 408 537 555
0 224 118 185 93 98 438 408 537 555
0 218 115 180 86 96 432 405 535 549
0 218 115 180 136 96 432 405 535 549
0 212 109 175 131 90 431 400 529 549
0 212 121 175 131 90 431 400 529 549
0 203 113 171 122 82 426 400 526 542
0 203 113 171 122 82 426 400 526 641
0 203 106 166 119 74 425 394 522 631
0 203 106 166 119 74 514 394 522 631
0 201 101 156 114 68 513 385 522 623
0 201 101 156 114 156 513 385 522 623
0 199 92 155 104 153 511 377 515 617
0 199 92 155 104 153 511 377 603 617
0 189 88 147 103 150 509 373 595 607
0 189 88 160 103 150 509 373 595 607
0 188 87 154 99 145 502 368 592 600
0 188 87 154 99 149 502 368 592 600
0 180 78 151 95 140 501 362 582 593
0 254 78 151 95 140 501 362 582 593
0 248 75 147 87 136 492 361 578 592
0 248 75 201 87 136 492 361 578 592
0 243 66 197 84 135 488 352 572 589
0 243 66 197 174 135 488 352 572 589
0 234 59 190 167 127 479 351 563 583
82 234 59 190 167 127 479 351 563 583
82 228 51 188 160 127 473 348 563 582
82 228 51 188 160 127 473 348 655 582
82 224 45 178 151 124 470 340 648 573
82 224 45 178 151 124 470 340 648 609
78 224 44 178 145 117 465 335 646 606
78 224 44 178 223 117 465 335 646 606
72 221 35 171 218 107 461 331 644 599
72 221 35 171 241 107 461 331 644 599
66 221 30 165 233 104 458 325 642 590
66 221 30 165 233 104 458 342 642 590
58 215 29 165 227 100 452 342 637 580
98 215 29 165 227 100 452 342 637 580
97 211 23 157 217 100 443 341 633 570
97 211 23 157 217 100 443 373 633 570
97 207 23 153 212 96 435 365 625 562
97 207 23 153 212 96 435 365 625 562
96 199 15 149 212 92 427 356 622 560
96 199 15 149 212 92 427 367 622 560
89 193 11 143 207 91 424 362 617 550
89 193 11 143 207 91 424 402 617 550
82 187 4 142 200 82 422 396 610 543
82 187 4 200 200 82 422 396 610 543
81 187 0 190 196 73 418 391 608 541
81 187 61 190 196 73 418 391 608 541
76 184 60 189 192 71 412 390 605 537
76 184 60 189 192 71 412 439 605 537
76 184 50 180 184 61 406 439 602 533
76 184 50 180 184 61 477 439 602 533
68 179 45 171 182 51 467 432 601 524
68 179 45 269 182 51 467 432 601 524
60 170 39 262 181 51 463 429 594 517
60 170 39 262 244 51 463 429 594 517
50 167 37 262 242 45 460 426 588 507
50 167 37 298 242 45 460 426 588 507
42 166 35 293 238 38 452 416 585 501
42 166 35 293 238 38 452 416 585 501
42 163 32 285 234 35 442 410 577 491
42 163 32 285 234 35 442 410 577 535
41 156 26 283 227 29 432 400 567 533
41 156 26 283 227 29 432 483 567 533
33 154 17 273 225 26 427 479 563 528
33 154 17 273 225 30 427 479 563 528
27 144 12 263 220 22 422 470 554 521
27 144 12 263 220 22 422 470 596 521
21 134 9 259 217 13 421 467 591 518
21 134 9 259 217 13 497 467 591 518
14 124 0 250 212 4 489 462 588 517
14 124 0 250 265 4 489 462 588 517
12 118 0 248 263 1 481 462 582 515
12 118 0 268 263 1 481 462 582 515
10 109 0 258 260 0 479 456 578 514
10 109 0 258 260 0 479 456 633 514
7 102 0 249 257 0 477 456 628 505
7 102 0 249 257 0 477 519 628 505
0 96 0 248 250 0 468 513 618 504
0 96 0 248 250 0 468 597 618 504
0 93 0 239 250 0 459 588 614 502
0 93 0 239 250 0 506 588 614 502
0 86 0 238 242 0 503 578 613 501
0 86 0 238 242 0 563 578 613 501
0 77 0 232 242 0 562 571 605 497
0 77 0 232 294 0 562 571 605 497
0 73 0 226 286 0 553 564 595 490
0 73 0 226 286 0 553 564 663 490
0 70 0 225 283 0 545 559 655 481
2 70 0 225 283 0 545 559 655 481
0 61 0 225 277 0 535 556 651 480
0 71 0 225 277 0 535 556 651 480
0 69 0 220 277 0 530 547 644 476
90 69 0 220 277 0 530 547 644 476
86 67 0 210 267 0 528 545 642 474
86 67 0 210 267 0 528 545 736 474
82 63 0 208 262 0 528 539 727 471
82 126 0 208 262 0 528 539 727 471
75 124 0 202 256 0 526 537 726 469
75 124 0 202 256 0 577 537 726 469
66 119 0 200 254 0 575 531 717 469
66 119 0 200 254 0 575 540 717 469
57 113 0 196 250 0 565 538 713 462
57 113 27 196 250 0 565 538 713 462
53 103 19 188 242 0 564 533 708 462
53 103 19 188 242 0 564 533 750 462
51 95 14 184 233 0 562 523 748 460
51 172 14 184 233 0 562 523 748 460
42 169 6 177 230 0 553 519 745 456
42 169 6 177 230 58 553 519 745 456
32 161 0 175 228 53 543 509 740 449
32 161 0 175 228 53 543 558 740 449
27 158 0 169 223 49 543 558 737 445
27 158 65 169 223 49 543 558 737 445
27 152 59 168 214 41 535 557 735 445
27 152 59 259 214 41 535 557 735 445
27 147 59 250 205 31 525 554 734 442
27 147 59 250 205 31 525 554 734 494
17 147 51 245 204 21 516 552 730 489
17 147 51 245 214 21 516 552 730 489
12 144 51 239 207 11 508 545 721 482
12 144 51 239 302 11 508 545 721 482
11 136 49 235 292 9 504 535 717 472
11 136 49 235 292 9 517 535 717 472
5 130 44 225 286 7 507 530 709 472
5 130 44 225 286 94 507 530 709 472
0 123 43 216 282 86 500 522 703 465
33 123 43 216 282 86 500 522 703 465
27 120 38 210 278 78 495 518 693 458
27 120 38 210 278 78 495 518 778 458
24 112 37 202 273 73 493 514 778 453
24 112 37 202 273 73 493 514 778 464
17 105 35 192 267 69 487 507 776 462
17 105 35 192 338 69 487 507 776 462
17 97 33 186 329 63 480 507 768 457
17 97 33 186 329 63 480 507 768 513
15 97 28 176 326 56 479 497 767 510
15 97 28 176 418 56 479 497 767 510
12 90 24 174 409 55 469 494 764 501
12 134 24 174 409 55 469 494 764 501
3 125 18 166 399 46 465 492 757 501
3 125 18 166 438 46 465 492 757 501
0 116 14 166 430 37 464 483 751 494
0 116 14 166 430 37 508 483 751 494
0 110 12 164 421 36 500 483 746 490
0 110 12 164 509 36 500 483 746 490
0 109 7 157 505 34 492 479 741 485
0 109 7 209 505 34 492 479 741 485
0 104 7 200 496 30 492 479 738 478
0 104 7 200 496 30 492 479 797 478
0 95 5 197 486 28 488 477 787 472
0 95 5 197 486 28 488 477 787 569
0 91 4 188 477 25 483 470 785 566
0 91 4 188 477 25 500 470 785 566
0 86 0 180 475 16 498 463 785 558
0 86 35 180 475 16 498 463 785 558
0 82 33 170 466 9 488 459 779 553
0 113 33 170 466 9 488 459 779 553
0 110 29 170 460 8 484 455 772 544
0 110 29 170 460 8 484 455 829 544
0 108 25 170 450 3 474 452 825 536
0 147 25 170 450 3 474 452 825 536
0 139 16 160 445 0 467 442 817 536
0 188 16 160 445 0 467 442 817 536
0 181 8 155 437 0 467 438 817 530
0 181 8 155 437 0 467 438 817 559
0 171 8 152 428 0 466 432 816 550
0 171 66 152 428 0 466 432 816 550
0 161 64 151 422 0 462 427 811 544
75 161 64 151 422 0 462 427 811 544
69 154 58 141 413 0 462 427 804 538
69 154 58 141 413 0 462 427 835 538
69 152 50 131 407 0 456 418 829 528
69 152 50 131 437 0 456 418 829 528
60 145 45 122 434 0 450 415 829 526
60 183 45 122 434 0 450 415 829 526
58 182 44 119 424 0 444 409 820 516
110 182 44 119 424 0 444 409 820 516
110 178 40 112 414 0 444 400 819 510
110 178 40 147 414 0 444 400 819 510
107 168 37 140 414 0 442 390 812 501
107 168 37 140 414 35 442 390 812 501
104 164 31 140 407 29 441 387 805 501
104 164 31 140 407 57 441 387 805 501
96 160 27 138 404 52 438 383 797 500
96 160 27 138 437 52 438 383 797 500
89 151 17 135 430 48 437 375 788 494
89 244 17 135 430 48 437 375 788 494
86 236 11 133 428 45 430 365 783 490
102 236 11 133 428 45 430 365 783 490
95 230 5 127 422 42 429 363 783 483
95 230 5 127 493 42 429 363 783 483
86 222 0 123 489 42 429 362 779 480
86 222 0 123 489 42 429 362 870 480
81 213 0 121 485 33 424 356 868 477
81 213 0 121 485 33 424 363 868 477
79 211 0 117 483 30 420 363 858 469
79 211 0 117 483 65 420 363 858 469
71 210 0 111 477 61 420 360 853 469
150 210 0 111 477 61 420 360 853 469
148 210 0 105 468 54 413 351 852 465
148 210 0 164 468 54 413 351 852 465
147 201 0 163 466 52 409 344 849 455
147 216 0 163 466 52 409 344 849 455
137 208 0 162 456 43 401 335 845 453
137 208 0 162 480 43 401 335 845 453
136 200 0 161 478 38 391 332 841 448
136 200 0 161 478 38 391 332 869 448
133 200 0 158 469 28 382 322 867 438
133 212 0 158 469 28 382 322 867 438
128 206 0 149 459 24 373 313 859 429
128 266 0 149 459 24 373 313 859 429
123 259 0 146 451 20 368 312 851 424
195 259 0 146 451 20 368 312 851 424
192 255 0 141 447 16 368 311 847 424
192 255 0 141 447 16 368 311 847 430
186 245 0 132 445 7 367 306 837 427
186 245 0 132 513 7 367 306 837 427
180 241 0 132 511 5 362 299 834 425
180 241 0 132 511 5 362 299 903 425
170 234 0 131 509 1 355 296 900 422
170 234 0 131 599 1 355 296 900 422
164 231 0 121 590 0 349 287 891 422
164 279 0 121 590 0 349 287 891 422
155 271 0 120 584 0 339 280 884 422
155 271 0 120 584 0 339 376 884 422
150 271 0 115 582 0 338 374 876 413
227 271 0 115 582 0 338 374 876 413
219 268 0 115 574 0 330 367 876 411
219 329 0 115 574 0 330 367 876 411
209 327 0 115 572 0 325 359 874 402
209 399 0 115 572 0 325 359 874 402
200 398 0 105 568 0 320 351 869 395
210 398 0 105 568 0 320 351 869 395
200 392 0 100 565 0 315 348 864 395
200 392 0 100 565 0 315 348 912 395
194 386 0 90 558 0 308 338 902 392
194 386 0 90 558 46 308 338 902 392
188 377 0 89 549 46 299 328 897 384
188 377 0 89 549 46 299 377 897 384
181 372 0 84 539 44 290 377 891 380
181 372 0 106 539 44 290 377 891 380
174 365 0 101 536 42 287 377 888 374
174 365 0 101 536 42 287 377 888 393
167 357 0 99 531 37 285 370 879 383
167 406 0 99 531 37 285 370 879 383
160 403 0 95 531 28 281 368 879 382
160 403 0 95 531 28 281 405 879 382
154 396 0 94 527 20 281 402 876 373
154 396 0 94 527 64 281 402 876 373
146 396 0 87 518 55 276 401 866 367
146 396 0 87 518 55 276 401 866 404
136 386 0 79 510 47 273 395 858 396
136 386 0 79 584 47 273 395 858 396
130 383 0 78 578 37 267 394 849 387
130 383 80 78 578 37 267 394 849 387
122 379 78 78 571 37 264 386 846 380
122 379 78 78 571 86 264 386 846 380
121 379 68 75 569 83 263 386 843 376
121 389 68 75 569 83 263 386 843 376
120 387 68 72 562 82 258 382 834 368
120 387 68 72 562 82 258 382 834 411
117 387 62 66 560 75 257 380 831 408
117 442 62 66 560 75 257 380 831 408
115 437 61 56 558 66 256 376 825 404
115 437 61 56 558 66 343 376 825 404
106 430 60 48 551 63 333 370 820 401
106 430 96 48 551 63 333 370 820 401
97 420 90 47 548 58 324 369 819 398
97 420 90 60 548 58 324 369 819 398
89 418 87 58 539 49 324 365 813 397
89 502 87 58 539 49 324 365 813 397
86 493 86 52 532 41 322 359 805 394
107 493 86 52 532 41 322 359 805 394
97 484 80 44 527 39 318 353 796 389
97 484 80 44 527 39 318 353 835 389
87 484 74 37 522 38 313 345 825 383
87 484 74 69 522 38 313 345 825 383
77 480 65 67 517 28 311 340 825 381
77 480 65 67 517 78 311 340 825 381
76 479 58 57 516 73 305 337 821 377
76 479 58 57 516 73 305 337 821 377
66 474 55 57 509 69 305 334 818 376
66 474 55 57 509 164 305 334 818 376
66 473 52 56 502 160 304 324 818 372
66 473 52 56 586 160 304 324 818 372
58 470 47 54 580 152 294 324 818 365
154 470 47 54 580 152 294 324 818 365
151 462 38 47 578 151 285 324 818 356
151 462 38 55 578 151 285 324 818 356
143 454 29 46 570 141 283 314 808 353
221 454 29 46 570 141 283 314 808 353
212 445 27 44 562 135 276 305 798 345
212 445 27 44 562 135 305 305 798 345
211 439 18 40 562 127 296 298 798 335
211 439 18 40 562 127 296 298 798 371
208 438 10 34 560 121 290 288 797 362
208 448 10 34 560 121 290 288 797 362
199 441 3 25 559 114 288 285 788 353
227 441 3 25 559 114 288 285 788 353
227 433 0 25 553 112 285 276 780 343
227 506 0 25 553 112 285 276 780 343
221 502 0 17 551 104 284 270 780 333
221 502 73 17 551 104 284 270 780 333
213 494 63 15 550 96 277 264 778 329
213 494 63 17 550 96 277 264 778 329
208 492 53 11 544 91 275 262 771 328
208 492 53 11 544 91 275 331 771 328
199 489 48 5 541 83 265 331 771 319
199 489 143 5 541 83 265 331 771 319
194 489 136 0 534 73 257 322 771 318
194 489 136 0 534 73 257 322 867 318
192 487 131 0 526 66 255 317 861 318
192 487 214 0 526 66 255 317 861 318
189 484 212 0 526 62 245 315 852 309
233 484 212 0 526 62 245 315 852 309
227 477 202 0 520 53 240 309 844 309
227 477 202 0 520 53 240 408 844 309
224 476 202 0 520 49 239 400 835 306
224 476 202 0 520 49 239 442 835 306
222 471 202 0 513 49 237 436 828 305
222 471 202 0 557 49 237 436 828 305
220 467 196 0 553 48 227 429 827 300
220 467 196 0 652 48 227 429 827 300
211 466 189 0 645 42 225 423 820 291
211 466 189 0 715 42 225 423 820 291
204 462 182 0 705 36 221 419 810 288
204 462 182 0 705 36 221 419 841 288
195 458 175 0 695 26 217 417 832 287
195 458 175 0 695 117 217 417 832 287
185 451 166 0 685 111 209 409 832 279
185 451 166 60 685 111 209 409 832 279
185 442 159 55 678 108 206 408 823 273
185 505 159 55 678 108 206 408 823 273
184 500 153 47 670 108 205 407 818 268
184 500 153 47 670 143 205 407 818 268
184 494 149 37 667 136 197 405 818 266
184 494 149 37 667 220 197 405 818 266
181 485 140 31 661 213 189 400 814 259
181 485 140 31 661 213 189 400 872 259
181 483 134 28 657 203 187 399 866 252
181 483 134 28 657 203 187 399 927 252
177 477 127 19 654 202 177 390 926 250
177 477 204 19 654 202 177 390 926 250
171 477 203 19 647 198 169 381 926 241
171 477 203 24 647 198 169 381 926 241
164 473 196 15 647 190 166 376 919 231
164 473 196 15 647 190 166 422 919 231
160 468 193 12 647 180 165 418 916 230
160 468 193 12 647 180 165 418 933 230
152 462 186 5 641 179 164 416 931 229
152 462 186 5 641 179 164 502 931 229
149 459 186 1 632 174 162 499 923 219
149 459 284 1 632 174 162 499 923 219
148 449 276 0 626 169 152 494 923 214
148 449 276 0 634 169 152 494 923 214
143 445 273 0 627 163 144 489 920 204
143 445 273 0 627 163 180 489 920 204
133 444 266 0 627 157 180 481 917 197
133 444 266 0 627 157 180 534 917 197
127 434 257 0 623 148 178 532 915 196
127 434 257 0 623 148 178 532 915 215
118 426 247 0 618 143 169 524 909 215
118 426 313 0 618 143 169 524 909 215
113 417 307 0 613 143 166 519 900 208
208 417 307 0 613 143 166 519 900 208
205 411 303 0 612 134 162 509 899 200
205 411 303 0 686 134 162 509 899 200
196 404 300 0 679 126 161 504 892 196
196 404 300 0 679 126 161 504 922 196
189 395 291 0 670 125 151 501 919 188
189 395 367 0 670 125 151 501 919 188
180 394 365 0 661 118 141 494 912 186
180 394 365 0 661 118 141 581 912 186
174 386 360 0 658 116 135 574 912 177
174 386 360 0 658 116 135 590 912 177
166 377 359 0 652 113 126 590 911 177
166 377 359 0 652 113 126 590 911 189
156 375 354 0 645 103 123 583 902 181
156 378 354 0 645 103 123 583 902 181
147 372 347 0 643 102 123 579 894 177
147 372 347 0 717 102 123 579 894 177
143 364 345 0 710 101 114 571 890 175
143 364 364 0 710 101 114 571 890 175
135 360 359 0 710 93 104 565 883 173
135 360 359 0 710 93 104 565 883 206
125 358 351 0 705 83 96 559 879 206
125 358 408 0 705 83 96 559 879 206
121 355 398 0 699 78 93 551 869 196
121 405 398 0 699 78 93 551 869 196
113 404 391 0 692 69 85 542 869 191
113 501 391 0 692 69 85 542 869 191
107 498 391 0 683 67 83 540 864 191
107 579 391 0 683 67 83 540 864 191
104 578 381 0 673 63 74 532 855 190
104 578 381 22 673 63 74 532 855 190
95 572 374 20 669 57 73 523 845 188
95 616 374 20 669 57 73 523 845 188
94 610 364 10 667 55 67 519 837 179
94 610 364 10 667 65 67 519 837 179
93 606 361 1 663 63 61 515 827 173
93 606 361 1 663 63 61 515 827 178
90 598 353 0 654 59 55 505 821 172
90 598 353 39 654 59 55 505 821 172
81 590 346 39 648 54 52 500 818 166
81 590 346 39 648 54 52 500 818 243
77 581 345 29 647 47 52 495 813 241
175 581 345 29 647 47 52 495 813 241
172 573 335 24 640 37 52 495 803 235
172 573 335 24 640 37 52 495 803 262
164 572 333 15 635 27 51 490 798 262
164 572 333 15 692 27 51 490 798 262
159 563 323 13 690 20 49 484 791 261
159 563 323 13 690 20 49 484 807 261
156 559 315 11 686 20 46 482 798 255
156 559 315 11 686 20 46 539 798 255
148 557 309 11 678 20 42 532 797 253
148 557 309 86 678 20 42 532 797 253
144 556 306 77 673 18 38 531 791 244
144 556 306 77 673 18 38 531 791 280
142 556 305 77 668 16 33 523 781 279
142 556 305 77 668 16 33 523 787 279
142 552 296 74 663 16 23 514 783 279
142 552 296 98 663 16 23 514 783 279
141 549 292 97 658 12 19 505 780 275
141 549 292 97 658 12 19 505 780 286
140 539 282 92 652 11 11 498 779 276
140 539 315 92 652 11 11 498 779 276
138 530 305 86 644 3 5 489 779 269
138 530 305 86 644 3 5 558 779 269
129 528 302 81 643 0 2 549 775 263
129 528 302 81 643 0 81 549 775 263
121 526 293 76 641 0 80 542 775 260
121 526 293 76 641 0 80 631 775 260
119 519 285 66 641 0 76 627 775 255
121 519 285 66 641 0 76 627 775 255
116 512 281 58 635 0 74 625 774 248
116 512 281 58 635 0 131 625 774 248
112 512 279 48 633 0 123 624 771 238
112 512 279 68 633 0 123 624 771 238
110 509 270 63 623 0 117 618 769 234
110 509 270 63 623 0 117 618 826 234
104 499 262 57 616 0 107 615 822 234
104 499 262 57 616 0 107 632 822 234
94 493 258 54 615 0 105 622 816 232
107 493 258 54 615 0 105 622 816 232
97 489 251 46 606 0 105 616 807 223
174 489 251 46 606 0 105 616 807 223
173 483 248 37 597 0 96 612 805 217
173 483 248 37 597 0 96 612 820 217
166 477 239 30 587 0 86 608 813 217
166 477 239 30 587 0 86 655 813 217
158 474 235 28 577 0 76 655 807 209
158 474 235 28 577 0 76 655 906 209
149 464 229 19 567 0 71 651 896 206
149 464 229 19 653 0 71 651 896 206
147 461 227 17 652 0 62 647 894 203
147 461 227 17 652 0 62 647 894 300
141 459 225 13 642 0 62 637 884 292
141 472 225 13 642 0 62 637 884 292
132 471 218 12 637 0 59 636 876 291
132 471 218 57 637 0 59 636 876 291
128 463 217 50 631 0 52 626 866 285
128 463 217 50 645 0 52 626 866 285
120 463 209 43 637 0 50 621 862 283
120 463 209 138 637 0 50 621 862 283
112 462 201 128 634 0 44 617 852 275
112 462 201 128 634 0 44 617 852 323
107 453 200 128 625 0 35 615 848 314
107 453 200 197 625 0 35 615 848 314
102 451 190 189 623 0 33 614 839 312
102 516 190 189 623 0 33 614 839 312
97 510 184 189 621 0 28 611 832 304
97 510 184 189 621 0 28 611 832 314
94 508 174 184 611 0 24 602 827 307
94 508 263 184 611 0 24 602 827 307
92 501 257 176 609 0 15 601 825 301
92 501 257 242 609 0 15 601 825 301
91 492 251 237 606 0 6 595 819 301
190 492 251 237 606 0 6 595 819 301
185 491 247 230 605 0 6 590 817 298
185 576 247 230 605 0 6 590 817 298
175 576 240 221 598 0 0 585 808 296
175 647 240 221 598 0 0 585 808 296
169 641 240 218 594 0 0 585 805 292
169 641 240 218 594 0 0 677 805 292
162 637 235 209 590 0 0 675 802 287
162 637 235 209 685 0 0 675 802 287
158 628 235 206 682 0 0 671 802 282
158 628 235 206 682 0 0 671 802 326
152 621 225 201 672 0 0 668 793 325
152 621 225 201 672 0 0 668 844 325
147 616 224 195 663 0 0 665 834 318
147 616 224 195 663 71 0 665 834 318
137 606 214 195 661 62 0 658 829 317
137 606 214 195 661 62 0 704 829 317
134 599 211 190 655 55 0 695 827 317
134 599 211 190 655 55 0 700 827 317
124 598 201 186 653 47 0 694 827 317
136 598 201 186 653 47 0 694 827 317
134 589 196 184 651 42 0 693 827 313
134 589 196 184 651 42 0 693 834 313
126 584 193 179 641 40 0 693 824 303
126 584 237 179 641 40 0 693 824 303
122 575 236 177 639 34 0 691 815 301
122 634 236 177 639 34 0 691 815 301
116 624 236 177 634 34 0 683 808 295
116 657 236 177 634 34 0 683 808 295
109 650 232 169 626 32 0 676 805 285
109 650 232 169 626 112 0 676 805 285
102 647 222 164 626 110 0 669 803 285
102 647 222 164 626 110 64 669 803 285
98 638 219 164 621 107 64 665 800 280
98 638 219 164 705 107 64 665 800 280
88 634 212 164 697 105 59 664 799 278
88 634 212 164 768 105 59 664 799 278
82 630 212 159 765 104 58 660 792 275
82 630 212 159 765 104 58 753 792 275
72 626 204 153 763 96 49 753 782 270
72 638 204 153 763 96 49 753 782 270
66 634 204 151 753 91 41 747 778 265
66 634 204 151 753 91 41 747 853 265
59 628 202 149 746 91 35 737 850 259
59 628 202 149 746 91 35 737 850 259
51 627 202 143 736 87 31 734 840 258
51 627 202 143 736 87 31 734 916 258
43 626 201 140 732 86 21 733 915 258
43 626 201 140 732 86 21 733 958 258
43 617 201 134 722 84 16 729 948 252
43 617 201 139 722 84 16 729 948 252
40 609 194 139 722 84 9 719 946 247
40 609 194 139 722 135 9 719 946 247
37 604 192 130 720 134 0 717 938 242
37 604 192 130 720 134 0 717 940 242
36 603 191 123 720 128 0 708 932 236
36 603 191 123 804 128 0 708 932 236
36 596 185 117 798 127 0 707 932 231
36 596 185 117 798 127 0 707 932 285
28 587 175 116 793 118 0 699 926 275
28 587 275 116 793 118 0 699 926 275
25 581 268 109 786 109 0 695 925 273
25 581 268 109 786 109 0 695 925 285
23 574 264 100 780 101 0 690 916 284
23 574 264 100 798 101 0 690 916 284
15 569 261 97 791 101 0 688 913 280
75 569 261 97 791 101 0 688 913 280
65 562 255 89 787 97 0 678 911 276
65 562 255 114 787 97 0 678 911 276
60 558 252 112 785 97 0 669 910 266
60 558 252 112 785 97 0 675 910 266
59 552 246 108 775 87 0 665 901 264
59 552 246 108 775 87 22 665 901 264
54 551 236 107 772 79 14 659 899 261
54 551 236 107 772 79 14 659 997 261
47 543 229 101 762 70 10 653 987 261
47 543 229 106 762 70 10 653 987 261
47 538 226 98 752 65 2 644 985 251
47 538 226 98 752 65 9 644 985 251
45 531 226 95 748 65 7 640 983 251
45 531 226 180 748 65 7 640 983 251
37 523 221 176 745 64 3 632 977 249
37 523 221 176 745 64 3 632 1028 249
27 522 216 174 736 60 0 630 1027 244
27 522 241 174 736 60 0 630 1027 244
26 518 239 169 727 60 0 629 1020 242
26 518 336 169 727 60 0 629 1020 242
22 513 333 162 725 53 0 628 1020 234
22 513 333 162 822 53 0 628 1020 234
15 509 333 157 818 52 0 628 1019 229
15 509 333 157 818 52 0 628 1114 229
7 500 329 157 810 47 0 620 1111 228
7 500 329 157 810 47 32 620 1111 228
7 496 319 151 807 41 24 618 1109 227
7 496 319 151 896 41 24 618 1109 227
7 493 315 149 895 38 14 612 1109 218
7 493 315 149 895 126 14 612 1109 218
5 489 314 149 894 123 11 611 1102 212
5 489 314 149 928 123 11 611 1102 212
0 480 309 147 923 121 10 611 1098 206
0 480 362 147 923 121 10 611 1098 206
0 476 355 137 918 119 0 609 1096 206
0 476 355 137 973 119 0 609 1096 206
0 476 351 133 965 117 0 609 1095 200
0 476 351 133 965 174 0 609 1095 200
0 468 343 126 965 168 0 599 1088 191
0 476 343 126 965 168 0 599 1088 191
0 469 333 121 960 161 0 590 1082 188
0 469 335 121 960 161 0 590 1082 188
0 466 325 115 957 160 0 581 1072 182
0 466 354 115 957 160 0 581 1072 182
0 460 350 106 951 155 0 577 1065 180
0 483 350 106 951 155 0 577 1065 180
0 480 344 105 941 147 0 569 1059 171
0 480 344 105 941 184 0 569 1059 171
0 475 340 99 941 177 0 560 1050 169
0 514 340 99 941 177 0 560 1050 169
0 507 337 94 940 176 0 555 1042 159
0 507 349 94 940 176 0 555 1042 159
0 502 345 88 936 166 0 555 1042 156
0 502 345 88 936 200 0 555 1042 156
0 501 335 80 932 192 0 546 1041 155
0 501 335 80 932 192 33 546 1041 155
0 501 332 77 922 192 30 539 1037 145
0 501 332 77 922 192 77 539 1037 145
0 499 327 70 919 188 67 532 1033 136
0 499 327 70 1019 188 67 532 1033 136
0 493 321 66 1015 186 59 524 1025 126
0 493 321 66 1015 260 59 524 1025 126
0 487 312 58 1014 251 58 521 1019 118
0 487 312 58 1014 251 58 521 1019 174
0 480 304 55 1005 242 51 520 1011 165
0 480 327 55 1005 242 51 520 1011 165
0 480 318 55 996 238 49 518 1001 165
45 480 318 55 996 238 49 518 1001 165
42 472 309 54 986 238 39 509 1000 162
68 472 309 54 986 238 39 509 1000 162
60 471 303 54 985 238 30 501 1000 154
60 471 303 149 985 238 30 501 1000 154
54 464 299 148 980 236 25 491 1000 146
54 464 299 148 980 308 25 491 1000 146
47 461 298 147 977 307 18 486 992 138
47 531 298 147 977 307 18 486 992 138
37 528 297 147 972 304 10 486 986 132
37 528 297 147 972 304 14 486 986 132
35 528 292 147 970 299 8 485 986 123
109 528 292 147 970 299 8 485 986 123
104 527 292 141 968 291 0 484 981 115
104 527 292 141 968 291 69 484 981 115
96 526 282 136 958 291 67 481 972 115
96 526 282 136 958 291 67 551 972 115
94 522 275 128 953 289 67 542 967 110
94 522 275 128 953 289 67 634 967 110
88 520 266 123 950 287 62 627 962 100
88 520 266 123 950 317 62 627 962 100
85 514 263 123 947 307 52 626 960 95
85 514 263 123 947 385 52 626 960 95
81 510 261 118 944 379 43 621 950 92
81 510 351 118 944 379 43 621 950 92
73 501 343 114 937 379 39 618 945 89
73 501 343 114 937 379 39 618 945 99
63 491 339 113 937 378 31 616 936 99
106 491 339 113 937 378 31 616 936 99
100 487 333 110 935 369 24 610 930 89
100 487 405 110 935 369 24 610 930 89
99 477 399 101 927 359 23 609 927 83
99 477 399 101 927 359 23 649 927 83
89 467 392 94 927 357 16 640 921 79
95 467 392 94 927 357 16 640 921 79
94 461 391 86 923 352 11 637 920 69
94 461 391 86 923 352 11 690 920 69
94 457 386 76 920 347 6 688 915 59
94 457 386 78 920 347 6 688 915 59
90 453 386 70 912 340 0 681 908 51
90 453 386 70 962 340 0 681 908 51
88 452 385 61 959 336 0 679 898 45
88 452 385 61 959 336 0 762 898 45
78 448 382 55 949 332 0 761 889 43
78 448 382 55 949 399 0 761 889 43
70 442 374 49 944 396 0 757 881 40
70 442 374 49 1041 396 0 757 881 40
68 436 368 48 1031 389 0 749 876 37
68 436 368 124 1031 389 0 749 876 37
64 426 359 116 1022 386 0 742 873 36
64 426 359 116 1022 386 0 742 952 36
64 422 350 112 1015 377 0 734 950 35
64 422 350 112 1015 377 0 765 950 35
57 416 349 110 1014 375 0 755 950 35
57 416 402 110 1014 375 0 755 950 35
48 416 393 105 1013 373 0 749 950 29
48 416 393 183 1013 373 0 749 950 29
43 416 390 180 1005 371 0 741 940 21
43 416 390 180 1005 371 0 741 999 21
43 414 388 176 1005 370 0 737 990 20
55 414 388 176 1005 370 0 737 990 20
54 411 385 171 1004 365 0 737 984 17
54 411 385 171 1004 365 0 737 984 110
54 410 385 166 1001 359 0 731 974 107
54 410 385 257 1001 359 0 731 974 107
52 406 377 251 991 358 0 727 964 99
52 406 377 251 991 446 0 727 964 99
42 399 376 244 989 440 0 724 957 92
42 399 376 244 989 440 0 724 957 128
32 393 370 240 984 431 0 716 952 128
32 393 370 240 984 431 0 789 952 128
26 384 363 239 977 429 0 787 943 120
26 384 363 239 977 480 0 787 943 120
16 374 361 233 971 475 0 777 933 117
16 374 361 233 971 475 0 835 933 117
8 366 354 230 967 465 0 828 925 113
8 366 354 230 967 489 0 828 925 113
8 366 349 228 966 485 0 825 925 111
8 366 349 239 966 485 0 825 925 111
1 365 344 233 962 484 0 820 923 107
1 365 344 233 962 526 0 820 923 107
0 359 342 229 962 525 0 816 913 101
0 359 342 229 962 525 0 852 913 101
0 355 336 228 953 515 0 845 905 95
0 450 336 228 953 515 0 845 905 95
0 444 335 228 945 509 0 843 898 90
0 444 335 228 945 509 71 843 898 90
0 435 332 222 941 504 66 834 890 83
0 435 332 222 941 504 66 898 890 83
0 427 332 212 940 503 57 891 883 82
0 427 332 212 1014 503 57 891 883 82
0 417 323 206 1005 495 51 885 881 73
0 417 323 213 1005 495 51 885 881 73
0 417 315 203 1000 489 43 880 877 73
0 417 315 261 1000 489 43 880 877 73
0 408 308 259 997 485 40 875 872 70
69 408 308 259 997 485 40 875 872 70
61 399 300 254 996 483 39 869 864 70
61 399 300 254 996 483 39 871 864 70
53 395 290 252 990 483 31 870 857 66
53 395 290 252 1075 483 31 870 857 66
47 395 287 245 1069 475 30 863 852 59
135 395 287 245 1069 475 30 863 852 59
135 391 286 239 1061 467 20 853 847 50
135 484 286 239 1061 467 20 853 847 50
132 479 286 237 1058 460 20 847 843 41
132 563 286 237 1058 460 20 847 843 41
127 557 279 230 1048 458 10 845 843 41
127 557 279 230 1065 458 10 845 843 41
122 550 279 226 1065 450 4 845 838 38
122 550 279 278 1065 450 4 845 838 38
121 545 269 269 1063 448 1 843 835 38
121 545 355 269 1063 448 1 843 835 38
121 539 354 261 1061 441 0 837 827 33
121 539 354 261 1061 441 0 837 842 33
118 536 349 256 1057 435 0 827 840 24
118 536 349 256 1057 469 0 827 840 24
111 531 339 253 1050 461 0 817 836 21
111 531 353 253 1050 461 0 817 836 21
106 527 345 252 1050 455 0 812 828 19
106 527 345 252 1139 455 0 812 828 19
98 524 342 246 1136 450 0 804 823 9
98 524 342 246 1136 450 21 804 823 9
94 517 338 238 1129 442 11 803 815 9
94 517 338 303 1129 442 11 803 815 9
86 513 329 298 1126 439 4 795 810 6
86 513 329 298 1126 439 4 795 810 56
85 505 325 295 1122 438 0 788 808 48
85 505 325 307 1122 438 0 788 808 48
79 495 320 297 1122 436 0 778 801 44
79 495 320 297 1122 527 0 778 801 44
70 486 312 290 1117 524 0 768 799 38
70 486 312 290 1117 559 0 768 799 38
61 485 306 287 1116 556 0 763 790 30
61 485 367 287 1116 556 0 763 790 30
52 483 359 277 1111 553 0 761 789 25
52 483 359 277 1111 581 0 761 789 25
49 474 353 274 1102 579 0 758 781 25
49 474 362 274 1102 579 0 758 781 25
41 469 356 270 1101 571 0 754 776 17
41 469 356 306 1101 571 0 754 776 17
31 464 353 298 1095 568 0 750 775 7
31 464 353 298 1095 568 0 827 775 7
21 460 352 291 1092 565 0 819 771 5
21 460 352 291 1092 565 0 819 771 47
15 457 342 285 1087 558 0 814 762 44
15 457 342 285 1087 558 0 879 762 44
8 455 341 280 1083 548 0 871 760 38
8 455 341 280 1178 548 0 871 760 38
0 448 340 278 1175 544 0 864 750 32
0 537 340 278 1175 544 0 864 750 32
0 528 339 269 1167 543 0 855 744 24
0 528 434 269 1167 543 0 855 744 24
0 521 425 269 1162 542 0 850 737 18
0 521 508 269 1162 542 0 850 737 18
0 511 505 259 1153 539 0 850 730 17
0 511 505 259 1153 539 0 850 730 17
0 509 499 254 1145 533 0 848 724 7
0 509 499 254 1145 550 0 848 724 7
0 502 492 244 1141 549 0 845 717 2
0 502 492 244 1141 549 0 874 717 2
0 498 487 244 1133 544 0 864 717 0
0 498 487 244 1133 544 0 953 717 0
0 490 484 239 1133 537 0 952 707 0
0 490 484 239 1133 537 0 974 707 0
0 489 480 230 1132 532 0 970 703 0
0 489 480 230 1132 532 0 970 762 0
0 488 480 225 1127 525 0 964 755 0
0 488 480 225 1201 525 0 964 755 0
0 480 480 222 1195 523 0 963 751 0
0 480 480 222 1195 523 66 963 751 0
0 477 473 217 1185 520 61 954 751 0
0 477 473 217 1185 520 61 954 821 0
0 475 469 207 1178 520 61 946 812 0
0 475 469 207 1178 562 61 946 812 0
0 465 468 205 1171 562 59 941 807 0
25 465 468 205 1171 562 59 941 807 0
25 457 460 195 1164 562 51 932 806 0
25 457 460 195 1164 562 51 1004 806 0
16 450 459 195 1161 555 48 999 798 0
25 450 459 195 1161 555 48 999 798 0
20 449 451 191 1155 545 38 995 791 0
20 449 451 191 1155 545 38 995 806 0
13 439 445 187 1155 537 31 988 804 0
13 439 445 187 1155 537 31 988 804 65
8 434 440 179 1154 534 30 987 802 60
8 434 440 179 1154 623 30 987 802 60
0 428 438 171 1153 623 23 985 798 58
0 428 438 171 1153 713 23 985 798 58
0 418 436 169 1144 706 20 977 788 48
0 418 436 169 1144 706 20 977 788 106
0 409 429 167 1138 705 15 972 785 97
0 409 429 223 1138 705 15 972 785 97
0 406 428 222 1134 700 12 971 784 89
34 406 428 222 1134 700 12 971 784 89
26 397 423 213 1128 695 6 967 780 85
26 397 423 213 1128 695 6 967 780 157
19 396 415 203 1121 694 1 965 779 155
19 396 415 203 1154 694 1 965 779 155
9 396 405 198 1146 694 0 961 777 147
9 396 434 198 1146 694 0 961 777 147
9 393 431 198 1136 689 0 957 776 145
104 393 431 198 1136 689 0 957 776 145
100 383 428 188 1127 689 0 948 766 144
100 383 428 188 1127 689 0 999 766 144
90 381 418 181 1126 679 0 999 766 139
90 381 418 238 1126 679 0 999 766 139
89 381 418 232 1121 678 0 994 762 139
89 381 418 232 1121 678 47 994 762 139
82 381 418 231 1117 670 46 990 759 129
82 381 418 231 1117 670 46 990 759 188
82 377 414 223 1112 665 38 982 756 178
82 377 414 223 1112 665 38 982 810 178
73 368 409 222 1109 665 29 979 801 176
73 368 409 222 1109 665 29 979 818 176
72 364 399 217 1102 659 23 977 814 172
72 364 435 217 1102 659 23 977 814 172
69 362 425 214 1100 653 22 968 806 171
69 362 425 214 1181 653 22 968 806 171
65 359 419 210 1171 651 14 959 802 166
65 359 458 210 1171 651 14 959 802 166
62 350 457 209 1168 643 5 957 801 160
62 350 457 209 1168 732 5 957 801 160
52 350 448 204 1165 723 1 951 796 154
52 350 448 204 1165 811 1 951 796 154
50 348 446 195 1164 802 0 948 791 153
50 348 446 195 1164 865 0 948 791 153
48 339 444 190 1157 859 0 942 784 144
48 355 444 190 1157 859 0 942 784 144
41 353 436 181 1148 852 0 942 774 136
41 353 436 181 1148 852 0 942 774 163
31 343 426 174 1138 842 0 935 773 158
31 343 426 235 1138 842 0 935 773 158
21 340 426 235 1138 840 0 929 771 148
101 340 426 235 1138 840 0 929 771 148
92 330 418 230 1129 833 0 924 770 145
92 330 418 319 1129 833 0 924 770 145
83 330 412 313 1129 824 0 921 763 139
83 371 412 313 1129 824 0 921 763 139
77 361 403 312 1123 817 0 912 761 139
87 361 403 312 1123 817 0 912 761 139
86 356 393 311 1119 816 0 904 754 131
130 356 393 311 1119 816 0 904 754 131
130 353 385 307 1113 810 0 895 751 125
130 353 385 307 1113 810 0 895 751 172
126 351 378 298 1109 804 0 889 751 167
126 351 378 298 1109 804 0 906 751 167
117 347 372 297 1105 795 0 904 743 165
117 347 372 297 1147 795 0 904 743 165
111 346 369 289 1144 785 0 904 739 157
111 373 369 289 1144 785 0 904 739 157
101 365 362 284 1135 775 0 904 735 151
101 365 362 284 1135 775 75 904 735 151
101 359 362 281 1130 771 69 899 730 143
101 359 362 281 1130 776 69 899 730 143
97 353 356 274 1122 768 59 898 724 137
97 418 356 274 1122 768 59 898 724 137
89 418 352 269 1115 758 54 888 724 136
89 418 352 269 1115 758 65 888 724 136
79 416 348 266 1111 754 65 879 724 131
79 416 419 266 1111 754 65 879 724 131
71 407 416 263 1106 745 56 879 716 124
71 407 416 304 1106 745 56 879 716 124
65 404 411 300 1099 745 49 869 707 116
65 404 411 360 1099 745 49 869 707 116
55 395 401 359 1094 744 47 869 707 110
55 395 401 359 1094 760 47 869 707 110
48 393 393 357 1084 755 38 863 706 106
48 419 393 357 1084 755 38 863 706 106
41 418 392 357 1074 753 37 861 700 102
41 418 392 357 1074 788 37 861 700 102
33 408 391 353 1065 788 37 858 691 101
33 408 391 353 1065 886 37 858 691 101
31 408 385 345 1057 882 37 848 683 94
31 408 396 345 1057 882 37 848 683 94
30 398 391 337 1047 879 34 842 674 87
30 398 391 337 1097 879 34 842 674 87
29 389 381 337 1097 878 27 837 668 77
29 389 408 337 1097 878 27 837 668 77
23 383 399 331 1091 873 21 834 660 68
23 383 399 331 1091 873 76 834 660 68
19 378 396 329 1081 864 73 830 655 65
19 378 396 339 1081 864 73 830 655 65
19 368 388 332 1072 855 66 827 645 56
19 368 433 332 1072 855 66 827 645 56
11 361 425 332 1068 852 62 818 644 48
42 361 425 332 1068 852 62 818 644 48
39 361 421 331 1066 844 53 812 642 42
39 361 421 331 1112 844 53 812 642 42
33 355 419 323 1111 840 47 807 633 40
73 355 419 323 1111 840 47 807 633 40
70 349 416 316 1107 838 38 799 626 40
70 349 416 316 1107 854 38 799 626 40
66 343 413 313 1102 852 38 792 620 37
66 343 413 313 1102 852 72 792 620 37
56 340 407 309 1093 845 62 790 610 31
56 340 407 309 1093 845 62 793 610 31
50 335 407 300 1089 844 59 793 610 24
50 335 407 300 1089 844 59 793 613 24
40 334 403 293 1086 834 54 790 606 21
40 334 465 293 1086 834 54 790 606 21
32 331 462 283 1076 828 44 789 605 12
32 331 462 283 1076 840 44 789 605 12
30 325 459 279 1073 835 43 781 602 2
30 325 459 279 1073 835 43 781 634 2
20 316 454 277 1064 830 38 772 630 2
20 316 454 277 1095 830 38 772 630 2
20 311 451 273 1094 827 35 763 630 0
20 311 451 273 1094 827 35 822 630 0
18 303 447 273 1093 820 28 814 628 0
18 303 447 273 1164 820 28 814 628 0
13 293 438 264 1157 810 21 812 625 0
13 293 438 264 1237 810 21 812 625 0
3 292 432 261 1227 806 18 804 624 0
3 292 432 261 1227 806 18 804 691 0
1 285 422 254 1224 806 14 796 686 0
1 285 422 254 1296 806 14 796 686 0
0 275 415 249 1294 802 7 795 685 0
0 275 415 287 1294 802 7 795 685 0
0 273 409 287 1290 796 0 792 684 0
0 306 409 287 1290 796 0 792 684 0
0 301 399 278 1290 787 0 782 681 0
0 301 399 278 1290 787 0 782 681 45
0 298 395 274 1287 781 0 774 679 45
0 298 433 274 1287 781 0 774 679 45
0 293 428 265 1283 781 0 772 674 35
0 293 428 265 1300 781 0 772 674 35
0 285 423 264 1296 779 0 771 671 26
0 285 423 264 1296 779 0 771 671 113
0 280 417 261 1289 779 0 770 665 112
0 280 417 261 1289 779 0 827 665 112
0 271 412 260 1285 771 0 823 655 109
66 271 412 260 1285 771 0 823 655 109
64 270 403 253 1283 767 0 817 651 108
64 270 403 253 1283 767 0 817 709 108
60 261 403 249 1273 757 0 816 703 103
60 261 403 249 1324 757 0 816 703 103
60 261 393 249 1323 752 0 811 695 101
60 357 393 249 1323 752 0 811 695 101
56 354 389 247 1317 747 0 806 689 92
56 354 389 247 1317 747 0 806 689 124
51 348 383 238 1317 746 0 796 686 124
51 348 383 238 1398 746 0 796 686 124
45 344 379 228 1394 739 0 790 682 117
45 344 379 228 1394 739 0 790 682 125
38 341 373 219 1384 730 0 783 675 115
38 341 373 219 1420 730 0 783 675 115
32 331 363 217 1411 723 0 778 669 107
32 331 363 217 1411 723 26 778 669 107
27 322 361 208 1411 723 20 778 659 103
88 322 361 208 1411 723 20 778 659 103
83 319 356 198 1401 721 19 777 659 101
83 319 356 198 1401 721 100 777 659 101
80 310 351 195 1392 713 97 775 650 93
80 310 351 212 1392 713 97 775 650 93
73 306 345 211 1382 713 94 775 650 85
73 306 345 211 1382 713 190 775 650 85
73 303 337 204 1377 707 189 772 641 77
73 310 337 204 1377 707 189 772 641 77
63 306 327 197 1376 697 186 772 633 69
63 306 327 197 1433 697 186 772 633 69
56 304 322 191 1432 689 184 766 632 65
56 304 322 191 1432 689 184 857 632 65
50 300 318 191 1422 685 184 848 632 61
50 300 318 191 1422 685 184 892 632 61
47 297 318 187 1414 678 178 889 627 52
47 297 318 187 1414 678 180 889 627 52
42 290 317 184 1414 672 177 883 623 47
42 290 317 184 1414 672 177 883 710 47
38 280 316 181 1412 668 176 878 704 38
38 280 316 181 1416 668 176 878 704 38
31 276 307 177 1406 662 172 869 701 37
31 303 307 177 1406 662 172 869 701 37
26 298 299 177 1404 660 162 869 699 29
26 298 349 177 1404 660 162 869 699 29
24 291 343 169 1402 657 152 868 697 29
24 291 395 169 1402 657 152 868 697 29
24 287 386 160 1402 654 149 863 693 26
24 287 386 160 1402 658 149 863 693 26
20 287 376 150 1399 649 144 856 684 25
20 287 376 150 1399 742 144 856 684 25
20 279 366 140 1397 738 140 847 679 20
20 279 366 140 1397 738 140 847 679 20
12 273 360 138 1395 729 131 842 677 10
12 273 360 138 1395 729 208 842 677 10
5 266 351 136 1392 727 198 838 674 8
5 266 351 136 1392 735 198 838 674 8
4 262 344 126 1386 727 192 831 666 6
4 262 344 126 1386 727 212 831 666 6
1 255 339 122 1383 718 208 830 658 0
1 255 339 122 1383 718 221 830 658 0
0 249 333 122 1380 712 217 821 658 0
43 249 333 122 1380 712 217 821 658 0
43 239 327 117 1377 708 217 818 655 0
43 239 327 117 1445 708 217 818 655 0
39 232 318 117 1444 703 213 812 655 0
39 232 318 117 1444 703 213 894 655 0
37 231 317 112 1443 702 206 885 653 0
37 231 317 112 1443 735 206 885 653 0
30 225 310 107 1439 735 197 875 645 0
30 225 391 107 1439 735 197 875 645 0
20 216 387 98 1431 732 197 868 642 0
20 216 387 98 1431 782 197 868 642 0
17 210 385 93 1424 774 191 863 637 0
82 210 385 93 1424 774 191 863 637 0
78 206 376 83 1423 766 183 856 629 0
99 206 376 83 1423 766 183 856 629 0
89 201 368 78 1416 765 177 849 622 0
89 201 368 78 1416 765 177 878 622 0
85 197 366 77 1410 763 176 871 619 0
85 197 366 116 1410 763 176 871 619 0
76 187 366 109 1403 755 166 870 616 0
76 187 366 109 1403 809 166 870 616 0
71 178 362 103 1396 802 166 862 616 0
71 245 362 103 1396 802 166 862 616 0
62 239 359 96 1392 792 166 860 613 0
62 300 359 96 1392 792 166 860 613 0
60 296 358 96 1382 791 157 855 608 0
60 296 358 96 1382 791 157 915 608 0
51 293 349 92 1381 788 157 905 603 0
51 293 349 92 1381 788 157 905 603 89
45 284 343 91 1371 782 153 899 600 84
45 284 343 91 1371 863 153 899 600 84
45 279 343 87 1371 857 151 894 590 81
45 279 343 87 1371 857 151 894 590 171
37 270 337 87 1370 854 151 887 588 166
37 270 337 87 1370 917 151 887 588 166
29 261 331 77 1361 910 147 879 586 162
29 261 331 173 1361 910 147 879 586 162
24 255 331 173 1357 902 141 878 576 153
24 255 331 173 1357 919 141 878 576 153
18 255 321 172 1347 911 139 876 575 143
18 255 321 263 1347 911 139 876 575 143
16 254 311 259 1347 906 135 876 571 140
16 254 311 259 1347 970 135 876 571 140
15 254 308 252 1347 970 126 869 566 135
15 254 308 252 1347 970 126 869 566 139
8 251 302 248 1346 962 121 859 565 134
8 251 302 248 1346 962 160 859 565 134
7 247 302 247 1345 961 154 849 555 125
7 247 302 247 1345 961 246 849 555 125
2 241 295 239 1335 959 245 849 553 119
2 241 295 239 1335 959 257 849 553 119
0 231 294 239 1333 959 253 845 551 115
0 316 294 239 1333 959 253 845 551 115
0 311 284 233 1328 953 249 836 550 105
0 311 359 233 1328 953 249 836 550 105
0 309 349 225 1318 944 240 830 545 99
0 384 349 225 1318 944 240 830 545 99
0 375 339 217 1315 939 239 825 540 99
0 375 339 217 1315 939 239 923 540 99
0 370 334 211 1310 937 239 914 536 92
0 370 334 211 1310 937 239 914 549 92
0 364 328 203 1301 928 232 909 547 90
0 364 328 203 1301 984 232 909 547 90
0 356 322 199 1296 984 222 900 541 81
0 356 322 199 1325 984 222 900 541 81
0 349 317 194 1321 979 217 897 539 78
50 349 317 194 1321 979 217 897 539 78
46 341 309 188 1311 978 207 894 531 77
46 372 309 188 1311 978 207 894 531 77
44 365 307 181 1306 978 200 888 523 77
44 365 307 181 1319 978 200 888 523 77
34 357 301 176 1316 973 198 880 522 70
34 357 301 176 1316 973 198 880 522 160
26 351 295 172 1315 964 193 880 519 152
26 351 295 172 1317 964 193 880 519 152
18 344 293 164 1311 959 183 876 514 142
18 344 293 164 1311 959 183 876 514 224
11 338 290 158 1311 957 177 872 504 214
11 338 290 158 1311 957 177 872 534 214
3 335 290 151 1310 956 169 867 529 213
3 335 290 151 1310 1027 169 867 529 213
0 333 281 149 1310 1023 163 861 529 203
0 333 281 149 1316 1023 163 861 529 203
0 327 281 145 1312 1016 159 857 526 197
0 327 281 145 1312 1016 159 857 550 197
0 322 281 145 1304 1008 153 856 546 197
0 322 281 145 1347 1008 153 856 546 197
0 322 278 140 1340 1002 144 847 541 197
35 322 278 140 1340 1002 144 847 541 197
35 319 275 133 1337 996 136 843 531 190
35 319 275 133 1337 996 136 843 531 254
29 311 272 124 1327 989 128 835 525 245
123 311 272 124 1327 989 128 835 525 245
122 310 266 117 1322 983 122 828 525 245
138 310 266 117 1322 983 122 828 525 245
135 308 262 114 1313 975 117 826 519 240
135 308 262 114 1313 975 117 826 547 240
125 298 260 114 1311 975 117 826 544 237
125 298 260 114 1311 975 139 826 544 237
122 289 253 105 1309 969 138 825 541 233
122 289 253 162 1309 969 138 825 541 233
121 286 243 160 1305 969 137 822 532 229
121 325 243 160 1305 969 137 822 532 229
120 325 242 158 1298 965 131 815 523 219
120 325 242 158 1298 1058 131 815 523 219
116 322 232 149 1290 1057 131 807 515 215
116 322 232 199 1290 1057 131 807 515 215
107 321 224 190 1287 1057 123 800 509 210
107 321 224 193 1287 1057 123 800 509 210
103 321 224 189 1282 1051 121 796 504 209
103 370 224 189 1282 1051 121 796 504 209
102 362 222 184 1272 1049 118 791 494 208
102 362 222 184 1272 1076 118 791 494 208
95 359 217 175 1268 1073 113 785 489 208
95 359 217 261 1268 1073 113 785 489 208
87 354 213 259 1267 1068 111 778 485 207
87 354 213 259 1267 1068 111 778 485 266
83 350 207 250 1261 1065 107 778 479 260
83 350 207 250 1312 1065 107 778 479 260
83 345 200 246 1310 1065 104 768 474 252
83 345 295 246 1310 1065 104 768 474 252
83 335 288 242 1307 1060 103 759 465 242
83 335 288 242 1307 1138 103 759 465 242
76 326 282 241 1304 1131 99 749 464 239
76 326 282 241 1304 1131 99 749 505 239
71 317 276 238 1300 1123 91 739 500 230
71 317 276 238 1349 1123 91 739 500 230
65 315 271 237 1341 1114 90 730 495 229
65 315 271 237 1341 1129 90 730 495 229
62 311 261 232 1333 1122 80 723 491 228
62 311 261 232 1333 1122 105 723 491 228
58 301 255 222 1328 1114 105 716 485 223
125 301 255 222 1328 1114 105 716 485 223
123 301 249 216 1326 1114 105 710 484 216
123 301 249 216 1326 1114 105 710 484 245
122 293 246 213 1322 1110 96 700 483 241
143 293 246 213 1322 1110 96 700 483 241
139 288 236 205 1313 1108 94 694 473 235
199 288 236 205 1313 1108 94 694 473 235
197 280 235 204 1306 1105 92 686 467 231
197 280 235 276 1306 1105 92 686 467 231
196 270 230 267 1296 1098 91 684 459 222
228 270 230 267 1296 1098 91 684 459 222
219 266 224 258 1295 1092 88 679 450 214
281 266 224 258 1295 1092 88 679 450 214
271 259 215 253 1290 1091 81 675 441 206
271 259 215 253 1364 1091 81 675 441 206
270 255 210 247 1354 1088 76 666 441 198
313 255 210 247 1354 1088 76 666 441 198
