1000 10
0 0 0 0 0 0 0 0 0 0
0 0 0 13 0 0 0 0 0 0
0 0 0 11 0 0 0 0 0 0
0 0 0 11 40 0 0 0 0 0
0 0 0 1 30 0 0 0 0 0
0 0 0 1 104 0 0 0 0 0
0 0 0 0 96 0 0 0 0 0
0 0 0 0 96 17 0 0 0 0
0 0 0 0 92 12 0 0 0 0
0 0 0 54 92 12 0 0 0 0
0 0 0 48 89 9 0 0 0 0
0 0 0 122 89 9 0 0 0 0
0 0 0 119 88 3 0 0 0 0
0 0 0 119 88 3 0 90 0 0
0 0 0 111 87 0 0 82 0 0
48 0 0 111 87 0 0 82 0 0
45 0 0 105 79 0 0 72 0 0
45 0 0 105 79 0 0 84 0 0
40 0 0 99 74 0 0 78 0 0
40 0 0 99 76 0 0 78 0 0
34 0 0 92 68 0 0 74 0 0
34 0 0 92 68 0 0 74 0 84
31 0 0 85 65 0 0 66 0 75
31 0 0 85 65 0 0 66 100 75
21 0 0 76 62 0 0 58 92 71
43 0 0 76 62 0 0 58 92 71
39 0 0 74 60 0 0 56 85 70
39 0 0 74 60 0 0 56 109 70
37 0 0 74 55 0 0 51 107 69
37 0 0 74 55 53 0 51 107 69
31 0 0 74 55 43 0 43 98 68
31 61 0 74 55 43 0 43 98 68
28 52 0 74 52 35 0 38 90 64
28 52 0 74 52 45 0 38 90 64
25 49 0 72 45 37 0 30 88 57
25 49 0 72 45 50 0 30 88 57
16 49 0 64 36 45 0 28 88 52
16 111 0 64 36 45 0 28 88 52
7 105 0 58 30 45 0 27 88 45
7 105 0 58 30 45 13 27 88 45
6 99 0 49 20 41 8 20 82 41
6 99 0 49 20 41 8 20 84 41
4 92 0 44 19 32 0 12 81 41
4 92 0 111 19 32 0 12 81 41
0 91 0 109 18 22 0 10 75 34
0 91 21 109 18 22 0 10 75 34
0 85 20 99 18 14 0 5 71 27
0 85 20 99 18 14 36 5 71 27
0 78 14 98 12 6 35 4 64 20
0 133 14 98 12 6 35 4 64 20
0 129 5 93 6 3 35 2 58 11
0 129 5 93 6 3 35 2 87 11
0 122 0 86 6 0 26 0 77 10
0 122 23 86 6 0 26 0 77 10
0 116 21 81 0 0 26 0 74 9
0 116 65 81 0 0 26 0 74 9
0 111 62 73 0 0 26 0 67 3
0 111 62 73 0 0 26 0 67 18
0 105 60 66 0 0 22 0 58 13
0 105 60 67 0 0 22 0 58 13
0 101 55 66 0 0 19 0 54 11
0 101 55 66 49 0 19 0 54 11
0 95 51 58 44 0 9 0 46 2
0 95 51 58 44 0 86 0 46 2
0 89 50 55 41 0 81 0 37 0
0 89 50 55 83 0 81 0 37 0
0 88 42 55 83 0 76 0 30 0
0 88 42 109 83 0 76 0 30 0
0 82 34 101 82 0 70 0 29 0
0 97 34 101 82 0 70 0 29 0
0 93 27 101 78 0 69 0 26 0
0 93 27 101 78 0 69 0 89 0
0 87 26 95 73 0 60 0 80 0
0 87 45 95 73 0 60 0 80 0
0 80 41 87 69 0 57 0 80 0
0 80 41 87 69 0 57 0 82 0
0 74 38 83 64 0 56 0 79 0
0 74 38 83 64 11 56 0 79 0
0 74 32 76 56 5 50 0 69 0
0 74 32 76 56 5 50 0 152 0
0 73 23 74 47 5 50 0 144 0
0 112 23 74 47 5 50 0 144 0
0 106 17 65 39 4 41 0 135 0
0 171 17 65 39 4 41 0 135 0
0 167 9 59 30 4 34 0 125 0
0 167 9 127 30 4 34 0 125 0
0 157 5 122 25 0 28 0 120 0
0 157 5 122 25 0 28 43 120 0
0 148 4 121 24 0 18 42 117 0
0 148 21 121 24 0 18 42 117 0
0 142 14 119 22 0 9 33 116 0
0 142 14 119 22 0 9 67 116 0
0 141 13 110 17 0 2 63 112 0
0 141 13 110 17 0 2 116 112 0
0 131 13 100 16 0 0 114 108 0
0 131 13 100 16 0 0 114 108 93
0 124 7 94 15 0 0 110 108 85
0 188 7 94 15 0 0 110 108 85
0 183 5 86 6 0 0 109 107 77
0 183 5 86 91 0 0 109 107 77
0 180 0 82 82 0 0 104 106 72
30 180 0 82 82 0 0 104 106 72
26 179 0 80 77 0 0 95 101 72
26 179 0 80 77 83 0 95 101 72
18 176 0 72 72 74 0 86 95 71
18 176 0 72 72 74 0 86 164 71
14 173 0 67 69 64 0 82 164 63
14 173 0 67 69 64 50 82 164 63
12 164 0 58 67 54 49 74 159 55
12 164 0 58 67 58 49 74 159 55
5 158 0 56 62 50 49 69 157 53
5 217 0 56 62 50 49 69 157 53
0 210 0 50 53 48 49 69 155 49
0 305 0 50 53 48 49 69 155 49
0 295 0 40 43 41 39 69 150 39
0 295 0 118 43 41 39 69 150 39
0 291 0 116 38 41 29 68 141 32
0 291 0 116 38 41 29 135 141 32
0 282 0 106 29 33 22 133 139 28
0 282 36 106 29 33 22 133 139 28
0 273 30 100 25 31 18 132 139 25
0 369 30 100 25 31 18 132 139 25
0 361 28 98 24 30 18 126 130 23
0 361 28 141 24 30 18 126 130 23
0 353 25 136 20 21 16 116 120 23
0 353 25 136 20 21 16 116 120 42
0 346 24 130 19 21 14 116 112 36
0 346 24 130 19 21 54 116 112 36
0 338 14 128 13 17 47 107 109 28
0 338 14 128 13 17 99 107 109 28
0 331 12 118 6 9 92 106 105 21
10 331 12 118 6 9 92 106 105 21
8 331 8 114 0 6 84 103 95 16
20 331 8 114 0 6 84 103 95 16
19 322 8 114 0 6 82 97 85 11
19 322 8 114 59 6 82 97 85 11
13 321 1 105 58 3 75 93 82 6
13 321 1 105 58 3 155 93 82 6
5 317 0 102 49 0 152 85 75 1
30 317 0 102 49 0 152 85 75 1
29 315 0 98 49 0 149 81 72 0
117 315 0 98 49 0 149 81 72 0
115 315 0 93 43 0 139 79 62 0
115 315 0 93 63 0 139 79 62 0
105 308 0 87 57 0 139 79 57 0
105 308 0 87 57 0 139 111 57 0
97 308 0 81 52 0 139 107 56 0
180 308 0 81 52 0 139 107 56 0
179 300 0 78 48 0 135 100 53 0
179 372 0 78 48 0 135 100 53 0
174 370 0 69 40 0 128 93 44 0
174 370 0 162 40 0 128 93 44 0
173 361 0 154 36 0 124 93 40 0
173 361 0 154 36 0 124 93 40 36
168 356 0 148 34 0 118 86 39 34
266 356 0 148 34 0 118 86 39 34
257 347 0 148 26 0 116 82 36 28
257 347 0 148 26 0 116 122 36 28
253 347 0 146 18 0 112 122 34 25
253 347 0 146 18 0 112 122 34 30
252 344 0 136 9 0 102 115 34 26
262 344 0 136 9 0 102 115 34 26
259 337 0 134 7 0 97 110 34 16
259 337 0 134 7 88 97 110 34 16
258 335 0 133 6 87 93 105 26 15
258 335 0 133 6 87 93 105 30 15
258 334 0 127 5 84 90 99 29 6
258 334 0 127 5 84 90 166 29 6
251 326 0 119 0 74 86 164 26 0
265 326 0 119 0 74 86 164 26 0
263 316 0 116 0 70 83 158 18 0
263 417 0 116 0 70 83 158 18 0
260 416 0 113 0 69 75 154 11 0
260 460 0 113 0 69 75 154 11 0
255 460 0 112 0 63 67 151 6 0
255 460 0 112 0 63 67 232 6 0
248 454 0 102 0 58 63 231 0 0
248 454 0 102 89 58 63 231 0 0
248 444 0 97 86 54 58 225 0 0
248 444 59 97 86 54 58 225 0 0
242 437 54 92 77 54 53 220 0 0
242 437 54 110 77 54 53 220 0 0
234 430 54 104 76 47 48 219 0 0
234 430 149 104 76 47 48 219 0 0
226 426 146 97 67 40 46 210 0 0
233 426 146 97 67 40 46 210 0 0
225 421 141 97 61 37 36 209 0 0
225 421 141 97 61 37 36 273 0 0
223 417 135 91 53 28 26 271 0 0
223 417 208 91 53 28 26 271 0 0
214 409 204 84 51 26 19 264 0 0
260 409 204 84 51 26 19 264 0 0
257 404 204 74 42 16 17 257 0 0
257 497 204 74 42 16 17 257 0 0
250 489 194 65 34 6 14 257 0 0
250 489 194 70 34 6 14 257 0 0
245 486 189 62 29 5 13 257 0 0
245 486 189 62 29 5 13 257 13 0
243 482 183 53 28 0 3 248 11 0
243 482 183 53 28 0 3 248 33 0
243 480 178 48 21 0 0 239 33 0
243 480 178 48 21 0 60 239 33 0
238 476 175 41 19 0 50 234 23 0
238 476 175 41 83 0 50 234 23 0
236 471 172 38 74 0 50 234 19 0
236 471 172 38 74 0 50 234 96 0
235 463 170 33 71 0 43 232 94 0
235 463 170 33 71 0 43 240 94 0
226 460 161 24 68 0 39 238 88 0
226 460 161 24 68 0 39 238 159 0
219 452 153 21 65 0 38 238 150 0
219 452 153 21 65 0 38 238 250 0
210 448 149 18 63 0 36 228 249 0
210 448 149 18 63 67 36 228 249 0
200 446 142 18 56 67 26 226 239 0
200 446 142 23 56 67 26 226 239 0
192 445 139 17 50 58 26 224 233 0
192 445 139 17 50 58 26 224 313 0
182 440 135 17 49 52 22 221 312 0
182 440 135 17 49 52 22 309 312 0
181 434 125 11 45 43 14 307 303 0
181 434 125 11 45 43 14 370 303 0
175 426 121 5 44 36 7 364 303 0
175 426 121 5 44 36 87 364 303 0
169 420 119 1 42 35 81 356 295 0
169 420 119 1 42 35 81 356 305 0
163 413 114 0 32 30 71 355 299 0
163 413 114 31 32 30 71 355 299 0
159 405 112 28 26 25 66 355 289 0
159 405 112 28 26 25 158 355 289 0
158 403 112 26 20 16 150 353 284 0
158 403 112 26 55 16 150 353 284 0
155 393 104 19 53 15 140 344 283 0
155 393 104 19 53 15 145 344 283 0
145 387 102 19 49 11 138 337 277 0
145 387 102 19 150 11 138 337 277 0
140 384 92 17 146 11 137 328 270 0
140 384 92 17 234 11 137 328 270 0
130 383 82 11 233 11 132 328 260 0
130 383 82 36 233 11 132 328 260 0
120 380 73 36 225 3 127 320 258 0
120 380 73 36 225 11 127 320 258 0
117 376 68 31 219 6 119 314 255 0
117 376 68 31 219 6 119 393 255 0
111 371 63 30 218 0 116 385 247 0
111 371 63 98 218 0 116 385 247 0
104 371 56 98 213 0 112 381 243 0
104 371 56 145 213 0 112 381 243 0
104 363 47 143 205 0 102 381 242 0
104 363 47 143 205 0 102 381 242 60
97 355 46 142 202 0 92 373 236 57
97 355 46 142 290 0 92 373 236 57
88 348 44 133 287 0 90 373 235 51
88 348 122 133 287 0 90 373 235 51
83 341 112 131 279 0 85 368 235 47
83 341 112 197 279 0 85 368 235 47
77 333 107 187 275 0 76 368 229 47
77 333 107 187 275 0 121 368 229 47
77 329 98 184 271 0 116 365 221 45
77 329 98 211 271 0 116 365 221 45
74 321 95 202 271 0 106 364 219 35
74 321 95 202 305 0 106 364 219 35
66 313 92 196 295 0 99 354 217 35
66 313 92 196 295 0 165 354 217 35
65 307 89 193 292 0 164 351 207 27
65 307 89 193 292 0 164 436 207 27
61 298 88 188 284 0 155 435 205 26
61 298 88 188 331 0 155 435 205 26
55 297 85 184 321 0 152 434 199 24
55 358 85 184 321 0 152 434 199 24
46 350 85 179 312 0 142 434 193 23
135 350 85 179 312 0 142 434 193 23
129 346 79 179 307 0 140 433 193 18
129 431 79 179 307 0 140 433 193 18
128 426 73 171 302 0 133 431 190 12
128 507 73 171 302 0 133 431 190 12
118 498 69 169 293 0 130 423 185 7
118 498 69 169 293 0 130 423 222 7
116 488 62 160 291 0 124 422 217 2
116 488 62 160 291 0 124 422 217 88
116 482 52 156 290 0 123 417 215 87
116 482 52 236 290 0 123 417 215 87
110 475 50 227 281 0 120 411 207 79
110 475 133 227 281 0 120 411 207 79
100 465 132 218 281 0 119 411 200 71
100 465 132 218 281 82 119 411 200 71
97 456 128 210 271 77 119 407 195 71
97 456 128 210 271 79 119 407 195 71
97 456 119 205 262 74 117 405 189 66
97 529 119 205 262 74 117 405 189 66
93 522 117 199 257 72 115 402 189 65
142 522 117 199 257 72 115 402 189 65
139 522 110 194 251 71 113 402 180 57
139 522 110 194 340 71 113 402 180 57
137 512 109 184 334 69 112 399 174 49
179 512 109 184 334 69 112 399 174 49
178 504 103 178 330 68 104 390 166 42
178 504 103 178 330 68 104 390 166 78
176 501 95 169 328 61 99 385 163 77
218 501 95 169 328 61 99 385 163 77
214 493 87 168 325 52 99 377 159 74
214 493 87 168 325 52 102 377 159 74
211 486 85 161 319 50 99 374 158 73
211 486 85 161 320 50 99 374 158 73
209 484 77 154 310 50 90 366 153 63
209 484 77 154 310 50 90 465 153 63
205 481 67 149 303 49 83 459 143 57
205 481 140 149 303 49 83 459 143 57
201 480 140 145 300 49 74 458 139 56
201 480 140 145 300 49 74 458 139 66
201 473 135 141 298 47 68 448 134 58
201 473 135 141 298 143 68 448 134 58
197 467 126 131 289 139 68 440 133 50
259 467 126 131 289 139 68 440 133 50
256 466 118 125 285 130 59 431 132 48
256 466 118 125 285 130 59 431 132 146
256 456 116 123 282 127 54 430 132 140
256 456 116 123 282 127 54 430 132 222
250 451 115 119 274 125 46 427 125 219
250 451 115 119 274 125 137 427 125 219
244 448 113 110 267 123 136 425 122 215
244 448 113 110 267 123 210 425 122 215
240 442 113 105 258 114 203 419 115 213
240 442 113 105 258 114 203 419 115 213
230 441 113 101 256 114 195 415 108 206
230 441 113 101 351 114 195 415 108 206
226 434 105 97 343 104 188 414 100 199
226 434 143 97 343 104 188 414 100 199
225 424 137 97 339 103 180 404 94 191
225 424 146 97 339 103 180 404 94 191
225 423 136 97 330 97 178 395 90 189
268 423 136 97 330 97 178 395 90 189
264 417 132 87 326 88 171 392 90 182
264 417 132 87 326 88 171 392 171 182
259 408 129 83 321 88 169 392 171 173
312 408 129 83 321 88 169 392 171 173
302 400 123 75 313 84 159 386 167 163
302 400 123 75 313 84 159 386 255 163
300 399 118 65 309 78 149 379 251 163
300 479 118 65 309 78 149 379 251 163
293 472 114 60 308 75 141 375 243 161
293 472 114 60 334 75 141 375 243 161
289 470 107 56 324 68 139 366 235 154
289 470 107 56 324 68 139 366 286 154
281 469 103 54 315 66 132 359 282 154
281 469 142 54 315 66 132 359 282 154
279 464 137 54 312 61 124 352 272 150
279 464 137 54 312 61 157 352 272 150
275 459 136 47 311 57 152 342 266 149
275 459 136 47 311 57 247 342 266 149
268 450 135 47 301 49 246 338 263 140
268 450 135 47 301 49 246 338 311 140
260 446 129 42 299 39 241 336 302 137
260 446 129 42 299 95 241 336 302 137
251 442 127 34 298 91 236 327 297 128
251 442 127 34 336 91 236 327 297 128
248 433 123 24 329 84 227 320 292 124
248 433 216 24 329 84 227 320 292 124
248 425 216 16 320 75 219 319 292 115
346 425 216 16 320 75 219 319 292 115
339 422 207 12 319 68 212 310 284 109
339 471 207 12 319 68 212 310 284 109
336 465 201 11 315 60 209 304 282 108
336 465 201 11 315 60 209 381 282 108
336 464 192 10 314 57 209 378 274 102
336 464 192 10 314 57 209 378 274 102
333 459 185 10 313 48 199 373 272 97
333 459 185 10 313 114 199 373 272 97
333 449 176 6 303 113 199 368 267 93
333 449 176 6 303 113 199 462 267 93
324 445 170 0 293 104 194 455 262 91
324 445 170 0 293 104 194 455 262 102
319 445 166 0 290 104 192 455 259 96
319 445 242 0 290 104 192 455 259 96
317 442 239 0 281 97 190 453 249 89
317 442 239 16 281 97 190 453 249 89
307 436 233 14 271 87 183 449 248 89
307 437 233 14 271 87 183 449 248 89
300 432 227 4 268 87 181 446 243 89
300 432 227 4 268 178 181 446 243 89
300 426 226 0 263 170 181 443 235 87
300 426 226 0 263 170 181 443 280 87
292 417 219 0 253 165 175 443 277 81
292 417 219 40 253 165 175 443 277 81
287 415 217 39 249 159 168 441 271 72
287 415 265 39 249 159 168 441 271 72
279 415 257 39 243 150 158 439 261 65
279 415 257 39 243 150 158 439 354 65
269 409 255 35 233 146 156 432 354 62
269 409 282 35 233 146 156 432 354 62
259 403 277 30 233 136 148 432 347 60
259 403 277 129 233 136 148 432 347 60
250 400 277 127 231 126 138 427 342 55
250 400 373 127 231 126 138 427 342 55
243 393 372 118 223 122 129 419 332 54
243 393 372 118 223 212 129 419 332 54
237 392 370 115 216 212 120 417 323 52
237 392 425 115 216 212 120 417 323 52
228 385 417 115 208 210 116 409 316 46
228 385 417 115 208 210 116 471 316 46
218 378 409 115 208 210 114 468 313 36
218 378 409 115 208 210 114 536 313 36
217 372 401 106 206 202 114 532 310 34
217 372 401 106 302 202 114 532 310 34
209 362 394 97 299 195 114 525 302 31
209 362 405 97 299 195 114 525 302 31
209 358 403 94 298 191 104 518 298 21
215 358 403 94 298 191 104 518 298 21
209 349 401 87 298 183 99 509 288 15
209 349 401 87 298 183 99 509 342 15
201 346 399 79 290 179 93 509 336 6
201 346 399 79 290 179 93 509 336 89
200 340 390 75 285 177 83 501 335 83
200 340 390 75 330 177 83 501 335 83
195 331 381 74 329 173 79 491 331 73
195 331 381 143 329 173 79 491 331 73
189 321 376 140 325 168 78 490 321 70
189 321 376 140 325 168 78 490 402 70
186 318 368 137 315 168 75 488 398 64
186 318 368 137 315 168 111 488 398 64
176 317 366 129 305 165 106 478 392 61
176 317 366 129 305 165 106 478 392 62
167 313 357 126 301 165 100 477 390 57
167 313 357 126 301 165 100 477 428 57
158 303 351 120 298 165 100 475 418 54
173 303 351 120 298 165 100 475 418 54
163 297 351 117 297 155 93 466 416 50
163 297 351 117 297 155 93 500 416 50
156 288 342 112 292 148 83 500 410 49
156 288 342 112 292 211 83 500 410 49
152 286 337 111 284 201 78 499 405 45
152 385 337 111 284 201 78 499 405 45
149 378 331 107 281 201 78 493 405 38
149 378 331 107 281 201 78 493 439 38
148 378 329 106 279 200 75 493 431 37
148 378 329 106 279 200 75 554 431 37
147 373 324 104 270 196 73 548 429 28
147 373 324 104 362 196 73 548 429 28
144 367 323 94 357 194 73 538 421 25
144 367 323 94 357 194 73 538 421 30
142 367 317 85 347 185 69 534 416 30
142 424 317 85 347 185 69 534 416 30
139 424 310 84 344 181 63 530 416 22
139 424 310 84 344 181 121 530 416 22
138 419 305 80 337 179 117 523 416 14
138 419 305 80 421 179 117 523 416 14
135 418 303 74 415 176 108 514 415 4
135 418 303 74 415 176 108 540 415 4
130 415 294 69 413 173 102 532 412 2
130 455 294 69 413 173 102 532 412 2
121 446 293 65 405 166 94 532 409 0
121 446 293 123 405 166 94 532 409 0
113 443 286 113 397 164 93 528 405 0
113 443 286 113 397 164 93 528 466 0
111 435 281 107 390 159 93 521 460 0
111 435 281 107 390 159 93 521 460 51
107 434 275 102 387 155 84 520 456 49
149 434 275 102 387 155 84 520 456 49
141 430 270 99 387 146 76 511 448 47
141 430 270 99 387 146 76 511 537 47
139 422 268 92 377 140 75 511 529 42
139 422 268 92 422 140 75 511 529 42
132 414 264 86 413 133 69 502 520 36
132 414 364 86 413 133 69 502 520 36
128 414 356 86 403 129 59 493 511 26
128 500 356 86 403 129 59 493 511 26
120 494 348 83 393 129 53 490 503 25
120 494 348 83 393 129 53 490 503 25
112 492 341 77 390 124 53 483 499 21
112 492 341 77 485 124 53 483 499 21
104 486 332 67 475 119 44 473 489 21
104 486 408 67 475 119 44 473 489 21
101 486 407 64 469 113 35 465 487 19
101 486 407 64 469 113 35 465 487 119
98 476 406 54 465 104 31 464 485 117
98 476 406 54 473 104 31 464 485 117
95 467 405 54 465 96 28 463 485 113
95 467 405 54 486 96 28 463 485 113
94 464 397 44 476 92 26 463 481 109
94 464 397 44 476 92 26 463 481 202
93 462 389 39 474 89 22 460 471 197
93 462 434 39 474 89 22 460 471 197
89 460 425 37 464 87 14 453 465 189
89 460 425 37 487 87 14 453 465 189
81 454 421 28 477 84 10 452 458 189
81 454 484 28 477 84 10 452 458 189
81 449 475 26 473 84 4 452 457 189
81 449 475 26 473 84 4 452 512 189
79 440 474 25 470 77 2 450 511 186
79 440 474 25 470 77 2 450 572 186
77 438 469 23 460 76 0 447 571 178
77 438 469 23 460 174 0 447 571 178
70 430 465 15 451 167 0 444 565 169
70 430 465 15 502 167 0 444 565 169
63 420 458 7 499 161 0 434 555 165
63 420 458 7 499 209 0 434 555 165
61 411 451 3 493 209 0 430 552 155
61 411 451 3 493 209 0 430 552 155
60 406 449 0 484 205 0 424 545 148
60 406 449 0 484 205 0 424 640 148
51 400 441 0 478 199 0 424 640 142
51 468 441 0 478 199 0 424 640 142
48 465 431 0 472 199 0 424 637 136
48 465 431 0 490 199 0 424 637 136
44 463 431 0 484 196 0 421 627 126
44 463 431 0 484 196 0 421 652 126
44 461 426 0 477 186 0 420 647 125
44 461 426 0 532 186 0 420 647 125
39 456 425 0 529 179 0 416 638 123
39 456 425 0 529 179 0 416 660 123
37 451 422 0 522 170 0 410 653 119
37 451 422 0 535 170 0 410 653 119
29 441 416 0 526 166 0 408 649 114
29 441 416 0 526 166 24 408 649 114
25 435 409 0 522 163 22 404 645 113
25 435 409 0 522 163 91 404 645 113
15 426 405 0 520 162 89 394 635 113
15 426 405 0 520 162 89 394 635 146
14 417 403 0 519 157 84 393 626 142
14 435 403 0 519 157 84 393 626 142
12 435 395 0 519 147 74 385 622 134
12 435 466 0 519 147 74 385 622 134
7 432 459 0 514 138 73 375 622 125
105 432 459 0 514 138 73 375 622 125
96 427 450 0 514 128 65 369 620 120
96 427 510 0 514 128 65 369 620 120
96 427 502 0 514 123 58 363 611 115
96 427 502 0 514 200 58 363 611 115
87 427 494 0 506 199 58 362 604 107
87 427 494 0 506 199 58 444 604 107
85 418 493 0 500 189 53 444 595 99
85 418 493 0 500 189 53 460 595 99
78 412 484 0 492 183 51 457 593 99
78 412 484 0 492 183 77 457 593 99
68 402 477 0 486 183 70 451 586 93
68 402 477 0 486 227 70 451 586 93
65 401 473 0 477 217 67 449 585 87
65 481 473 0 477 217 67 449 585 87
62 480 465 0 468 207 62 441 577 84
62 505 465 0 468 207 62 441 577 84
54 502 462 0 468 203 60 437 576 74
54 566 462 0 468 203 60 437 576 74
53 560 452 0 459 199 58 435 568 69
53 560 452 96 459 199 58 435 568 69
46 554 450 94 450 194 51 434 565 68
46 554 450 129 450 194 51 434 565 68
40 544 450 128 443 185 46 425 561 61
40 544 450 128 443 185 46 425 561 121
34 534 444 122 443 175 46 417 557 113
34 632 444 122 443 175 46 417 557 113
26 628 439 117 436 171 37 408 552 112
26 631 439 117 436 171 37 408 552 112
23 630 431 108 432 165 35 402 550 112
23 630 431 108 432 243 35 402 550 112
20 628 428 107 427 236 27 400 549 109
20 628 428 107 427 236 27 438 549 109
18 627 421 99 423 227 26 437 543 106
18 627 421 99 423 227 26 442 543 106
15 621 413 99 417 223 24 432 534 101
15 621 413 99 417 223 30 432 534 101
6 617 405 98 410 221 23 429 533 96
6 617 405 98 410 221 23 429 546 96
6 612 397 90 410 215 23 423 545 96
6 612 397 138 410 215 23 423 545 96
1 607 390 128 407 208 18 421 539 89
78 607 390 128 407 208 18 421 539 89
71 599 390 125 405 201 12 418 536 81
71 599 390 125 405 201 12 418 536 94
70 599 389 120 395 197 4 411 531 84
70 599 389 120 395 197 4 411 531 162
60 597 388 111 387 193 1 409 522 155
60 597 388 111 387 193 1 409 623 155
59 594 386 105 381 192 0 400 616 149
59 594 386 105 381 192 0 431 616 149
56 594 376 96 374 182 0 424 608 140
56 594 376 171 374 182 0 424 608 140
51 590 375 161 374 174 0 418 606 130
51 613 375 161 374 174 0 418 606 130
48 607 375 157 370 172 0 409 604 123
48 661 375 157 370 172 0 409 604 123
48 654 374 152 368 166 0 408 594 115
48 654 427 152 368 166 0 408 594 115
39 652 418 144 360 156 0 403 584 114
39 652 418 144 360 156 85 403 584 114
34 645 418 136 351 155 84 395 580 108
34 645 418 136 351 155 149 395 580 108
34 642 416 132 346 155 140 389 575 99
34 642 416 132 346 155 140 389 661 99
27 634 416 129 341 153 133 388 652 90
27 634 416 129 341 153 133 388 664 90
25 632 407 119 337 147 123 385 661 81
25 632 407 119 337 147 133 385 661 81
17 624 402 111 329 147 130 379 655 77
17 624 402 152 329 147 130 379 655 77
10 619 399 144 324 147 129 370 649 73
10 619 399 144 324 147 129 412 649 73
6 614 398 139 319 146 129 407 641 73
6 614 398 139 319 146 129 407 641 123
6 610 391 139 312 138 123 407 632 123
54 610 391 139 312 138 123 407 632 123
51 608 382 139 302 137 117 397 628 113
51 608 382 139 302 137 117 412 628 113
43 603 375 138 292 128 111 408 624 109
43 603 375 138 292 128 170 408 624 109
35 594 371 132 287 127 166 404 616 100
35 594 371 132 287 127 254 404 616 100
28 591 362 132 287 127 247 398 613 90
28 591 394 132 287 127 247 398 613 90
18 581 394 126 277 122 247 391 607 86
18 581 473 126 277 122 247 391 607 86
12 581 464 120 270 120 239 389 600 81
12 581 464 148 270 120 239 389 600 81
10 577 462 139 261 117 237 380 598 76
10 577 462 139 261 117 237 380 598 76
8 570 453 139 252 113 230 376 592 67
8 570 453 170 252 113 230 376 592 67
7 567 451 167 246 113 227 367 587 61
7 567 451 167 246 113 227 457 587 61
0 558 450 166 246 105 227 451 585 51
0 558 450 166 246 105 227 540 585 51
0 549 448 165 246 98 222 538 580 42
0 549 453 165 246 98 222 538 580 42
0 547 451 165 236 94 216 534 574 35
0 547 451 165 236 94 216 574 574 35
0 542 449 160 233 87 210 564 573 28
0 542 449 160 233 87 270 564 573 28
0 539 449 156 226 80 267 556 571 20
27 539 449 156 226 80 267 556 571 20
26 537 440 154 224 75 262 551 571 15
26 537 440 154 224 75 262 622 571 15
24 530 440 144 222 70 260 615 562 5
24 530 540 144 222 70 260 615 562 5
17 520 539 143 216 68 256 608 559 2
17 520 539 143 242 68 256 608 559 2
16 515 536 133 238 61 248 603 551 0
16 515 536 133 238 61 248 675 551 0
8 509 531 126 234 51 247 669 545 0
8 509 531 188 234 51 247 669 545 0
3 501 526 188 230 43 243 659 536 0
64 501 526 188 230 43 243 659 536 0
58 494 526 185 223 41 243 652 530 0
58 494 526 185 223 41 243 652 609 0
50 492 523 176 217 34 238 652 603 0
58 492 523 176 217 34 238 652 603 0
51 489 522 167 214 31 238 650 600 0
51 489 522 167 214 41 238 650 600 0
47 483 512 167 212 37 232 641 595 0
47 483 532 167 212 37 232 641 595 0
39 474 528 163 202 37 228 636 594 0
39 474 528 163 202 37 228 636 687 0
34 474 519 158 197 33 221 633 677 0
34 474 519 158 197 33 221 633 720 0
26 472 510 151 193 24 215 630 712 0
26 472 510 151 193 24 278 630 712 0
22 463 501 144 183 21 277 622 704 0
22 463 501 144 183 21 277 689 704 0
14 460 501 134 174 16 270 680 700 0
14 460 568 134 174 16 270 680 700 0
4 452 558 125 166 12 269 675 698 0
20 452 558 125 166 12 269 675 698 0
16 445 548 124 158 5 260 666 693 0
16 445 548 124 158 5 260 666 693 88
12 439 540 120 148 3 259 660 683 84
12 439 540 120 148 3 259 660 683 173
9 431 537 110 147 0 250 657 675 172
9 467 537 110 147 0 250 657 675 172
3 465 528 107 147 0 245 655 672 164
3 465 528 107 147 0 331 655 672 164
2 460 519 106 138 0 324 651 664 160
2 460 519 106 225 0 324 651 664 160
0 458 512 104 223 0 316 644 659 153
10 458 512 104 223 0 316 644 659 153
9 458 502 95 223 0 306 638 659 152
108 458 502 95 223 0 306 638 659 152
105 448 500 87 216 0 297 636 653 145
105 448 500 87 216 0 350 636 653 145
97 448 490 86 211 0 346 630 648 138
97 448 490 86 211 19 346 630 648 138
87 439 485 86 207 9 336 630 639 134
87 439 485 86 207 9 355 630 639 134
77 430 479 83 202 5 353 623 636 124
77 430 479 83 202 74 353 623 636 124
76 427 477 79 199 67 352 623 631 119
76 427 477 79 245 67 352 623 631 119
68 422 470 71 236 62 345 616 624 111
68 422 470 71 236 62 345 616 624 115
65 417 463 66 229 59 336 613 622 111
65 417 463 66 229 59 336 701 622 111
56 410 458 63 228 57 330 701 618 101
56 411 458 63 228 57 330 701 618 101
46 403 452 54 218 53 326 698 614 100
46 403 452 54 242 53 326 698 614 100
46 396 448 47 240 50 316 695 611 90
46 396 448 47 240 50 316 695 619 90
36 396 438 40 235 50 307 686 609 89
36 396 480 40 235 50 307 686 609 89
36 395 477 37 231 49 297 676 600 88
72 395 477 37 231 49 297 676 600 88
62 387 470 27 229 49 287 667 596 79
62 387 470 27 229 49 366 667 596 79
57 379 460 17 219 42 357 660 592 70
57 379 556 17 219 42 357 660 592 70
51 378 553 8 218 42 349 660 588 65
69 378 553 8 218 42 349 660 588 65
65 377 549 8 208 33 342 655 579 56
65 377 549 8 208 33 342 655 579 138
62 371 540 7 204 27 336 652 572 137
62 371 540 7 204 27 336 652 661 137
53 371 530 0 203 27 330 650 659 135
53 371 530 0 203 77 330 650 659 135
50 363 522 0 194 74 325 645 658 134
50 363 522 0 267 74 325 645 658 134
40 357 514 0 266 71 318 644 653 126
40 389 514 0 266 71 318 644 653 126
37 381 510 0 260 61 312 637 644 118
37 381 510 0 260 61 403 637 644 118
31 371 500 0 251 51 401 627 643 112
31 371 500 83 251 51 401 627 643 112
26 362 500 79 246 50 391 617 635 112
26 362 500 79 246 146 391 617 635 112
23 362 495 69 239 146 391 610 629 107
117 362 495 69 239 146 391 610 629 107
111 360 492 69 233 143 387 601 627 98
111 360 492 69 233 143 387 697 627 98
107 357 482 64 229 138 387 689 626 88
107 357 482 64 229 138 463 689 626 88
104 348 479 58 228 135 457 680 617 78
104 348 479 58 228 135 550 680 617 78
104 347 474 56 225 126 548 678 607 68
104 347 474 56 225 126 548 678 707 68
100 344 468 52 221 123 547 675 699 67
100 344 468 52 221 123 593 675 699 67
96 338 464 42 214 122 587 671 693 67
96 338 464 42 214 122 587 695 693 67
86 328 464 42 212 117 584 689 684 62
86 328 464 42 212 117 584 689 751 62
85 324 463 33 207 112 578 688 742 56
85 324 463 33 207 112 620 688 742 56
75 318 454 31 202 106 613 679 736 49
75 318 454 31 265 106 613 679 736 49
72 309 454 21 263 106 610 671 731 40
72 309 454 21 263 106 651 671 731 40
65 301 449 17 257 100 648 666 728 32
65 301 449 17 257 102 648 666 728 32
60 297 443 17 255 95 639 662 719 24
60 297 443 17 255 95 639 722 719 24
56 291 435 11 248 92 631 713 714 14
56 291 435 11 280 92 631 713 714 14
49 285 426 8 274 90 621 709 714 10
49 285 426 8 274 185 621 709 714 10
42 275 416 5 271 184 618 709 705 0
42 275 416 5 271 184 618 794 705 0
42 273 412 0 267 175 608 789 700 0
42 273 412 0 305 175 608 789 700 0
35 267 411 0 303 171 604 779 692 0
35 267 411 0 338 171 604 779 692 0
31 258 410 0 328 162 594 774 686 0
31 356 410 0 328 162 594 774 686 0
22 350 409 0 320 153 587 767 681 0
22 350 409 0 320 205 587 767 681 0
15 341 405 0 317 198 584 764 673 0
15 341 405 0 317 198 584 835 673 0
7 337 403 0 317 188 574 826 670 0
7 337 403 0 381 188 574 826 670 0
6 330 397 0 381 188 564 817 670 0
6 330 397 0 381 188 594 817 670 0
0 327 390 0 371 178 591 808 667 0
0 327 390 0 446 178 591 808 667 0
0 320 383 0 440 177 590 804 660 0
0 376 383 0 440 177 590 804 660 0
0 366 381 0 435 169 581 800 650 0
0 366 381 0 512 169 581 800 650 0
0 361 379 0 503 159 575 792 645 0
0 361 441 0 503 159 575 792 645 0
0 357 435 0 503 152 568 792 645 0
0 357 435 0 503 152 568 818 645 0
0 352 429 0 498 142 566 810 636 0
0 352 489 0 498 142 566 810 636 0
0 343 479 0 489 136 560 802 628 0
0 343 479 0 489 136 648 802 628 0
0 341 472 0 482 133 639 802 618 0
0 341 499 0 482 133 639 802 618 0
0 331 493 0 472 133 633 794 613 0
70 331 493 0 472 133 633 794 613 0
68 321 486 0 465 125 626 784 612 0
68 321 486 0 465 125 626 784 612 7
66 315 481 0 463 123 619 775 610 0
66 315 481 14 463 123 619 775 610 0
64 309 480 10 462 121 619 765 606 0
64 309 480 10 462 121 619 765 606 6
63 301 476 8 456 119 611 760 604 2
72 301 476 8 456 119 611 760 604 2
63 295 474 7 452 109 611 755 602 0
63 392 474 7 452 109 611 755 602 0
55 392 468 4 444 100 603 754 594 0
148 392 468 4 444 100 603 754 594 0
138 383 464 0 438 97 602 750 584 0
138 383 565 0 438 97 602 750 584 0
130 382 565 0 435 95 599 740 583 0
130 382 565 0 435 95 602 740 583 0
126 375 561 0 426 86 600 736 573 0
126 375 561 0 426 86 600 736 603 0
120 367 558 0 417 85 593 726 603 0
120 367 558 0 417 124 593 726 603 0
115 361 557 0 414 120 585 722 594 0
115 361 557 0 438 120 585 722 594 0
105 356 547 0 432 120 575 721 591 0
105 356 547 0 487 120 575 721 591 0
99 355 545 0 486 118 565 711 585 0
99 355 545 0 486 179 565 711 585 0
99 355 537 0 484 179 557 701 581 0
99 355 537 0 484 179 557 701 663 0
97 352 534 0 480 177 554 695 663 0
97 352 534 0 480 177 554 695 663 78
87 345 524 0 473 170 550 686 660 71
87 345 524 0 473 240 550 686 660 71
79 344 524 0 470 233 548 686 657 66
79 344 524 0 470 233 548 686 700 66
70 336 521 0 466 230 546 677 691 66
70 336 521 0 466 230 546 677 691 66
67 328 516 0 461 225 536 677 688 59
67 328 516 0 461 225 536 677 688 71
63 326 511 0 456 223 533 667 680 71
63 326 511 0 456 223 533 749 680 71
59 319 506 0 456 223 532 749 675 71
59 319 506 73 456 223 532 749 675 71
53 314 496 64 447 221 532 747 665 68
53 314 496 64 447 221 584 747 665 68
47 314 492 55 441 214 582 739 665 63
47 314 492 55 441 214 582 771 665 63
46 304 487 49 438 205 573 767 661 58
46 304 514 49 438 205 573 767 661 58
44 300 510 46 434 203 563 762 652 52
44 300 510 74 434 203 563 762 652 52
34 295 500 65 433 202 559 756 642 45
34 295 500 65 433 202 559 756 652 45
28 285 494 58 433 195 552 749 651 44
28 285 494 58 439 195 552 749 651 44
25 282 492 56 436 188 542 749 648 40
25 282 492 56 465 188 542 749 648 40
15 275 491 56 455 181 539 740 640 40
15 275 553 56 455 181 539 740 640 40
13 273 553 49 452 181 532 732 631 30
13 273 553 49 547 181 532 732 631 30
6 263 543 39 541 176 525 726 621 23
6 263 543 39 541 176 525 726 682 23
0 259 535 30 541 175 520 717 677 19
0 259 535 30 541 185 520 717 677 19
0 252 533 30 537 181 515 716 670 15
0 252 533 30 537 181 515 716 687 15
0 250 529 28 534 177 505 716 680 12
0 250 529 28 534 177 564 716 680 12
0 246 527 24 534 177 561 706 680 3
0 246 527 24 534 177 561 760 680 3
0 236 518 20 531 173 553 759 676 0
0 236 518 20 531 173 553 759 676 53
0 235 508 20 524 167 548 753 671 46
0 235 508 20 597 167 548 753 671 46
0 226 500 20 589 161 548 747 662 36
0 323 500 20 589 161 548 747 662 36
0 319 499 15 581 155 540 744 660 27
45 319 499 15 581 155 540 744 660 27
43 317 495 14 579 153 540 742 658 27
43 326 495 14 579 153 540 742 658 27
37 325 486 9 579 148 533 741 655 26
37 325 486 66 579 148 533 741 655 26
34 321 479 61 570 140 524 734 650 24
42 321 479 61 570 140 524 734 650 24
38 319 477 55 569 133 514 729 650 21
38 351 477 55 569 133 514 729 650 21
29 350 469 45 566 132 514 723 646 16
60 350 469 45 566 132 514 723 646 16
54 340 461 45 562 127 514 718 637 7
54 340 461 139 562 127 514 718 637 7
44 337 454 135 561 122 504 717 636 0
44 337 454 187 561 122 504 717 636 0
35 334 450 186 561 115 495 707 631 0
35 334 450 276 561 115 495 707 631 0
33 326 443 269 553 105 490 698 627 0
33 326 443 269 553 105 490 698 661 0
28 318 434 261 552 104 483 695 651 0
28 318 495 261 552 104 483 695 651 0
22 316 491 251 549 99 473 695 641 0
26 316 491 251 549 99 473 695 641 0
23 306 482 243 548 92 465 691 634 0
23 378 482 243 548 92 465 691 634 0
19 376 480 242 539 83 460 683 628 0
19 376 480 242 539 83 460 744 628 0
17 368 471 233 533 76 450 742 622 0
17 368 471 298 533 76 450 742 622 0
9 362 465 291 527 73 442 742 620 0
84 362 465 291 527 73 442 742 620 0
77 356 458 282 523 72 434 742 614 0
77 356 458 282 523 72 434 755 614 0
75 349 456 277 518 68 425 749 612 0
75 349 477 277 518 68 425 749 612 0
65 345 470 276 516 61 419 745 611 0
65 345 470 276 516 61 477 745 611 0
56 340 461 272 507 56 472 738 605 0
56 340 461 366 507 56 472 738 605 0
48 336 456 366 497 55 466 728 595 0
48 336 491 366 497 55 466 728 595 0
42 329 485 366 496 53 460 720 588 0
42 329 485 366 496 53 460 720 588 34
38 326 478 359 490 51 459 712 585 24
38 326 478 359 490 51 459 792 585 24
38 324 472 357 490 44 452 788 577 15
38 324 472 357 490 44 452 788 656 15
38 320 470 350 486 39 445 780 649 14
38 320 470 350 486 39 502 780 649 14
30 317 464 340 486 36 492 775 640 7
30 317 464 340 542 36 492 775 640 7
23 308 464 334 538 28 490 765 640 4
23 308 464 334 538 28 490 765 642 4
13 300 464 332 528 20 488 757 642 0
13 300 464 337 528 20 488 757 642 0
5 293 461 337 521 20 483 749 634 0
5 293 461 337 521 53 483 749 634 0
1 289 452 332 520 51 482 749 627 0
1 289 534 332 520 51 482 749 627 0
0 283 528 322 511 46 482 748 625 0
0 283 528 322 604 46 482 748 625 0
0 279 518 315 599 41 476 741 618 0
0 279 518 315 599 41 476 741 618 33
0 274 508 307 592 41 474 738 614 32
0 274 508 307 592 104 474 738 614 32
0 269 498 303 587 101 469 729 614 23
0 269 498 303 587 101 469 729 614 41
0 262 492 303 577 97 467 723 613 40
0 262 492 303 577 97 467 812 613 40
0 252 492 293 568 89 461 804 607 32
0 252 492 293 568 115 461 804 607 32
0 251 486 283 561 112 451 803 603 26
0 251 486 311 561 112 451 803 603 26
0 243 476 309 552 108 444 793 601 18
0 243 476 309 602 108 444 793 601 18
0 238 472 304 592 105 442 788 594 17
0 238 472 304 592 105 528 788 594 17
0 229 470 297 587 99 520 781 588 10
0 229 470 297 587 99 550 781 588 10
0 223 468 296 586 90 541 778 586 5
0 223 468 369 586 90 541 778 586 5
0 223 463 368 586 87 536 775 580 0
0 223 463 368 592 87 536 775 580 0
0 221 457 363 589 83 535 769 580 0
0 221 465 363 589 83 535 769 580 0
0 217 455 363 580 80 526 761 579 0
0 217 455 363 580 80 526 796 579 0
0 212 449 358 571 79 517 791 574 0
0 212 449 358 571 79 551 791 574 0
0 211 445 351 563 76 541 784 570 0
0 211 526 351 563 76 541 784 570 0
0 204 520 345 563 75 532 780 560 0
0 204 520 345 563 75 532 811 560 0
0 200 513 341 562 71 528 802 560 0
0 200 513 341 633 71 528 802 560 0
0 190 506 341 624 70 524 802 559 0
0 190 518 341 624 70 524 802 559 0
0 186 516 336 623 61 519 801 557 0
0 186 516 336 623 61 554 801 557 0
0 177 511 334 616 58 544 793 555 0
0 177 582 334 616 58 544 793 555 0
0 168 580 325 615 58 538 786 549 0
0 168 580 325 615 58 607 786 549 0
0 163 571 321 608 58 606 778 549 0
0 163 571 321 683 58 606 778 549 0
0 161 569 312 676 52 600 769 548 0
0 161 569 312 702 52 600 769 548 0
0 154 563 310 699 48 597 762 541 0
0 219 563 310 699 48 597 762 541 0
0 211 557 304 699 47 592 760 539 0
0 211 557 304 699 47 592 760 539 71
0 201 550 303 693 42 591 752 529 65
0 201 550 303 693 42 641 752 529 65
0 192 545 294 689 32 634 744 527 65
0 192 545 332 689 32 634 744 527 65
0 189 545 323 682 22 625 743 519 60
0 282 545 323 682 22 625 743 519 60
0 279 541 321 677 12 625 738 518 54
0 279 541 321 677 12 679 738 518 54
0 269 532 316 671 7 673 731 517 50
8 269 532 316 671 7 673 731 517 50
4 264 524 309 670 3 664 729 511 40
4 264 524 309 670 3 664 729 511 139
0 262 521 302 670 0 655 726 509 135
0 262 521 302 721 0 655 726 509 135
0 261 517 298 715 0 655 726 499 127
0 261 517 298 715 0 655 726 592 127
0 254 512 288 705 0 646 723 588 127
0 254 512 288 705 0 646 740 588 127
0 254 511 279 705 0 640 737 587 125
0 254 511 279 705 32 640 737 587 125
0 251 501 275 700 22 631 733 580 115
0 251 501 275 746 22 631 733 580 115
0 248 494 272 745 20 621 727 574 111
0 248 494 272 745 20 621 727 574 207
0 247 492 266 736 11 621 727 570 201
0 247 498 266 736 11 621 727 570 201
0 240 490 257 726 2 615 727 569 192
0 240 490 257 726 2 645 727 569 192
0 235 489 247 725 0 639 725 569 189
0 235 489 344 725 0 639 725 569 189
0 235 488 335 719 0 637 715 560 186
0 235 488 335 806 0 637 715 560 186
0 233 487 326 802 0 633 707 555 185
0 233 487 326 802 0 704 707 555 185
0 223 487 319 798 0 694 701 545 184
0 223 487 379 798 0 694 701 545 184
0 218 480 379 793 0 691 694 542 184
0 218 480 379 793 0 743 694 542 184
0 208 473 372 790 0 742 694 541 181
0 208 473 372 792 0 742 694 541 181
0 203 468 372 783 0 734 690 533 174
0 203 468 372 783 0 734 777 533 174
0 193 458 369 783 0 733 772 524 165
0 193 458 369 783 0 828 772 524 165
0 183 453 369 782 0 827 772 521 159
0 183 453 369 782 78 827 772 521 159
0 183 448 359 778 71 820 768 514 157
22 183 448 359 778 71 820 768 514 157
15 180 447 352 770 66 810 765 509 149
15 180 447 352 770 66 810 765 509 246
15 179 447 342 764 60 806 763 499 246
15 179 447 342 764 60 806 763 524 246
9 170 445 341 761 56 805 761 519 244
9 170 445 341 761 95 805 761 519 244
4 164 443 333 753 94 795 760 513 236
4 164 443 333 753 95 795 760 513 236
0 156 442 326 751 92 790 754 509 233
0 156 442 326 751 92 790 754 509 259
0 155 439 316 744 86 788 746 504 258
0 155 439 316 744 114 788 746 504 258
0 149 429 315 742 113 780 743 500 253
0 154 429 315 742 113 780 743 500 253
0 151 419 306 732 105 777 743 495 249
0 183 419 306 732 105 777 743 495 249
0 176 412 302 727 100 769 734 485 249
0 176 412 302 727 100 769 734 485 350
0 176 410 297 721 99 760 726 478 342
0 176 410 297 743 99 760 726 478 342
0 171 409 291 733 89 757 726 475 339
6 171 409 291 733 89 757 726 475 339
0 161 402 287 731 83 753 722 472 332
0 161 402 332 731 83 753 722 472 332
0 160 393 322 729 76 747 716 464 322
0 160 393 322 729 76 747 716 464 387
0 159 387 320 723 69 745 711 460 386
0 159 387 320 723 99 745 711 460 386
0 157 377 319 715 98 743 710 460 383
0 157 377 319 715 180 743 710 460 383
0 151 371 318 705 176 739 709 451 377
0 151 371 318 705 176 739 760 451 377
0 147 361 316 699 172 735 752 442 376
0 147 361 356 699 172 735 752 442 376
0 137 351 355 695 167 727 746 437 376
1 137 351 355 695 167 727 746 437 376
1 127 343 345 694 164 726 741 437 371
1 127 343 345 694 164 726 741 437 388
0 119 340 339 693 163 716 737 435 388
0 119 340 339 693 163 716 737 469 388
0 118 332 339 688 155 711 737 466 380
0 118 332 339 688 175 711 737 466 380
0 110 322 333 682 169 702 734 465 370
0 110 322 333 682 169 702 734 496 370
0 105 314 333 677 164 700 725 489 363
101 105 314 333 677 164 700 725 489 363
100 97 311 330 677 163 691 718 486 356
100 97 324 330 677 163 691 718 486 356
98 87 319 323 668 160 686 710 477 351
98 87 319 392 668 160 686 710 477 351
89 78 309 388 662 157 684 700 473 347
89 78 309 388 662 157 735 700 473 347
88 73 304 379 653 147 733 693 466 343
88 73 304 379 653 147 733 693 466 352
80 70 300 379 645 141 726 684 459 351
152 70 300 379 645 141 726 684 459 351
145 64 290 378 641 140 720 676 452 343
150 64 290 378 641 140 720 676 452 343
148 57 280 377 632 133 710 671 445 334
148 57 280 377 632 133 710 671 445 413
146 50 280 370 622 126 705 661 444 405
146 50 280 370 622 174 705 661 444 405
141 46 277 370 612 165 705 651 441 398
141 46 277 370 612 165 705 679 441 398
131 42 273 363 605 158 704 679 437 389
131 42 273 391 605 158 704 679 437 389
121 35 268 382 604 149 702 670 433 389
121 35 268 382 604 182 702 670 433 389
113 26 265 378 596 179 701 666 427 383
113 79 265 378 596 179 701 666 427 383
110 70 262 371 596 174 693 656 419 380
110 70 262 371 596 174 693 658 419 380
103 64 258 366 596 167 691 650 417 372
103 96 258 366 596 167 691 650 417 372
100 88 254 360 591 158 689 645 410 364
100 88 254 360 591 158 689 645 410 453
97 86 251 351 590 150 689 637 402 449
97 86 251 351 590 155 689 637 402 449
87 77 245 351 588 147 680 634 400 444
87 77 245 351 588 147 700 634 400 444
83 74 243 344 588 146 691 634 395 440
83 74 243 344 588 229 691 634 395 440
75 74 240 339 580 222 687 634 385 432
75 74 301 339 580 222 687 634 385 432
71 71 292 331 579 215 678 624 378 425
71 71 330 331 579 215 678 624 378 425
62 70 329 327 572 208 672 622 373 417
62 70 329 366 572 208 672 622 373 417
62 65 327 362 562 200 672 618 370 411
62 82 327 362 562 200 672 618 370 411
52 75 322 353 560 198 664 615 363 401
52 75 322 353 560 198 664 615 431 401
48 73 317 352 552 194 662 613 427 397
48 73 317 429 552 194 662 613 427 397
43 71 312 428 544 187 656 607 418 395
141 71 312 428 544 187 656 607 418 395
141 70 305 419 542 182 655 605 417 391
141 70 319 419 542 182 655 605 417 391
140 68 309 410 542 174 653 599 417 381
140 68 309 410 542 174 687 599 417 381
140 64 306 406 532 166 685 590 407 375
140 64 306 406 532 166 685 590 483 375
140 54 296 396 524 156 678 587 476 375
140 54 296 396 524 156 678 587 476 443
134 54 290 394 514 155 672 584 473 438
134 54 290 394 559 155 672 584 473 438
126 46 284 384 559 151 669 582 463 433
126 46 284 384 559 151 669 600 463 433
123 45 279 384 553 147 660 598 460 433
124 45 279 384 553 147 660 598 460 433
122 43 275 381 550 139 650 588 460 432
122 43 275 381 550 157 650 588 460 432
114 42 274 371 545 150 646 578 451 429
114 42 345 371 545 150 646 578 451 429
105 41 342 368 540 148 646 571 443 423
105 76 342 368 540 148 646 571 443 423
101 76 335 359 533 144 638 562 439 416
101 76 335 359 533 144 638 659 439 416
99 71 326 352 526 134 636 649 438 406
99 71 326 352 526 134 636 698 438 406
95 70 319 350 525 124 629 688 435 397
95 70 319 350 525 124 629 749 435 397
85 62 314 344 520 114 620 743 429 396
85 62 314 344 520 114 620 743 444 396
75 59 313 342 519 105 617 741 434 394
174 59 313 342 519 105 617 741 434 394
167 59 306 339 515 101 617 732 430 386
167 59 306 361 515 101 617 732 430 386
159 51 304 352 514 91 617 726 428 383
159 51 335 352 514 91 617 726 428 383
156 41 328 348 505 84 615 716 422 381
156 41 328 348 505 84 615 776 422 381
155 32 321 346 499 76 612 772 413 371
228 32 321 346 499 76 612 772 413 371
225 24 319 345 497 74 609 766 407 368
225 24 364 345 497 74 609 766 407 368
219 15 359 336 492 68 606 760 401 360
219 15 359 336 492 162 606 760 401 360
209 13 357 334 482 162 603 758 398 357
209 13 357 334 482 162 603 758 398 454
202 10 352 330 473 160 600 754 390 453
202 10 352 330 473 160 600 754 390 480
192 10 352 325 471 157 592 754 383 472
192 10 352 325 496 157 592 754 383 472
192 3 342 317 493 147 591 745 383 466
256 3 342 317 493 147 591 745 383 466
249 0 341 312 488 145 583 736 380 465
249 47 341 312 488 145 583 736 380 465
246 44 334 304 481 138 577 727 374 465
329 44 334 304 481 138 577 727 374 465
320 38 333 303 473 138 567 720 366 457
320 38 333 396 473 138 567 720 366 457
319 28 332 396 468 129 557 710 364 448
319 28 332 396 468 129 557 796 364 448
311 21 331 390 459 129 555 792 355 445
311 52 331 390 459 129 555 792 355 445
303 48 330 388 450 121 550 788 353 442
303 48 330 388 450 121 550 788 353 500
301 48 330 384 445 117 550 785 349 494
301 102 330 384 445 117 550 785 349 494
301 96 324 376 444 112 547 781 347 488
301 96 324 376 444 112 621 781 347 488
300 90 320 367 438 104 619 779 346 488
379 90 320 367 438 104 619 779 346 488
379 89 317 363 433 98 611 777 343 483
379 89 317 363 433 98 611 777 343 533
375 85 315 359 425 93 604 771 342 528
375 85 315 359 471 93 604 771 342 528
370 85 314 350 470 89 598 771 334 528
370 85 314 350 494 89 598 771 334 528
366 81 313 348 485 86 593 771 334 518
366 81 347 348 485 86 593 771 334 518
362 80 340 342 475 80 591 767 333 512
362 80 406 342 475 80 591 767 333 512
360 77 406 341 475 80 589 761 325 507
360 77 406 341 475 80 589 761 405 507
353 70 403 336 470 79 579 752 402 503
353 70 403 336 470 79 663 752 402 503
346 67 397 331 463 77 655 744 401 502
346 80 397 331 463 77 655 744 401 502
339 76 391 325 460 69 654 734 401 497
341 76 391 325 460 69 654 734 401 497
338 74 391 316 460 68 651 724 398 494
338 74 434 316 460 68 651 724 398 494
337 74 425 316 459 62 647 720 388 493
337 74 425 316 459 129 647 720 388 493
327 70 417 315 450 123 638 714 379 487
327 70 417 315 550 123 638 714 379 487
317 70 416 315 547 120 633 708 369 486
317 70 448 315 547 120 633 708 369 486
312 68 445 305 541 110 631 702 360 480
312 68 445 305 584 110 631 702 360 480
307 64 439 295 578 102 628 694 360 471
307 64 439 295 578 102 687 694 360 471
305 54 429 295 576 94 685 688 353 469
305 54 429 295 576 94 685 725 353 469
300 52 429 293 572 90 683 717 347 461
300 52 429 293 572 90 683 815 347 461
290 51 422 284 572 89 675 807 342 451
290 51 422 284 572 89 675 807 342 461
280 44 412 278 571 79 671 799 337 451
280 44 412 278 571 79 671 799 337 484
280 40 411 274 569 71 671 794 331 480
280 40 411 274 569 71 671 794 331 522
275 32 404 264 560 62 669 793 327 514
275 49 404 264 560 62 669 793 327 514
274 44 401 261 556 54 661 787 320 509
274 44 401 310 556 54 661 787 320 509
265 36 400 305 552 45 653 780 311 509
265 36 400 305 552 136 653 780 311 509
259 30 397 300 544 127 647 772 308 508
259 98 397 300 544 127 647 772 308 508
250 98 390 292 535 119 643 771 303 507
250 98 390 292 535 162 643 771 303 507
246 88 390 290 531 162 643 762 294 507
345 88 390 290 531 162 643 762 294 507
341 86 389 281 522 159 639 756 288 497
341 86 389 281 522 159 732 756 288 497
336 76 387 278 521 150 728 747 284 489
336 76 387 278 521 150 755 747 284 489
329 70 380 275 517 140 746 742 284 480
329 70 380 275 517 140 746 742 284 485
329 67 371 274 514 130 744 733 284 480
329 67 371 274 514 130 744 733 309 480
328 59 369 268 510 126 740 730 304 480
328 59 369 268 519 126 740 730 304 480
324 52 367 260 512 125 735 722 299 474
324 52 367 260 512 125 758 722 299 474
322 43 363 250 511 123 754 715 299 473
322 43 363 250 511 123 754 715 299 563
319 41 362 248 501 116 754 715 292 561
319 41 362 248 501 116 754 727 292 561
313 40 358 245 494 115 748 723 290 561
313 40 358 245 494 158 748 723 290 561
309 35 355 238 486 153 745 718 286 556
309 35 355 238 486 153 835 718 286 556
306 28 355 230 484 145 829 709 285 549
306 28 355 230 484 145 899 709 285 549
302 19 354 230 476 138 894 706 285 544
302 19 354 230 515 138 894 706 285 544
294 10 344 225 515 128 885 699 279 535
294 44 344 225 515 128 885 699 279 535
290 43 343 225 515 125 885 693 270 534
290 43 343 225 515 125 885 693 270 628
285 43 340 225 510 124 881 689 260 628
285 43 340 225 510 124 881 689 260 633
283 37 339 222 500 115 873 685 257 629
283 37 339 222 500 115 873 751 257 629
276 28 333 218 493 109 873 741 251 624
276 28 407 218 493 109 873 741 251 624
268 28 401 212 483 104 873 737 247 624
268 28 484 212 483 104 873 737 247 624
260 25 480 204 478 94 866 732 238 622
260 25 480 204 478 109 866 732 238 622
252 15 475 197 471 104 859 729 233 614
252 15 475 282 471 104 859 729 233 614
244 10 467 275 462 103 854 720 226 614
244 53 467 275 462 103 854 720 226 614
234 45 465 271 452 93 847 717 216 604
234 45 465 349 452 93 847 717 216 604
231 41 465 341 445 85 837 717 214 596
231 41 465 341 517 85 837 717 214 596
230 37 455 332 516 79 834 712 204 595
230 37 455 332 516 79 910 712 204 595
230 28 452 322 515 70 901 709 204 587
230 28 542 322 515 70 901 709 204 587
223 19 538 316 508 64 896 704 194 586
223 19 538 316 508 64 896 704 242 586
218 15 536 306 503 62 886 697 241 584
218 15 536 306 503 62 886 697 242 584
215 11 534 302 498 58 885 690 233 582
215 11 534 302 498 58 885 690 233 621
205 4 532 295 495 57 879 683 224 621
205 4 628 295 495 57 879 683 224 621
196 0 623 288 490 55 872 676 216 612
196 53 623 288 490 55 872 676 216 612
186 49 622 288 480 45 864 670 210 604
186 49 622 288 480 45 864 670 210 615
180 47 619 288 475 36 856 662 201 610
281 47 619 288 475 36 856 662 201 610
276 47 615 286 471 32 851 662 201 602
276 113 615 286 471 32 851 662 201 602
274 112 606 284 466 31 844 657 195 594
274 112 606 370 466 31 844 657 195 594
267 110 597 370 463 31 835 648 193 585
267 110 597 370 463 31 908 648 193 585
263 109 595 366 456 22 908 638 183 581
263 206 595 366 456 22 908 638 183 581
261 203 589 364 455 13 902 632 182 573
289 203 589 364 455 13 902 632 182 573
288 196 586 358 445 12 896 627 175 567
288 196 586 358 445 34 896 627 175 567
284 188 584 350 441 34 894 624 170 557
284 188 584 350 441 34 894 652 170 557
278 188 584 350 434 28 893 645 167 549
278 188 584 350 434 44 893 645 167 549
277 182 578 341 434 44 885 642 167 545
277 182 578 341 434 44 946 642 167 545
268 175 576 333 428 36 940 636 161 543
268 248 576 333 428 36 940 636 161 543
263 247 574 331 422 32 940 632 157 533
336 247 574 331 422 32 940 632 157 533
329 239 569 330 418 29 930 623 153 525
329 267 569 330 418 29 930 623 153 525
324 266 559 329 411 29 925 616 143 521
328 266 559 329 411 29 925 616 143 521
324 257 549 321 403 19 924 613 141 516
328 257 549 321 403 19 924 613 141 516
326 253 547 312 395 10 918 606 138 514
326 253 547 312 395 10 918 606 197 514
319 249 547 305 386 9 918 600 197 508
319 249 547 384 386 9 918 600 197 508
319 239 542 378 380 0 916 593 191 498
319 239 542 378 388 0 916 593 191 498
316 235 535 373 387 0 915 593 191 492
316 235 535 373 387 0 919 593 191 492
311 230 531 366 382 0 909 583 190 490
311 230 535 366 382 0 909 583 190 490
311 225 525 363 372 0 900 575 183 490
311 225 525 363 422 0 900 575 183 490
310 215 518 356 421 0 895 572 180 490
310 215 518 356 421 45 895 572 180 490
301 205 508 356 416 39 887 565 178 488
301 205 508 356 416 39 987 565 178 488
300 205 500 356 415 38 986 562 172 482
300 205 500 356 415 38 986 562 172 482
299 200 491 346 414 30 977 562 170 482
299 200 588 346 414 30 977 562 170 482
299 194 588 342 412 27 969 552 169 473
299 194 588 342 412 27 969 552 240 473
289 194 579 336 412 19 965 550 231 471
289 194 579 336 412 19 1029 550 231 471
284 190 574 326 409 15 1023 540 231 469
284 190 574 326 409 15 1023 540 231 499
274 189 568 324 408 8 1018 538 230 491
274 212 568 324 408 8 1018 538 230 491
264 205 559 320 402 4 1015 533 222 490
264 205 559 348 402 4 1015 533 222 490
256 195 554 347 392 0 1012 525 217 480
256 195 554 347 490 0 1012 525 217 480
254 189 544 341 482 0 1006 520 212 480
340 189 544 341 482 0 1006 520 212 480
337 180 536 340 479 0 999 518 210 470
337 180 536 340 479 100 999 518 210 470
328 173 528 333 476 99 992 508 207 470
328 173 528 333 479 99 992 508 207 470
323 171 520 330 478 94 985 502 197 468
323 171 522 330 478 94 985 502 197 468
314 161 516 320 477 87 984 497 188 459
314 212 516 320 477 87 984 497 188 459
305 210 509 312 475 82 981 493 182 458
305 210 509 312 475 158 981 493 182 458
304 202 509 309 475 150 981 489 175 449
304 202 509 309 475 150 981 489 257 449
303 200 507 303 466 140 979 479 250 447
303 200 507 303 550 140 979 479 250 447
296 191 507 302 549 139 969 470 250 445
296 191 507 302 549 139 976 470 250 445
290 186 499 298 541 131 976 466 243 435
290 186 499 298 541 131 976 466 285 435
288 180 494 288 539 125 976 456 283 428
288 251 494 288 539 125 976 456 283 428
284 244 488 284 535 121 967 448 274 418
284 244 488 284 535 121 1021 448 274 418
282 242 483 280 535 113 1011 441 271 417
282 242 483 280 535 117 1011 441 271 417
279 240 478 277 534 115 1009 432 265 409
279 240 571 277 534 115 1009 432 265 409
273 239 571 270 531 105 1000 432 258 399
273 239 571 331 531 105 1000 432 258 399
269 234 562 326 528 96 990 430 248 394
359 234 562 326 528 96 990 430 248 394
350 230 554 320 527 94 985 421 239 384
350 230 591 320 527 94 985 421 239 384
349 222 591 316 517 93 975 416 230 376
349 222 591 316 517 148 975 416 230 376
348 216 582 306 515 141 969 410 229 376
348 216 582 306 515 220 969 410 229 376
342 208 576 297 505 217 961 406 221 373
342 208 576 297 505 217 961 406 315 373
337 203 569 294 503 210 952 401 311 365
337 203 569 294 503 210 952 412 311 365
332 200 565 288 496 206 942 412 309 356
332 200 565 288 496 206 942 412 399 356
326 194 558 287 493 206 940 404 397 346
326 194 558 287 493 206 940 404 461 346
323 193 555 283 488 206 930 402 459 344
323 193 576 283 488 206 930 402 459 344
317 192 576 282 485 201 924 392 450 342
317 192 576 282 509 201 924 392 450 342
317 182 575 272 509 199 923 390 447 336
317 182 575 272 581 199 923 390 447 336
317 173 569 272 576 197 913 382 443 326
317 173 569 272 583 197 913 382 443 326
317 172 562 272 575 196 903 377 440 318
317 172 562 272 575 196 988 377 440 318
308 165 558 264 566 191 983 375 438 316
308 265 558 264 566 191 983 375 438 316
299 258 548 257 564 181 974 369 432 315
299 258 548 257 564 241 974 369 432 315
290 252 540 257 563 238 971 366 422 309
290 252 540 257 563 238 971 366 510 309
280 244 530 247 559 232 966 359 507 307
280 270 530 247 559 232 966 359 507 307
275 267 529 242 550 226 962 350 504 297
275 267 529 298 550 226 962 350 504 297
265 261 522 293 550 225 958 347 498 295
265 261 522 293 550 225 1004 347 498 295
265 258 522 290 542 224 1004 343 498 292
265 258 522 290 542 240 1004 343 498 292
255 249 515 285 535 234 1001 336 494 290
255 289 515 285 535 234 1001 336 494 290
255 288 512 279 534 229 997 335 489 288
281 288 512 279 534 229 997 335 489 288
278 284 507 272 532 221 988 333 482 284
278 284 507 272 532 221 988 353 482 284
271 279 507 265 531 214 979 346 475 281
271 279 507 265 531 214 979 445 475 281
269 277 505 261 523 204 970 435 470 281
269 277 602 261 523 204 970 435 470 281
264 274 596 251 521 195 964 426 467 278
264 274 596 251 521 195 964 426 467 292
260 269 596 248 514 195 962 419 462 292
260 269 596 248 514 195 962 453 462 292
258 259 590 247 512 195 962 452 462 290
258 259 590 247 512 195 962 488 462 290
255 250 585 237 504 194 954 485 459 288
255 250 585 237 504 210 954 485 459 288
246 241 578 234 502 206 951 477 457 288
246 274 578 234 502 206 951 477 457 288
245 265 574 229 495 201 945 476 455 281
245 265 574 229 495 201 1037 476 455 281
241 256 567 229 493 194 1032 468 447 277
241 256 567 229 521 194 1032 468 447 277
233 252 562 220 520 188 1030 465 437 270
308 252 562 220 520 188 1030 465 437 270
305 243 554 219 515 181 1021 457 432 268
305 243 554 219 515 181 1021 457 432 277
303 242 544 216 506 174 1020 453 425 277
303 242 544 216 506 174 1020 529 425 277
301 236 535 215 503 165 1011 528 417 270
301 236 535 215 503 165 1011 528 417 280
293 228 534 205 499 157 1009 524 408 279
293 228 534 205 514 157 1009 524 408 279
288 218 528 205 512 152 1003 522 402 273
288 218 528 205 512 152 1003 522 402 362
279 214 524 196 509 145 996 515 401 360
279 214 524 287 509 145 996 515 401 360
272 208 521 282 507 140 996 506 398 354
272 208 531 282 507 140 996 506 398 354
272 204 530 272 501 134 991 496 390 347
272 204 530 297 501 134 991 496 390 347
263 197 526 295 496 134 991 494 385 337
263 271 526 295 496 134 991 494 385 337
253 267 516 287 495 127 991 491 383 331
253 267 516 287 495 127 991 545 383 331
245 267 509 287 491 122 983 541 374 325
245 267 509 287 528 122 983 541 374 325
242 260 499 285 522 112 977 537 373 315
242 317 499 285 522 112 977 537 373 315
232 311 497 278 521 104 977 533 370 309
312 311 497 278 521 104 977 533 370 309
311 306 488 268 520 96 970 528 363 302
311 407 488 268 520 96 970 528 363 302
309 403 481 262 515 95 964 521 360 295
309 427 481 262 515 95 964 521 360 295
306 424 473 262 515 93 959 512 353 294
306 424 473 262 545 93 959 512 353 294
306 417 471 253 542 83 956 511 351 293
306 417 471 253 548 83 956 511 351 293
301 416 465 249 545 73 954 505 346 293
301 416 465 311 545 73 954 505 346 293
294 411 461 301 539 65 947 501 341 292
294 411 461 301 539 65 947 587 341 292
289 406 461 295 536 63 941 577 332 290
289 406 495 295 536 63 941 577 332 290
280 402 485 294 534 59 940 574 330 290
280 402 485 294 534 59 940 574 377 290
280 401 479 284 533 52 935 572 373 290
280 401 479 284 533 52 935 589 373 290
275 399 479 277 532 45 933 587 370 289
275 399 479 277 532 45 933 684 370 289
273 393 472 270 522 36 923 675 367 287
273 415 472 270 522 36 923 675 367 287
267 409 472 268 512 29 919 668 363 285
267 409 472 268 512 29 919 668 363 303
258 404 464 266 505 23 915 661 359 295
258 404 522 266 505 23 915 661 359 295
248 398 513 262 495 13 910 654 359 293
248 398 513 262 495 13 910 654 359 356
244 395 509 257 491 6 906 647 351 352
244 395 509 257 491 6 987 647 351 352
236 388 499 257 482 2 983 637 345 345
236 388 499 257 482 2 983 724 345 345
232 386 491 255 476 0 981 715 344 336
232 386 585 255 476 0 981 715 344 336
228 386 584 247 476 0 979 706 340 330
228 386 584 321 476 0 979 706 340 330
226 379 582 314 471 0 978 704 331 322
226 379 582 314 471 0 1063 704 331 322
221 376 579 306 465 0 1063 699 322 312
221 376 579 306 465 0 1063 726 322 312
216 371 570 298 457 0 1061 726 318 303
216 371 570 298 463 0 1061 726 318 303
210 364 569 294 454 0 1051 724 316 293
240 364 569 294 454 0 1051 724 316 293
238 364 565 287 452 0 1051 722 308 287
238 427 565 287 452 0 1051 722 308 287
230 424 559 286 451 0 1042 717 308 280
230 424 579 286 451 0 1042 717 308 280
223 422 576 278 449 0 1041 711 298 272
255 422 576 278 449 0 1041 711 298 272
250 412 571 276 448 0 1035 703 297 265
250 412 644 276 448 0 1035 703 297 265
243 408 639 274 443 0 1026 696 297 263
243 408 639 274 443 0 1120 696 297 263
236 403 634 264 434 0 1116 696 289 257
236 403 634 264 434 0 1116 696 289 259
231 402 625 262 425 0 1110 693 279 258
231 402 625 308 425 0 1110 693 279 258
223 398 620 300 420 0 1108 690 274 249
223 398 620 300 420 12 1108 690 274 249
217 397 619 294 412 10 1100 682 269 248
217 397 619 294 412 10 1100 682 346 248
208 394 616 288 404 3 1100 675 339 244
208 394 616 356 404 3 1100 675 339 244
203 387 608 351 397 3 1090 672 338 238
203 387 615 351 397 3 1090 672 338 238
200 387 608 341 391 0 1081 670 338 231
200 387 608 341 391 0 1081 682 338 231
194 379 599 335 383 0 1072 674 336 228
194 379 599 335 383 0 1072 674 336 264
194 369 594 333 383 0 1070 671 326 261
194 369 594 333 383 0 1114 671 326 261
194 363 592 332 382 0 1108 670 326 254
194 363 592 332 382 78 1108 670 326 254
193 358 591 328 374 73 1106 668 317 247
193 375 591 328 374 73 1106 668 317 247
193 366 581 328 365 73 1097 666 311 239
193 366 581 328 365 131 1097 666 311 239
190 363 580 328 361 125 1091 659 305 239
190 363 580 328 455 125 1091 659 305 239
186 358 577 328 445 119 1087 651 299 230
254 358 577 328 445 119 1087 651 299 230
250 356 567 320 442 116 1080 651 292 223
250 356 567 320 446 116 1080 651 292 223
247 354 561 316 442 114 1072 648 285 218
247 354 561 316 442 114 1072 648 285 218
237 345 555 311 436 106 1064 646 276 218
237 345 555 311 479 106 1064 646 276 218
235 345 547 306 475 96 1060 641 269 208
235 345 547 306 475 96 1142 641 269 208
228 335 538 304 465 89 1142 633 263 204
228 335 538 304 465 89 1142 726 263 204
227 334 538 304 456 89 1132 721 262 202
227 334 538 304 494 89 1132 721 262 202
217 330 535 302 494 88 1126 715 253 194
217 330 535 302 494 88 1126 715 276 194
216 323 535 302 490 79 1124 706 273 192
216 323 535 302 490 79 1124 776 273 192
209 318 529 294 486 76 1115 773 266 188
209 318 529 294 486 76 1115 773 318 188
202 315 524 291 478 68 1115 773 312 178
202 315 524 291 478 68 1115 829 312 178
193 314 523 281 478 58 1108 820 309 173
193 314 523 281 561 58 1108 820 309 173
187 305 518 273 558 57 1102 813 309 172
187 396 518 273 558 57 1102 813 309 172
182 389 513 267 548 51 1094 807 307 163
182 389 513 267 548 51 1094 849 307 163
182 384 503 265 543 47 1090 840 300 158
182 384 503 265 543 47 1090 840 364 158
182 383 501 255 542 37 1087 835 359 150
182 383 501 255 542 37 1087 835 359 181
180 378 497 248 535 35 1079 834 359 181
180 378 497 248 592 35 1079 834 359 181
178 378 489 239 582 35 1076 829 354 172
178 378 489 338 582 35 1076 829 354 172
176 368 479 337 579 25 1070 828 347 167
176 368 479 337 579 25 1070 865 347 167
172 363 479 330 573 23 1066 858 345 160
172 363 479 330 573 23 1066 911 345 160
162 358 475 328 573 22 1057 906 342 160
162 360 475 328 573 22 1057 906 342 160
162 356 475 319 571 12 1054 901 332 155
162 356 482 319 571 12 1054 901 332 155
155 354 474 310 569 8 1052 896 329 148
155 354 474 310 604 8 1052 896 329 148
155 345 467 309 598 4 1046 893 327 147
155 345 467 309 598 4 1127 893 327 147
149 343 466 308 595 2 1125 891 324 146
149 380 466 308 595 2 1125 891 324 146
142 379 456 301 591 0 1115 882 317 143
142 379 456 394 591 0 1115 882 317 143
134 378 456 386 586 0 1115 876 315 139
134 378 456 386 586 63 1115 876 315 139
127 372 455 380 586 56 1109 873 314 137
127 372 455 380 586 56 1202 873 314 137
122 365 448 373 578 50 1193 873 314 127
122 365 448 456 578 50 1193 873 314 127
115 362 440 455 575 46 1191 868 314 122
115 362 440 455 575 46 1191 875 314 122
109 359 431 450 566 37 1184 869 311 115
126 359 431 450 566 37 1184 869 311 115
125 350 425 447 559 31 1178 863 302 113
182 350 425 447 559 31 1178 863 302 113
174 344 422 443 555 31 1170 860 295 105
174 344 422 443 555 100 1170 860 295 105
170 338 420 437 554 90 1163 852 289 104
170 338 420 437 554 90 1163 852 289 129
168 337 410 431 554 84 1156 849 285 128
168 337 410 431 554 84 1156 890 285 128
167 335 402 431 547 83 1152 889 282 119
167 335 402 431 547 183 1152 889 282 119
157 326 401 423 539 175 1151 882 276 116
157 326 401 423 539 194 1151 882 276 116
154 320 393 421 533 193 1149 872 274 114
154 320 393 421 558 193 1149 872 274 114
153 317 392 417 553 186 1140 867 271 108
153 388 392 417 553 186 1140 867 271 108
145 383 390 415 547 180 1136 864 269 102
145 383 390 415 547 180 1136 864 310 102
143 377 390 405 542 177 1126 860 305 98
143 377 390 405 542 177 1126 860 305 199
134 372 385 405 538 174 1124 860 302 199
134 372 385 405 538 174 1124 860 302 264
134 364 378 399 538 168 1122 851 298 264
134 364 378 399 538 168 1214 851 298 264
124 354 375 397 533 168 1204 842 297 259
124 354 375 397 533 168 1294 842 297 259
117 346 366 396 525 165 1284 832 292 249
117 346 372 396 525 165 1284 832 292 249
117 336 372 394 518 156 1275 826 285 245
117 336 420 394 518 156 1275 826 285 245
112 336 418 394 515 152 1268 824 280 236
210 336 418 394 515 152 1268 824 280 236
203 326 411 393 511 152 1266 823 278 234
203 326 411 393 511 152 1266 823 360 234
203 326 402 383 502 144 1258 817 351 224
203 326 402 383 502 144 1258 817 351 297
193 321 398 378 493 138 1256 813 348 297
193 321 398 378 558 138 1256 813 348 297
192 311 390 368 548 135 1253 806 340 293
192 311 390 368 624 135 1253 806 340 293
190 307 386 360 618 128 1251 798 336 286
190 307 386 360 618 128 1330 798 336 286
181 302 381 358 611 119 1320 797 326 276
181 302 381 358 611 119 1320 797 326 365
176 296 381 358 601 113 1315 795 316 357
248 296 381 358 601 113 1315 795 316 357
239 296 373 350 591 110 1310 790 312 354
239 392 373 350 591 110 1310 790 312 354
230 386 370 340 589 102 1301 784 306 354
230 386 370 340 589 102 1301 784 306 393
223 378 361 333 589 102 1299 780 301 386
223 378 447 333 589 102 1299 780 301 386
223 370 441 333 581 94 1299 772 296 383
223 370 441 391 581 94 1299 772 296 383
215 370 441 389 573 92 1296 769 291 381
215 370 441 389 573 112 1296 769 291 381
212 363 435 381 566 108 1288 759 284 371
212 363 435 381 566 108 1316 759 284 371
202 355 429 373 564 107 1312 753 279 371
202 355 429 373 564 107 1403 753 279 371
195 346 420 371 564 101 1401 746 274 362
195 346 420 400 564 101 1401 746 274 362
191 344 413 391 564 95 1396 745 265 357
191 344 413 391 564 95 1396 745 323 357
184 342 412 385 554 87 1389 740 317 351
184 342 412 385 554 87 1389 838 317 351
183 334 410 380 554 85 1389 828 316 350
183 393 410 380 554 85 1389 828 316 350
181 390 402 372 549 80 1388 819 315 349
181 390 402 373 549 80 1388 819 315 349
176 385 400 364 539 70 1378 816 312 346
176 385 400 364 539 70 1378 816 312 356
168 384 391 362 537 62 1376 808 302 347
258 384 391 362 537 62 1376 808 302 347
258 384 387 362 537 52 1375 804 298 343
285 384 387 362 537 52 1375 804 298 343
284 381 380 362 527 51 1367 803 288 334
284 381 380 362 527 51 1395 803 288 334
284 373 373 354 527 49 1391 794 280 332
284 373 373 401 527 49 1391 794 280 332
277 367 363 395 522 42 1389 790 276 325
277 367 363 395 522 42 1483 790 276 325
272 362 354 387 521 32 1477 783 268 321
336 362 354 387 521 32 1477 783 268 321
333 354 345 387 513 31 1477 781 265 313
333 354 345 387 513 31 1477 781 265 400
326 347 335 387 508 29 1471 771 265 399
326 412 335 387 508 29 1471 771 265 399
324 404 332 386 499 28 1464 766 260 392
324 404 332 386 525 28 1464 766 260 392
323 398 330 385 520 22 1464 757 256 391
409 398 330 385 520 22 1464 757 256 391
407 389 324 383 514 18 1456 752 256 387
407 389 324 453 514 18 1456 752 256 387
399 389 320 443 509 17 1454 745 246 381
399 389 320 443 509 17 1454 745 246 450
396 389 310 443 505 7 1447 743 242 441
396 389 310 443 505 7 1447 793 242 441
396 389 307 441 501 5 1444 788 235 438
494 389 307 441 501 5 1444 788 235 438
485 386 305 434 501 0 1437 787 233 438
485 386 305 434 501 0 1488 787 233 438
482 380 295 433 492 0 1482 780 223 432
482 380 295 433 585 0 1482 780 223 432
479 379 287 425 579 0 1478 774 214 431
512 379 287 425 579 0 1478 774 214 431
510 371 286 418 573 0 1472 770 212 429
510 371 286 418 623 0 1472 770 212 429
505 366 280 416 623 0 1472 770 208 428
505 366 280 416 623 0 1472 829 208 428
500 358 279 416 622 0 1470 820 198 422
500 358 279 416 716 0 1470 820 198 422
493 357 269 409 714 0 1468 815 190 415
493 358 269 409 714 0 1468 815 190 415
490 349 264 406 708 0 1465 813 187 406
490 349 282 406 708 0 1465 813 187 406
485 343 278 406 698 0 1462 808 183 401
485 343 278 406 793 0 1462 808 183 401
476 336 268 397 788 0 1460 800 173 391
476 361 268 397 788 0 1460 800 173 391
469 355 264 391 778 0 1460 793 167 387
469 355 264 391 778 0 1460 838 167 387
466 352 261 386 771 0 1452 838 159 385
466 352 261 386 771 48 1452 838 159 385
462 349 255 378 766 39 1442 834 154 376
462 349 255 378 766 39 1442 935 154 376
459 341 254 369 761 33 1442 930 147 371
459 341 254 397 761 33 1442 930 147 371
454 334 251 396 760 30 1440 923 146 361
454 334 251 396 760 30 1440 923 160 361
450 328 242 391 754 25 1432 918 150 357
450 328 242 391 754 25 1432 918 236 357
448 328 242 390 746 25 1430 912 228 353
448 328 273 390 746 25 1430 912 228 353
445 325 273 385 745 25 1425 905 222 352
445 325 273 385 745 25 1437 905 222 352
436 321 268 379 741 21 1431 901 218 352
436 321 268 379 836 21 1431 901 218 352
426 319 258 377 827 12 1421 897 215 352
426 319 258 393 827 12 1421 897 215 352
421 315 257 392 824 8 1417 887 210 349
421 315 257 392 824 30 1417 887 210 349
416 311 252 385 818 26 1411 877 210 349
416 311 252 385 818 26 1411 877 210 428
416 303 247 385 812 20 1411 867 206 421
416 303 247 385 812 20 1512 867 206 421
412 298 241 376 808 11 1505 864 200 419
412 298 241 376 808 11 1505 878 200 419
403 290 234 367 802 11 1500 872 200 412
460 290 234 367 802 11 1500 872 200 412
454 282 224 361 794 1 1496 869 191 406
454 282 224 361 794 1 1522 869 191 406
452 273 219 351 790 0 1518 866 189 400
452 273 219 351 790 0 1518 888 189 400
451 264 216 344 788 0 1511 882 180 397
533 264 216 344 788 0 1511 882 180 397
524 254 212 339 781 0 1505 880 171 388
524 254 212 391 781 0 1505 880 171 388
517 254 204 383 773 0 1499 872 161 386
517 254 204 383 773 4 1499 872 161 386
516 245 200 378 765 0 1494 862 160 386
516 245 200 378 782 0 1494 862 160 386
510 242 192 372 772 0 1487 854 156 382
510 242 192 372 772 0 1487 854 156 395
502 232 185 370 763 0 1481 852 156 394
502 232 185 420 763 0 1481 852 156 394
500 232 182 416 761 0 1478 845 150 394
500 232 182 416 761 0 1478 845 236 394
494 230 178 414 761 0 1473 839 230 389
494 230 178 414 761 7 1473 839 230 389
491 227 171 410 757 7 1472 829 221 384
491 227 171 410 757 7 1472 829 221 432
484 227 168 407 748 5 1463 821 220 422
484 227 226 407 748 5 1463 821 220 422
482 217 216 402 738 2 1455 818 213 412
482 217 216 402 738 2 1512 818 213 412
474 214 213 401 735 2 1502 812 209 409
474 214 213 401 735 2 1567 812 209 409
470 210 212 401 728 0 1564 811 205 407
470 210 212 401 805 0 1564 811 205 407
466 204 205 392 795 0 1562 803 203 399
466 204 205 392 795 0 1562 803 203 433
456 200 202 384 789 0 1555 795 194 430
456 200 202 384 838 0 1555 795 194 430
452 192 200 381 833 0 1555 785 194 426
452 192 200 441 833 0 1555 785 194 426
448 188 200 435 823 0 1550 775 191 418
448 188 200 435 823 0 1634 775 191 418
443 178 196 435 815 0 1629 769 181 408
443 178 196 435 815 0 1629 769 217 408
438 177 194 431 805 0 1629 767 212 401
438 177 194 431 805 0 1629 767 212 501
433 168 190 421 798 0 1628 767 211 499
433 168 252 421 798 0 1628 767 211 499
424 167 243 421 789 0 1627 761 202 493
424 240 243 421 789 0 1627 761 202 493
416 232 238 420 787 0 1619 757 194 492
416 232 238 420 787 0 1619 806 194 492
412 225 235 410 784 0 1619 799 185 486
412 225 235 419 784 0 1619 799 185 486
407 218 225 412 781 0 1615 792 178 480
436 218 225 412 781 0 1615 792 178 480
436 210 222 410 776 0 1613 783 173 474
436 210 290 410 776 0 1613 783 173 474
434 200 283 400 774 0 1607 782 169 467
434 200 313 400 774 0 1607 782 169 467
434 197 307 390 765 0 1602 779 163 458
434 197 307 390 765 96 1602 779 163 458
429 192 298 382 760 92 1596 779 154 452
429 192 298 382 760 92 1596 803 154 452
421 187 297 378 759 88 1588 793 152 452
421 187 297 378 759 88 1588 801 152 452
411 177 292 368 759 85 1585 793 152 444
411 177 292 378 759 85 1585 793 152 444
408 168 286 377 754 85 1577 785 147 443
408 168 286 377 754 85 1577 785 207 443
405 164 280 372 750 76 1573 778 201 433
405 164 280 463 750 76 1573 778 201 433
398 155 271 461 747 75 1571 776 195 428
457 155 271 461 747 75 1571 776 195 428
452 148 264 458 746 72 1563 774 193 419
452 148 264 458 746 72 1563 774 290 419
446 145 254 455 742 66 1560 772 281 416
446 145 254 529 742 66 1560 772 281 416
446 141 252 523 738 65 1560 772 274 406
446 141 252 523 738 65 1560 772 373 406
438 141 252 515 732 63 1555 768 370 400
438 141 252 605 732 63 1555 768 370 400
428 137 243 603 722 54 1550 762 361 395
428 137 243 603 722 54 1615 762 361 395
423 131 234 600 718 45 1609 753 361 388
423 131 234 600 718 45 1609 753 452 388
418 128 228 597 709 45 1603 751 452 388
418 128 313 597 709 45 1603 751 452 388
410 118 312 592 699 38 1595 748 447 384
410 118 312 649 699 38 1595 748 447 384
400 114 305 645 689 32 1591 743 443 383
400 114 305 645 689 32 1591 743 526 383
392 114 303 643 680 32 1584 735 522 374
392 114 303 643 680 32 1584 735 522 474
391 110 301 634 671 32 1584 725 513 467
391 110 301 634 671 32 1584 787 513 467
385 101 298 627 669 23 1576 787 513 460
385 101 298 627 669 23 1576 787 583 460
379 91 296 625 660 15 1568 780 579 452
468 91 296 625 660 15 1568 780 579 452
464 82 291 616 656 11 1562 772 572 447
464 82 291 616 656 18 1562 772 572 447
462 79 288 613 651 14 1560 768 568 442
462 79 288 613 721 14 1560 768 568 442
458 75 287 607 714 11 1553 765 566 434
458 75 316 607 714 11 1553 765 566 434
456 69 315 602 709 5 1548 755 556 424
456 69 315 602 709 83 1548 755 556 424
454 60 306 595 707 81 1539 753 550 420
454 60 306 671 707 81 1539 753 550 420
445 56 301 663 704 79 1538 744 545 415
445 56 341 663 704 79 1538 744 545 415
445 51 338 656 704 69 1538 741 541 411
445 51 338 656 704 159 1538 741 541 411
442 47 335 649 699 154 1535 737 535 411
535 47 335 649 699 154 1535 737 535 411
533 43 335 642 692 152 1535 735 528 408
533 43 335 642 692 234 1535 735 528 408
533 33 331 641 683 232 1527 729 528 408
533 33 331 641 683 232 1527 729 561 408
527 30 330 637 683 223 1520 729 555 405
527 30 330 637 697 223 1520 729 555 405
517 27 322 635 690 219 1520 723 547 404
517 27 322 635 690 219 1520 812 547 404
508 22 319 633 687 212 1511 810 546 394
508 22 319 633 755 212 1511 810 546 394
506 17 319 631 753 212 1506 806 543 389
506 21 319 631 753 212 1506 806 543 389
499 20 312 622 746 210 1504 806 538 383
499 20 366 622 746 210 1504 806 538 383
495 20 366 612 742 202 1495 806 529 382
495 20 366 612 742 262 1495 806 529 382
489 11 364 606 741 252 1493 799 524 376
489 11 364 606 741 252 1522 799 524 376
485 2 357 601 739 248 1519 791 514 371
485 2 357 601 739 248 1519 791 514 415
477 0 351 591 734 243 1515 787 511 412
523 0 351 591 734 243 1515 787 511 412
514 0 350 584 726 235 1512 782 509 411
514 0 350 584 726 235 1540 782 509 411
510 0 341 577 719 225 1538 773 503 403
510 0 341 627 719 225 1538 773 503 403
509 0 333 617 709 215 1537 764 493 397
509 0 333 617 709 215 1537 786 493 397
499 0 326 617 704 207 1534 776 483 387
499 0 367 617 704 207 1534 776 483 387
492 0 360 615 695 203 1526 774 480 384
492 0 451 615 695 203 1526 774 480 384
486 0 442 613 688 201 1520 773 475 381
486 0 442 638 688 201 1520 773 475 381
485 0 440 635 682 193 1514 766 470 380
485 0 440 635 682 193 1514 766 472 380
482 0 430 633 673 183 1507 764 472 378
482 0 430 633 676 183 1507 764 472 378
474 0 430 625 670 174 1507 763 468 372
474 0 430 650 670 174 1507 763 468 372
474 0 423 649 667 172 1506 762 468 364
474 0 423 715 667 172 1506 762 468 364
470 0 423 709 665 162 1501 754 460 360
470 0 423 709 665 162 1501 754 460 382
460 0 419 709 665 157 1497 748 454 379
460 0 419 709 665 228 1497 748 454 379
458 0 415 708 657 219 1488 739 453 373
458 0 415 708 657 219 1488 816 453 373
457 0 415 704 647 210 1484 807 450 372
457 0 415 704 647 210 1583 807 450 372
447 0 406 702 642 204 1582 797 449 363
470 0 406 702 642 204 1582 797 449 363
462 0 405 702 641 200 1580 794 440 359
462 0 405 702 680 200 1580 794 440 359
452 0 396 697 674 193 1578 793 432 354
452 0 396 697 700 193 1578 793 432 354
444 0 394 692 692 190 1568 793 430 353
466 0 394 692 692 190 1568 793 430 353
460 0 394 682 692 183 1560 789 428 344
460 0 394 682 716 183 1560 789 428 344
452 0 393 678 713 183 1559 788 427 335
452 0 432 678 713 183 1559 788 427 335
445 0 425 674 709 182 1556 779 427 332
445 0 425 674 800 182 1556 779 427 332
440 0 424 666 797 173 1553 773 423 329
440 0 424 666 797 246 1553 773 423 329
437 0 418 662 794 246 1551 766 418 326
437 0 418 662 794 302 1551 766 418 326
428 0 413 660 789 296 1544 758 408 326
428 0 413 660 789 347 1544 758 408 326
420 0 404 658 784 345 1535 751 405 321
420 0 404 658 784 345 1535 751 405 321
416 0 402 657 784 343 1532 749 401 320
416 98 402 657 784 343 1532 749 401 320
413 97 401 655 783 334 1527 744 400 319
413 97 401 670 783 334 1527 744 400 319
409 90 394 660 775 327 1526 734 399 316
409 176 394 660 775 327 1526 734 399 316
399 172 390 655 770 321 1525 724 392 315
399 208 390 655 770 321 1525 724 392 315
398 204 385 648 761 320 1516 719 383 305
398 204 385 648 761 320 1516 719 383 389
393 202 384 647 756 320 1512 715 377 387
393 202 384 647 756 320 1512 715 459 387
392 192 382 641 750 319 1502 710 452 384
392 192 382 641 750 319 1502 710 452 468
382 189 374 638 745 314 1496 706 444 460
382 189 377 638 745 314 1496 706 444 460
378 182 369 634 736 306 1489 697 434 455
378 216 369 634 736 306 1489 697 434 455
369 208 361 627 733 305 1481 689 426 453
369 208 361 627 733 305 1481 689 426 494
368 203 354 619 723 297 1475 685 420 490
368 203 354 619 723 297 1475 685 420 559
358 195 346 613 720 293 1470 676 411 555
358 195 346 713 720 293 1470 676 411 555
352 189 338 712 720 284 1461 666 409 545
352 202 338 712 720 284 1461 666 409 545
349 194 338 709 714 281 1457 665 403 539
349 194 338 709 791 281 1457 665 403 539
346 191 328 703 783 280 1451 665 396 532
346 191 328 799 783 280 1451 665 396 532
342 181 328 792 780 277 1451 656 395 529
342 181 328 792 780 277 1451 656 395 529
339 173 324 792 778 270 1443 653 392 529
339 173 324 792 778 366 1443 653 392 529
336 167 315 792 770 365 1437 649 389 520
386 167 315 792 770 365 1437 649 389 520
383 167 312 789 770 359 1431 648 385 519
383 167 312 789 770 359 1440 648 385 519
373 160 307 782 766 349 1431 639 380 517
373 160 307 782 766 349 1431 639 380 590
365 159 301 777 758 346 1426 631 373 587
365 181 301 777 758 346 1426 631 373 587
