1000 10
0 0 0 0 0 0 0 0 0 0
11 0 0 0 0 0 0 0 0 0
3 0 0 0 0 0 0 0 0 0
3 0 0 80 0 0 0 0 0 0
0 0 0 73 0 0 0 0 0 0
0 0 0 73 0 0 0 0 81 0
0 0 0 69 0 0 0 0 73 0
0 0 0 69 0 0 0 9 73 0
0 0 0 59 0 0 0 5 67 0
0 83 0 59 0 0 0 5 67 0
0 73 0 59 0 0 0 1 59 0
0 73 0 59 0 103 0 1 59 0
0 72 0 58 0 96 0 0 55 0
0 72 0 58 0 96 0 0 146 0
0 62 0 51 0 86 0 0 145 0
0 62 32 51 0 86 0 0 145 0
0 59 30 43 0 85 0 0 139 0
0 59 30 43 0 85 0 0 139 24
0 54 29 40 0 77 0 0 137 14
0 54 29 40 0 77 0 0 137 19
0 44 29 40 0 77 0 0 131 13
0 44 29 40 0 161 0 0 131 13
0 41 23 37 0 159 0 0 126 8
0 142 23 37 0 159 0 0 126 8
0 138 19 27 0 153 0 0 125 2
0 138 19 27 0 235 0 0 125 2
0 135 16 21 0 226 0 0 122 2
0 220 16 21 0 226 0 0 122 2
0 212 13 17 0 222 0 0 120 0
0 212 13 17 0 222 0 0 120 29
0 206 10 13 0 222 0 0 113 19
0 206 26 13 0 222 0 0 113 19
0 205 17 3 0 221 0 0 103 13
0 205 17 3 56 221 0 0 103 13
0 195 9 0 46 221 0 0 95 9
0 195 9 0 46 221 0 0 140 9
0 191 0 0 38 221 0 0 138 0
0 191 0 0 38 221 11 0 138 0
0 182 0 0 30 212 10 0 130 0
0 182 0 0 30 251 10 0 130 0
0 180 0 0 27 247 8 0 128 0
0 180 0 0 97 247 8 0 128 0
0 180 0 0 89 245 6 0 118 0
0 180 0 0 89 245 6 94 118 0
0 180 0 0 80 245 0 91 115 0
0 180 0 0 80 335 0 91 115 0
0 178 0 0 76 335 0 82 106 0
0 178 0 21 76 335 0 82 106 0
0 170 0 21 72 334 0 82 105 0
0 170 0 21 117 334 0 82 105 0
0 164 0 19 115 333 0 79 96 0
0 164 0 19 184 333 0 79 96 0
0 159 0 14 181 326 0 72 91 0
0 159 29 14 181 326 0 72 91 0
0 151 22 13 177 324 0 62 91 0
0 247 22 13 177 324 0 62 91 0
0 244 20 6 169 324 0 53 81 0
0 244 20 6 169 324 0 53 81 57
0 242 11 4 162 323 0 48 78 52
0 242 11 4 162 323 0 48 126 52
0 239 1 3 157 319 0 48 116 43
0 239 1 3 228 319 0 48 116 43
0 238 0 0 222 310 0 40 110 37
0 238 0 35 222 310 0 40 110 37
0 230 0 32 212 303 0 38 110 28
0 230 0 32 212 316 0 38 110 28
0 229 0 23 208 310 0 31 101 25
0 229 0 23 254 310 0 31 101 25
0 220 0 22 244 307 0 28 97 23
0 220 0 22 244 307 0 28 110 23
0 212 0 18 239 306 0 27 103 16
0 212 0 18 239 311 0 27 103 16
0 211 0 18 230 306 0 25 102 16
0 211 56 18 230 306 0 25 102 16
0 204 50 15 229 305 0 24 99 8
0 204 50 32 229 305 0 24 99 8
0 204 43 25 220 299 0 24 99 1
0 204 43 63 220 299 0 24 99 1
0 198 37 62 211 289 0 19 91 0
0 198 37 62 211 329 0 19 91 0
0 191 37 53 211 321 0 9 81 0
0 191 37 53 211 321 0 9 94 0
0 182 27 49 201 316 0 0 86 0
60 182 27 49 201 316 0 0 86 0
56 178 22 44 191 310 0 0 81 0
56 178 22 44 191 328 0 0 81 0
53 175 17 42 186 327 0 0 79 0
53 175 92 42 186 327 0 0 79 0
45 168 86 38 184 320 0 0 78 0
45 168 86 38 184 404 0 0 78 0
45 168 81 29 174 400 0 0 74 0
45 168 81 29 174 400 0 0 175 0
44 166 73 21 165 390 0 0 166 0
44 231 73 21 165 390 0 0 166 0
40 222 71 17 160 383 0 0 161 0
40 222 71 17 160 383 50 0 161 0
40 215 62 8 155 379 40 0 159 0
40 215 62 8 155 419 40 0 159 0
32 214 55 7 154 411 39 0 156 0
32 214 55 7 154 411 39 0 197 0
31 206 47 2 148 410 32 0 188 0
31 206 47 2 176 410 32 0 188 0
27 202 45 0 166 403 22 0 185 0
27 202 45 0 166 477 22 0 185 0
27 195 40 0 164 474 12 0 180 0
27 195 40 0 164 508 12 0 180 0
17 195 39 0 158 506 5 0 174 0
17 195 39 0 166 506 5 0 174 0
14 195 38 0 162 505 4 0 172 0
14 195 38 0 162 505 4 0 172 16
8 188 34 0 158 504 0 0 170 16
8 188 34 0 158 504 0 0 170 96
5 181 25 0 148 504 0 0 168 90
5 181 25 62 148 504 0 0 168 90
3 175 25 54 140 498 0 0 158 86
3 175 25 90 140 498 0 0 158 86
0 169 25 84 133 497 0 0 157 78
0 169 39 84 133 497 0 0 157 78
0 160 38 75 133 492 0 0 147 77
0 160 38 114 133 492 0 0 147 77
0 157 30 107 129 487 0 0 144 67
0 157 30 107 129 487 0 0 194 67
0 151 21 97 122 484 0 0 192 65
0 151 21 97 187 484 0 0 192 65
0 148 12 94 178 482 0 0 182 57
0 148 12 94 178 535 0 0 182 57
0 138 7 86 174 534 0 0 179 53
60 138 7 86 174 534 0 0 179 53
50 129 3 85 168 529 0 0 179 49
50 129 3 85 168 529 0 0 240 49
41 128 0 85 164 520 0 0 238 42
41 128 0 85 181 520 0 0 238 42
31 125 0 79 180 515 0 0 230 39
31 159 0 79 180 515 0 0 230 39
24 159 0 72 179 514 0 0 222 36
24 160 0 72 179 514 0 0 222 36
22 154 0 66 170 509 0 0 213 29
22 154 8 66 170 509 0 0 213 29
14 154 0 62 169 507 0 0 211 22
83 154 0 62 169 507 0 0 211 22
79 151 0 54 166 501 0 0 205 20
79 197 0 54 166 501 0 0 205 20
79 187 0 52 157 498 0 0 198 19
183 187 0 52 157 498 0 0 198 19
175 182 0 42 150 494 0 0 195 11
175 182 56 42 150 494 0 0 195 11
173 172 46 38 146 491 0 0 194 4
173 172 117 38 146 491 0 0 194 4
163 170 110 38 137 481 0 0 188 1
163 170 110 119 137 481 0 0 188 1
157 165 107 111 129 472 0 0 179 0
157 165 107 111 129 472 0 104 179 0
149 156 104 105 127 467 0 96 179 0
149 156 118 105 127 467 0 96 179 0
146 148 118 103 118 458 0 96 170 0
146 148 118 103 118 458 0 128 170 0
143 144 113 98 109 458 0 122 163 0
143 144 113 98 109 458 21 122 163 0
140 138 107 98 106 452 21 112 158 0
140 138 107 98 106 452 21 112 199 0
131 128 103 93 101 452 19 109 194 0
131 220 103 93 101 452 19 109 194 0
124 215 93 93 91 452 10 102 184 0
124 215 93 111 91 452 10 102 184 0
124 215 88 101 83 450 0 98 176 0
124 215 88 101 83 450 39 98 176 0
117 214 82 101 78 443 30 89 173 0
117 214 82 201 78 443 30 89 173 0
107 210 79 193 70 441 30 80 167 0
107 278 79 193 70 441 30 80 167 0
106 269 78 190 64 441 27 79 161 0
106 269 78 190 129 441 27 79 161 0
100 267 72 181 119 433 26 76 161 0
100 267 72 181 129 433 26 76 161 0
92 259 70 181 126 424 21 73 160 0
92 309 70 181 126 424 21 73 160 0
83 304 70 181 124 422 13 64 153 0
83 304 70 181 124 456 13 64 153 0
78 299 68 176 115 447 9 55 153 0
78 299 68 176 115 447 9 55 153 77
78 291 62 175 113 444 7 46 150 68
78 291 62 175 181 444 7 46 150 68
74 284 55 174 175 442 2 42 146 59
74 284 55 174 175 442 2 42 146 77
67 284 51 170 165 438 0 42 136 67
67 284 51 170 165 438 0 42 136 160
61 278 44 169 156 432 0 33 135 150
61 278 44 169 156 432 0 33 135 196
55 271 41 159 156 427 0 30 127 192
55 271 41 159 156 427 0 45 127 192
46 265 37 155 147 417 0 38 118 191
46 265 37 155 147 417 0 64 118 191
46 259 36 155 147 414 0 60 110 189
46 326 36 155 147 414 0 60 110 189
46 316 31 152 141 410 0 53 102 187
46 316 31 152 141 483 0 53 102 187
43 312 25 152 139 483 0 47 97 187
43 312 25 152 139 483 0 47 97 244
40 311 15 149 130 476 0 44 95 234
112 311 15 149 130 476 0 44 95 234
111 304 10 149 130 466 0 44 87 226
111 304 10 149 130 466 0 44 87 285
109 296 2 145 129 460 0 40 79 278
109 296 2 145 129 460 0 40 132 278
109 286 0 143 125 451 0 33 129 277
109 286 0 143 125 550 0 33 129 277
103 281 0 140 119 545 0 23 121 276
103 281 48 140 119 545 0 23 121 276
94 279 46 137 114 538 0 19 112 269
94 279 114 137 114 538 0 19 112 269
84 278 112 132 112 528 0 13 105 268
84 278 112 132 140 528 0 13 105 268
77 269 107 123 134 527 0 6 98 268
77 269 107 123 134 527 0 6 98 293
73 262 105 119 132 527 0 4 95 286
73 262 105 119 132 571 0 4 95 286
66 252 104 114 124 567 0 0 92 281
66 252 104 114 124 567 95 0 92 281
61 249 97 106 117 565 86 0 89 276
61 249 190 106 117 565 86 0 89 276
54 246 184 102 117 555 80 0 88 272
54 246 204 102 117 555 80 0 88 272
45 245 202 102 107 546 78 0 87 269
45 245 202 102 107 546 112 0 87 269
44 236 193 95 104 546 107 0 80 260
44 236 200 95 104 546 107 0 80 260
37 226 197 85 97 538 103 0 73 254
37 226 197 85 97 620 103 0 73 254
33 225 192 76 97 612 93 0 73 245
33 225 192 76 97 612 93 0 73 245
30 218 186 72 90 605 87 0 70 245
30 218 218 72 90 605 87 0 70 245
20 209 215 71 86 602 82 0 63 241
20 209 215 71 86 602 165 0 63 241
13 208 215 71 79 598 155 0 55 231
13 208 215 174 79 598 155 0 55 231
6 207 214 172 77 593 147 0 53 230
6 207 214 172 77 593 174 0 53 230
0 203 214 172 68 593 171 0 51 220
0 203 214 172 68 593 242 0 51 220
0 201 207 172 65 591 239 0 48 212
0 201 207 172 65 591 315 0 48 212
0 194 204 165 58 585 306 0 46 211
0 194 204 165 58 585 306 22 46 211
0 190 195 162 51 576 304 18 44 202
0 190 195 162 51 576 376 18 44 202
0 180 193 154 43 569 373 14 37 195
0 180 193 154 43 569 373 119 37 195
0 173 185 144 41 568 365 118 33 190
17 173 185 144 41 568 365 118 33 190
11 171 175 134 40 563 360 111 31 182
11 171 175 134 40 563 360 111 51 182
11 162 171 133 39 563 355 107 49 179
11 207 171 133 39 563 355 107 49 179
8 204 165 130 33 560 349 98 42 175
8 204 165 130 33 560 394 98 42 175
6 194 163 129 30 557 386 91 32 172
30 194 163 129 30 557 386 91 32 172
28 189 160 128 21 556 382 85 22 163
28 189 160 128 21 556 382 85 22 246
18 179 160 122 20 550 380 78 15 241
18 179 160 122 122 550 380 78 15 241
16 169 151 114 112 545 378 72 7 241
16 169 195 114 112 545 378 72 7 241
6 164 190 110 112 539 371 70 0 232
6 164 190 110 112 539 416 70 0 232
4 162 181 109 107 537 412 62 0 231
4 162 241 109 107 537 412 62 0 231
0 161 234 102 99 532 412 61 0 224
0 161 234 102 99 532 412 61 2 224
0 153 234 92 93 527 405 60 0 219
0 153 249 92 93 527 405 60 0 219
0 150 246 91 83 523 401 55 0 211
0 150 246 91 134 523 401 55 0 211
0 148 236 87 132 521 397 49 0 207
0 148 236 87 132 521 460 49 0 207
0 144 235 85 131 521 459 46 0 198
0 144 235 134 131 521 459 46 0 198
0 140 225 131 126 513 449 37 0 197
0 140 225 187 126 513 449 37 0 197
0 136 223 185 126 511 447 27 0 191
0 136 223 185 126 511 447 27 0 218
0 136 216 176 117 511 443 21 0 218
0 136 320 176 117 511 443 21 0 218
0 135 310 175 107 504 443 13 0 211
0 135 310 221 107 504 443 13 0 211
0 129 300 216 102 498 440 5 0 209
0 129 364 216 102 498 440 5 0 209
0 119 356 207 96 497 440 1 0 206
0 119 356 207 96 497 486 1 0 206
0 116 356 202 86 491 483 0 0 203
0 116 356 202 86 491 483 0 49 203
0 108 349 196 77 481 474 0 41 198
0 108 392 196 77 481 474 0 41 198
0 108 392 195 74 477 471 0 38 190
0 108 392 198 74 477 471 0 38 190
0 99 383 195 64 468 466 0 28 182
0 99 383 195 87 468 466 0 28 182
0 91 375 190 79 468 457 0 25 172
28 91 375 190 79 468 457 0 25 172
27 89 368 181 78 462 447 0 16 162
27 89 368 181 78 462 531 0 16 162
18 80 363 175 72 461 523 0 7 153
71 80 363 175 72 461 523 0 7 153
69 76 360 166 64 453 517 0 5 148
69 76 443 166 64 453 517 0 5 148
68 75 437 159 61 446 516 0 2 143
68 75 437 159 61 446 516 30 2 143
62 74 429 156 55 446 506 25 0 133
62 74 429 156 55 446 506 25 0 188
57 69 427 148 47 443 499 21 0 178
57 69 427 148 47 443 499 49 0 178
54 67 419 141 47 436 494 41 0 175
54 67 419 141 47 436 506 41 0 175
48 61 418 131 41 433 498 37 0 173
48 89 418 131 41 433 498 37 0 173
47 82 411 128 39 427 495 30 0 166
47 82 421 128 39 427 495 30 0 166
45 77 412 121 37 423 493 21 0 158
45 85 412 121 37 423 493 21 0 158
37 78 411 111 28 415 488 11 0 152
37 78 411 111 28 454 488 11 0 152
35 68 410 108 25 451 487 1 0 150
129 68 410 108 25 451 487 1 0 150
124 64 402 104 22 446 479 1 0 142
124 64 402 149 22 446 479 1 0 142
116 60 399 142 19 441 479 0 0 140
116 60 399 142 19 441 479 0 0 145
108 57 392 140 11 435 471 0 0 135
108 57 392 140 11 435 471 36 0 135
100 56 391 130 3 431 468 30 0 125
100 56 391 130 3 431 512 30 0 125
92 49 382 120 0 421 503 29 0 125
92 49 382 120 0 421 543 29 0 125
89 45 381 111 0 418 539 21 0 119
89 45 381 159 0 418 539 21 0 119
86 45 372 153 0 413 533 13 0 112
86 45 372 153 0 413 533 13 87 112
77 44 370 153 0 407 524 13 81 112
77 44 400 153 0 407 524 13 81 112
70 39 395 148 0 399 521 11 74 111
70 39 395 148 0 399 538 11 74 111
60 31 386 140 0 395 538 2 66 106
60 31 386 140 0 395 538 2 106 106
60 28 385 137 0 394 535 2 99 105
60 28 385 137 0 480 535 2 99 105
60 21 379 137 0 473 533 0 93 97
60 21 379 137 0 473 533 0 93 202
59 14 369 133 0 470 524 0 87 195
59 14 369 201 0 470 524 0 87 195
52 12 359 194 0 461 523 0 78 194
52 12 359 194 0 461 523 0 151 194
42 2 355 190 0 452 516 0 149 191
42 2 355 190 0 452 516 44 149 191
37 0 348 184 0 451 511 35 145 191
37 0 348 184 0 451 511 35 196 191
34 0 346 175 0 445 511 29 189 183
34 0 346 175 0 445 511 29 189 284
25 0 342 166 0 438 507 22 184 278
25 0 342 166 0 438 543 22 184 278
22 0 340 160 0 431 534 19 182 268
22 0 340 160 0 431 534 123 182 268
14 0 340 160 0 423 529 121 179 264
14 0 340 160 0 423 529 121 257 264
8 0 334 153 0 415 521 113 251 260
8 0 334 153 0 415 521 159 251 260
0 0 326 151 0 415 516 155 247 254
0 0 326 151 0 415 516 155 247 348
0 0 323 149 0 410 508 150 238 347
38 0 323 149 0 410 508 150 238 347
28 0 313 148 0 403 503 142 236 338
28 0 313 148 0 403 503 142 236 348
26 0 313 142 0 396 499 137 233 338
26 0 313 238 0 396 499 137 233 338
21 0 310 231 0 396 496 129 231 329
21 0 310 302 0 396 496 129 231 329
21 0 309 298 0 393 491 119 231 326
21 0 309 298 0 393 491 134 231 326
14 0 301 295 0 390 491 134 227 316
14 0 301 295 0 390 576 134 227 316
9 0 296 295 0 386 567 131 222 310
9 0 384 295 0 386 567 131 222 310
8 0 377 295 0 382 566 126 216 310
8 0 377 295 0 382 566 126 285 310
0 0 373 292 0 376 562 120 277 305
0 0 373 292 0 376 562 201 277 305
0 0 367 285 0 376 562 200 269 296
0 0 367 285 0 376 610 200 269 296
0 0 361 284 0 371 602 195 261 293
0 0 361 284 0 371 602 195 261 386
0 0 351 277 0 370 593 193 257 385
0 0 351 277 0 370 638 193 257 385
0 0 345 276 0 361 629 189 255 380
0 59 345 276 0 361 629 189 255 380
0 54 335 270 0 354 628 181 246 373
0 54 415 270 0 354 628 181 246 373
0 44 410 268 0 346 625 171 243 373
0 44 410 268 22 346 625 171 243 373
0 40 410 265 19 338 625 168 233 371
0 40 410 265 19 423 625 168 233 371
0 39 408 263 17 420 624 160 226 363
0 39 408 263 17 420 624 230 226 363
0 38 399 255 14 412 622 220 222 359
0 38 399 255 14 452 622 220 222 359
0 32 390 249 7 451 612 220 220 350
0 32 390 249 7 451 612 230 220 350
0 25 384 247 2 448 607 228 213 349
68 25 384 247 2 448 607 228 213 349
62 23 380 247 0 446 604 225 210 340
62 23 380 247 0 446 604 225 288 340
56 17 375 245 0 439 604 221 282 331
56 17 375 245 0 439 604 293 282 331
46 15 373 243 0 434 599 293 274 331
46 15 373 243 0 434 599 293 274 398
42 5 366 236 0 426 595 283 265 391
42 5 366 326 0 426 595 283 265 391
32 1 365 319 0 419 586 276 255 381
32 1 365 404 0 419 586 276 255 381
23 0 365 394 0 417 580 275 251 379
23 0 365 394 35 417 580 275 251 379
23 0 362 384 28 411 572 273 251 369
23 0 362 384 28 411 572 273 251 423
21 0 355 381 22 409 572 265 246 419
21 0 355 381 22 409 572 265 338 419
14 0 349 377 18 407 564 265 329 413
14 0 349 377 18 484 564 265 329 413
10 0 343 369 18 484 559 256 321 413
82 0 343 369 18 484 559 256 321 413
78 0 341 363 15 483 552 246 321 404
78 0 341 409 15 483 552 246 321 404
76 0 336 403 10 482 542 240 321 397
76 0 336 403 10 482 566 240 321 397
69 0 328 396 1 479 563 237 318 396
69 0 328 471 1 479 563 237 318 396
61 0 323 467 0 469 556 230 317 395
61 0 323 467 0 469 556 230 385 395
55 0 318 463 0 467 547 220 376 386
55 0 318 463 91 467 547 220 376 386
50 0 310 455 88 458 542 211 370 383
50 0 310 455 88 458 542 211 448 383
40 0 303 447 87 455 540 201 446 380
40 0 303 447 87 455 540 201 516 380
36 0 299 438 82 445 540 193 516 372
36 0 363 438 82 445 540 193 516 372
27 0 358 431 80 445 538 185 515 369
27 0 358 513 80 445 538 185 515 369
24 0 355 509 76 445 534 177 506 366
24 50 355 509 76 445 534 177 506 366
16 42 354 503 74 442 534 169 506 365
16 42 354 503 74 442 534 169 538 365
16 39 352 499 70 432 530 166 534 361
16 39 352 537 70 432 530 166 534 361
8 33 346 537 70 426 529 161 530 359
8 33 346 593 70 426 529 161 530 359
5 30 341 592 66 424 529 155 527 355
5 30 341 592 66 424 577 155 527 355
0 30 332 582 56 421 573 153 521 349
0 30 332 582 56 421 573 153 521 378
0 23 329 577 50 415 566 151 518 371
0 23 329 577 99 415 566 151 518 371
0 18 319 569 93 415 563 143 518 367
45 18 319 569 93 415 563 143 518 367
37 12 311 559 84 413 555 134 518 364
37 12 311 662 84 413 555 134 518 364
30 5 311 659 74 403 552 128 510 354
30 5 311 659 74 403 552 153 510 354
28 0 310 651 65 403 546 149 506 346
28 0 310 651 65 407 546 149 506 346
22 0 309 645 61 406 542 147 499 339
22 0 309 696 61 406 542 147 499 339
21 0 303 691 61 404 542 145 495 332
24 0 303 691 61 404 542 145 495 332
20 0 301 691 58 395 535 139 489 322
20 0 301 691 58 395 535 139 529 322
16 0 299 689 58 391 531 134 523 321
16 0 299 689 58 391 531 134 523 347
15 0 294 689 51 381 531 130 514 346
15 0 294 689 51 381 531 130 598 346
10 0 289 686 42 381 522 121 597 337
10 89 289 686 42 381 522 121 597 337
1 80 287 686 36 376 513 119 597 336
1 80 342 686 36 376 513 119 597 336
0 76 337 678 34 372 511 118 592 327
0 76 337 678 34 372 511 149 592 327
0 74 329 676 33 362 503 149 586 322
0 74 329 676 33 362 503 149 665 322
0 72 326 666 25 357 494 149 664 314
0 72 326 680 25 357 494 149 664 314
0 62 319 670 18 357 489 147 658 305
0 62 319 670 18 357 489 147 736 305
0 53 315 667 12 351 487 137 730 295
0 53 315 667 12 351 487 137 730 299
0 49 312 665 4 341 482 127 721 290
87 49 312 665 4 341 482 127 721 290
85 40 302 657 1 337 474 126 717 280
85 40 302 657 1 337 474 126 717 362
84 32 299 656 0 335 465 123 707 360
87 32 299 656 0 335 465 123 707 360
85 31 289 651 0 326 464 115 704 356
85 31 289 651 0 326 464 115 805 356
75 22 279 645 0 316 464 113 797 347
75 22 279 715 0 316 464 113 797 347
70 19 270 709 0 311 456 103 795 337
70 19 351 709 0 311 456 103 795 337
61 15 348 702 0 301 452 97 788 336
61 15 348 702 0 301 452 97 856 336
52 12 346 695 0 296 450 96 852 330
52 12 346 695 0 296 450 96 852 338
47 12 339 690 0 291 445 93 849 337
89 12 339 690 0 291 445 93 849 337
83 6 339 688 0 281 437 83 847 328
83 6 339 688 0 281 447 83 847 328
73 0 330 680 0 279 439 75 844 321
73 0 330 680 90 279 439 75 844 321
68 0 323 679 89 276 430 69 835 311
68 0 323 691 89 276 430 69 835 311
68 0 323 684 84 268 420 68 828 306
68 0 323 684 84 268 420 68 828 306
64 0 319 681 81 268 416 58 820 300
64 0 319 681 81 268 416 102 820 300
62 0 312 675 74 265 406 95 819 292
62 0 376 675 74 265 406 95 819 292
56 0 367 674 64 264 402 88 814 290
56 0 367 674 64 264 402 160 814 290
49 0 359 672 56 264 393 157 813 286
49 0 359 672 56 264 478 157 813 286
46 0 355 669 48 263 469 147 813 278
46 0 355 669 48 263 469 164 813 278
42 0 354 666 48 259 460 159 803 272
42 0 354 666 48 259 460 159 803 348
39 0 348 660 39 251 459 155 795 347
39 75 348 660 39 251 459 155 795 347
32 65 342 656 32 248 458 147 793 341
32 65 342 656 32 248 458 214 793 341
24 61 336 656 30 242 456 211 788 334
24 61 336 656 30 242 456 211 840 334
23 51 334 654 23 237 452 204 833 327
23 51 334 654 23 237 533 204 833 327
21 43 332 648 23 232 525 199 833 320
21 58 332 648 23 232 525 199 833 320
13 48 332 648 21 228 524 192 830 314
13 48 332 648 39 228 524 192 830 314
12 38 325 643 30 218 523 185 825 309
12 38 325 643 30 227 523 185 825 309
7 31 321 638 20 223 520 184 821 307
7 31 321 638 20 223 520 184 821 338
0 30 311 638 15 221 511 183 818 328
0 30 311 729 15 221 511 183 818 328
0 30 303 721 9 218 504 175 812 324
0 30 303 767 9 218 504 175 812 324
0 29 296 761 8 213 497 174 805 315
0 29 296 761 8 213 497 234 805 315
0 28 295 758 5 211 493 232 798 315
0 28 383 758 5 211 493 232 798 315
0 26 374 754 1 208 493 222 796 312
0 26 374 754 82 208 493 222 796 312
0 26 365 744 79 204 486 213 796 308
0 26 365 744 79 204 486 213 845 308
0 26 359 737 70 194 476 211 842 304
0 26 359 737 70 194 476 312 842 304
0 16 349 728 69 184 467 308 833 303
0 16 349 728 69 184 467 308 927 303
0 16 344 726 62 183 464 305 919 294
0 16 344 726 62 183 464 305 919 305
0 12 341 722 57 177 464 304 911 304
0 12 341 722 57 243 464 304 911 304
0 2 337 715 54 233 460 296 905 303
0 2 337 715 72 233 460 296 905 303
0 0 329 715 62 231 458 287 897 295
21 0 329 715 62 231 458 287 897 295
17 0 325 706 56 223 456 284 892 292
17 0 325 706 56 223 540 284 892 292
10 0 322 700 53 215 535 275 892 291
10 0 322 700 53 215 535 275 892 387
7 0 315 695 48 214 534 273 889 380
42 0 315 695 48 214 534 273 889 380
42 0 305 685 39 212 526 267 885 377
42 0 305 685 134 212 526 267 885 377
41 0 297 680 129 207 520 257 881 375
41 101 297 680 129 207 520 257 881 375
33 95 288 672 126 202 517 254 880 368
33 95 341 672 126 202 517 254 880 368
31 95 331 670 122 197 509 251 870 362
31 95 331 670 122 197 610 251 870 362
31 87 325 669 121 189 609 243 870 359
31 87 325 669 121 189 609 243 975 359
29 84 320 660 117 187 606 238 973 358
29 84 320 660 117 187 606 311 973 358
25 80 320 655 115 178 604 311 963 356
25 120 320 655 115 178 604 311 963 356
17 111 310 651 105 176 595 302 955 347
17 111 310 651 105 176 595 348 955 347
10 102 310 647 97 170 588 338 954 346
10 102 310 647 97 170 588 338 954 414
3 100 302 637 88 162 584 333 950 414
3 100 302 637 88 162 590 333 950 414
3 95 296 635 86 156 584 323 949 412
3 95 296 635 86 156 586 323 949 412
0 93 292 634 85 153 580 322 947 410
0 93 292 634 85 153 580 322 1039 410
0 87 292 628 79 153 572 321 1037 409
0 87 292 628 131 153 572 321 1037 409
0 84 288 620 131 147 572 313 1029 399
0 84 288 654 131 147 572 313 1029 399
0 83 283 654 131 139 564 304 1028 398
0 83 283 654 131 199 564 304 1028 398
0 76 273 654 127 189 560 300 1018 391
0 76 273 654 182 189 560 300 1018 391
0 68 271 649 172 188 553 293 1009 391
0 68 372 649 172 188 553 293 1009 391
0 58 367 640 166 181 546 286 1003 387
0 58 367 715 166 181 546 286 1003 387
0 55 365 709 162 171 537 278 998 385
0 55 365 709 162 171 590 278 998 385
0 50 357 707 161 164 581 268 994 378
0 119 357 707 161 164 581 268 994 378
0 116 353 707 160 158 574 262 985 369
0 116 377 707 160 158 574 262 985 369
0 113 373 698 159 155 572 253 976 363
0 113 373 698 159 155 572 272 976 363
0 111 373 697 151 154 572 265 967 361
0 111 373 705 151 154 572 265 967 361
0 103 370 697 147 149 572 255 957 359
11 103 370 697 147 149 572 255 957 359
5 93 366 689 141 148 562 255 948 356
5 110 366 689 141 148 562 255 948 356
3 102 360 684 133 138 557 246 947 348
3 102 360 684 133 138 557 304 947 348
0 93 352 676 123 136 557 304 946 348
0 93 352 676 123 136 557 385 946 348
0 93 350 672 121 128 550 377 936 338
0 93 350 672 121 190 550 377 936 338
0 91 346 671 113 181 546 373 928 329
0 91 346 671 113 249 546 373 928 329
0 89 338 663 108 241 539 370 921 327
0 89 338 663 108 265 539 370 921 327
0 89 338 654 105 260 536 360 914 326
0 89 338 654 150 260 536 360 914 326
0 82 330 644 149 251 526 358 908 318
0 82 330 644 151 251 526 358 908 318
0 74 322 642 142 246 516 358 898 312
0 74 322 642 142 246 516 359 898 312
0 64 317 633 142 240 514 353 896 305
0 64 317 633 142 240 514 353 896 334
0 62 308 626 140 230 514 353 895 334
0 62 413 626 140 230 514 353 895 334
0 56 407 618 136 225 504 352 888 332
0 56 407 618 142 225 504 352 888 332
0 54 400 617 137 219 502 346 881 324
0 74 400 617 137 219 502 346 881 324
0 64 394 609 133 210 500 337 881 318
0 64 394 609 133 210 500 337 905 318
0 60 385 601 126 202 498 337 896 316
0 60 385 601 126 202 498 337 916 316
0 57 376 599 118 202 494 327 913 312
0 57 376 599 118 202 494 327 913 336
0 54 372 592 114 194 490 326 910 334
0 54 372 592 114 194 490 335 910 334
0 54 366 592 104 188 480 327 901 334
0 54 366 592 104 188 480 327 1004 334
0 44 358 586 96 183 471 321 995 326
0 44 358 586 96 183 471 321 995 400
0 38 350 586 91 176 465 317 991 397
29 38 350 586 91 176 465 317 991 397
20 34 349 577 85 169 464 317 990 396
100 34 349 577 85 169 464 317 990 396
95 27 344 569 79 167 462 312 988 395
95 27 344 569 79 199 462 312 988 395
94 21 339 560 77 189 455 312 985 395
94 21 339 560 77 206 455 312 985 395
94 11 334 559 75 204 445 312 978 387
94 11 334 559 75 204 445 318 978 387
88 8 326 554 72 198 445 313 975 379
88 8 357 554 72 198 445 313 975 379
82 2 357 548 72 192 436 305 968 379
82 2 357 592 72 192 436 305 968 379
73 0 352 585 70 192 434 297 964 372
73 0 352 585 70 192 434 297 994 372
71 0 348 575 60 183 433 295 986 363
71 0 348 575 60 183 433 295 1012 363
66 0 342 574 57 174 426 294 1003 359
66 0 342 574 57 174 496 294 1003 359
66 0 341 564 53 166 495 287 996 350
66 0 341 613 53 166 495 287 996 350
57 0 341 613 45 157 485 278 989 343
57 0 341 613 89 157 485 278 989 343
48 0 336 605 85 149 479 278 980 338
48 15 336 605 85 149 479 278 980 338
48 10 326 596 76 145 475 273 976 336
48 10 326 596 76 194 475 273 976 336
48 5 326 595 68 194 467 270 973 330
48 5 326 595 91 194 467 270 973 330
42 3 319 591 86 184 461 263 973 323
42 3 319 591 86 184 461 263 1020 323
36 0 317 591 76 174 457 263 1018 322
36 0 346 591 76 174 457 263 1018 322
32 0 343 586 66 173 456 253 1018 320
32 0 343 610 66 173 456 253 1018 320
23 0 337 603 64 169 453 253 1009 320
23 48 337 603 64 169 453 253 1009 320
19 43 331 600 55 160 444 246 1008 311
19 43 331 600 55 160 444 246 1097 311
14 34 327 597 54 155 437 243 1091 305
14 34 327 597 154 155 437 243 1091 305
13 28 319 588 149 150 427 237 1082 305
13 28 319 588 149 192 427 237 1082 305
9 26 313 582 140 190 418 237 1074 305
9 35 313 582 140 190 418 237 1074 305
7 33 313 574 135 185 414 232 1072 297
7 33 397 574 135 185 414 232 1072 297
4 28 394 571 134 184 410 222 1063 296
22 28 394 571 134 184 410 222 1063 296
17 21 384 563 126 174 404 220 1053 286
17 21 384 563 126 174 404 220 1157 286
7 21 381 558 123 164 397 220 1156 282
7 21 381 558 123 164 463 220 1156 282
0 13 375 558 118 156 461 219 1155 282
0 17 375 558 118 156 461 219 1155 282
0 7 369 550 109 147 453 215 1146 274
0 7 369 550 109 147 453 319 1146 274
0 1 364 545 101 145 443 310 1136 271
0 1 364 545 167 145 443 310 1136 271
0 0 361 543 157 144 435 305 1136 271
0 0 361 543 193 144 435 305 1136 271
0 0 351 543 188 135 435 297 1132 267
0 0 351 548 188 135 435 297 1132 267
0 0 347 547 178 133 434 293 1128 260
0 47 347 547 178 133 434 293 1128 260
0 47 339 538 168 123 432 293 1119 257
0 47 339 538 168 123 442 293 1119 257
0 37 329 532 161 115 435 291 1114 247
0 37 329 636 161 115 435 291 1114 247
0 28 320 636 160 115 430 290 1108 243
0 70 320 636 160 115 430 290 1108 243
0 65 313 629 156 108 422 289 1107 235
0 71 313 629 156 108 422 289 1107 235
0 65 311 624 154 102 414 284 1103 230
0 65 311 624 154 102 414 284 1103 315
0 59 303 616 148 97 410 276 1101 312
0 59 303 616 148 97 410 371 1101 312
0 53 302 615 138 97 406 368 1098 304
0 53 302 615 138 97 501 368 1098 304
0 46 294 611 133 87 499 366 1097 302
0 46 294 611 133 87 499 366 1097 320
0 44 287 603 127 87 497 363 1096 315
32 44 287 603 127 87 497 363 1096 315
25 35 279 593 121 86 495 354 1089 310
25 35 279 593 121 86 495 354 1089 357
20 27 274 590 117 79 491 346 1086 349
70 27 274 590 117 79 491 346 1086 349
63 22 267 584 107 77 489 341 1084 340
63 91 267 584 107 77 489 341 1084 340
58 90 265 580 98 72 485 339 1077 332
58 90 309 580 98 72 485 339 1077 332
49 90 309 575 94 63 484 329 1077 322
49 90 309 575 94 63 484 413 1077 322
43 80 305 565 86 56 481 409 1074 314
43 80 305 670 86 56 481 409 1074 314
33 80 300 663 86 49 472 401 1065 306
33 80 300 663 86 49 558 401 1065 306
25 73 295 655 80 42 555 392 1064 298
25 73 295 655 80 42 555 392 1064 389
17 73 287 648 71 33 550 391 1060 389
17 73 287 652 71 33 550 391 1060 389
16 63 279 652 71 31 542 390 1060 385
16 63 279 652 71 31 542 390 1060 410
13 57 275 642 63 30 541 381 1058 405
13 57 275 642 63 30 544 381 1058 405
13 52 274 633 58 21 543 377 1057 401
112 52 274 633 58 21 543 377 1057 401
109 47 267 624 51 16 540 377 1050 395
109 47 267 691 51 16 540 377 1050 395
100 45 263 689 43 8 540 372 1043 390
100 45 263 706 43 8 540 372 1043 390
100 43 255 704 43 5 532 367 1037 390
100 43 255 704 43 5 555 367 1037 390
98 41 250 703 35 5 552 363 1034 382
98 41 250 794 35 5 552 363 1034 382
93 33 240 786 28 0 551 356 1032 376
93 33 240 786 112 0 551 356 1032 376
84 30 231 776 110 0 547 349 1024 375
84 30 231 776 110 0 547 349 1124 375
78 20 226 768 100 0 540 344 1121 374
78 56 226 768 100 0 540 344 1121 374
70 48 224 763 90 0 536 339 1113 364
70 48 224 763 90 0 536 350 1113 364
62 46 219 761 84 0 526 349 1106 363
62 46 219 761 84 0 526 368 1106 363
57 39 209 752 78 0 524 359 1100 363
57 39 209 752 78 0 524 451 1100 363
49 39 200 743 68 0 518 448 1097 363
105 39 200 743 68 0 518 448 1097 363
99 31 200 741 59 0 514 441 1087 361
99 31 200 741 136 0 514 441 1087 361
97 27 193 736 128 0 507 436 1086 354
97 27 193 736 128 5 507 436 1086 354
94 25 186 734 125 2 497 434 1080 348
94 25 186 734 125 2 497 494 1080 348
87 18 177 726 120 0 491 493 1078 341
87 18 177 797 120 0 491 493 1078 341
79 11 176 788 112 0 487 488 1072 341
79 11 176 788 112 0 487 488 1099 341
73 6 166 778 111 0 485 479 1093 333
140 6 166 778 111 0 485 479 1093 333
132 4 162 772 103 0 477 471 1090 325
132 4 162 772 103 0 477 572 1090 325
129 1 157 768 94 0 471 564 1086 316
182 1 157 768 94 0 471 564 1086 316
176 0 149 758 86 0 469 555 1085 312
176 0 149 758 86 0 469 555 1142 312
174 0 144 750 83 0 463 551 1142 311
174 0 144 750 83 0 463 551 1142 316
170 0 134 750 82 0 454 548 1138 315
248 0 134 750 82 0 454 548 1138 315
240 0 125 740 76 0 452 541 1133 306
240 0 125 740 76 0 452 541 1144 306
236 0 116 733 72 0 446 535 1143 296
236 100 116 733 72 0 446 535 1143 296
235 95 106 726 70 0 443 529 1134 290
235 95 106 726 70 98 443 529 1134 290
232 89 101 723 65 93 438 519 1127 285
232 89 101 723 65 93 521 519 1127 285
229 81 98 713 61 88 516 512 1117 285
229 81 194 713 61 88 516 512 1117 285
224 78 194 704 53 87 513 507 1116 277
224 78 194 755 53 87 513 507 1116 277
215 72 189 749 44 86 504 497 1114 277
215 72 189 749 44 86 504 497 1121 277
214 71 179 739 42 85 494 487 1111 271
214 91 179 739 42 85 494 487 1111 271
204 89 174 734 39 85 487 481 1103 269
273 89 174 734 39 85 487 481 1103 269
263 83 172 725 37 84 484 481 1095 263
357 83 172 725 37 84 484 481 1095 263
353 74 164 716 30 84 474 476 1095 260
353 74 164 716 30 167 474 476 1095 260
351 66 159 711 29 161 471 468 1092 255
351 66 159 711 112 161 471 468 1092 255
348 58 157 703 111 154 463 463 1082 248
348 58 157 721 111 154 463 463 1082 248
347 55 147 718 106 154 454 461 1080 239
347 55 244 718 106 154 454 461 1080 239
337 54 243 714 100 153 446 452 1074 234
337 54 243 714 100 153 446 452 1074 302
327 50 236 714 98 146 442 447 1074 300
327 50 236 714 98 146 442 447 1095 300
319 49 228 704 92 136 442 437 1087 298
361 49 228 704 92 136 442 437 1087 298
361 45 228 703 83 135 439 434 1077 296
361 45 228 703 83 135 439 450 1077 296
357 37 223 703 80 130 432 444 1067 287
357 37 223 712 80 130 432 444 1067 287
355 32 213 710 77 130 427 439 1059 283
355 32 213 710 162 130 427 439 1059 283
346 23 211 700 156 127 422 433 1052 277
346 23 211 700 156 127 422 440 1052 277
344 20 209 694 147 118 417 438 1052 274
344 20 209 694 147 118 449 438 1052 274
335 11 201 688 143 111 445 430 1045 268
335 11 201 688 143 148 445 430 1045 268
325 6 199 686 139 138 439 423 1035 266
325 6 199 686 139 138 439 423 1047 266
321 5 197 684 137 128 438 413 1042 257
321 5 197 684 137 128 438 413 1050 257
312 3 189 677 134 121 437 410 1041 254
312 3 189 677 134 121 437 434 1041 254
302 0 180 675 133 120 432 425 1033 247
302 0 189 675 133 120 432 425 1033 247
300 0 187 667 133 110 430 418 1031 242
300 5 187 667 133 110 430 418 1031 242
294 5 186 660 123 105 424 415 1030 238
294 5 186 660 123 105 424 486 1030 238
292 4 178 650 123 96 424 485 1027 228
292 4 178 650 123 96 424 485 1027 309
282 0 169 649 118 95 415 483 1023 300
282 5 169 649 118 95 415 483 1023 300
278 0 161 644 112 95 413 479 1022 293
278 0 161 644 133 95 413 479 1022 293
276 0 154 635 130 91 408 472 1017 287
276 0 154 635 130 91 408 472 1047 287
276 0 151 631 120 84 400 467 1045 279
276 0 151 631 120 84 400 467 1045 330
268 0 142 630 115 79 400 459 1042 329
268 0 142 630 115 79 400 459 1042 329
259 0 132 620 108 70 395 453 1042 324
259 0 132 620 108 70 395 453 1074 324
255 0 125 610 107 69 386 449 1072 324
255 0 125 610 107 154 386 449 1072 324
249 0 116 607 101 144 379 448 1072 323
249 0 116 607 157 144 379 448 1072 323
245 0 114 602 157 143 370 447 1067 317
245 24 114 602 157 143 370 447 1067 317
245 14 112 600 157 140 362 443 1061 311
245 14 112 600 157 140 418 443 1061 311
235 7 109 597 150 132 416 442 1055 303
235 7 109 597 150 132 416 442 1055 357
230 5 106 588 145 123 407 440 1053 353
230 5 106 588 215 123 407 440 1053 353
225 0 99 585 209 123 397 440 1045 347
225 0 99 585 265 123 397 440 1045 347
221 0 99 584 259 123 388 435 1035 337
221 0 99 584 259 123 471 435 1035 337
221 0 98 583 259 122 466 426 1035 328
221 0 98 583 362 122 466 426 1035 328
212 0 94 576 359 122 457 424 1032 320
212 0 184 576 359 122 457 424 1032 320
210 0 175 574 351 118 455 424 1024 311
210 45 175 574 351 118 455 424 1024 311
204 35 166 567 346 113 448 415 1022 304
236 35 166 567 346 113 448 415 1022 304
236 32 159 564 341 112 447 409 1022 299
236 32 159 564 341 112 447 409 1030 299
226 27 153 555 336 109 437 408 1023 289
226 27 153 555 336 109 437 479 1023 289
224 25 151 553 330 109 429 477 1014 284
224 25 151 553 330 115 429 477 1014 284
220 16 148 545 323 110 429 475 1007 279
220 16 148 545 323 214 429 475 1007 279
213 11 145 543 321 207 424 473 998 275
213 49 145 543 321 207 424 473 998 275
211 48 143 538 321 202 415 468 994 272
271 48 143 538 321 202 415 468 994 272
270 42 135 533 313 192 409 467 984 270
270 42 135 533 313 288 409 467 984 270
263 36 131 526 311 283 407 462 983 268
263 36 131 526 311 283 407 462 1016 268
263 28 126 525 303 281 407 460 1014 263
263 96 126 525 303 281 407 460 1014 263
255 95 124 520 293 276 402 453 1007 259
255 95 124 520 293 276 402 480 1007 259
250 92 116 514 283 275 398 473 998 257
250 92 116 514 283 306 398 473 998 257
241 86 113 507 279 297 394 465 994 254
241 86 125 507 279 297 394 465 994 254
241 81 120 507 272 297 391 457 988 244
241 81 222 507 272 297 391 457 988 244
233 76 214 507 264 289 391 452 982 237
233 76 214 507 264 289 391 539 982 237
230 71 209 503 257 284 382 529 979 232
230 71 209 503 257 284 450 529 979 232
229 63 203 494 252 283 442 524 972 224
229 63 203 494 252 283 442 593 972 224
229 60 201 485 250 276 435 584 967 224
229 60 253 485 250 276 435 584 967 224
223 58 246 482 250 272 429 584 957 218
316 58 246 482 250 272 429 584 957 218
308 55 246 477 245 269 426 581 955 209
308 55 246 477 245 269 426 581 955 209
301 52 236 470 235 267 419 577 954 206
301 52 236 470 235 267 419 586 954 206
296 47 228 460 231 264 409 580 948 200
296 47 228 460 231 282 409 580 948 200
292 45 222 455 224 277 402 577 939 195
338 45 222 455 224 277 402 577 939 195
337 36 219 446 224 271 401 573 933 189
337 36 219 471 224 271 401 573 933 189
331 27 216 470 215 267 401 568 928 188
331 27 216 470 215 372 401 568 928 188
321 26 212 465 210 365 392 558 919 182
321 26 212 465 210 365 392 565 919 182
319 16 211 461 204 364 387 555 914 177
319 93 211 461 204 364 387 555 914 177
316 90 208 454 203 358 387 553 911 177
316 90 250 454 203 358 387 553 911 177
313 89 250 451 202 357 384 544 905 169
313 89 250 451 202 357 384 544 968 169
313 87 242 445 198 356 378 542 964 160
313 87 242 445 264 356 378 542 964 160
304 86 238 445 257 356 371 534 955 152
304 86 238 523 257 356 371 534 955 152
296 77 233 516 257 348 371 529 945 144
296 93 233 516 257 348 371 529 945 144
293 91 230 513 253 340 366 529 941 135
293 91 230 513 253 340 417 529 941 135
292 90 220 507 251 336 411 520 936 129
292 135 220 507 251 336 411 520 936 129
284 135 213 498 250 327 410 519 926 123
284 135 310 498 250 327 410 519 926 123
280 132 302 494 247 317 405 518 916 122
280 132 302 494 247 317 405 609 916 122
275 127 294 490 247 307 398 599 912 114
275 127 337 490 247 307 398 599 912 114
272 127 337 482 238 304 395 595 904 110
272 127 337 482 257 304 395 595 904 110
268 120 331 481 256 296 393 594 902 105
268 120 331 481 256 296 393 594 945 105
261 118 330 478 251 287 393 589 941 99
261 118 330 478 251 351 393 589 941 99
258 110 324 477 251 346 391 589 941 92
308 110 324 477 251 346 391 589 941 92
306 100 318 472 244 343 386 579 940 87
306 100 416 472 244 343 386 579 940 87
299 98 414 472 234 342 380 575 932 82
299 115 414 472 234 342 380 575 932 82
299 113 408 468 227 334 379 568 924 78
299 113 408 468 227 430 379 568 924 78
293 103 399 467 219 420 379 568 919 75
293 103 399 482 219 420 379 568 919 75
288 102 397 476 214 412 369 562 913 70
288 102 397 476 214 412 369 587 913 70
287 99 388 466 206 409 366 579 905 67
287 99 388 466 206 409 366 666 905 67
282 93 380 463 201 405 360 656 904 65
282 93 453 463 201 405 360 656 904 65
277 88 443 458 192 402 354 649 899 59
277 88 443 458 192 402 354 649 926 59
267 85 439 450 188 399 344 648 916 54
267 85 439 450 188 399 349 648 916 54
265 79 437 449 179 393 339 642 915 46
265 79 452 449 179 393 339 642 915 46
260 79 452 446 179 385 335 634 913 36
260 79 452 446 179 385 335 682 913 36
251 78 448 439 171 376 327 675 910 27
251 78 448 439 198 376 327 675 910 27
246 69 438 433 196 371 327 666 908 23
246 69 438 433 196 371 327 666 908 123
242 68 429 430 196 371 327 658 901 123
242 68 498 430 196 371 327 658 901 123
239 66 496 427 193 368 325 657 894 117
239 66 535 427 193 368 325 657 894 117
234 66 531 425 190 368 319 650 894 107
234 171 531 425 190 368 319 650 894 107
234 162 523 421 185 359 316 644 890 98
234 162 523 421 185 359 316 644 930 98
234 156 513 411 176 355 311 641 921 93
234 156 513 411 176 355 311 641 966 93
224 153 513 411 172 352 302 639 965 92
224 153 513 411 172 352 384 639 965 92
217 146 513 406 166 343 384 629 961 82
217 146 592 406 166 343 384 629 961 82
216 142 582 405 156 338 384 627 961 76
216 142 582 405 156 338 458 627 961 76
211 140 575 398 155 334 451 617 954 66
211 140 575 424 155 334 451 617 954 66
204 138 572 424 149 326 442 612 949 60
204 138 623 424 149 326 442 612 949 60
203 137 620 424 142 322 432 602 947 53
203 137 687 424 142 322 432 602 947 53
202 134 681 416 132 322 427 596 942 45
202 141 681 416 132 322 427 596 942 45
202 135 671 413 130 315 423 588 933 44
227 135 671 413 130 315 423 588 933 44
220 132 666 409 121 310 421 587 928 42
220 132 666 424 121 310 421 587 928 42
212 128 664 423 116 309 413 587 922 42
212 189 664 423 116 309 413 587 922 42
206 181 659 416 107 304 412 577 921 39
206 181 659 416 107 304 412 661 921 39
196 171 656 416 105 302 406 655 912 38
196 171 656 416 166 302 406 655 912 38
189 168 652 413 156 294 404 646 908 32
189 168 652 413 156 294 507 646 908 32
182 166 643 408 150 290 498 639 905 24
182 166 643 408 150 290 498 639 918 24
173 164 641 406 143 283 492 632 911 14
173 164 641 406 143 304 492 632 911 14
170 158 638 398 137 300 492 631 908 4
170 158 638 398 137 300 492 631 908 65
160 157 631 395 130 294 482 628 908 65
233 157 631 395 130 294 482 628 908 65
224 152 621 388 127 287 477 623 899 65
224 152 721 388 127 287 477 623 899 65
214 151 720 388 121 286 476 618 895 62
214 254 720 388 121 286 476 618 895 62
208 254 712 379 115 278 468 613 886 55
208 254 712 475 115 278 468 613 886 55
201 249 704 474 110 276 458 606 881 53
201 249 704 474 110 276 530 606 881 53
197 240 704 468 100 275 525 598 871 43
237 240 704 468 100 275 525 598 871 43
231 236 697 462 94 268 524 591 863 42
231 236 706 462 94 268 524 591 863 42
221 226 697 457 86 265 516 587 857 34
221 226 697 457 86 265 516 587 857 85
217 219 694 448 77 261 509 587 848 80
217 281 694 448 77 261 509 587 848 80
212 272 687 442 76 254 505 578 847 79
212 272 687 442 76 254 505 578 889 79
209 264 687 442 75 249 499 576 882 77
209 264 687 529 75 249 499 576 882 77
203 254 680 526 75 241 491 575 881 75
203 254 680 526 75 337 491 575 881 75
196 246 673 518 67 329 487 569 876 69
196 343 673 518 67 329 487 569 876 69
186 336 671 516 60 324 482 564 870 65
186 336 671 516 60 424 482 564 870 65
181 336 668 513 53 420 474 561 861 64
181 336 668 513 53 420 474 664 861 64
179 326 668 512 51 414 471 658 853 56
179 369 668 512 51 414 471 658 853 56
177 369 662 505 45 405 471 654 850 50
177 369 736 505 45 405 471 654 850 50
170 362 728 500 45 404 471 650 850 41
170 424 728 500 45 404 471 650 850 41
161 415 722 500 42 395 463 646 841 34
195 415 722 500 42 395 463 646 841 34
187 412 721 499 35 394 458 639 834 28
187 412 721 499 43 394 458 639 834 28
186 408 717 494 35 384 453 629 831 21
186 408 717 494 35 384 453 629 831 31
177 405 713 486 35 379 445 629 824 21
177 405 713 486 35 379 445 684 824 21
168 404 713 477 27 375 442 678 815 12
168 404 713 477 27 441 442 678 815 12
168 404 713 471 26 440 438 677 811 6
168 404 713 471 26 440 438 767 811 6
160 395 713 471 23 438 435 765 807 3
160 395 713 494 23 438 435 765 807 3
158 391 711 489 19 435 430 765 799 0
158 391 711 489 19 435 430 765 852 0
151 387 701 482 15 431 430 764 851 0
151 387 701 482 15 431 505 764 851 0
143 379 696 475 15 423 499 759 842 0
143 379 696 475 15 423 562 759 842 0
137 369 696 472 12 414 561 757 836 0
137 369 696 472 47 414 561 757 836 0
130 365 694 465 39 411 558 750 834 0
130 365 694 465 39 411 558 750 891 0
125 357 689 458 29 404 549 748 890 0
125 357 689 458 115 404 549 748 890 0
124 352 681 457 111 402 549 745 882 0
124 352 681 457 111 402 549 745 902 0
124 344 678 456 111 393 549 740 895 0
124 344 678 456 140 393 549 740 895 0
122 335 677 455 133 386 548 736 891 0
122 335 677 526 133 386 548 736 891 0
121 332 667 520 126 382 547 735 884 0
188 332 667 520 126 382 547 735 884 0
188 324 659 518 119 376 545 734 876 0
188 324 707 518 119 376 545 734 876 0
184 321 706 508 116 367 541 725 868 0
184 321 706 508 116 367 541 725 868 62
179 320 697 502 111 366 536 721 867 53
179 320 697 502 125 366 536 721 867 53
170 320 692 500 121 365 531 721 866 51
170 320 692 500 121 365 531 721 949 51
165 310 687 495 118 358 521 711 939 48
165 381 687 495 118 358 521 711 939 48
156 376 679 492 112 348 512 707 938 46
156 376 679 492 115 348 512 707 938 46
148 375 671 492 106 345 512 707 933 45
148 375 671 492 106 345 512 793 933 45
148 370 664 483 96 336 508 784 930 44
148 370 664 483 120 336 508 784 930 44
140 365 664 477 114 335 505 774 927 37
140 470 664 477 114 335 505 774 927 37
134 468 656 472 114 325 498 768 918 35
134 468 656 472 114 325 498 768 918 128
125 461 654 463 105 318 488 758 916 126
178 461 654 463 105 318 488 758 916 126
172 460 648 453 100 314 480 758 909 124
172 460 648 555 100 314 480 758 909 124
171 457 646 553 92 307 471 754 904 114
171 457 646 553 92 334 471 754 904 114
163 448 644 544 92 331 471 752 902 114
186 448 644 544 92 331 471 752 902 114
186 443 639 536 89 322 471 742 897 107
186 443 639 536 89 322 471 742 897 174
182 439 631 528 85 320 466 733 887 174
182 439 631 528 85 320 466 733 887 271
173 432 624 519 83 318 458 727 877 271
173 474 624 519 83 318 458 727 877 271
164 471 622 514 80 310 458 718 867 270
164 471 622 514 80 316 458 718 867 270
154 461 613 508 75 315 456 712 864 266
154 506 613 508 75 315 456 712 864 266
152 498 610 507 68 315 450 705 863 260
152 498 610 507 68 315 450 705 863 341
144 496 600 507 61 312 446 701 858 332
144 496 695 507 61 312 446 701 858 332
137 488 692 503 60 312 436 701 857 330
137 488 692 503 60 312 473 701 857 330
134 482 686 497 53 307 466 697 847 328
134 488 686 497 53 307 466 697 847 328
129 487 677 497 44 303 462 695 840 322
129 487 677 497 143 303 462 695 840 322
128 486 667 487 134 302 462 693 837 317
128 486 667 487 134 302 462 754 837 317
125 479 662 483 128 295 459 745 835 314
125 479 662 483 128 295 459 745 835 407
120 479 658 479 122 287 455 740 832 398
120 479 658 479 122 287 520 740 832 398
113 470 649 469 116 280 512 737 831 398
113 470 649 469 199 280 512 737 831 398
109 468 641 464 189 272 506 737 828 394
109 468 641 532 189 272 506 737 828 394
100 466 635 527 188 270 499 729 827 389
100 466 635 527 188 270 499 729 894 389
93 460 634 523 181 268 499 720 892 379
93 460 634 523 181 364 499 720 892 379
89 455 624 514 177 361 496 716 886 379
89 547 624 514 177 361 496 716 886 379
87 542 621 509 171 355 495 713 883 372
87 542 621 509 171 355 495 713 960 372
77 541 616 506 162 355 495 706 952 365
77 541 616 506 162 355 528 706 952 365
74 540 615 500 156 350 522 706 952 359
74 540 628 500 156 350 522 706 952 359
69 532 623 494 147 340 513 697 948 349
120 532 623 494 147 340 513 697 948 349
110 522 623 486 146 330 512 692 940 343
110 522 623 536 146 330 512 692 940 343
105 512 615 531 137 321 508 685 932 342
115 512 615 531 137 321 508 685 932 342
109 505 608 522 131 311 502 679 928 332
109 505 608 522 224 311 502 679 928 332
109 505 602 516 220 305 501 676 919 329
109 505 602 585 220 305 501 676 919 329
103 496 594 575 220 304 495 666 916 328
103 496 594 575 220 304 525 666 916 328
99 491 592 573 214 302 521 660 911 320
99 491 592 573 214 302 521 660 911 373
95 491 591 566 210 297 519 651 902 371
95 514 591 566 210 297 519 651 902 371
90 514 583 564 203 293 510 649 892 367
90 514 583 564 203 337 510 649 892 367
86 514 582 560 196 334 503 644 883 357
161 514 582 560 196 334 503 644 883 357
161 506 574 552 190 326 502 635 882 349
161 506 574 617 190 326 502 635 882 349
160 497 571 608 183 317 497 629 876 348
160 497 571 608 183 319 497 629 876 348
153 494 561 604 180 317 487 623 866 339
153 494 561 604 180 317 515 623 866 339
144 490 560 604 178 307 510 615 861 336
144 490 560 604 178 342 510 615 861 336
135 485 557 601 177 339 507 610 857 331
135 485 557 601 177 339 606 610 857 331
126 477 549 600 168 329 597 610 857 321
126 477 568 600 168 329 597 610 857 321
122 472 568 594 160 325 591 607 849 315
200 472 568 594 160 325 591 607 849 315
200 463 563 593 158 325 586 607 840 313
200 463 563 593 158 325 598 607 840 313
196 454 554 588 156 317 590 606 832 313
196 454 554 588 156 317 590 606 832 348
195 452 553 583 146 313 587 600 824 341
195 452 553 676 146 313 587 600 824 341
185 446 551 672 137 308 578 597 824 338
185 446 551 672 137 308 578 597 914 338
176 443 542 664 127 307 576 587 912 330
176 443 542 711 127 307 576 587 912 330
176 441 540 707 118 303 569 582 912 324
176 441 540 707 199 303 569 582 912 324
167 441 537 697 195 300 564 576 908 318
167 441 537 697 195 300 648 576 908 318
162 439 532 696 191 293 647 567 902 314
162 439 554 696 191 293 647 567 902 314
160 431 545 687 187 292 645 565 902 306
160 431 545 687 187 292 678 565 902 306
151 430 538 685 182 286 675 560 897 306
151 430 538 685 182 286 727 560 897 306
146 425 535 682 173 281 717 550 892 296
146 425 535 682 173 281 717 550 892 396
144 423 535 676 172 279 708 542 885 386
173 423 535 676 172 279 708 542 885 386
170 419 535 668 165 273 698 541 884 378
170 488 535 668 165 273 698 541 884 378
160 487 525 662 163 269 696 538 878 371
160 487 525 662 168 269 696 538 878 371
158 479 517 656 167 269 687 533 877 368
158 479 517 656 167 269 687 533 960 368
148 470 516 646 165 263 686 531 951 368
148 470 516 646 226 263 686 531 951 368
138 462 509 638 223 257 682 523 947 358
138 462 509 638 223 257 682 523 947 381
128 453 500 634 223 249 678 521 940 380
128 453 506 634 223 249 678 521 940 380
122 444 497 632 218 248 670 512 940 373
122 444 497 632 305 248 670 512 940 373
122 436 495 624 304 240 665 503 933 370
161 436 495 624 304 240 665 503 933 370
152 432 486 619 301 232 662 497 928 365
152 432 486 619 301 232 745 497 928 365
142 428 479 613 301 231 737 492 928 357
142 428 479 613 359 231 737 492 928 357
132 423 475 612 352 226 734 485 923 354
132 423 475 612 352 226 734 485 923 380
129 413 473 608 343 219 734 483 916 374
129 413 473 608 343 219 734 569 916 374
124 407 471 603 335 219 734 562 910 372
124 407 471 603 335 219 831 562 910 372
123 401 461 602 330 219 825 557 904 367
123 401 461 602 330 219 825 557 966 367
113 395 458 592 328 214 822 548 966 359
113 395 526 592 328 214 822 548 966 359
113 392 516 585 328 208 814 546 958 356
113 392 516 585 328 208 814 604 958 356
108 392 516 575 328 207 810 595 958 350
115 392 516 575 328 207 810 595 958 350
114 390 509 573 326 206 801 593 954 341
114 390 522 573 326 206 801 593 954 341
104 390 519 571 317 206 792 583 954 335
104 390 519 571 317 206 792 620 954 335
100 380 513 565 314 200 789 610 954 325
100 380 513 565 394 200 789 610 954 325
92 373 506 560 393 193 788 606 945 316
92 373 506 560 393 193 788 606 979 316
85 368 502 557 391 186 778 599 975 311
85 368 502 557 391 270 778 599 975 311
80 365 493 556 388 270 776 595 965 309
80 365 493 556 388 356 776 595 965 309
74 363 489 555 382 353 775 595 960 307
74 363 489 555 382 353 826 595 960 307
72 362 479 552 375 353 819 592 951 302
72 362 479 552 375 353 866 592 951 302
71 361 474 546 372 344 856 582 945 293
71 361 474 546 372 344 856 582 956 293
71 359 471 546 370 341 856 574 949 289
71 359 471 546 370 341 856 574 949 384
65 358 470 544 367 339 852 567 943 380
127 358 470 544 367 339 852 567 943 380
124 355 468 535 358 336 847 564 933 372
124 355 468 535 358 418 847 564 933 372
118 354 464 530 353 411 844 557 925 363
118 354 464 578 353 411 844 557 925 363
118 344 460 570 351 403 834 551 920 355
118 344 460 570 430 403 834 551 920 355
112 342 451 569 430 401 829 547 911 355
112 377 451 569 430 401 829 547 911 355
111 376 442 564 421 397 820 538 909 349
111 376 442 564 421 397 820 538 909 447
102 371 437 563 412 389 819 532 900 447
102 371 509 563 412 389 819 532 900 447
101 368 502 560 408 384 818 525 898 443
117 368 502 560 408 384 818 525 898 443
107 363 492 555 398 381 818 524 896 435
107 363 492 555 398 381 818 524 914 435
97 353 491 549 395 371 810 524 908 427
194 353 491 549 395 371 810 524 908 427
190 350 491 544 390 361 806 514 899 423
190 350 491 544 390 361 806 542 899 423
184 345 486 537 390 360 801 542 895 415
184 345 513 537 390 360 801 542 895 415
178 340 503 530 389 358 798 537 890 415
178 340 503 530 441 358 798 537 890 415
177 332 497 521 436 348 796 532 883 413
177 332 497 521 436 348 796 532 883 472
172 330 489 518 427 342 790 523 880 467
172 330 489 518 427 342 790 523 880 565
167 323 489 517 419 335 789 522 873 561
167 323 489 517 419 335 789 522 873 561
158 316 483 511 413 330 786 519 873 554
158 362 483 511 413 330 786 519 873 554
155 357 480 511 408 327 784 518 873 545
155 357 480 511 408 327 784 518 873 640
150 355 474 509 402 321 780 511 864 640
150 355 474 509 402 321 780 511 877 640
141 349 470 508 392 318 773 508 872 635
141 349 470 508 392 318 773 508 872 646
140 339 464 498 387 308 770 500 862 636
241 339 464 498 387 308 770 500 862 636
234 330 463 497 382 301 760 495 854 632
234 330 489 497 382 301 760 495 854 632
230 325 483 496 382 300 754 494 853 628
230 325 524 496 382 300 754 494 853 628
222 323 521 493 380 300 744 487 849 620
278 323 521 493 380 300 744 487 849 620
271 323 519 489 370 290 734 485 841 619
271 323 519 489 370 382 734 485 841 619
269 317 511 482 368 373 728 479 832 616
269 317 511 482 368 373 728 479 832 656
262 310 507 478 367 367 727 477 825 651
262 310 507 560 367 367 727 477 825 651
259 303 504 554 360 363 719 475 815 644
259 303 584 554 360 363 719 475 815 644
250 301 583 554 356 361 709 470 807 639
250 301 583 554 421 361 709 470 807 639
249 295 581 544 411 359 706 470 805 633
249 295 581 544 411 359 706 470 805 725
242 292 574 540 408 355 699 466 795 718
242 382 574 540 408 355 699 466 795 718
239 380 570 533 400 350 696 458 795 718
239 380 570 533 451 350 696 458 795 718
232 373 565 531 444 343 693 454 786 712
232 373 565 531 444 343 733 454 786 712
230 367 561 527 444 335 730 454 785 711
230 367 574 527 444 335 730 454 785 711
230 363 564 527 440 331 720 445 776 701
230 363 564 527 440 331 720 445 776 771
224 362 560 525 439 323 711 441 766 761
224 432 560 525 439 323 711 441 766 761
224 430 555 520 434 320 711 439 757 758
224 430 555 520 434 320 723 439 757 758
216 424 552 514 428 317 717 439 750 748
291 424 552 514 428 317 717 439 750 748
283 422 551 512 427 315 716 429 748 744
283 422 551 512 427 315 804 429 748 744
279 412 546 506 417 315 801 423 747 736
279 412 546 506 417 315 801 467 747 736
277 402 543 505 413 312 798 460 742 733
314 402 543 505 413 312 798 460 742 733
311 394 543 502 406 309 795 452 733 731
311 394 543 502 406 309 795 452 734 731
307 390 541 498 399 306 795 449 725 721
307 390 551 498 399 306 795 449 725 721
299 383 545 494 392 305 790 448 718 711
299 383 545 494 400 305 790 448 718 711
289 377 536 487 393 300 784 448 714 705
289 377 536 487 393 300 804 448 714 705
279 368 532 484 393 290 796 444 714 702
279 368 631 484 393 290 796 444 714 702
279 361 631 476 390 289 791 442 704 695
279 361 631 476 390 289 791 442 725 695
275 356 621 466 385 285 782 434 719 685
275 356 621 466 385 285 782 434 815 685
275 350 615 465 383 283 772 430 814 682
275 350 615 516 383 283 772 430 814 682
268 341 610 508 381 280 772 426 807 675
268 341 708 508 381 280 772 426 807 675
261 335 699 504 378 277 762 418 804 672
261 335 699 504 378 277 762 423 804 672
259 328 699 501 378 275 752 418 801 672
259 328 699 501 407 275 752 418 801 672
250 319 697 493 407 271 752 418 793 671
250 319 765 493 407 271 752 418 793 671
247 313 760 485 401 263 752 410 792 663
247 313 760 485 401 328 752 410 792 663
242 311 753 479 392 319 750 405 785 655
242 311 753 479 392 319 750 405 785 741
237 306 749 469 392 312 750 397 785 732
237 306 749 469 392 312 803 397 785 732
230 300 745 462 392 302 802 390 784 732
230 300 745 462 392 302 802 390 821 732
227 298 745 462 382 298 797 387 820 724
227 298 745 462 382 298 797 415 820 724
223 288 740 456 381 292 787 407 819 717
302 288 740 456 381 292 787 407 819 717
300 281 740 446 381 283 784 406 814 710
300 281 749 446 381 283 784 406 814 710
298 281 746 446 376 277 774 398 813 702
298 281 746 446 376 277 774 398 864 702
294 271 740 445 375 275 773 391 854 697
294 271 775 445 375 275 773 391 854 697
284 264 765 442 369 270 763 386 851 692
284 264 765 486 369 270 763 386 851 692
280 259 759 482 366 264 755 382 846 686
280 259 759 482 366 297 755 382 846 686
278 252 751 472 366 294 752 377 844 683
278 252 751 472 366 294 785 377 844 683
275 248 743 464 364 287 783 377 836 678
275 248 743 464 364 287 783 377 846 678
273 239 741 461 360 284 780 372 844 671
273 239 741 488 360 284 780 372 844 671
268 234 735 481 355 280 777 370 835 667
268 252 735 481 355 280 777 370 835 667
266 251 726 477 355 280 773 360 833 659
266 251 726 477 355 280 790 360 833 659
265 250 723 477 345 270 782 352 832 658
265 250 723 507 345 270 782 352 832 658
258 244 721 507 343 268 779 345 831 648
258 346 721 507 343 268 779 345 831 648
250 343 712 501 336 260 771 338 831 647
250 343 712 501 336 285 771 338 831 647
249 340 712 491 334 277 763 332 826 646
249 392 712 491 334 277 763 332 826 646
247 386 710 489 327 273 754 329 819 644
247 386 710 489 423 273 754 329 819 644
237 382 706 479 418 270 748 328 816 638
237 382 706 479 418 270 844 328 816 638
232 374 702 472 416 270 838 325 807 637
232 374 702 472 422 270 838 325 807 637
225 370 693 466 417 263 828 315 804 629
225 374 693 466 417 263 828 315 804 629
224 374 690 463 409 260 827 313 801 624
224 374 690 463 409 260 827 313 823 624
219 369 689 453 402 257 823 309 816 617
219 369 689 453 402 257 823 309 818 617
210 360 679 448 394 247 815 299 818 615
210 360 679 448 394 247 815 343 818 615
208 358 679 446 388 244 814 340 810 609
208 358 679 446 388 244 814 354 810 609
202 350 673 440 378 234 808 351 804 601
232 350 673 440 378 234 808 351 804 601
229 345 666 431 377 229 805 349 796 592
282 345 666 431 377 229 805 349 796 592
274 336 666 423 369 227 799 341 791 589
296 336 666 423 369 227 799 341 791 589
286 336 659 420 365 219 793 336 788 581
319 336 659 420 365 219 793 336 788 581
310 326 656 416 359 210 786 331 786 572
310 326 656 416 359 210 786 339 786 572
302 321 647 415 350 201 785 329 786 564
302 330 647 415 350 201 785 329 786 564
295 322 643 406 349 198 778 328 779 557
295 322 643 406 349 198 778 328 779 632
287 313 635 400 340 191 777 319 773 626
287 313 635 402 340 191 777 319 773 626
282 313 629 397 339 189 771 318 771 619
282 313 629 397 339 189 771 318 775 619
273 304 627 393 337 179 763 316 766 617
273 304 627 393 337 239 763 316 766 617
265 302 626 384 329 232 761 315 761 609
265 302 626 384 329 323 761 315 761 609
263 296 623 379 319 319 760 305 760 608
263 296 623 451 319 319 760 305 760 608
257 289 617 444 318 314 754 305 759 601
257 289 617 444 375 314 754 305 759 601
254 280 611 434 375 304 751 302 754 597
254 280 611 434 375 317 751 302 754 597
244 274 607 427 371 310 741 292 744 592
244 274 607 427 371 310 741 392 744 592
235 268 602 425 366 305 736 385 741 589
235 268 602 425 366 305 736 418 741 589
225 259 595 418 361 295 734 416 735 579
225 259 595 418 455 295 734 416 735 579
218 257 588 415 451 293 728 410 727 576
218 257 588 415 451 293 728 431 727 576
213 254 587 411 446 284 718 426 722 572
213 254 587 411 446 284 718 426 722 602
208 246 578 411 446 284 710 422 718 593
208 246 578 411 446 284 809 422 718 593
205 239 573 403 444 277 800 413 711 593
205 239 573 403 444 277 900 413 711 593
200 238 571 398 444 272 892 408 709 587
200 238 571 398 444 272 892 408 709 587
192 233 564 391 437 270 882 398 702 577
192 233 564 391 454 270 882 398 702 577
185 232 564 385 450 268 879 395 693 571
185 232 564 385 450 268 954 395 693 571
180 227 556 376 448 265 953 386 690 571
180 227 556 376 448 365 953 386 690 571
178 218 553 367 441 365 945 377 683 568
178 318 553 367 441 365 945 377 683 568
176 314 553 367 440 357 937 370 682 566
176 314 553 367 440 362 937 370 682 566
175 304 543 362 435 360 933 362 682 556
175 304 543 454 435 360 933 362 682 556
171 297 536 445 434 360 931 354 676 549
171 297 536 445 434 360 1031 354 676 549
167 289 532 439 424 357 1030 348 666 539
205 289 532 439 424 357 1030 348 666 539
200 287 528 430 419 357 1023 345 662 533
200 287 528 430 419 357 1120 345 662 533
190 281 528 420 415 356 1116 335 654 528
190 281 528 420 415 397 1116 335 654 528
183 271 521 413 412 393 1114 334 649 521
183 271 521 413 412 406 1114 334 649 521
182 271 514 403 405 399 1106 333 640 512
182 271 617 403 405 399 1106 333 640 512
173 271 613 396 396 395 1098 332 638 506
173 271 613 396 396 395 1098 420 638 506
172 269 604 396 388 392 1092 414 633 496
172 269 604 396 489 392 1092 414 633 496
162 260 594 387 479 391 1086 406 633 491
162 260 616 387 479 391 1086 406 633 491
157 258 606 381 471 384 1086 404 627 487
199 258 606 381 471 384 1086 404 627 487
195 252 599 375 470 375 1081 402 624 478
195 320 599 375 470 375 1081 402 624 478
187 313 595 371 467 365 1074 398 615 471
187 313 595 371 467 365 1085 398 615 471
185 303 589 364 464 360 1085 392 611 461
185 303 589 364 464 360 1122 392 611 461
175 297 586 364 461 357 1112 382 601 451
260 297 586 364 461 357 1112 382 601 451
250 297 578 357 460 357 1103 373 592 449
250 297 643 357 460 357 1103 373 592 449
245 288 633 354 455 351 1101 369 585 444
245 288 633 400 455 351 1101 369 585 444
237 281 628 393 453 345 1093 369 575 436
237 350 628 393 453 345 1093 369 575 436
227 350 625 389 452 335 1089 363 570 431
227 350 694 389 452 335 1089 363 570 431
225 340 692 383 451 329 1080 356 568 430
225 340 692 383 451 329 1080 356 568 485
224 338 687 383 446 320 1077 348 561 483
224 338 687 383 446 320 1077 378 561 483
218 330 683 377 439 313 1075 368 555 483
218 330 683 456 439 313 1075 368 555 483
216 322 677 456 434 311 1071 368 554 482
216 322 677 456 522 311 1071 368 554 482
210 318 668 448 519 311 1064 361 550 473
210 318 668 505 519 311 1064 361 550 473
203 309 662 495 513 301 1054 355 544 466
203 309 662 495 513 301 1059 355 544 466
193 306 660 494 507 291 1057 349 539 459
193 306 660 494 601 291 1057 349 539 459
185 297 653 488 592 281 1054 347 530 459
185 297 653 488 691 281 1054 347 530 459
177 288 645 482 684 273 1045 346 525 458
177 300 645 482 684 273 1045 346 525 458
176 293 644 476 676 268 1035 340 524 453
176 371 644 476 676 268 1035 340 524 453
176 366 643 467 675 266 1030 335 522 450
176 366 643 467 675 266 1030 396 522 450
171 362 633 463 667 256 1030 386 512 441
171 362 633 463 667 256 1036 386 512 441
161 360 633 457 664 250 1033 383 505 435
161 360 633 457 664 250 1076 383 505 435
152 351 629 452 655 246 1076 375 498 430
152 351 629 452 655 246 1134 375 498 430
144 349 624 444 648 240 1130 367 495 423
157 349 624 444 648 240 1130 367 495 423
153 340 622 441 647 234 1127 360 489 413
153 340 715 441 647 234 1127 360 489 413
150 337 705 441 641 225 1122 357 481 413
150 370 705 441 641 225 1122 357 481 413
149 366 703 431 641 219 1118 355 472 410
149 366 703 532 641 219 1118 355 472 410
147 363 697 525 633 212 1114 347 470 402
147 363 697 525 633 214 1114 347 470 402
141 358 697 525 625 205 1114 341 469 402
141 358 697 525 625 205 1114 391 469 402
141 351 690 522 623 195 1106 388 469 399
141 351 690 522 623 202 1106 388 469 399
138 351 682 519 613 198 1102 387 461 399
138 351 682 599 613 198 1102 387 461 399
135 349 679 589 609 196 1099 383 457 393
142 349 679 589 609 196 1099 383 457 393
135 340 679 588 604 193 1090 376 456 383
135 340 679 588 604 193 1090 376 542 383
126 331 674 581 601 188 1083 376 542 383
126 331 674 581 601 188 1083 376 605 383
116 330 672 575 597 179 1078 375 605 377
116 330 672 575 597 179 1078 375 605 411
115 322 670 570 588 177 1074 366 596 406
115 322 670 570 588 272 1074 366 596 406
110 322 663 565 584 266 1064 363 586 401
110 344 663 565 584 266 1064 363 586 401
106 344 656 564 577 258 1063 356 582 400
106 344 656 564 577 258 1063 403 582 400
102 336 652 557 577 250 1057 400 575 391
102 336 652 557 577 250 1057 400 575 494
97 336 652 555 573 240 1049 394 569 492
97 336 652 555 573 240 1049 395 569 492
87 326 645 552 572 231 1042 391 566 491
87 326 645 552 649 231 1042 391 566 491
81 321 638 544 644 225 1033 387 565 488
81 321 681 544 644 225 1033 387 565 488
81 317 674 541 638 225 1028 387 557 487
81 317 674 645 638 225 1028 387 557 487
71 310 664 635 631 224 1026 379 548 487
71 310 664 685 631 224 1026 379 548 487
70 309 664 679 628 221 1024 375 540 479
123 309 664 679 628 221 1024 375 540 479
118 309 655 670 625 211 1022 367 534 472
118 309 655 670 625 211 1022 367 534 562
115 303 652 669 621 206 1013 362 533 558
115 303 652 669 626 206 1013 362 533 558
114 299 645 663 626 198 1009 354 525 550
114 299 660 663 626 198 1009 354 525 550
113 292 652 659 626 196 1006 354 519 542
113 292 652 659 626 205 1006 354 519 542
106 287 651 658 619 202 999 346 510 532
106 287 651 658 619 202 999 445 510 532
104 280 648 649 613 202 996 441 510 523
104 280 648 649 613 202 996 441 510 527
104 272 644 647 606 193 987 438 501 526
104 272 644 647 606 218 987 438 501 526
95 272 643 640 603 211 984 433 492 519
95 272 643 640 693 211 984 433 492 519
86 266 637 635 689 209 976 424 490 516
86 266 637 635 689 209 976 424 535 516
76 260 636 632 684 207 968 419 528 516
76 276 636 632 684 207 968 419 528 516
75 268 635 629 677 203 966 415 521 508
75 268 635 629 677 203 966 466 521 508
68 265 627 625 670 196 957 458 514 506
68 265 627 625 670 196 1061 458 514 506
61 257 619 617 670 190 1054 454 506 503
61 336 619 617 670 190 1054 454 506 503
60 326 617 613 667 184 1054 444 501 498
60 326 617 613 667 184 1054 444 536 498
50 325 611 606 666 177 1047 444 534 495
50 325 611 606 666 177 1047 444 621 495
50 324 606 599 657 173 1045 435 617 494
50 324 606 658 657 173 1045 435 617 494
49 314 604 650 651 171 1038 428 610 490
148 314 604 650 651 171 1038 428 610 490
142 304 597 648 643 162 1030 425 609 490
142 304 597 648 643 162 1095 425 609 490
135 300 589 647 642 161 1085 421 602 490
135 300 589 647 660 161 1085 421 602 490
126 299 587 645 659 153 1076 418 602 484
126 299 587 645 659 153 1076 451 602 484
118 295 582 641 653 144 1073 445 602 476
118 295 582 641 653 144 1073 445 602 482
112 287 577 634 645 139 1070 443 596 482
112 287 577 634 645 196 1070 443 596 482
111 280 575 633 636 188 1068 438 587 475
111 280 575 633 664 188 1068 438 587 475
106 274 574 628 654 178 1058 434 586 473
106 274 679 628 654 178 1058 434 586 473
98 272 674 627 646 172 1056 425 576 466
98 272 674 627 646 172 1056 514 576 466
98 269 669 623 642 165 1055 510 572 456
98 269 669 623 642 245 1055 510 572 456
92 259 660 619 637 242 1053 502 569 456
92 359 660 619 637 242 1053 502 569 456
86 357 654 611 636 236 1045 495 563 454
149 357 654 611 636 236 1045 495 563 454
144 357 653 606 626 226 1038 495 555 452
144 357 653 606 626 226 1038 579 555 452
139 355 649 606 624 220 1030 577 545 442
236 355 649 606 624 220 1030 577 545 442
234 345 646 600 615 220 1024 576 537 432
234 345 703 600 615 220 1024 576 537 432
230 342 702 590 610 212 1019 573 532 431
230 342 702 590 610 212 1019 573 554 431
226 342 697 585 604 204 1011 573 548 421
226 342 697 585 604 204 1011 573 618 421
219 335 695 575 600 195 1008 564 610 418
219 335 695 575 600 195 1008 639 610 418
219 330 693 571 600 190 1004 629 608 412
219 330 693 571 600 229 1004 629 608 412
209 321 683 569 591 228 997 623 607 403
267 321 683 569 591 228 997 623 607 403
258 319 679 568 581 221 992 621 602 394
258 319 679 568 626 221 992 621 602 394
255 310 676 562 620 218 990 613 596 386
255 387 676 562 620 218 990 613 596 386
245 378 673 554 620 210 985 608 589 384
245 378 673 554 620 210 985 608 589 463
243 374 663 551 610 200 979 603 588 463
243 374 663 618 610 200 979 603 588 463
241 369 659 611 603 193 974 593 578 456
241 369 659 611 603 193 974 593 600 456
239 361 650 610 600 184 968 588 600 448
239 361 650 610 639 184 968 588 600 448
231 360 649 609 639 180 959 588 592 446
231 360 649 609 639 275 959 588 592 446
231 350 644 600 634 269 949 579 588 444
231 350 644 600 634 269 1020 579 588 444
226 341 640 599 625 268 1018 572 578 441
226 343 640 599 625 268 1018 572 578 441
223 342 633 594 620 264 1018 566 569 433
223 342 633 594 620 264 1099 566 569 433
216 337 631 588 615 263 1090 558 564 423
216 337 631 588 615 263 1090 558 578 423
206 327 631 579 607 261 1082 548 576 415
206 327 631 579 607 261 1082 548 576 477
196 321 631 569 605 251 1077 541 576 469
196 321 631 569 605 251 1077 541 669 469
196 311 630 569 596 244 1071 532 661 469
196 311 630 636 596 244 1071 532 661 469
189 308 629 634 594 238 1061 532 655 463
189 308 629 634 594 238 1106 532 655 463
183 304 625 633 592 237 1105 530 649 460
267 304 625 633 592 237 1105 530 649 460
257 297 619 627 591 237 1102 523 639 455
341 297 619 627 591 237 1102 523 639 455
334 296 614 617 581 235 1092 522 633 449
334 296 614 617 581 235 1092 522 682 449
332 292 614 615 577 226 1092 514 678 440
332 292 614 615 577 226 1092 520 678 440
325 287 610 607 575 217 1090 515 672 430
411 287 610 607 575 217 1090 515 672 430
405 287 608 606 573 215 1084 513 665 420
405 287 608 633 573 215 1084 513 665 420
396 285 604 629 566 207 1075 508 657 420
396 285 604 629 566 207 1075 576 657 420
396 276 601 621 561 207 1069 572 648 418
403 276 601 621 561 207 1069 572 648 418
393 275 594 612 556 202 1063 570 644 415
393 275 594 612 623 202 1063 570 644 415
383 266 590 612 621 197 1061 562 634 413
383 266 590 612 621 197 1149 562 634 413
380 259 583 602 611 196 1145 559 632 407
380 259 583 697 611 196 1145 559 632 407
371 255 576 692 602 187 1138 558 627 398
371 255 576 731 602 187 1138 558 627 398
370 253 573 723 602 187 1130 556 621 398
370 253 573 790 602 187 1130 556 621 398
363 243 569 786 602 183 1124 554 617 389
363 243 569 786 602 183 1124 554 689 389
360 243 568 780 601 177 1123 552 681 386
360 243 568 780 637 177 1123 552 681 386
357 233 566 773 635 170 1120 542 679 379
357 331 566 773 635 170 1120 542 679 379
347 327 559 765 632 166 1111 536 678 375
347 327 559 765 632 166 1130 536 678 375
346 323 552 758 629 160 1126 532 668 371
346 323 552 758 682 160 1126 532 668 371
339 315 549 755 676 156 1118 526 665 371
339 315 549 755 676 260 1118 526 665 371
338 305 545 753 667 258 1117 524 655 362
338 333 545 753 667 258 1117 524 655 362
329 333 541 743 664 252 1107 518 649 354
329 333 541 821 664 252 1107 518 649 354
325 324 538 821 663 245 1103 510 640 347
325 324 538 821 663 245 1103 510 640 431
321 319 533 813 654 241 1099 509 630 431
321 319 533 813 654 241 1099 509 655 431
315 315 531 807 654 240 1097 500 652 430
315 315 531 840 654 240 1097 500 652 430
314 305 525 840 649 235 1091 497 645 423
314 305 525 840 649 235 1091 497 745 423
312 304 519 830 646 231 1087 492 736 416
312 304 519 830 648 231 1087 492 736 416
312 300 516 820 648 223 1078 491 728 415
312 300 516 893 648 223 1078 491 728 415
311 291 512 893 648 216 1069 485 721 407
311 346 512 893 648 216 1069 485 721 407
303 337 510 889 642 215 1068 481 721 401
303 337 510 889 642 215 1068 481 777 401
298 336 501 888 635 205 1058 472 777 394
298 336 501 964 635 205 1058 472 777 394
288 327 499 956 625 196 1057 466 773 385
321 327 499 956 625 196 1057 466 773 385
320 326 489 946 620 187 1053 466 765 376
320 326 489 946 620 187 1121 466 765 376
316 316 486 937 610 187 1121 457 762 372
316 316 569 937 610 187 1121 457 762 372
313 309 562 927 603 178 1112 451 758 366
313 309 562 927 603 178 1112 506 758 366
312 302 562 919 598 177 1112 505 751 362
312 302 562 919 598 177 1112 505 751 398
308 300 561 912 597 167 1103 497 742 388
308 300 561 912 597 167 1103 572 742 388
303 299 560 912 596 163 1100 566 739 388
303 299 560 912 596 163 1100 619 739 388
297 296 555 909 591 158 1093 611 738 385
297 296 555 909 591 158 1143 611 738 385
289 295 548 906 591 152 1133 611 730 382
289 295 548 906 591 215 1133 611 730 382
279 294 541 906 583 210 1131 606 724 381
303 294 541 906 583 210 1131 606 724 381
293 291 531 904 576 205 1123 600 717 377
295 291 531 904 576 205 1123 600 717 377
295 288 531 899 571 203 1120 590 711 377
295 288 531 899 599 203 1120 590 711 377
295 283 521 891 598 203 1118 581 710 375
295 283 521 891 598 203 1118 581 725 375
288 274 521 883 591 194 1110 575 725 368
322 274 521 883 591 194 1110 575 725 368
315 270 516 875 588 194 1109 569 725 368
419 270 516 875 588 194 1109 569 725 368
412 262 511 875 585 188 1109 565 722 362
412 334 511 875 585 188 1109 565 722 362
406 328 510 873 584 182 1106 557 719 356
406 342 510 873 584 182 1106 557 719 356
399 332 504 872 574 173 1098 552 719 352
399 332 504 872 574 173 1170 552 719 352
397 329 502 872 567 168 1167 547 713 352
397 329 502 872 567 168 1167 547 798 352
388 323 496 872 564 159 1157 541 791 349
388 323 496 872 564 205 1157 541 791 349
383 317 496 872 562 202 1157 541 784 343
383 317 496 872 562 202 1157 543 784 343
382 311 495 868 560 194 1157 541 778 336
382 311 495 868 560 194 1157 541 778 404
375 306 494 863 559 189 1156 535 769 399
375 306 494 863 559 189 1156 602 769 399
371 301 485 856 553 185 1149 602 764 397
455 301 485 856 553 185 1149 602 764 397
450 298 475 847 548 179 1144 593 756 387
450 298 475 847 548 179 1144 663 756 387
444 296 474 847 538 178 1138 655 749 387
444 296 474 847 538 178 1138 655 820 387
436 288 469 837 536 170 1129 655 812 381
505 288 469 837 536 170 1129 655 812 381
501 288 469 837 531 162 1128 651 812 374
501 288 469 837 531 162 1229 651 812 374
500 281 465 830 528 161 1223 643 812 368
500 281 555 830 528 161 1223 643 812 368
493 272 545 822 525 158 1218 637 804 364
493 361 545 822 525 158 1218 637 804 364
493 358 538 818 515 150 1216 630 798 364
493 358 538 818 515 150 1216 630 798 398
488 353 532 817 510 142 1211 620 798 390
488 353 532 817 510 142 1309 620 798 390
483 349 532 810 506 139 1304 612 798 380
483 349 532 810 573 139 1304 612 798 380
477 349 530 808 564 137 1296 605 797 380
477 349 530 808 564 145 1296 605 797 380
467 348 530 806 558 145 1288 603 790 377
467 348 572 806 558 145 1288 603 790 377
465 342 567 800 552 135 1279 601 789 372
465 342 567 800 552 135 1279 601 789 441
456 340 565 797 548 134 1275 598 779 440
456 340 565 797 548 134 1275 598 824 440
453 339 559 794 548 130 1265 590 815 439
453 339 559 794 548 130 1265 590 815 507
452 338 552 792 547 123 1260 586 813 502
452 338 607 792 547 123 1260 586 813 502
451 330 605 792 540 114 1256 586 809 500
451 330 605 792 606 114 1256 586 809 500
449 329 602 785 603 106 1247 578 800 496
543 329 602 785 603 106 1247 578 800 496
542 325 601 782 596 99 1247 570 799 487
628 325 601 782 596 99 1247 570 799 487
620 320 601 777 590 98 1238 563 792 481
620 333 601 777 590 98 1238 563 792 481
614 331 597 769 587 95 1234 554 789 471
673 331 597 769 587 95 1234 554 789 471
669 322 588 761 582 93 1224 553 781 468
669 322 588 761 582 162 1224 553 781 468
669 313 588 753 576 157 1220 548 780 468
669 318 588 753 576 157 1220 548 780 468
663 308 588 750 573 151 1217 539 775 468
663 308 588 852 573 151 1217 539 775 468
659 304 588 845 573 146 1207 534 768 462
659 399 588 845 573 146 1207 534 768 462
650 393 584 842 573 139 1204 534 765 462
650 393 584 842 573 139 1204 534 765 462
642 389 575 839 572 138 1203 531 757 455
642 389 575 839 572 138 1203 531 802 455
634 379 570 837 569 134 1201 531 801 448
634 379 570 837 569 219 1201 531 801 448
624 372 564 837 561 212 1192 529 791 446
641 372 564 837 561 212 1192 529 791 446
634 371 555 830 560 210 1185 521 787 445
634 404 555 830 560 210 1185 521 787 445
634 403 546 820 556 202 1181 514 785 441
634 403 546 892 556 202 1181 514 785 441
633 396 536 884 549 199 1176 508 784 441
633 396 536 884 549 199 1220 508 784 441
630 388 527 880 547 190 1210 501 777 432
630 388 527 961 547 190 1210 501 777 432
622 379 521 953 542 180 1208 494 775 424
622 379 521 953 542 180 1208 586 775 424
614 379 512 945 537 170 1206 584 774 423
614 446 512 945 537 170 1206 584 774 423
611 438 505 941 535 164 1198 574 766 420
611 438 505 941 535 164 1198 645 766 420
601 429 501 940 530 155 1197 644 759 414
601 429 501 940 627 155 1197 644 759 414
599 419 496 936 619 153 1190 641 750 409
599 419 496 936 619 153 1190 641 766 409
591 417 494 930 616 149 1186 640 757 405
591 417 494 930 616 149 1186 693 757 405
588 417 493 927 614 148 1178 684 754 403
588 417 571 927 614 148 1178 684 754 403
584 412 571 921 610 143 1170 677 754 398
643 412 571 921 610 143 1170 677 754 398
643 412 569 921 602 138 1170 675 750 395
643 412 569 921 602 138 1196 675 750 395
635 406 566 914 601 136 1192 665 749 392
635 406 580 914 601 136 1192 665 749 392
633 406 571 914 592 130 1183 656 742 387
633 450 571 914 592 130 1183 656 742 387
632 445 561 914 585 124 1173 646 737 381
632 445 561 970 585 124 1173 646 737 381
624 437 556 964 575 122 1163 641 735 373
624 437 556 964 575 122 1200 641 735 373
623 432 549 963 574 122 1190 634 729 363
623 432 549 963 650 122 1190 634 729 363
623 431 544 953 642 120 1190 624 725 362
623 431 544 953 642 120 1190 624 725 382
620 427 542 949 634 117 1189 620 719 377
620 427 542 949 634 117 1280 620 719 377
619 424 542 947 628 108 1274 614 713 368
619 424 542 947 628 108 1274 700 713 368
619 422 539 940 628 106 1268 697 706 358
708 422 539 940 628 106 1268 697 706 358
704 421 533 934 618 97 1260 690 703 348
704 421 533 934 618 97 1260 690 703 435
695 414 532 930 617 87 1254 680 698 433
695 414 532 998 617 87 1254 680 698 433
693 414 524 991 608 82 1254 680 698 433
693 414 524 991 712 82 1254 680 698 433
683 408 516 991 706 82 1253 680 698 430
683 408 516 991 706 82 1253 700 698 430
677 407 510 983 705 82 1245 696 692 425
677 407 510 983 705 178 1245 696 692 425
673 399 507 974 699 176 1242 696 687 417
673 399 507 974 699 176 1270 696 687 417
667 391 506 965 691 168 1264 687 678 411
667 391 506 965 691 168 1264 774 678 411
659 386 502 963 683 163 1259 769 673 408
659 386 502 969 683 163 1259 769 673 408
651 377 492 968 681 159 1250 767 665 401
651 377 492 968 681 159 1250 840 665 401
646 374 483 966 681 156 1250 834 662 393
729 374 483 966 681 156 1250 834 662 393
722 370 474 962 677 146 1247 830 654 385
722 370 474 962 677 146 1247 830 654 385
717 364 471 962 672 141 1245 820 652 380
717 364 471 962 672 141 1282 820 652 380
713 358 471 959 670 132 1272 811 651 375
713 358 471 959 670 178 1272 811 651 375
710 350 465 949 663 168 1270 810 645 373
710 350 465 949 663 168 1270 810 700 373
706 343 457 942 657 165 1267 804 699 372
706 343 457 942 658 165 1267 804 699 372
701 337 457 936 656 163 1264 803 690 367
701 337 457 936 656 163 1264 857 690 367
694 336 448 933 656 163 1255 848 683 362
694 336 448 933 656 264 1255 848 683 362
686 334 438 928 649 256 1245 844 677 354
686 334 438 928 649 330 1245 844 677 354
682 334 432 925 639 321 1242 843 674 348
778 334 432 925 639 321 1242 843 674 348
772 325 423 915 635 319 1235 843 671 339
772 325 423 915 635 327 1235 843 671 339
770 317 416 906 630 323 1233 836 665 339
770 317 416 906 630 323 1233 836 665 416
762 317 408 900 624 320 1227 828 665 407
762 317 408 900 624 320 1227 828 665 509
756 313 399 898 616 312 1217 826 665 507
756 313 477 898 616 312 1217 826 665 507
746 310 473 890 615 306 1210 818 660 504
746 310 489 890 615 306 1210 818 660 504
743 309 486 890 613 304 1209 816 656 502
823 309 486 890 613 304 1209 816 656 502
823 300 477 885 607 297 1204 815 654 500
823 300 477 962 607 297 1204 815 654 500
819 298 467 955 604 293 1197 806 645 495
819 298 467 955 604 293 1197 806 690 495
