1000 3
0 0 0
0 0 901
0 0 211
0 17 211
0 0 0
1966 0 0
1726 0 0
1726 0 238
1431 0 0
1431 2892 0
1183 2400 0
1183 2400 2257
378 1443 1915
378 1443 4170
0 754 4128
1346 754 4128
866 723 3506
950 723 3506
871 0 3143
871 0 4438
214 0 3516
214 2079 3516
0 1289 2994
0 1289 3559
0 400 3030
1653 400 3030
1632 0 2734
3928 0 2734
2936 0 2541
5772 0 2541
5328 0 1680
6342 0 1680
5440 0 1233
5440 0 2379
5113 0 1579
5113 0 3372
4479 0 2567
7346 0 2567
6973 0 1769
6973 0 2371
6133 0 2290
6831 0 2290
6133 0 1534
6133 2869 1534
5523 2168 761
6358 2168 761
5693 1817 690
5693 1817 1932
4900 1063 1679
4900 1063 2573
4799 965 2288
4799 2531 2288
3848 1987 2258
3848 4646 2258
2948 4195 1515
5223 4195 1515
5083 3665 727
5276 3665 727
4705 3515 0
4782 3515 0
3921 2784 0
3921 4713 0
3364 4644 0
3364 4644 880
3022 3654 591
3994 3654 591
3404 2794 0
3404 2794 712
2639 2477 359
2639 2477 2906
2288 1503 2544
2288 1503 5445
1384 964 4726
1869 964 4726
1790 494 4508
1790 1535 4508
1181 831 3823
3290 831 3823
3211 611 3784
5674 611 3784
4777 0 3679
5453 0 3679
5436 0 3521
5436 958 3521
4921 769 2999
4921 769 4587
4213 162 4032
4213 162 6676
3335 0 6408
3335 0 8931
2659 0 8858
2659 1773 8858
2527 1119 8790
2527 1119 10255
1861 325 9599
1861 1507 9599
1644 863 8740
1644 1001 8740
1409 308 7788
1409 308 10515
481 7 9901
2466 7 9901
1834 0 9797
1834 332 9797
1367 181 9547
1367 1322 9547
548 379 8729
548 379 11135
93 0 10230
93 498 10230
0 0 9629
2881 0 9629
2790 0 8940
2790 1778 8940
2631 845 8845
2631 1703 8845
1873 1558 8769
1873 1558 9095
1283 1443 8558
1283 1855 8558
824 1205 8212
2927 1205 8212
2756 428 7297
2756 1907 7297
2729 1443 6631
4583 1443 6631
3944 704 6144
3944 3379 6144
3839 2728 5267
3839 2728 7232
3597 2141 7115
5277 2141 7115
4853 1634 7106
4853 3966 7106
3886 3677 7100
3886 3677 7342
3868 3610 7021
3868 5705 7021
3612 5535 6262
6317 5535 6262
5365 5326 5262
5365 5945 5262
4829 5316 5257
4829 6826 5257
3960 6153 4495
3960 9001 4495
3598 8312 4457
3598 8388 4457
3325 7989 4104
6032 7989 4104
5124 7293 3995
5124 8123 3995
4528 7411 3263
4528 7411 4880
3883 6589 4067
5502 6589 4067
4913 6107 3510
4913 6107 4124
4090 5222 3455
4090 6663 3455
3593 6598 3383
5345 6598 3383
4587 5734 3233
4587 5734 4707
3715 5504 3871
6325 5504 3871
6269 4972 3082
7046 4972 3082
6262 4644 2197
6262 4644 2991
5926 4636 2859
5926 4636 5797
5108 4397 5472
5108 4397 8460
4472 3988 8310
4472 6784 8310
4255 6060 7744
4255 7846 7744
4137 7340 7596
5176 7340 7596
5108 6579 6827
5108 6579 7339
4820 6045 6521
7331 6045 6521
6457 5931 6498
9355 5931 6498
8788 5824 5931
8788 5824 8875
8297 5661 8497
9497 5661 8497
9357 5570 8070
11116 5570 8070
10571 5461 7392
10723 5461 7392
10375 4768 6449
13339 4768 6449
13123 4464 5549
15565 4464 5549
14771 3590 5248
15080 3590 5248
15032 2970 5139
15682 2970 5139
15368 2345 4204
15368 2345 5318
14551 1933 4619
14551 1933 4941
13760 1354 4537
16673 1354 4537
15870 1248 4321
15870 1752 4321
15028 903 3501
15218 903 3501
14430 415 2615
14430 415 3181
13745 74 2458
13745 74 3206
13556 0 2715
13556 1060 2715
13445 348 2623
13445 348 2908
13135 0 2329
13135 0 3118
12231 0 2210
12231 0 4573
11670 0 4213
11670 1649 4213
10924 1308 3946
10924 1308 5454
10211 700 4762
11022 700 4762
10500 226 4198
10500 1033 4198
9893 702 3972
9893 2155 3972
9207 1636 3546
10317 1636 3546
9982 1143 3345
9982 2955 3345
9181 2578 2670
12126 2578 2670
11467 1613 2301
11467 4219 2301
10923 3563 2100
12922 3563 2100
12149 2645 1769
14233 2645 1769
13821 1784 1360
13821 3753 1360
13315 3269 1188
13315 4544 1188
12513 3822 799
12513 3822 2147
12399 3351 1629
12445 3351 1629
12241 2601 962
12241 4562 962
12179 4154 436
12634 4154 436
12550 3936 0
12897 3936 0
12262 3773 0
13772 3773 0
13557 3615 0
13557 3615 1105
12647 2729 1056
12647 3853 1056
11863 3284 1002
11863 3284 1377
11588 2312 402
12722 2312 402
12030 1670 375
12030 1670 1302
11910 1666 1239
11910 2358 1239
11004 1675 960
12512 1675 960
11837 714 283
11837 714 3141
11364 0 2547
13895 0 2547
13783 0 1694
15315 0 1694
14687 0 772
14687 0 2474
14178 0 2054
16462 0 2054
15617 0 1809
16039 0 1809
15952 0 1375
15952 518 1375
15727 485 681
15727 485 1679
15608 143 1071
15608 143 2121
15464 0 1375
17623 0 1375
16908 0 781
16908 0 2981
16114 0 2955
16646 0 2955
16031 0 2330
16031 0 5165
15445 0 4935
15836 0 4935
15132 0 4565
15132 0 6371
14837 0 5772
14837 0 5940
14376 0 5934
16332 0 5934
15505 0 5690
18280 0 5690
17369 0 4751
17369 1468 4751
17249 1051 3919
17249 1051 4251
16827 76 3831
16827 76 4866
16388 0 4677
16388 0 6695
16349 0 5834
16349 290 5834
15871 0 5634
15871 1404 5634
15006 1234 5122
15006 1234 7289
14905 958 6955
14905 958 8308
14596 0 7917
14596 0 9007
14233 0 8467
14233 2294 8467
13912 1384 8125
13912 4129 8125
13154 3357 7754
13154 3904 7754
13071 3034 7418
14889 3034 7418
14036 2771 6657
14036 3374 6657
13059 2566 6333
14032 2566 6333
13641 2357 5558
14180 2357 5558
14073 2304 4855
14073 3222 4855
13382 2300 4149
13382 4674 4149
13129 4657 3231
13129 4657 5451
12854 4650 4887
15313 4650 4887
15218 4570 4848
15218 6579 4848
14727 5980 4096
14727 5980 4798
14600 5885 4184
16195 5885 4184
16092 5438 3478
16092 6622 3478
15499 6155 2976
15499 9011 2976
14512 8623 2941
14512 11291 2941
13923 10305 2836
13923 12593 2836
12979 11748 2339
14463 11748 2339
13973 11495 1881
13973 13135 1881
13273 12488 1428
13273 12488 2208
12565 11736 1303
12565 11736 2384
12250 10982 1595
12250 10982 2090
11939 10828 1932
11939 10828 3316
11780 10515 3280
11780 10515 4242
11692 10226 3980
11692 10226 5812
11121 9940 4919
11950 9940 4919
11242 9757 4192
11242 9852 4192
11199 9553 3539
11199 9638 3539
11018 9231 3262
11018 9238 3262
10993 8870 3227
10993 8870 3782
10199 8399 3314
13184 8399 3314
13006 7780 2792
13006 10310 2792
12513 10231 2483
13866 10231 2483
12960 10048 1900
12960 10211 1900
12603 9281 946
12603 9281 1693
11775 8518 751
12423 8518 751
11436 8392 739
11436 10421 739
10458 10353 404
10458 10353 1878
9803 9658 1560
9845 9658 1560
9017 8942 1118
9017 11579 1118
8635 10644 868
8635 10644 2652
8553 10093 2324
8553 10093 4846
8291 9385 4621
8291 10352 4621
7663 9578 4605
8260 9578 4605
7540 8654 3630
7540 8654 4428
7517 7957 4033
7544 7957 4033
6872 7134 3873
8902 7134 3873
8211 7075 3558
8211 7075 6492
7993 7001 6323
10592 7001 6323
9747 6617 6187
9747 9422 6187
9128 9150 5328
9128 9150 5485
8598 8574 4804
10248 8574 4804
9323 8227 4695
9323 9567 4695
9129 9504 4599
11164 9504 4599
10779 9037 4494
10968 9037 4494
10385 8411 4196
10385 8411 6256
10220 7901 5660
10220 7901 7653
9771 7346 7241
9771 7346 7486
9682 6570 7067
10956 6570 7067
10129 5642 7059
12393 5642 7059
12084 5566 7021
12084 6233 7021
11538 6005 6839
11538 7668 6839
11051 7607 6364
11051 7607 8891
10249 7369 8870
10249 8340 8870
9487 8100 8348
9487 8100 9526
9403 7972 9509
9403 7972 10793
9196 7698 10072
9196 7698 12107
8994 6974 11707
8994 7472 11707
8907 7389 11566
8907 7389 12649
8887 6885 12522
10843 6885 12522
10048 6521 11902
10048 8100 11902
9098 7606 11380
11128 7606 11380
10316 7558 11020
12870 7558 11020
12134 6672 10067
12134 6672 12650
11552 5914 11915
11552 5914 12122
11134 4929 11884
11134 4929 12874
11059 4914 12428
11059 5531 12428
10889 5079 12039
10889 7220 12039
10858 6662 11988
10858 6662 14849
10530 6228 14424
10530 6228 15882
9706 5660 15356
9706 5660 15917
8713 4674 15595
8713 5335 15595
8508 4984 15224
8705 4984 15224
8411 4560 14886
9475 4560 14886
8821 4443 14731
9536 4443 14731
9529 3781 13821
9529 4140 13821
8893 3811 13187
8893 3811 15382
8304 3211 14626
8304 3211 17069
8121 2718 16707
10408 2718 16707
9423 2311 16515
9423 4490 16515
9384 3817 15982
9384 3817 17478
8727 3736 16507
11453 3736 16507
11065 3347 15626
11065 4413 15626
10950 4174 15626
13760 4174 15626
13100 3456 14676
13100 5576 14676
12744 5294 13988
12744 5555 13988
12232 4894 13267
12232 4894 13462
11731 4888 12760
11731 7514 12760
10779 7312 12049
10779 8327 12049
9896 7577 11628
11647 7577 11628
11227 7556 11433
11227 7556 13942
10685 6794 13692
10685 6794 15785
9782 6191 15299
11890 6191 15299
11703 5750 14959
11703 5750 16452
11549 4870 15552
11549 5422 15552
10634 5087 15180
10634 5087 18082
10053 4178 17221
12384 4178 17221
12203 4126 17066
12203 4126 19208
11845 3164 18906
11845 4026 18906
11060 4019 18025
11060 4019 19123
10469 3906 19017
12656 3906 19017
12593 2940 18901
12593 5428 18901
11611 4576 18055
13766 4576 18055
13600 3600 17311
13600 3600 17799
12674 2801 17780
12748 2801 17780
12131 2207 17442
12131 2454 17442
11343 2305 16990
13268 2305 16990
13110 1555 16594
13110 1555 17794
13088 1161 16911
13088 1161 17550
12471 1037 17360
12471 1969 17360
11831 1683 17307
11831 4180 17307
11350 3245 16393
13943 3245 16393
13024 3103 15501
13024 6036 15501
12849 5047 14887
12849 7960 14887
12319 7427 14146
15096 7427 14146
14422 6830 13514
14422 8890 13514
13655 8072 12566
13655 8072 13003
13419 7903 12584
13419 9036 12584
13158 8973 12386
13158 8973 13086
12549 8766 12914
12549 8766 14334
12011 8356 14102
13710 8356 14102
13522 7448 14061
13522 8141 14061
12813 7175 13660
12813 7175 16043
12350 7030 15809
12350 9066 15809
11868 8754 15511
14670 8754 15511
13853 7844 15414
13853 7844 15666
13322 7184 15335
13322 7855 15335
12859 7410 14867
12859 7684 14867
12632 6999 14153
15161 6999 14153
14777 6660 13438
15005 6660 13438
14092 6265 12587
14092 6862 12587
13560 6480 11785
13560 7844 11785
13198 6910 10861
13198 8345 10861
12695 7956 10128
12695 7956 12274
12171 7603 12036
12171 10214 12036
11982 9393 11994
11982 11136 11994
11504 10377 11137
11504 10377 11346
11173 10094 11299
12927 10094 11299
12251 9691 10846
12251 12454 10846
11481 11902 10380
14170 11902 10380
13941 11092 9714
13941 13869 9714
13118 13746 9110
13118 16146 9110
13102 15239 8203
13720 15239 8203
13007 14268 7954
13007 16581 7954
12157 15814 7360
12157 15814 7706
11185 15035 6912
11185 17616 6912
10691 17306 6569
12743 17306 6569
12158 17040 5777
12158 17040 8323
11265 16435 7365
11265 16435 8361
11174 16116 7438
11174 17785 7438
10961 17046 6805
10961 18486 6805
10625 18348 6040
10625 18348 8662
9721 18269 8538
12448 18269 8538
12246 17353 7622
12246 18605 7622
11761 18477 7184
13361 18477 7184
13192 17543 6823
13192 18728 6823
12303 17921 6670
12303 19142 6670
11392 18924 6020
11392 21880 6020
10962 21457 5766
10962 22800 5766
10413 22434 4932
10413 22434 6390
10280 21828 6383
10280 24304 6383
9707 23605 6139
9707 23605 7662
8897 23293 7139
8897 24952 7139
8535 24443 6323
8535 26949 6323
7618 26756 6038
7618 26756 6476
7275 26071 6463
9783 26071 6463
9109 25186 5632
9109 25186 6798
8812 24199 6577
8812 24821 6577
8245 23899 6182
8245 23899 7132
7663 23743 6396
10042 23743 6396
9976 23579 6204
9976 24268 6204
9069 23750 5834
10007 23750 5834
9270 23143 5685
9270 23143 5781
8915 22829 5513
9395 22829 5513
8954 22824 5070
8954 22824 6163
8675 22536 5791
8675 22887 5791
8276 21976 5494
9142 21976 5494
8953 21929 5039
11064 21929 5039
10735 21039 4842
12651 21039 4842
12377 20834 3878
12377 20834 5527
11637 20816 5198
11637 20816 6972
10645 20423 6764
10645 20896 6764
9940 20125 6047
9940 22433 6047
9720 22229 5428
9720 22229 6894
8900 21609 6100
8900 21609 7465
8453 20995 6902
8453 21629 6902
7980 20886 6359
7980 20886 7670
7637 20542 7153
7637 20542 7654
7048 20426 6936
7048 22989 6936
6657 22360 6481
9028 22360 6481
9023 21524 6253
9023 24412 6253
8872 24294 5826
9645 24294 5826
9050 23345 5590
10235 23345 5590
9455 23242 5580
9455 23322 5580
9229 23031 4844
10563 23031 4844
10402 22079 3987
10402 22499 3987
10131 22273 3606
10131 22273 5451
9669 22224 4603
11735 22224 4603
11005 21866 4275
11005 21866 5105
10942 21401 4401
10942 21990 4401
9945 21950 3873
9945 23869 3873
9604 23501 3377
9604 23501 5942
9269 23256 5271
9269 23256 8161
8381 22631 7659
8381 22817 7659
7470 22789 7412
10051 22789 7412
9064 21999 6930
9064 24639 6930
8936 23964 6675
10554 23964 6675
10143 23425 6143
10143 24471 6143
9179 24447 5428
9179 24447 7497
8859 24212 7385
8859 24392 7385
7887 23873 7002
7887 25115 7002
7095 24468 6192
7095 24468 6608
6895 23829 6461
6895 25876 6461
6042 24931 5976
8221 24931 5976
7505 24111 5026
7505 24111 5831
7074 23381 5230
7074 23381 5941
6999 22853 5190
6999 24927 5190
6483 24766 4517
8697 24766 4517
7942 24243 4381
7942 25719 4381
7069 25275 3614
7069 27223 3614
6959 26331 3374
6959 26482 3374
6352 25502 2862
6352 27520 2862
5819 27459 2029
7985 27459 2029
7308 27244 1806
7308 28709 1806
6446 28474 1622
6446 28651 1622
5766 28466 1513
5766 28466 3156
4945 27731 2239
6328 27731 2239
5650 27057 1807
5650 27191 1807
5195 26224 953
5195 26224 1658
4632 26059 1121
4632 26775 1121
3753 25820 154
3753 28742 154
3387 28140 0
4477 28140 0
4452 27672 0
4452 27672 1993
4223 26806 1054
4223 29221 1054
4109 28554 620
4672 28554 620
4563 27900 338
4563 28312 338
3658 27940 0
3658 27940 1345
2980 27468 501
2980 28242 501
2330 28163 0
2330 29094 0
1818 28392 0
1818 28392 69
1086 28033 0
1086 28033 2173
506 27596 1237
506 28783 1237
0 28755 1171
0 29108 1171
0 28793 607
1360 28793 607
1159 28693 113
1159 28693 1721
285 28245 1319
285 28245 2334
0 27599 1756
0 29478 1756
0 29227 1045
0 29405 1045
0 29094 241
1604 29094 241
1382 28842 0
1382 28842 2696
1320 28022 2520
1320 28022 2828
1254 27140 1944
3426 27140 1944
3250 26460 1409
3973 26460 1409
3309 26135 994
3912 26135 994
3245 25565 456
3245 25565 2735
2576 24592 2131
2576 26832 2131
2531 26193 1692
2531 26193 2081
1983 25436 1728
2875 25436 1728
2556 25407 1423
2556 26974 1423
2124 26017 450
2124 26017 2936
1166 25627 2428
1166 26225 2428
326 25311 1958
326 25311 1966
0 24667 1347
2976 24667 1347
2748 24298 641
2748 26780 641
2477 26739 616
2477 26739 3439
1936 26427 2690
2487 26427 2690
1625 26240 2622
1625 26762 2622
997 26411 1802
997 28762 1802
100 28099 1783
100 28099 2067
0 27186 1112
0 29929 1112
0 29618 385
0 30321 385
0 29427 0
224 29427 0
0 28517 0
0 28517 2345
0 27746 1978
0 28260 1978
0 27489 1436
0 27489 3130
0 26912 2800
0 29272 2800
0 28738 2499
950 28738 2499
705 28260 2431
1567 28260 2431
1536 27421 1770
2556 27421 1770
2491 27121 1334
2491 28118 1334
1871 27188 860
3005 27188 860
2084 26940 490
2084 26940 1189
1802 26516 1041
4625 26516 1041
4389 26103 340
4389 26524 340
3966 26490 0
5350 26490 0
4480 26074 0
4480 26074 1381
3670 25591 394
5430 25591 394
5035 25339 104
5035 28234 104
4352 27351 0
4352 30102 0
4302 29999 0
4302 29999 987
3333 29824 1
6241 29824 1
5350 29013 0
5350 29013 544
4689 28801 523
4689 29230 523
4533 28929 4
4533 29646 4
3981 29235 0
3981 30214 0
3561 29406 0
3561 30339 0
3309 29959 0
5035 29959 0
4842 29585 0
4842 30562 0
4749 30358 0
4809 30358 0
4541 29939 0
4541 29939 1966
3651 29549 1034
3651 31120 1034
2778 30344 105
4410 30344 105
3502 29962 0
3502 29962 1109
2580 29270 605
2580 29600 605
1741 28778 0
1741 28778 1685
1660 28064 1656
1660 30644 1656
865 29695 791
3336 29695 791
3131 28747 662
4835 28747 662
4526 27753 161
6040 27753 161
5551 26921 0
8019 26921 0
7693 26720 0
7693 26720 136
7230 26659 0
7230 26659 2794
6432 26006 2096
6432 28075 2096
6115 27196 1611
6162 27196 1611
5300 26358 1111
5300 26732 1111
5286 25876 601
5286 27378 601
4938 26585 76
4938 28879 76
4698 28875 0
4911 28875 0
4309 28313 0
4309 28313 2614
3911 27967 2088
5080 27967 2088
4519 27932 1235
4519 27932 2574
4278 27045 2149
4278 27045 4954
3404 26808 4579
3404 27021 4579
2622 26483 4423
5480 26483 4423
5336 25867 3441
5336 25867 3948
4888 25675 3666
4888 25972 3666
4599 25134 3260
4599 25134 4311
3940 24257 4009
3940 24257 5095
3652 23305 4548
3652 23305 5505
2875 22987 5101
2875 24374 5101
2863 23581 4824
4793 23581 4824
4115 22618 4453
4115 22618 5153
3903 22199 4636
4562 22199 4636
3827 21666 3904
3827 23550 3904
3121 23153 3222
3121 24409 3222
2242 23768 2307
2242 24268 2307
2165 23848 1969
2165 24526 1969
1429 24133 1354
1429 24133 1473
889 23998 1179
1577 23998 1179
691 23206 1088
691 24996 1088
546 24583 602
546 24583 1034
398 24233 154
2819 24233 154
2119 24034 0
3752 24034 0
2765 23698 0
3340 23698 0
2800 22833 0
3746 22833 0
3077 22281 0
3077 22441 0
2323 22248 0
3136 22248 0
2555 21295 0
2555 21295 2585
2397 21180 1749
2397 24099 1749
2036 23807 1000
2036 23807 2944
1513 23329 2375
1961 23329 2375
1659 23150 1557
1931 23150 1557
1597 23132 1023
2468 23132 1023
1936 22354 680
1936 22354 1187
1327 22120 1048
2986 22120 1048
2103 22086 202
3414 22086 202
2573 21609 0
2573 24149 0
2213 23786 0
2213 23786 907
1539 23032 0
4324 23032 0
3634 22040 0
3634 23366 0
2739 22563 0
2739 25013 0
1887 24489 0
1887 24489 1019
1454 24454 175
1454 24454 699
966 24123 601
966 26673 601
493 26150 361
2179 26150 361
1335 25707 0
1473 25707 0
1449 25522 0
3565 25522 0
3455 25035 0
4742 25035 0
3915 24555 0
3915 24875 0
3002 24018 0
3559 24018 0
2978 23430 0
3212 23430 0
2340 23153 0
2340 26110 0
1449 25285 0
1449 25285 1235
950 24998 408
950 27687 408
216 27165 0
216 27165 808
11 26500 555
11 28720 555
0 28466 423
0 28466 1535
0 27494 1021
0 27494 3493
0 26716 2934
0 26716 5127
0 26216 4186
1384 26216 4186
1109 25921 3410
1109 25921 4615
828 25107 4344
828 25107 6527
0 24431 5733
927 24431 5733
583 24156 5184
583 24156 7572
395 23165 6723
1610 23165 6723
736 22895 6568
3327 22895 6568
3020 22282 5860
3020 24349 5860
2789 23616 5114
2789 24356 5114
2462 23512 5080
4557 23512 5080
3782 23187 4518
3782 23187 5500
2854 22687 4648
4029 22687 4648
3416 22307 4218
3416 22307 5674
2461 21438 5426
2461 23544 5426
2453 23499 4947
3464 23499 4947
2937 22967 4638
2937 24521 4638
2719 23747 4087
2719 23747 5139
1858 23492 4216
1858 25037 4216
1715 24339 3312
1715 24339 3679
1320 24323 3303
1320 24323 4869
405 23435 4050
405 23435 4713
0 23052 3855
0 26008 3855
0 25407 2861
0 25517 2861
0 25427 1862
0 25427 2213
0 25128 1308
0 27975 1308
0 27548 1280
0 27548 2468
0 27451 2158
0 27451 4154
0 26887 3529
0 26887 5588
0 26482 5053
2169 26482 5053
2004 26291 4498
4151 26291 4498
4017 25777 3689
4496 25777 3689
4079 25210 3019
4079 25210 6017
3259 24581 5269
4262 24581 5269
3305 23813 4878
3305 26204 4878
2902 25467 4066
2902 25467 4877
2333 24620 4050
4640 24620 4050
4262 23664 3332
4262 23802 3332
4155 23633 3101
4906 23633 3101
4279 22914 2149
7276 22914 2149
7119 22282 1483
7119 22282 4249
6397 22198 4115
6397 23943 4115
5652 23745 3917
5652 25352 3917
4753 25233 3714
4753 26304 3714
4468 25713 3116
7338 25713 3116
7004 25650 2871
9470 25650 2871
8992 24678 2699
8992 26901 2699
8418 26421 2590
8418 26421 3234
8232 26365 2893
8232 27453 2893
7574 27266 2291
9970 27266 2291
9860 26976 2044
9860 26976 4671
8953 26386 3696
8953 26386 5923
8646 25863 5571
8646 28040 5571
8309 27591 5249
8309 27591 5846
8014 26884 5725
8014 28606 5725
7866 28573 5344
8699 28573 5344
8338 27674 5279
8917 27674 5279
8120 26984 4973
8120 29609 4973
8048 29480 4547
8772 29480 4547
8038 28796 4033
8038 28796 4100
7497 28654 3288
7497 28654 3714
6617 28005 3029
9111 28005 3029
8435 27654 2625
8435 27654 4408
8403 26844 3980
10082 26844 3980
9656 26507 3490
9656 26507 5757
8805 25650 5425
9627 25650 5425
9559 25629 4898
9559 25629 6082
8665 25298 5560
10754 25298 5560
9958 25266 5255
9958 25266 5403
9623 24781 5352
11874 24781 5352
11707 24266 5151
11707 25753 5151
11280 24849 4201
11280 24946 4201
10930 24021 3773
10930 26898 3773
10861 25984 3370
10861 25984 4703
10184 25171 3908
10184 25171 6243
9646 24678 6039
9960 24678 6039
9577 24340 5741
9577 24340 7967
9403 23387 7764
9403 24563 7764
8733 24195 6845
8733 24195 8432
8229 23836 7879
8229 24049 7879
8090 23425 7132
9025 23425 7132
8630 23389 6806
8630 23389 8150
8613 22911 7571
9914 22911 7571
9838 21951 7131
9838 22093 7131
9238 21452 6925
10949 21452 6925
9986 21066 6495
10684 21066 6495
9829 20980 5711
9829 22956 5711
8871 22237 5675
8924 22237 5675
8625 22012 4766
8625 22012 6951
7986 21142 6193
7986 21142 6384
7169 20935 5906
7169 22210 5906
6269 21328 4987
6269 21328 5482
5660 21247 4769
5660 21247 7700
4888 20312 7196
4888 20312 8150
4294 20184 7173
4294 22353 7173
3689 22235 6626
3689 24059 6626
3434 23866 5870
3434 25564 5870
2686 25168 5010
2688 25168 5010
2614 25051 4745
2632 25051 4745
2342 24338 4106
2342 24338 5452
1597 23828 4965
1597 24266 4965
1409 23951 4194
1409 23951 4698
701 23140 4074
701 23140 4215
394 22434 3340
394 22434 4859
0 21884 4108
0 21884 4878
0 20928 4212
0 22620 4212
0 21893 4197
1432 21893 4197
903 21868 4071
2449 21868 4071
1861 21191 3135
4344 21191 3135
3886 20604 2767
6831 20604 2767
6638 20020 1983
6638 20095 1983
6506 19320 1223
6506 21217 1223
6318 20708 542
6318 20708 2449
6301 19746 1654
6301 19746 4238
5953 19258 3258
7788 19258 3258
6921 19076 2878
6921 19076 5048
6043 18170 4179
6043 18170 5385
5820 18152 4580
5820 21076 4580
5225 20118 4277
5225 21445 4277
5208 21371 3959
6989 21371 3959
6323 21182 3375
6323 21521 3375
5806 21132 2460
5806 21132 3686
4872 20722 3134
7373 20722 3134
6385 20046 2294
6385 22261 2294
5391 22228 1809
5391 23084 1809
4525 22395 1799
7131 22395 1799
6504 21450 1574
6504 22605 1574
5631 21649 586
5631 23576 586
4698 22707 0
4698 22707 2551
4674 22275 1636
4674 23446 1636
4400 22814 1047
5237 22814 1047
4399 22541 793
4399 22758 793
4167 22757 0
4167 22757 1412
3882 21935 513
3882 21935 543
3630 21104 394
3630 21104 1931
3257 20415 1834
3257 20415 2422
2920 20014 1716
2920 21009 1716
2724 20236 987
2724 20463 987
1815 19944 871
1815 21549 871
900 20959 299
900 20959 3293
900 19965 2765
900 19965 5667
570 19119 4943
570 19119 6197
534 18468 6041
534 19488 6041
0 19120 5281
0 22025 5281
0 21563 4598
0 21794 4598
0 21412 3642
24 21412 3642
0 21147 3144
0 22817 3144
0 22718 2951
0 23993 2951
0 23660 2799
0 24471 2799
0 24348 2275
2220 24348 2275
1351 23446 1392
1397 23446 1392
865 23284 1000
865 25502 1000
300 25418 404
300 25418 1323
0 24947 1310
812 24947 1310
330 24829 600
2952 24829 600
2589 24156 535
4068 24156 535
3857 23922 279
3857 23922 943
3074 22992 394
3501 22992 394
3018 22330 0
5993 22330 0
5032 22019 0
6830 22019 0
6342 21644 0
8365 21644 0
8215 21346 0
10176 21346 0
9602 20814 0
9602 20814 774
8815 20477 533
11654 20477 533
11580 19975 149
11580 21007 149
11528 20725 0
11528 20725 520
10868 20670 0
11194 20670 0
10357 20119 0
12243 20119 0
11497 19202 0
11497 19202 1297
10674 19178 907
10674 19178 923
10604 18323 327
11241 18323 327
10548 17818 0
10548 17818 209
9745 16930 0
9745 17914 0
9404 17196 0
9404 18256 0
8967 18229 0
8967 18686 0
8502 18378 0
10129 18378 0
9528 17889 0
10414 17889 0
9953 17505 0
9953 17505 1763
9645 17005 1602
9645 19851 1602
9046 19508 1421
9046 19508 3501
8140 18683 2881
8140 18683 3936
7223 17764 3171
7223 17764 3653
6896 17757 3332
6896 19538 3332
6882 18819 2521
6882 18819 3174
6401 18039 2872
8499 18039 2872
7565 17241 2243
10472 17241 2243
9744 17061 2119
9744 17061 2848
8942 17052 2020
8942 18465 2020
8861 17465 1075
8861 18380 1075
8015 17673 583
8015 17673 764
7287 17495 179
7287 17495 2837
6861 16575 2385
6861 16575 3630
6690 15869 3518
6690 15869 5444
5820 15076 5191
8705 15076 5191
8457 14444 5061
8457 14891 5061
7933 14407 4167
10917 14407 4167
10678 14134 3881
10678 14134 4849
10359 13158 4135
10359 13158 5356
9904 12828 4504
9904 14212 4504
9391 13626 4093
9391 15074 4093
8505 14996 3473
9634 14996 3473
9165 14228 2879
9165 14228 3488
8192 13892 2804
8192 13892 4288
7953 13667 3462
7953 14335 3462
7183 13496 3137
9070 13496 3137
8996 12936 2194
8996 12936 4165
8940 12313 3894
8940 12313 4768
8128 11437 4537
9507 11437 4537
9461 11169 3708
9461 11169 4552
9089 10842 3570
9089 10842 6201
8541 9900 5521
8541 9900 7642
7619 9229 7503
7619 10630 7503
7034 9924 7319
9127 9924 7319
8781 9472 6613
8781 9472 8062
8210 8649 7835
8210 8649 9551
7218 8381 9046
7218 10284 9046
7096 9287 8475
9636 9287 8475
8684 9146 7835
8684 9146 10158
8520 8786 9905
10667 8786 9905
10652 8656 9896
13152 8656 9896
12762 8538 9630
12762 11439 9630
12025 11072 8918
12025 11726 8918
11624 10965 8619
11624 10965 10243
11456 10536 9972
11456 13234 9972
10707 12385 9251
12723 12385 9251
12062 11860 8449
12062 11860 10074
11148 11103 9860
11148 11691 9860
10433 11327 9846
10433 11327 10693
9887 10354 9694
9887 10354 10199
9188 9388 10078
9639 9388 10078
9372 9235 9140
9372 10607 9140
9354 10566 8413
10196 10566 8413
9298 9693 8177
10092 9693 8177
9478 8949 7658
9478 8949 9507
8907 8531 9332
10799 8531 9332
10102 7841 8725
10102 10088 8725
9724 9580 8381
9965 9580 8381
9349 8976 8315
11650 8976 8315
10679 8050 7760
13249 8050 7760
12735 7613 7593
13880 7613 7593
13376 7146 6813
13376 8011 6813
13167 7582 5904
13167 7582 8537
13044 7428 8179
13044 7428 10265
12266 6756 9729
12266 9073 9729
11496 8259 9625
11496 8702 9625
10507 8235 8729
10507 8235 10042
10427 7873 9142
10427 10243 9142
9460 9405 8227
10530 9405 8227
9833 8846 7975
9833 8846 9101
9684 8069 8534
9684 8069 9477
8929 7893 9415
8929 8641 9415
8183 8202 8739
8183 11017 8739
7727 10443 8505
7727 11285 8505
7551 10621 7659
7551 10621 9744
6769 10162 9475
8064 10162 9475
7076 10114 8762
8287 10114 8762
8021 9158 8758
8021 12001 8758
7928 11805 7868
7928 12523 7868
7667 12269 7050
7667 13932 7050
7210 13436 6367
7210 15404 6367
6679 14494 5738
6679 14494 6951
5837 13673 6135
8807 13673 6135
8690 12880 5871
8690 15558 5871
8458 15057 5436
8458 15057 5746
8365 14840 5309
9562 14840 5309
8935 14828 4373
11929 14828 4373
11832 14797 4304
11832 14797 4544
11709 14678 4035
11709 14678 6894
11335 13833 6380
11565 13833 6380
10783 13742 6313
10783 13915 6313
10622 13818 5661
13548 13818 5661
12698 13424 5331
15510 13424 5331
14854 13014 4500
16923 13014 4500
16233 12479 4135
17497 12479 4135
16586 11810 3296
17587 11810 3296
17276 11718 2424
18066 11718 2424
17686 11534 2270
17686 11534 4035
16764 11251 3253
16764 11251 4010
16004 11171 3670
16004 11171 6071
15133 10923 5302
15417 10923 5302
14908 9977 5246
14908 9977 6538
14123 9019 6129
14123 9019 7840
13845 8062 7170
13845 10961 7170
13222 10001 7079
14710 10001 7079
14416 9092 6992
14416 9092 8448
13962 8118 8241
15164 8118 8241
14785 8096 7881
15494 8096 7881
14956 7197 7361
16423 7197 7361
16265 6842 6764
18547 6842 6764
18322 6803 6584
18322 7380 6584
17923 6491 6400
17923 6491 8331
17605 5670 7370
17605 5670 9524
17025 5351 9468
17025 5351 9900
16956 4633 9380
16956 4633 11079
16324 4150 10748
16324 6791 10748
15329 6128 10097
15329 6128 10389
14848 6071 10159
14848 6071 11048
14204 5651 10458
14204 5651 12764
13651 5058 12544
13651 5156 12544
12653 4864 12311
12653 4864 15205
12572 4651 14206
12572 4651 16759
12084 4127 16182
14273 4127 16182
14174 4066 16010
14174 6687 16010
14024 6475 15496
14684 6475 15496
14380 5551 15277
14806 5551 15277
14632 4759 15199
14632 5097 15199
14209 4864 14955
14209 6759 14955
13415 5979 14207
15617 5979 14207
14851 5506 14005
14851 5506 15781
14222 5117 15321
14222 5406 15321
14031 5380 14742
14031 6661 14742
13788 6355 13749
13788 6355 14660
13492 5521 14203
13492 5521 14365
13142 4543 14120
15974 4543 14120
15269 4055 13771
15269 4055 13845
14554 3472 13040
14554 4700 13040
13860 4311 12203
13860 5030 12203
13650 4481 11367
13650 4481 14215
12936 3602 13997
12936 3602 14110
12056 2831 13962
12056 2831 16339
11918 2373 16231
11918 3966 16231
11160 3373 15431
11160 3373 17196
11157 2870 16736
11947 2870 16736
11919 2742 16098
13142 2742 16098
12925 2394 15767
12925 2394 16004
12094 1397 15075
14735 1397 15075
14598 785 14840
17504 785 14840
17282 0 14278
17282 2389 14278
17231 1749 14155
17763 1749 14155
17121 1620 13799
17121 1620 14248
16983 800 14198
17505 800 14198
16945 277 13424
16945 456 13424
16335 0 12826
16335 342 12826
15393 0 12206
15393 0 13249
15113 0 12351
15512 0 12351
15507 0 11816
15507 0 12283
14574 0 11617
17317 0 11617
16907 0 11386
19213 0 11386
19126 0 11000
19126 0 12569
18665 0 12340
18897 0 12340
18871 0 12251
18871 8 12251
18179 0 11319
18179 0 12845
17788 0 12568
17788 1349 12568
17651 732 11765
18320 732 11765
18265 0 10931
18265 1528 10931
18253 1424 10162
19697 1424 10162
19490 1176 9415
19710 1176 9415
19663 251 9005
19663 1817 9005
19293 1694 8229
19293 2315 8229
19084 2190 7903
19084 2190 9408
18684 1419 9000
18684 1419 11495
18351 854 10646
18351 854 13531
17796 135 13186
17796 1188 13186
16998 918 12207
16998 1192 12207
16124 1059 11433
16124 1059 13398
15937 222 12916
15937 785 12916
15044 192 12844
15044 192 15477
14502 0 14754
14502 1261 14754
14212 1082 14614
14212 2727 14614
13314 2464 14118
15321 2464 14118
14513 1846 13549
14612 1846 13549
13690 1448 12902
13690 1448 15448
12999 707 15420
15828 707 15420
15511 0 14587
15511 0 15683
15234 0 15209
15234 1539 15209
14412 1389 14819
16312 1389 14819
15916 908 14102
16539 908 14102
15881 889 13232
15881 889 15799
15490 501 15165
15778 501 15165
15114 408 15069
15114 969 15069
14674 467 14155
14674 467 14708
13790 35 14687
13790 1203 14687
13746 211 14426
13746 1622 14426
13611 876 13565
14193 876 13565
13670 845 13556
13670 3416 13556
12907 3001 12979
15035 3001 12979
14085 2635 12071
14085 3913 12071
13085 3295 11591
13984 3295 11591
13518 3143 11013
13518 3143 11302
13460 2251 10453
13460 2251 12643
12827 1552 11962
12827 1552 12016
12089 941 11303
12089 941 13145
12015 729 12630
14157 729 12630
13206 0 11865
13206 2488 11865
12574 2073 11148
12831 2073 11148
12436 1999 10866
13739 1999 10866
13029 1851 10713
14879 1851 10713
14488 866 10295
16462 866 10295
15633 697 10013
15633 2551 10013
15629 2260 9734
15629 4084 9734
15240 3948 9300
15675 3948 9300
15558 3631 8565
15558 5668 8565
14603 4934 8340
17010 4934 8340
16518 4863 8296
16551 4863 8296
15777 4503 8182
15777 4503 9241
14805 3721 8874
14805 6224 8874
14498 5782 8563
17021 5782 8563
16340 4871 7906
16340 5014 7906
15903 4760 7834
15903 4760 8612
14921 3847 8564
14921 3847 9031
14916 2976 8733
14916 2976 8733
14059 2821 8426
14059 2821 9407
13684 2419 8710
14746 2419 8710
13839 1533 8114
15474 1533 8114
15213 919 7515
15213 2821 7515
15050 2101 7037
15050 2101 7751
14132 1264 7189
14132 1578 7189
13601 645 6674
13601 2049 6674
13526 1429 6348
13526 1429 8871
13249 1045 8402
13249 1045 9337
12548 893 8405
12548 1987 8405
12158 1482 8377
14301 1482 8377
13562 662 7672
13562 1016 7672
12996 114 7600
13341 114 7600
13176 0 6976
13176 208 6976
12305 0 6384
15214 0 6384
15026 0 6383
15026 1249 6383
14599 1236 5430
16219 1236 5430
15425 1204 4905
15425 1204 5333
14657 257 4476
15816 257 4476
15225 0 4144
15225 58 4144
14922 0 3831
14922 2762 3831
14885 2656 3436
15148 2656 3436
14971 1765 2996
15212 1765 2996
14774 1661 2679
16724 1661 2679
16453 807 1704
16728 807 1704
16470 552 1294
16470 552 3663
16449 488 2921
16449 2899 2921
15771 2583 1963
15771 2583 4400
15410 1694 4358
15410 1694 6079
14967 864 5537
14967 864 8453
14449 588 7594
14449 3574 7594
14206 3032 7168
15678 3032 7168
15523 2111 6952
15818 2111 6952
15519 1141 6090
15519 1141 7348
14984 730 6811
14984 1695 6811
14070 931 6573
14070 2957 6573
13628 2520 6425
13628 2520 8614
12831 2503 7700
12831 2503 7787
12097 2403 7566
12097 2403 9832
11807 1919 9825
11807 1919 12712
11640 1298 12505
11640 1298 14652
11604 1251 13765
11604 1251 15551
11262 417 15037
11262 3256 15037
10972 3120 14885
12907 3120 14885
12256 3072 14125
12256 3072 14582
