1000 3
0 0 0
0 0 5494
0 0 4383
0 152 5352
0 0 4149
1667 327 4149
1055 0 3413
1055 980 5151
710 538 4386
3549 2675 4386
3241 2441 4357
5421 2441 4357
5253 1673 3436
8289 2303 3436
6600 1486 2349
9417 1486 5048
8174 1174 3696
8174 3022 4411
8149 3007 3270
8149 3007 6720
7811 2028 6254
10991 2028 6254
9785 1996 6187
9785 4588 6394
8924 3465 4854
10539 3465 6604
9767 2605 5363
10001 5493 5363
8422 4825 3931
13417 4825 3931
13224 3523 3764
13224 6311 5569
12245 6250 4841
12245 7400 6867
12099 6290 5899
12099 6290 10729
10204 6271 9645
10204 6271 12453
8257 5337 10764
9932 6478 10764
8376 6327 10260
8376 8893 13120
6783 7716 12065
10474 7716 12065
9214 6360 11634
11396 6360 14438
11001 5300 14390
13380 5300 14390
11862 3967 12917
11862 3967 15174
11171 2418 13181
12755 4566 13181
11613 4105 11592
11990 4105 12971
11451 2659 11110
11451 3420 11546
9896 2447 10933
13241 2447 10933
11414 1865 9925
11414 2598 12740
10310 1511 11113
10690 1511 11304
9874 752 10800
12730 3262 10800
12246 2525 10352
14200 2525 10953
12453 763 9465
12453 763 12984
10709 0 11835
10709 0 15431
10624 0 15157
14852 0 15157
13062 0 13405
13062 2316 15241
12316 1336 13496
12337 1336 14174
11563 0 12501
13877 0 13516
12922 0 13209
12922 1369 16055
11710 641 14730
12758 1902 14730
10802 871 14022
13222 3664 14022
11599 2767 12995
11599 5155 13097
11335 3927 11382
11335 3927 14554
10907 2482 13042
10907 5606 13042
9588 3747 12034
10557 6812 12034
8651 6237 11580
8651 10452 11580
8045 9154 10603
12718 9154 10603
11638 7839 9031
11638 9485 9266
11151 8302 7429
12257 8302 7429
12185 6863 5429
12185 7145 8522
11422 6391 7957
14043 6391 7957
13306 6125 7597
14696 8021 7597
14190 6332 5949
16134 6332 8303
14493 4704 6949
16363 4704 8598
15493 4648 6847
16806 5280 6847
15681 4490 5869
16772 7180 5869
15026 5396 4576
16621 5483 4576
16467 4104 3617
17770 4104 4671
15970 3967 2760
18964 3967 2854
17680 3906 2525
17680 3906 4515
17495 3375 3900
17495 6504 3900
17189 5114 2717
19197 6740 2717
18659 5097 1540
18659 7439 2829
17590 5909 1051
17590 9928 1051
16906 8943 0
17822 8943 1739
17201 7846 953
19784 8322 953
18064 7493 0
18064 7493 4720
16443 7445 3138
21358 7445 3138
20614 7233 2237
20614 8360 4476
18654 6743 2888
18654 7467 4841
17493 7283 3374
19715 8603 3374
19223 7356 2053
19223 7356 6547
17580 6123 5141
22588 6123 5141
22208 5661 4213
22208 5661 6320
21917 4513 5472
24459 5460 5472
23407 4228 4345
24529 5762 4345
23493 4381 2392
25704 6718 2392
24212 5006 1277
24212 8480 1277
22421 7807 1141
22421 11117 1141
22270 9828 587
22270 12640 1905
20814 11777 557
23159 12286 557
21930 10422 50
21930 14276 50
21762 12465 0
21762 12465 1683
20390 10541 5
21489 10541 1497
21279 10033 0
21279 11546 0
20966 11254 0
20966 14334 74
19477 13076 0
19477 14472 0
19445 12686 0
19445 12686 1674
18348 12676 491
18348 12842 2550
17123 12009 1198
17123 12009 4821
16608 10892 4060
16608 12318 4254
16488 10332 2850
17318 12616 2850
17111 11784 2312
17690 11784 4818
16853 11734 3928
19118 12043 3928
18203 10666 2603
18203 10666 8206
16435 9071 6229
16435 9071 8618
16172 9019 8195
18687 11854 8195
17681 11451 6587
19900 12900 6587
18742 10918 6052
21871 10918 6052
21398 9332 4687
23611 9332 6159
23115 8168 5729
25010 11013 5729
23598 9389 4828
26041 9389 4828
25757 7667 3862
27583 8485 3862
25739 7296 2991
26350 9799 2991
25870 7989 1835
25870 8289 1981
25266 8261 1775
26002 9703 1775
25866 7887 587
25866 7887 5125
25604 6996 3138
25604 6996 6842
24618 6777 6106
27640 7948 6106
26503 6244 4191
28815 6928 4191
26874 5245 3496
27157 7149 3496
26412 5954 1749
29319 5954 1749
28486 4559 1574
28486 6883 1574
26689 5476 0
30251 5476 0
28270 4358 0
30666 5147 0
30448 4602 0
32722 4602 52
31912 4138 0
31912 4962 354
31213 4600 0
31213 7191 2446
30161 6266 2314
32087 6266 2857
32084 4841 1012
33693 4841 1938
33502 3641 1017
35615 5840 1017
35252 5686 980
35252 8633 3757
33924 7384 1930
33924 7384 6514
33220 5889 4859
33220 7688 5788
32409 6448 3994
35736 6448 3994
34989 6442 2199
35858 6442 2496
34060 4462 1445
34060 5073 4537
32228 3990 2887
32314 3990 5020
30924 2874 3878
30924 4107 5937
29078 3727 4709
31760 3727 7565
31017 2346 7388
32884 2346 8292
31028 2195 7871
33377 4106 7871
31407 2678 6462
31407 2678 10038
30648 2202 8869
30648 3274 11264
29701 3089 9367
32385 3089 9367
31696 1395 7736
31696 1395 9279
31583 0 9124
33177 0 11178
32363 0 9661
32363 0 13778
31899 0 13076
31899 684 14084
31087 0 12804
31087 860 13482
30098 215 13017
30450 215 15299
29639 0 14879
31603 36 14879
30682 0 12883
30874 0 14357
30534 0 13904
32299 0 13904
32136 0 13827
32136 0 16648
31321 0 16137
31321 0 19647
30859 0 18369
31926 0 21444
30689 0 19880
30689 221 21356
29763 0 19406
31969 1421 19406
30865 149 18666
33155 161 18666
31754 0 18657
31754 0 22870
30504 0 22382
32178 0 23526
32074 0 21684
34374 0 21684
33126 0 20514
36217 635 20514
34953 184 19238
37968 184 20747
36876 0 18910
36876 0 22972
35212 0 21682
35212 2414 21682
33560 2183 20660
33560 6853 20660
33154 5010 19505
33876 5336 19505
33370 3513 18749
36427 3738 18749
35141 2776 17086
37061 4510 17086
35645 4323 15842
35684 5854 15842
35406 5697 14976
38366 5697 16376
37383 3771 15674
37383 5491 15674
37331 3706 15512
37331 3706 18374
35545 2729 16988
36128 3509 16988
34864 1640 16036
37843 3978 16036
37157 2918 14504
37157 3514 14779
35269 3414 13946
35269 6394 13946
35192 6158 13676
35192 6715 16587
33634 5025 15771
33634 6681 16158
33225 5694 14846
35055 8626 14846
33098 7843 14560
35804 7843 14560
35548 6143 14123
37912 8061 14123
37879 7531 13063
37890 8400 13063
36293 8008 11838
38602 8008 14448
37648 6959 14188
40090 8706 14188
38784 6909 13287
40575 9657 13287
39895 9477 12299
39895 11927 14164
39302 10559 12871
42389 11252 12871
42243 10514 11321
42243 13503 13607
41787 13139 11763
44756 13139 11763
44332 11432 11458
46460 13736 11458
44875 13091 10237
44875 15210 11461
43274 13755 10024
45157 14242 10024
44200 13395 9734
44200 14134 11033
44151 12790 11021
44159 12790 12470
44153 12326 12200
45735 15134 12200
44257 14685 11159
47271 14685 11159
46642 13448 10605
48100 13448 11774
47728 12725 10726
48734 13958 10726
47273 13382 9382
50377 13382 9382
49421 12799 8177
51475 12799 8897
49551 11369 6966
49551 12751 6966
47682 12665 6871
48332 12665 9262
48202 12306 7725
49674 13824 7725
49344 12417 7210
49344 14177 8086
47634 12963 6707
49754 12963 8454
48539 11432 7885
48539 14361 10457
48035 12443 8819
48035 14396 11738
46451 14279 10451
46571 14741 10451
46418 14161 8641
48725 16137 8641
47403 15926 7887
49570 15926 10585
47893 14817 9737
48202 16820 9737
48129 16710 9214
48129 17076 10959
46178 15286 10214
46178 16542 11672
44993 15966 9821
48346 15966 9821
47452 14411 8195
47452 17411 10119
46433 15931 8812
48643 15931 9310
46983 15115 7675
47652 15115 10759
47229 13231 10448
47229 14012 10552
46679 12897 9388
47058 13728 9388
45528 11988 7889
45528 14180 10573
44112 13343 9181
44112 13343 13594
44070 13220 11653
44070 16004 13903
43158 14523 12156
43158 17045 12809
41278 16557 11552
41278 17356 11596
39702 15434 10451
42176 15434 13071
41666 14782 12226
42258 17103 12226
40449 16295 10353
43116 16295 10353
41150 14531 10351
41150 14575 12166
40925 12786 10894
40925 14147 12020
39782 14138 10026
39782 16221 12873
39416 15388 11005
39416 18294 13967
37888 17815 13589
37888 17815 16674
36812 17259 15260
36812 19830 15260
36218 18787 13890
36218 18787 15697
35089 17487 13953
37099 20067 13953
35213 19980 13079
35213 22795 15386
33505 22614 14894
33505 22795 15438
32254 21842 13812
32254 21842 16630
31690 21522 15260
34163 21522 15260
33165 19612 15199
36186 19612 17185
34984 18167 15447
34984 18615 17516
33582 17172 16099
35064 17172 17055
33596 15918 16055
34046 15918 18076
33418 14554 17180
33418 15057 18425
31833 14006 17778
31833 16001 18562
30477 14499 17411
34931 14499 17411
34712 12958 17303
37308 12958 18348
36031 12200 17482
39626 12200 17482
38862 10622 16467
41563 10622 16585
39582 8894 15447
40708 8894 15447
39112 7015 15149
39112 7076 16957
37830 6601 16158
40004 6601 16523
39586 6192 14539
39586 8018 14797
37695 7877 14385
40157 7877 14468
38386 6913 12795
39269 6913 13911
37733 4946 12063
37733 7205 12495
35850 5327 11768
37475 6479 11768
37345 4898 10870
37345 5972 11810
37299 4696 9849
37299 8561 9849
36278 7581 8486
36278 7869 11416
35596 7075 11007
35596 8454 11912
34650 8302 11254
34650 11264 12006
33696 9962 10321
34899 10464 10321
33457 8715 9858
33457 10250 10543
31753 8328 10134
31753 9302 10134
30721 9230 8944
31971 12007 8944
30982 11445 8492
31112 11445 8561
30146 10249 7020
30146 12914 7904
29679 11958 7141
29679 14904 9213
28467 13604 8404
28467 14116 10734
26883 12271 9768
27690 12271 10843
27177 12084 9191
28227 12084 9897
26355 10723 9482
29319 13625 9482
28187 13566 7988
30498 15018 7988
30231 14265 7462
32974 14265 9267
32183 12820 8047
35180 14425 8047
34080 13475 7842
34080 13599 8052
32755 13156 7509
32755 14972 7925
31936 13512 6191
31936 15132 6191
30752 14082 5396
30752 14082 10176
28859 12860 9295
28869 14962 9295
27732 13689 8764
28863 16192 8764
28655 16171 7113
29175 16171 9236
27396 16063 8329
28977 18869 8329
27351 17759 7309
27351 17759 9960
27255 16389 8217
29018 16389 11125
28991 15766 10553
28991 15766 14870
27320 14199 13027
28642 14199 13815
28303 13713 11965
29520 13713 13514
27621 11894 13095
27621 14459 14760
27504 13320 13776
31672 13320 13776
30043 13010 13692
30128 16076 13692
29165 15126 13131
29165 15248 15380
28019 14830 13719
30555 14830 15820
29299 14321 15646
31707 15543 15646
30247 14834 14469
32642 16284 14469
31497 15342 12650
31497 15342 16481
30725 15163 14950
33422 15858 14950
33378 15464 14388
33378 18400 14406
33144 16928 13169
33144 19312 14420
31991 18823 13999
34341 18823 13999
32931 17639 13950
35447 19821 13950
34183 19381 12133
38693 19381 12133
37216 18913 10608
39387 18913 10608
38137 17708 9199
38137 17708 12893
36504 16719 11107
38952 16719 14113
38022 16446 12497
41085 17724 12497
39497 16146 12403
40366 16146 12403
39741 14612 11913
40909 16949 11913
39394 16838 10199
39394 19068 10931
37509 17672 9474
39971 18724 9474
38757 18112 8070
38842 18265 8070
37522 16560 7905
37522 18335 8627
36850 16532 8596
38599 16532 10311
37463 16064 8911
37463 17910 10018
37263 17120 9835
41053 17120 9835
39140 17085 9121
42112 17085 9121
41444 15257 7249
42386 15257 10242
42249 14243 8953
42249 14243 11394
41434 12500 9551
41965 12500 12349
40905 12195 10629
40905 12312 10629
39946 11728 10619
39946 11728 14969
39044 11026 13697
39044 13661 16062
37815 12905 14793
39688 12905 14793
39604 11975 14302
41705 11975 16460
39874 11204 15559
39874 11204 17224
37943 10068 17224
40351 10068 20118
40261 9711 19882
40261 12200 21724
39986 10486 20122
45537 10486 20122
43895 9122 19797
43895 9540 21092
43820 9340 19932
43820 10958 19932
42233 9063 18997
43177 10051 18997
42011 8511 17375
42011 9342 20047
40935 7693 19403
40935 8846 19436
40801 8509 17818
40801 8795 20134
40523 7746 19966
41473 7908 19966
40296 6338 19174
40296 6929 21630
38366 6455 21562
40267 6455 23535
40144 5723 22058
42542 8772 22058
41131 6910 21512
41131 9209 21733
40218 8925 20143
41307 8925 20390
40956 8787 20346
43097 8787 20346
42605 7832 20312
42605 9101 21672
42437 7206 21175
44684 10069 21175
43553 8125 20039
43553 8125 22102
42449 6498 21881
44890 6498 21881
44878 5164 21426
46058 6264 21426
45895 4729 19498
45895 5541 19819
44427 3809 19505
46099 3809 22524
45364 3464 21198
49478 3464 21198
48517 2764 21034
52327 2764 21034
51526 2216 20085
53366 3745 20085
51372 2705 18690
51372 3779 18888
51225 3006 18120
56778 3006 18120
54896 2196 16541
54896 2196 19972
54807 959 19420
55870 959 22155
54645 0 20222
54899 0 22928
53519 0 21443
53519 0 23189
53090 0 22859
54935 769 22859
54694 273 21873
57596 273 21873
57236 0 20920
57581 0 22979
57101 0 22167
59626 2500 22167
58946 1069 21900
58946 1069 26528
57937 0 25908
60784 0 27872
59750 0 27174
60890 586 27174
59984 0 25655
62245 2876 25655
62235 1039 24309
62235 4131 24309
61911 3745 23894
65698 3745 23894
63798 3091 23059
63798 6007 24723
63110 4464 22935
63110 6543 25066
62590 5917 23090
64836 7981 23090
64690 6154 21734
65702 6154 23314
64718 5932 22202
64718 9029 22202
64236 8981 21242
64931 11405 21242
64089 10383 20175
64592 13358 20175
63876 13171 18827
63876 14645 19900
62474 13126 19363
64436 13126 19966
63871 11126 19135
63871 13154 20840
62270 13106 20040
64853 13106 21741
64368 11661 20955
64368 11661 25026
62889 11512 23355
66966 11512 23355
66802 11144 21875
69333 12609 21875
67565 10703 21235
70363 12271 21235
69328 11380 20426
72147 11440 20426
71263 10777 19113
71519 10777 19666
70930 9964 19615
73512 9964 21684
72801 8134 21010
75348 8134 23114
74176 6695 22014
76807 8812 22014
76369 8673 21942
79286 8673 21942
78119 7211 20113
78119 7211 24467
77147 6772 23385
80283 6772 23385
80008 5387 21911
80008 8512 21911
79929 7419 19911
80263 10369 19911
80076 9472 19890
81945 11787 19890
80909 10260 18486
82548 11066 18486
82386 10285 17765
82386 10621 19254
82379 9214 18387
83595 10852 18387
82474 9191 18184
82474 9191 20567
81955 8401 18797
81955 9899 19099
81431 7948 18971
81973 8152 18971
80278 6756 17641
80278 9703 17693
78475 9194 16675
78839 9194 18812
77140 8720 16881
79622 8720 19778
78120 8133 18207
78755 8133 20409
77019 6651 20055
78747 7278 20055
78642 7050 19570
78896 7107 19570
78008 6636 17875
78008 6636 20444
77656 6209 18709
77780 6209 20223
77484 4358 19941
79723 6387 19941
79096 4847 18005
81082 4847 18698
80064 3390 16810
80766 3390 18043
80466 1403 16201
80466 1981 19078
80086 574 18492
80993 574 21321
80755 39 20776
85495 39 20776
83705 0 19629
86398 0 21883
84707 0 21259
84707 4328 21259
83122 3014 19897
83122 5534 19897
82206 4905 19180
82206 6688 21817
82017 5379 20640
87328 5379 20640
86551 5232 19371
87955 5232 21215
87283 3285 20138
87283 6217 20261
86852 5929 19747
88728 6650 19747
88418 5463 17871
91182 6213 17871
90535 4603 17490
90535 4603 21557
90308 3004 20981
92481 3004 21213
91756 1272 19576
93844 1272 21644
92360 505 19962
92360 505 23446
91343 0 22013
93882 0 22013
92984 0 21267
92984 5867 21267
91650 5759 20553
94741 5759 21544
94469 4344 20619
95119 4344 23400
94474 2738 21752
96461 2738 21752
95455 1122 21026
98147 1122 23391
97351 938 22064
98473 3381 22064
98368 2810 21970
100675 2810 21970
99096 1435 21550
99536 1501 21550
99107 728 20047
99107 3075 21756
97838 2462 21112
97838 3749 21112
96113 2823 20989
96113 5557 20989
96015 4597 20385
96015 6992 23232
95439 6771 21259
97813 9178 21259
96608 8469 20152
97631 11334 20152
97430 10196 19154
98385 10196 22007
97129 9386 20259
97220 10550 20259
96151 9538 18280
96314 9866 18280
95790 9445 18046
97997 9445 20040
97349 9229 18446
99410 10793 18446
98237 10465 17616
98969 12878 17616
98939 12163 16610
98939 14363 16610
98004 13092 16606
99234 13092 18085
98751 12737 16971
98751 13637 16971
98638 11649 15602
98638 11649 19601
97131 10191 17812
99195 11936 17812
97749 11830 16389
98641 11830 17188
96749 10359 15705
96749 10780 18505
95758 10190 17917
97875 10190 20824
97282 8892 19204
97786 10108 19204
95952 9255 18188
95952 9351 19896
95341 7873 18878
95341 9393 21910
94818 8230 21233
95087 8230 23685
93232 7905 22189
96067 10539 22189
94342 10252 22100
94342 10443 23984
92535 8616 23772
92535 11894 23772
92436 10261 22165
94589 10261 23722
94502 9231 22512
94502 14311 22512
92745 13856 21512
96059 13856 21512
95121 13311 21222
95749 15536 21222
93861 15214 19246
94393 15214 22189
92912 13613 21256
94186 14082 21256
93560 13938 19330
93560 16862 19330
92847 15409 18269
95560 15409 18269
93824 14977 17124
93824 15032 20205
93663 14706 18382
95757 14706 18382
94569 13054 16452
94569 13054 17090
92801 12649 16348
92801 15136 16348
92122 15057 15221
95112 17459 15221
94324 17320 14772
95818 17320 15797
95085 16035 15101
97637 16035 16444
95951 14562 16199
96066 14562 16623
94523 13636 16428
96397 14473 16428
95127 12601 15382
96258 12601 17065
95624 11938 16684
95624 13645 16684
95623 12486 14984
95623 12486 19244
94411 10579 18451
97484 10579 20817
97258 8658 19193
98974 8658 20711
97542 8003 19161
97542 8366 20827
97370 7083 20442
100409 7083 23104
98854 6517 23046
98854 6517 26830
98585 5461 25285
98585 6244 25285
97869 4991 23939
99151 4991 23939
97868 4191 22780
100157 4191 25315
99948 2611 24055
99948 4458 24490
98340 3836 24296
98340 3935 25614
98319 3469 24240
98319 4835 27238
96946 4741 25573
99744 4741 27834
99446 4200 26431
99595 4200 27998
99480 3784 26680
100514 3784 27601
99578 3244 26582
102199 3244 27080
101498 2579 25741
103151 2582 25741
102744 1610 24377
103751 3748 24377
102181 3377 22876
102978 5685 22876
101863 4874 22413
101863 7897 25297
100633 6349 25146
100633 6349 30213
100468 4544 28708
100468 5472 29665
99041 4972 28039
99041 4972 31810
97147 4842 30769
99805 4842 31950
98302 3767 30468
100888 3767 30468
100005 2961 29762
102175 2961 29762
101754 1571 29074
104117 3925 29074
103691 2557 28439
108044 2557 28439
107861 1387 27176
107861 5842 27176
106281 3928 25337
107248 3928 27291
105497 2798 26679
105497 5695 26679
105005 5328 25284
107379 5328 26407
106173 4459 24749
107274 4619 24749
106593 3018 23937
108372 3260 23937
108181 1850 23387
108181 1850 24935
106613 1626 23056
106613 2793 23056
105692 1216 22312
105692 2764 22312
105595 1922 21407
105793 4049 21407
104795 3411 20536
104795 3940 20536
104683 2046 19369
106916 2046 22405
105972 799 21796
105972 6167 21796
104984 6012 20672
107677 6012 23683
107243 4902 21939
107243 7976 24342
105714 7053 24147
105714 7699 27207
105163 6378 25754
109811 6378 25754
109553 5954 23797
109553 6682 25535
108112 6450 23741
108112 6561 24701
106328 5551 23504
106328 10591 23504
104958 9426 22852
104958 10958 22852
104766 9731 21106
104766 9731 22540
104428 8638 20853
104428 10364 21886
104404 10206 21009
107434 13088 21009
106936 12442 20163
106936 12442 22762
106916 11532 20967
109766 14225 20967
109757 12743 20386
109757 12743 23906
109032 12515 22808
109032 14949 23752
108702 13771 22786
111843 13771 22786
111626 11923 22480
111626 13060 23992
110659 11945 23963
112545 11945 25460
110845 10758 24573
110845 10930 24718
109680 10875 23191
109680 11516 26126
108575 10251 24401
108575 10251 27933
108218 8783 26914
108218 10867 27877
107885 10105 26371
107885 13214 26371
106393 12210 26279
107247 12210 28018
105721 10838 27767
105721 10838 28049
104804 9403 28008
104804 10722 29961
103974 10662 29278
105391 13335 29278
105204 12111 27476
105830 12111 30197
105345 10445 29370
108326 10445 31423
107315 8785 30507
107315 10019 31337
105950 9568 30253
107035 12280 30253
106747 11884 28638
108189 11884 28638
107222 11231 28496
109869 11231 28496
108316 10326 27555
108316 10537 30466
107563 8621 29688
111355 8621 29688
111187 7547 29494
112040 8426 29494
112009 8113 27770
113718 10076 27770
113440 9394 25796
113440 9394 28276
113260 7742 27518
114193 8470 27518
113488 6648 26626
113488 7133 28588
113108 6845 28411
113108 7274 28691
112070 5916 28188
112070 8543 28188
111841 7464 26961
112479 7464 27459
111574 6810 25778
111574 6810 25945
110010 5396 24328
110010 6049 24875
108825 4446 23259
111144 4446 25214
111128 3646 23363
111128 4263 24525
110055 2512 22912
110390 2512 24865
109993 517 24752
112156 517 24752
111664 0 22835
114064 0 24413
113102 0 22809
115173 2019 22809
115138 461 22514
115138 542 25542
114062 0 24021
114062 1885 24285
113575 986 23361
114008 986 23361
112647 0 22036
112967 0 22487
112942 0 21998
115592 0 24163
114744 0 24061
114744 2550 24061
112782 647 22234
114199 1317 22234
113079 1001 21623
114373 1529 21623
112430 858 20645
115862 858 20645
115024 0 19563
119978 0 19563
118761 0 18240
120112 1091 18240
118609 0 17050
118609 2874 17050
118178 1723 16424
118178 6195 16424
116358 5830 15038
118605 5830 15227
118239 5277 14213
121124 5277 16859
120393 3647 16616
122550 3647 19362
122312 2549 18205
122312 2549 22045
121075 1663 20219
121075 1933 23084
120660 738 22753
120660 1217 24959
119917 0 23508
122108 2722 23508
120200 1635 23296
120683 3661 23296
119047 2751 22920
119093 2751 25897
117415 1441 24438
118375 4149 24438
117114 3209 24069
117701 4956 24069
117699 4487 22260
118530 4487 22511
117644 4062 21619
117644 5971 21619
115891 4952 20384
115891 4952 23385
113909 4616 22349
113909 6336 24787
112267 4880 24205
113053 4880 25669
112861 4621 25657
112861 5054 25892
111155 4492 24666
111277 6313 24666
109366 5596 22702
109366 8041 22702
107496 7047 22301
108800 7998 22301
108771 6167 21527
108771 11929 21527
107679 11133 20883
111597 11133 20883
109843 9965 20339
113607 9965 20339
113000 8526 19388
113000 10237 22044
111825 8446 20442
112753 8446 23036
111555 7840 22096
111555 10855 23959
110277 8964 23939
113178 10628 23939
111635 10056 23527
114133 11798 23527
113000 11650 23289
115146 11923 23289
114048 11872 22008
116783 11872 24823
116680 11520 23864
116760 14082 23864
116678 13398 22669
117559 14123 22669
116038 12568 22307
116038 14314 23738
115191 12455 22294
118098 13690 22294
117621 12235 20396
117621 12235 21895
116638 10867 20497
116733 10867 22091
115793 10222 21964
115793 10727 23994
113799 9023 22751
115710 11535 22751
114420 10056 21006
114420 10056 24339
113800 8481 23666
116468 10289 23666
115625 9603 23461
116599 11753 23461
115068 10526 22853
118376 10526 22853
116678 10226 21004
116678 14364 21004
116134 13237 19506
116134 15855 19934
114920 15682 18072
118305 15682 18072
116417 14050 16138
118078 14050 17296
117348 13342 16533
117348 13342 21639
116328 13119 20143
118894 13119 22474
117073 12038 20894
118201 12038 20894
117500 10397 20064
118674 10397 20305
118089 9701 19816
118089 13170 19816
117576 12926 18986
120837 12926 18986
120496 12577 17464
123152 12577 19339
122047 12242 18674
126377 12242 18674
125788 11115 16689
126575 13184 16689
126434 13120 14992
128350 13120 15080
127774 12043 14179
130695 14929 14179
129667 13806 13456
129667 16849 13456
128180 15495 12126
129272 17240 12126
128183 15315 11272
130575 15315 11272
128620 13397 9453
131562 13397 9453
130647 12398 7850
130647 14909 8322
130406 14815 6387
131579 14815 7021
129706 13551 6310
129706 17028 6310
129234 17009 5443
129234 18007 7738
128819 17635 6272
128819 19582 7280
127292 19277 6391
130730 19277 6391
130507 17844 5974
130507 20443 5974
129477 20150 5798
129477 22510 7793
128614 21111 5904
128614 22724 6726
127934 21371 6019
128748 21371 8699
127578 20534 6796
127578 20534 11134
125612 18951 10422
126590 18951 10422
126307 17766 9936
129224 17766 10376
128635 17002 9832
131513 17002 12588
130768 16519 12313
133210 16519 13014
132133 14603 12949
132133 14603 14543
132057 14135 13801
133434 15374 13801
131980 13761 13114
131980 14981 15528
130158 13353 13607
132816 14782 13607
131738 14381 12422
131738 16371 12422
130261 15510 11646
131961 15510 12463
130297 14706 12040
133027 14706 14218
132808 14036 12662
132808 14751 12710
131038 14046 11167
131038 16508 11167
130853 15863 10465
133373 15863 10465
131826 13883 10152
131826 13883 13630
130555 12382 12310
131117 12382 13024
131110 12149 12100
131110 15419 12100
130774 15006 10335
130774 18886 10335
129795 17588 9449
129795 18066 10277
127848 17554 9825
127848 20178 10576
127618 19977 9613
127618 21506 11009
127420 20872 10662
127420 22989 11676
126073 21233 10260
126073 21233 13188
125580 20534 12668
125580 25035 12668
123934 23196 11625
123934 28245 11625
123871 27124 10477
123871 28237 12202
122875 26946 10684
122875 28427 13598
122605 26584 11951
125169 26759 11951
123366 25151 11509
123366 26498 14540
122154 26208 14354
123614 26208 16036
123123 25565 14068
123123 25565 16272
122003 23976 15977
124574 23976 17366
123021 23405 15542
124848 23405 15542
124106 22320 14932
126046 22320 15812
125052 20672 15599
130450 20672 15599
130254 19905 14856
130878 20695 14856
129258 20137 12998
129475 20137 13121
127739 18574 12135
130644 18574 12135
129151 18386 12062
131108 18622 12062
130052 18424 11133
130052 18701 12294
128610 16782 11133
129954 17448 11133
128253 16979 10977
128253 16979 14230
127842 16334 14092
129918 16334 14862
129601 14969 14794
130693 14969 17359
129789 14481 17229
129789 16667 18759
128308 14914 17859
128308 17554 18011
126559 16066 16382
126559 16066 19972
125740 14614 18731
126445 14614 18731
124950 13022 16894
124950 16457 16894
123141 15003 16443
123533 15582 16443
122310 13674 14502
122310 15186 15572
120607 13467 14015
120607 14778 15081
120551 14723 13269
122532 14978 13269
121542 14155 12485
122460 14155 14053
120806 12768 13330
120806 14725 16081
119391 14474 14537
120044 14474 16545
119934 12521 15667
121652 12521 18139
120438 11536 17173
121205 11536 19271
119415 11535 17423
119415 13969 18085
118314 12704 17987
118314 14473 19746
118251 13713 19404
119385 13713 19404
117831 12739 18232
120134 15249 18232
118536 13462 16773
121462 13462 16773
121172 11612 14965
124085 14530 14965
123356 14528 13941
126318 14625 13941
125679 13215 12428
127798 13505 12428
127087 11730 10455
129429 12331 10455
127699 12263 9807
127699 14748 9807
125825 13880 8114
125825 15607 10788
124469 14269 9116
124815 14269 11017
123380 13527 9527
123380 13527 9996
121819 13497 9235
121819 18962 9235
121306 18872 8064
122530 18872 8064
122117 17414 7119
122117 17414 11160
120179 16719 9753
122886 17275 9753
122520 16172 8382
122520 16313 10841
122329 15024 10141
123935 15024 11053
123254 13244 10974
123254 13244 14639
121415 12413 12683
123260 12413 13508
121563 10982 12306
121563 10982 14895
120779 9803 14252
120779 14640 14252
120000 13016 12264
120471 13016 12264
120077 12983 11182
122051 15291 11182
120451 13803 10994
120451 15414 12509
119908 13711 11451
119908 15504 13861
118187 14467 11901
120324 16224 11901
118872 15470 11571
118872 17870 12009
118654 16401 11450
122222 16401 11450
121736 16383 10252
121736 16383 15400
120861 14539 15130
123311 14539 16530
123175 13274 14860
123175 13839 15018
121401 12962 14362
123478 12962 17436
122091 11616 16962
125055 11616 16962
123190 10661 16855
124454 13469 16855
123099 13341 16641
124695 14937 16641
123651 14592 15679
124564 14616 15679
122645 14076 13839
124435 14076 13839
124019 12455 13213
124124 12455 13213
123230 10748 12764
123744 12329 12764
121896 11950 11964
125768 11950 11964
124114 10266 10239
124114 12702 12673
123339 10706 12035
123339 10706 14051
122230 9683 13368
122230 9683 18149
121306 8150 17607
123742 8150 18212
123173 6371 16276
125111 6371 17327
124924 5346 17040
124924 5346 21436
123051 4534 20013
123051 4568 22991
121183 3236 21296
121910 4927 21296
121879 4061 20005
124428 4061 20005
123891 2271 18847
123891 6050 18847
122139 5377 18374
124127 7144 18374
122665 5235 17704
122665 9928 17704
120816 9573 17283
120816 9573 20214
119110 8909 19682
120037 8909 19682
118516 7596 17976
121159 8866 17976
120637 7107 17953
122851 9478 17953
122685 9353 15983
125222 11860 15983
124795 11317 15460
126036 11317 15460
125330 10240 13510
125330 10240 15826
123702 8612 13918
123702 9166 13989
122262 7429 13911
122262 11165 13911
120439 10294 12876
121590 10459 12876
121224 8672 11929
121803 8672 12459
120496 7740 11096
120496 10767 11096
119262 10559 9411
122031 10559 12241
120393 10336 10600
120393 10699 13292
119395 10360 11618
124353 10360 11618
123062 9162 11293
123392 9286 11293
123283 8122 9705
124449 8122 9705
123662 6399 9474
123838 6399 9755
122642 5606 8127
125647 8141 8127
124686 6750 8123
124686 9024 8957
124352 8519 8032
124352 8519 11063
123186 8029 9962
123186 13401 9962
122145 12054 8400
122145 12054 11889
121296 11355 10411
123864 11355 11772
123708 10982 10681
126700 10982 12326
124908 9495 10494
124908 13049 10494
123516 12464 10166
124122 12464 11046
123983 12000 9620
126374 13538 9620
124395 13039 8855
125846 13039 11597
123882 12280 9637
124208 13944 9637
122810 13481 8009
125336 13481 8554
123761 12736 7647
123761 14114 9896
123328 12326 8885
123328 14534 10457
122382 12867 10373
123102 12867 11255
122661 12293 10444
122661 12293 10924
121337 11741 10287
123392 11741 10344
122729 11296 8955
125270 11695 8955
123998 9842 7132
125670 9842 7460
123753 9173 6021
123753 12444 6021
123418 10589 5547
123418 12708 8505
121433 11182 6896
121433 13830 8406
121167 13433 8361
123211 15712 8361
121957 15707 8003
121957 21236 8003
121632 19348 7843
121632 20034 8801
120598 18333 7510
120598 18333 7906
119441 16973 6990
119441 20767 6990
117708 19344 5996
117708 23266 5996
117189 21505 4250
117189 24648 4250
116753 23056 2732
119290 24590 2732
117826 24333 2104
117826 26833 2104
116973 24910 1319
117291 26864 1319
115814 26658 1160
115814 27074 3658
115248 25359 3239
115248 25359 6708
114407 24929 5912
116678 24929 7954
115653 23292 7109
115653 24304 7671
115219 23379 6315
117323 23379 6315
116338 21513 5960
119722 21513 5960
119141 20913 4492
119956 22012 4492
118835 21655 3969
119772 21655 4650
119469 19954 3177
120937 21034 3177
120520 20181 1805
122461 20181 2777
122257 18851 2037
122257 19496 4112
121851 18506 4105
123310 18506 4542
121909 17341 2696
123517 17341 3392
122580 16439 2748
125131 16439 2748
123216 16071 1772
123216 16874 1772
122202 15408 1340
124502 15408 3853
122943 14192 2238
125398 14192 3193
124742 12257 1540
129108 12257 1540
128548 11774 978
129302 12170 978
128766 12144 818
130460 12674 818
129636 11038 549
129698 12048 549
129190 10924 0
129190 13068 469
127645 11823 111
127645 11870 383
125835 10255 0
128102 10255 1286
126128 9415 788
128801 9415 3720
127499 9332 2039
130548 9332 2158
129659 9318 1000
130617 11553 1000
130062 10610 304
132523 12474 304
130535 11796 0
130535 12641 2691
129665 12154 1822
129665 16300 1822
129178 16252 1360
129463 16925 1360
128534 15106 0
128534 16612 0
127151 15868 0
129204 15868 132
127784 14913 0
131460 14913 0
130157 14881 0
130157 14881 1460
128422 14430 1233
131007 16603 1233
130122 15470 266
130122 17630 2158
128401 15939 1105
130702 17489 1105
129003 17011 0
130736 18822 0
129629 17296 0
130899 19590 0
130334 17926 0
132207 17926 1303
131436 17204 0
133868 17204 0
133377 15771 0
133888 16009 0
133650 14400 0
136327 14400 2653
135858 12581 1046
136928 14019 1046
136341 12550 0
136341 12550 2736
135076 11827 1800
136259 11827 1800
135074 11513 133
138825 11513 133
136922 10107 0
138572 10107 0
136807 8122 0
138400 8122 2813
136779 6233 1457
137140 6233 1457
135281 4454 1045
135281 5522 1045
134556 4030 0
136293 6436 0
134541 6085 0
135056 7324 0
134412 5826 0
135135 5826 1707
134305 3832 1032
138807 3832 1032
138241 2447 109
138468 3223 109
137367 1698 0
141748 1698 0
141641 0 0
144274 0 2169
143334 0 716
145390 1219 716
144824 953 0
147093 953 1877
145395 0 1434
145395 1798 2992
144192 1644 2248
144192 1749 2446
142832 346 507
148283 346 507
147861 0 236
147861 0 2236
147775 0 2054
148903 0 3712
147633 0 2047
147633 0 5566
147092 0 3625
149949 185 3625
149709 87 1829
149709 1627 3192
149154 1508 1789
149154 3335 4191
147674 1666 3493
147674 4151 5010
146346 3413 4679
146346 3679 4914
145564 2801 3283
145564 2801 5625
143619 818 5217
145133 1619 5217
144069 1246 4323
144069 4535 4323
143014 4466 2742
144379 4466 3489
143923 2856 2518
145877 2856 2518
145493 2345 1255
145493 4577 1888
144325 2943 580
144325 3975 2167
143413 2358 2154
143413 2358 6752
142788 1793 6391
142788 2940 8463
141398 2598 7923
141398 2598 12344
140028 1699 10575
140627 4231 10575
139147 3360 10203
139147 6236 11861
138287 5902 10719
140028 7467 10719
138136 6269 10584
138136 7810 11627
136403 6683 10819
139203 6683 11843
138136 5202 11671
138582 6912 11671
137771 6852 11305
137875 6852 13856
136290 6237 13377
136290 6237 18884
135050 5344 18844
136052 5344 20593
135821 3606 20011
136757 3606 21845
135543 2266 21043
135543 5274 21448
134435 5122 19921
134435 10544 19921
133087 10452 17942
133087 11036 20013
132251 9316 18626
132957 11854 18626
132767 11771 16921
134552 14649 16921
133394 13985 16266
136264 14739 16266
135375 14227 16232
137865 16638 16232
137162 16412 15806
139903 16412 18331
138479 15156 17687
138479 16088 17940
138181 15518 17530
138181 15518 20835
138063 13978 20154
139423 13978 21741
139104 13947 20087
139934 13947 20788
139286 13943 20140
141917 13943 20140
141235 12238 19166
141668 12238 19446
140253 10254 18136
142345 12049 18136
141990 10185 16715
144309 12788 16715
142482 10845 15451
142482 11046 15980
140832 9261 15068
140832 15340 15068
139744 14331 13862
145220 14331 13862
144693 13510 11905
147293 13510 12247
146830 11758 11532
146830 11758 12014
144942 9928 10810
144942 11559 10876
143766 10391 9941
145171 10391 9941
143291 9096 9114
148600 9096 9114
148128 8873 7118
150145 8873 7118
148379 8314 6259
150415 8314 8123
149214 6545 6578
151661 6545 7977
150930 4651 6529
150930 6159 8136
149560 5858 7797
149560 5858 10178
148575 5222 9184
148575 9312 9184
147009 7647 7301
149404 7647 7301
149278 6578 5472
149278 7924 8209
148832 6268 7023
148832 6963 8986
146929 5498 8113
146929 5906 10416
146620 5476 8448
146620 9859 8448
145228 8669 8248
146582 8669 9004
146017 7079 7689
146017 7079 11269
145591 6374 9815
146816 7314 9815
146737 7255 8190
146737 9817 11080
145597 8893 9210
148237 9793 9210
147431 9131 8484
147431 9726 8710
146165 8026 7731
146165 8026 10856
145470 7784 10655
148246 8855 10655
148025 7475 10327
148025 7475 11322
147640 7050 11176
148207 7050 12996
146488 5916 12809
146488 5916 16951
145061 4090 16306
146005 5370 16306
145480 4869 15217
148076 5805 15217
147934 4956 14409
147934 7365 14651
146813 7157 13332
146813 8869 15361
145312 8866 13879
145312 11522 13879
143825 9540 12945
143825 13621 12945
143585 13507 12806
143585 13507 16030
143388 12017 14382
143388 12017 17593
141534 11095 16825
141534 11095 17870
140727 9223 17197
140727 9223 18453
139719 7723 16474
139719 10289 18412
139076 9919 17831
141295 9919 17831
140496 8460 17010
140647 8460 18550
138759 7967 18223
138759 9248 20579
137259 7542 18706
138192 7542 20597
137626 6071 19897
139524 6071 19897
138585 4962 19149
140318 5183 19149
139458 3507 18945
139458 6137 18945
139214 6107 17054
142556 6107 17054
140785 5894 16971
140785 5894 19983
139596 4544 19766
139596 8534 19766
138577 6905 19454
139290 7441 19454
137339 6596 18455
137339 6957 19781
136820 6075 17785
138861 6075 17785
137441 5193 17026
137441 6239 17418
136912 4419 17123
136912 4887 19768
135760 3702 18659
135760 3702 20352
134889 3115 19865
140146 3115 19865
138627 1651 19638
138627 1651 21653
137099 7 20743
138973 802 20743
138558 0 20654
138558 5310 20654
136950 5037 19058
137122 7738 19058
136920 6967 18601
139152 9899 18601
138782 8263 17693
140687 11184 17693
139683 9777 16696
143739 9777 16696
143030 8684 15807
143030 11599 16757
142058 10411 15336
146497 10411 15336
145920 10155 14344
147462 12717 14344
145482 11199 14137
146571 11226 14137
146086 10435 13907
148011 10435 13907
146260 9485 12008
146260 10515 14137
144470 10425 13581
144470 11194 14807
143244 10180 14238
144400 11968 14238
142895 11491 13781
146116 11491 13781
144812 10487 12250
146347 10487 14254
145879 10179 13679
145944 10179 16029
