1000 3
0 0 0
3058 0 2343
2774 0 1806
6210 1439 1806
5843 0 114
7062 2414 114
5569 138 0
5569 1288 922
5108 219 0
7257 1691 2042
6520 1395 1175
10772 1395 3990
9734 766 1889
11617 2939 3880
10825 1828 2381
10825 4315 3809
10558 2895 836
13876 5681 836
11374 4987 0
11374 5390 1854
8832 4681 0
8832 6126 1905
7540 4034 1252
12802 6694 1252
10158 6018 0
10158 6018 6033
7670 3863 5660
10153 6081 7870
7225 5933 5705
7225 12268 5705
5627 11632 3769
7662 14454 4065
6133 11973 2530
6612 15119 2530
6516 12621 1496
6516 16890 2205
5710 14938 1286
8914 14938 1286
6324 14401 0
6866 16279 300
6127 14938 0
6810 18469 0
5658 16081 0
7236 17460 1501
7215 16609 1079
9883 18270 1908
8225 16112 115
9614 17375 115
8953 14421 0
8953 14939 2960
6510 13971 483
8590 16068 483
5998 15437 0
6419 16054 2181
5056 14925 725
5056 16877 4414
3127 15948 3844
4300 19626 3844
1874 18663 2383
3711 18795 2383
2507 18244 1677
5729 19934 1677
5000 19111 0
5000 19734 4792
2297 16937 3556
2386 19514 4127
213 16966 3041
6081 16966 3785
4473 16878 3442
4473 21833 6138
2068 21049 5276
2068 25080 7720
0 24671 5121
4611 24671 6453
2404 22333 4305
5111 22333 6577
3692 20810 4171
3692 25667 4339
3133 24444 4155
4612 24444 6938
3122 22401 6370
3122 23063 11989
2369 21186 10578
5698 21186 11642
3539 19597 9114
3539 23016 10426
586 22579 9840
1358 25198 12070
0 24409 11397
1060 26752 11397
0 23913 9045
1916 26473 9611
0 23804 7335
719 23804 9342
0 21748 7122
2335 21748 8818
639 18822 7516
4161 18822 9056
2981 16224 8673
4620 16840 11200
4352 15128 11147
4352 16469 13039
1684 14028 11571
1684 17651 11807
989 16787 10615
989 20147 12499
0 18082 12119
983 20979 12119
0 18630 11832
1745 21265 13330
0 21071 13301
2236 21071 15375
0 20322 15255
3525 20322 17062
1729 20095 16626
1729 24086 18767
0 21496 16578
1473 21496 16589
40 20447 14763
40 23292 16459
0 22970 13494
1952 22970 17796
1444 21639 16051
1444 21639 20537
0 19052 19438
276 20130 21335
0 19311 19983
0 19311 23077
0 17365 21251
3196 17365 22939
226 15104 21060
226 18475 21377
0 15613 20408
2800 18740 20408
2384 18496 17654
2471 18496 20849
2092 16524 20691
4318 16972 22241
1626 15209 20045
1626 19957 20045
0 18125 19052
0 21825 19720
0 19684 18310
0 19684 22966
0 18186 22714
4250 18186 22714
3615 16900 21648
6105 17292 22574
4956 14955 20181
7213 17644 22625
5623 15209 20395
5783 16503 21926
2845 15492 19501
3357 18438 21308
2898 16315 21160
5492 17403 21285
3911 15720 20810
3911 16643 21206
1049 15270 20835
1738 19572 20835
0 18753 19871
2872 23390 19871
88 23107 17880
2375 23107 20859
870 22539 20695
1196 27333 20695
329 26375 20575
329 30905 20575
0 28534 20367
1503 28534 21728
0 28235 19528
1323 28235 21465
0 26149 19156
0 27729 21705
0 24742 20541
2397 24742 20579
740 24609 17838
4755 27443 17838
3975 26491 15923
3975 28542 19402
1888 25556 16586
1888 25556 23486
0 25119 22208
0 27305 24632
0 25112 22943
0 29084 22943
0 26831 22933
0 28847 26641
0 27897 25160
0 30225 28638
0 27997 26324
2703 29126 26324
231 27168 23396
231 30743 24841
0 29179 22532
0 30559 26997
0 28721 26531
0 28721 31682
0 25872 31527
2567 25872 32827
1138 23803 32455
1138 23803 35238
0 22862 32637
1225 25254 32637
0 23498 30171
0 24427 30980
0 22271 30334
1621 24598 30685
961 22835 28710
1686 23797 28710
1186 22253 26579
4125 26803 26579
3961 25787 26256
7797 25787 28961
7405 22882 27844
8282 24039 30761
5959 21152 28465
6892 23543 30586
5186 22730 28368
5186 22730 32319
2343 20237 30325
6938 20237 31303
4871 19900 30658
12406 19900 30658
11846 16912 28351
13349 17688 28351
12166 16959 25585
12166 17690 26055
9735 17591 24336
12368 18651 24855
9942 18432 23250
11061 18432 25286
9383 17233 22322
9383 18482 23468
7969 15881 20743
8933 19065 20743
8030 17183 19954
10047 17183 22920
9326 14771 22172
9326 17374 23214
8304 15264 22988
8394 21085 22988
5901 18595 21760
10723 20782 21760
10056 17931 20287
12349 19558 20287
9754 17496 19636
12824 17496 20976
11182 17171 19871
13902 17171 22522
12231 17118 21517
17428 17118 21517
16533 16311 20036
16769 18517 22202
16318 17844 21336
16318 20354 22227
14819 18226 19672
14819 19377 21339
12047 16950 18360
12047 19011 18569
11683 18991 18174
11683 18991 20798
11119 16379 18220
13814 17569 18798
13107 14915 16723
13107 15117 19198
11580 13201 17418
11926 16455 17418
9004 16260 15333
9321 16598 17352
8393 15318 15405
8897 15846 15668
8817 13904 13498
9928 14774 13498
7837 12213 11261
9344 15203 11261
9236 12233 9121
12253 12233 10696
10330 10481 7770
12151 12394 10673
9767 10323 8654
13355 11665 8654
13011 9933 8276
13011 12166 11342
12970 10346 9058
13439 10493 10496
11893 7996 8223
13441 10675 8223
12015 7840 6264
12015 9431 10269
11351 7520 9092
11470 7520 11931
9081 6447 10876
11428 7629 10876
9926 4853 8380
11661 4859 11077
8774 2261 9580
10437 2884 9580
8535 1241 7653
8535 4280 7811
7245 1474 4870
8792 1474 5596
8645 0 5115
8838 157 5911
7727 0 4364
7727 1151 9328
6798 0 8548
9891 1494 8548
8814 1228 6851
9999 3467 6851
7210 2716 6185
9482 4589 6515
8991 3383 6151
11925 4759 8598
9057 3049 7520
10202 5757 9811
7434 2874 8238
9111 2874 10305
7640 0 10280
12174 2706 10280
9908 21 9632
12459 21 10980
9964 0 9676
10017 1480 10595
9381 0 7855
9662 518 10132
7181 31 8428
7181 3470 8922
4559 1998 8053
4754 3076 8053
4605 2841 5463
6850 2841 6108
6297 1464 5386
8799 2322 7380
5852 519 5021
7228 4069 5021
6693 1309 2576
6867 2549 2576
4155 2220 2270
4155 5587 3277
3133 4181 2146
5919 4181 4468
4321 1269 3124
4321 3576 6264
2998 2074 4066
7369 2074 6964
4896 250 6469
4896 304 8854
3539 0 8407
3972 0 11864
3917 0 9234
3917 2594 11178
3103 0 8722
5718 871 11124
5629 0 8355
9866 0 8626
7916 0 8279
7916 2620 12835
6072 1946 10033
6072 3914 10445
5961 1057 9415
7368 3067 9415
5733 81 6650
5733 1936 6765
4445 0 3947
5259 915 6640
2900 0 4154
4339 1572 6656
4234 0 5500
8943 1695 5500
7018 572 3284
10727 1915 3284
8669 1877 1897
8669 1877 4275
5813 349 1674
8109 349 3366
7052 179 378
8619 2168 442
6036 1090 0
8802 3442 0
6047 1509 0
8956 1509 522
7639 802 0
10332 2931 0
8482 1363 0
10080 3926 662
8646 1357 0
10797 1357 1798
9974 0 72
11302 2532 72
11034 369 37
11034 3273 5321
9360 1594 3359
11496 1594 5154
8952 0 3684
10243 0 6329
7516 0 5888
9272 0 7657
7642 0 7574
7822 3882 7574
5947 995 7368
6938 2286 7368
4342 357 7074
4603 357 9127
2742 155 8686
3760 1123 8686
3141 0 8419
4556 2241 10805
3617 1593 9564
6040 1593 9564
4512 0 8335
4512 0 11183
2538 0 11057
2538 3203 11057
184 295 9740
3011 899 12208
1220 0 9821
1220 1670 10710
0 514 9753
1466 863 11096
0 0 10877
2052 1087 10877
1581 0 8032
6944 0 8361
5663 0 6493
8620 210 7319
6086 0 6379
8096 800 8132
6370 707 6097
6984 3565 7759
4507 622 5107
6901 622 6356
4111 0 6205
8377 1833 6205
6433 1159 5378
6433 1744 8806
5793 118 6597
6492 1956 6597
3869 0 5272
3959 145 6075
1318 0 5168
5026 0 6898
4361 0 5177
4361 0 11681
2465 0 10955
3780 0 13707
1833 0 13455
4767 2334 15615
4141 2193 13986
4663 2966 14315
2495 2436 13348
2495 2436 16144
1966 0 15844
5177 1747 15844
4455 1058 15038
4455 2889 16728
2410 1932 16058
2410 7275 18757
1392 7072 17068
3425 9643 17068
1988 7251 14208
3902 9762 14208
3326 7805 13159
3326 7805 17661
1576 6803 17326
1576 8981 19925
935 8895 19277
3064 11437 20015
1677 9959 18587
4801 9959 20667
3181 8624 19513
6597 8746 19513
6441 8700 17236
9456 9122 17236
8863 7235 16614
10498 7235 19898
7932 5114 19556
8268 5114 24170
8018 2979 22021
8664 3020 22021
6335 1890 19630
11045 1890 20963
10143 988 18783
12660 1956 20537
12161 1177 17712
13935 3452 19962
12166 1120 18076
15082 1120 18490
12991 314 17547
12991 3070 17547
11918 778 15721
11918 1054 19008
9684 0 17259
11538 0 19756
11063 0 19214
11176 0 23790
9263 0 21068
9263 3105 22948
7316 2981 22241
7316 4521 25106
6394 2341 24850
6394 4981 25669
5249 3660 23828
6886 3660 25668
4564 1457 24467
7272 3986 26655
4548 3196 24780
6191 3536 25817
3287 3051 23516
6584 3051 23516
6382 507 23136
8808 4989 23136
6013 4740 21892
6013 10163 23033
4908 7175 21594
4908 7175 25852
3631 5748 23790
7244 5748 23966
6646 4742 23512
9564 5467 24021
7021 4523 21640
9829 6173 21827
7569 4175 20380
12279 6470 20380
11275 5605 17757
11463 7053 19683
9586 5080 16932
11364 5080 20995
10916 4376 19031
11743 4376 21750
9298 3938 20589
10643 5852 23147
9733 4965 22375
9733 6528 24863
7192 4528 21960
7192 6963 26274
5276 5312 25232
6610 8178 26061
5783 6454 25532
8326 6454 28565
8246 6025 27246
10989 7195 28801
8252 6615 28525
8252 9953 31126
6747 9748 28841
6747 14529 28841
4735 13835 26075
6650 13835 27560
5964 13567 25622
7711 16060 25622
7078 15377 23270
9941 15377 25699
9227 13053 23539
13220 13440 23539
10358 13089 22908
13273 15520 23579
13130 14514 23376
13130 15894 26388
10612 14764 23915
16177 14764 23915
14462 13650 23545
19810 13650 26228
17236 11910 24003
17236 14204 24003
14344 11553 21988
17073 13875 21988
14795 12469 19312
14795 17152 22011
14006 16698 19733
19320 17014 19733
17812 15716 19394
17812 20228 19394
16878 18951 17386
16878 21449 19409
15263 19190 18968
18548 19197 18968
16221 17438 18800
17939 17438 22739
15552 17090 21630
15552 19342 25661
12960 17156 23118
12960 17156 27325
12754 14276 26186
13431 16012 26894
13356 13856 25093
13356 17640 26032
10614 16499 25968
11718 18346 25968
9908 16577 25730
12388 16577 27878
11005 15056 26661
13584 15056 29199
11374 13383 27742
14459 13383 29935
11670 13294 27548
11670 15571 29533
11553 14964 28704
15135 14964 29507
13679 13714 27455
13679 14134 30399
10803 12769 29074
13481 12769 29703
11292 11763 29180
12408 12383 29377
9930 10586 26699
12011 11585 26699
11039 10895 25865
11039 15795 27088
8068 14460 24946
10623 17377 25706
9827 15246 25214
9954 15246 27833
9200 13006 27443
9632 15155 29091
8026 14312 27139
11252 15011 27139
9765 14557 24626
12459 14985 26876
11597 14288 25371
13184 14288 29728
12912 12177 29369
15158 12177 31969
13562 10210 31381
14775 10210 32588
14016 8634 30309
14016 13402 30309
11126 10412 30258
11126 10412 34056
10395 7489 32312
10395 9883 34618
9176 8450 33724
10969 9281 34544
10036 6795 32228
11607 8083 32455
10336 6772 29631
10469 7575 32399
10314 6501 32027
11976 8351 32027
10424 7985 30197
10424 8473 34691
9627 7431 33623
12606 11414 33623
10561 10531 30673
11802 11153 33227
11436 10969 31272
11436 10969 35908
11350 9463 33656
13112 12014 33656
12847 10869 32530
14128 15363 32530
13565 12896 29590
15107 12896 31439
12249 12646 28974
16069 12646 30041
14765 9808 28159
14765 13502 30625
14038 11264 29746
15487 13639 29746
13300 12712 28703
13300 18054 28703
10479 15127 28212
17015 15127 28212
14038 13944 26763
15345 15724 26763
13801 14959 24158
15035 14959 24934
12487 13670 24332
14485 16374 27326
14080 13439 24528
15788 13439 28628
13701 12469 26258
13780 15489 26258
12744 14232 24422
16147 16964 24422
14358 15303 21633
14383 15303 23804
13652 14414 22764
14196 16746 25501
11425 14298 24027
11425 19185 26248
9880 16632 26166
14636 19060 26166
14614 16430 25077
14614 18617 28289
14213 17224 25349
15735 20160 26544
12867 17573 25349
14611 17573 28530
14448 15853 26096
14448 17855 28871
13049 17555 26428
13049 18668 26489
12376 16558 24712
12376 17517 29699
11815 15867 29529
11815 16040 32657
9909 15211 32588
9909 18167 35312
7501 16702 32657
7501 21232 34785
4739 18839 33749
4739 19422 38305
2261 17577 35494
4570 18800 35494
3669 16898 32716
6576 16898 37046
6536 16755 36265
6536 21203 37866
4512 20444 36071
4512 26920 36071
3323 24531 35783
5973 25842 35783
4852 23931 35219
4852 26206 39815
4171 25376 38424
5854 26708 38424
4182 25772 35921
5287 25772 39157
4360 23712 37286
4464 23712 41929
1817 22616 40510
1817 22616 46262
0 21227 45209
2648 21227 47466
1074 19889 44493
1074 22294 49804
0 19910 47787
1305 22264 47787
774 21441 45910
774 21915 46546
0 20014 46478
1186 20704 47577
0 19708 44605
7797 19708 44605
5093 18834 43389
5093 18991 47339
2350 16809 45767
6225 17081 45767
5513 14096 43915
5513 20013 43915
4456 18160 41532
4456 19403 44648
4012 16878 41769
4012 19303 44480
3584 16495 43979
3770 16495 47024
3195 13944 45836
3195 19083 46242
626 18395 45437
626 22086 47120
0 19239 45765
255 21892 47769
0 21112 47293
1343 22094 47293
0 19730 46378
2732 20376 46378
769 19686 44734
3163 19686 48820
720 17791 47716
2864 18317 48905
93 16791 48195
1620 18476 50780
0 18303 48255
1481 22892 48255
899 20297 47783
2600 20960 48862
246 18595 46407
3876 21166 46407
3248 20987 45364
6121 21954 47064
5110 20331 44947
7788 22489 44947
5318 21365 44468
6309 23612 44958
3450 21189 43979
3450 23425 44702
811 22583 42348
3281 22730 44739
1769 22497 42386
1769 27390 42386
1590 25578 39610
5230 25578 40546
2357 22653 38760
3298 25180 40151
634 24581 39642
3419 24581 40335
2575 24002 40112
2876 25745 40508
1087 24920 38890
2351 25451 41285
2110 24665 39314
2229 24665 40759
9 21835 39885
2652 22698 42876
1489 22179 42460
3930 22179 42460
3043 20901 40848
3732 23950 40848
3610 21001 37989
3884 23785 37989
3539 22162 36773
4837 22162 41246
4458 19424 38841
6628 21866 40238
4894 19583 39129
6468 20179 40972
4415 17243 39485
6772 17243 42605
4152 15341 41138
6058 17416 43950
3118 14567 42334
3118 16377 43474
758 14711 42691
2953 14711 45461
2325 14498 43568
6037 16116 43568
5842 14705 41111
8472 15809 43678
6181 13879 41220
8400 15688 41347
5827 15487 39872
5827 17213 43080
3470 15444 41036
4961 17730 41480
3911 16926 40624
6572 18953 40624
3762 18535 40050
5331 18535 44403
4289 17404 41522
7351 17404 44013
6414 15920 42967
6414 16235 44908
4732 14671 44257
6481 15114 44836
5766 13627 42861
8225 15180 45752
7051 12800 45006
9950 13415 45006
6950 13269 42252
6950 14860 45213
5483 12887 43538
8289 12887 44132
7034 11178 41460
7222 11745 43100
4810 10088 40519
6787 11715 42303
5734 10263 41521
8413 12872 42886
5469 10043 40797
5469 11826 44176
4498 10214 42516
8177 10214 42754
5617 7594 41105
7316 9556 41105
4693 9555 38800
4693 10259 39656
2613 7818 39122
7218 9988 39122
5969 7475 36705
6781 9817 38184
5644 6819 36861
5812 9524 37305
4165 7875 35494
5310 8394 35494
4614 6729 34444
4614 8508 35241
2234 6442 32377
3828 9009 32377
870 8136 31955
3584 9360 31955
1771 8724 29131
1771 10938 32005
1181 9521 29385
4437 9521 30160
2165 9366 27955
4202 9366 29228
2905 8253 28347
5458 9645 31309
4115 7892 29143
4115 11024 31252
1184 9185 30233
3216 9185 31098
1318 6779 28896
4299 6779 31161
1636 6601 28733
1636 8157 28733
307 5521 26430
307 8193 29292
0 5404 28175
0 7337 30593
0 6561 29858
3608 6561 29890
1084 5184 29486
1084 7950 29486
1018 6622 26618
1401 8800 26618
124 7327 25126
1196 7327 26274
49 6963 24577
3841 6963 24577
3106 4600 23654
3106 7044 25311
525 4573 22485
3007 5314 25178
2438 3382 22815
6883 3467 22815
5111 581 20012
5719 1480 21295
4944 1027 19086
5045 3985 19527
3233 3242 18361
3233 4147 20903
2715 2671 19963
2715 5269 23173
206 2853 20853
206 9392 20853
0 6692 17915
514 10314 17915
0 9660 15539
1021 12227 17693
717 11160 15677
4141 11160 16441
2266 9735 13999
2266 10521 17064
18 7705 16128
18 7726 20338
0 6970 17463
3669 7899 17463
853 5414 17398
3187 6193 18857
2075 5221 16950
7016 5221 18701
6103 2852 17679
6103 2852 20983
3539 1499 20328
6204 2550 21538
3772 45 19742
4378 2348 21026
2737 2190 18870
5592 2190 20348
3542 2142 17465
4851 5431 17465
2318 2960 16357
2318 5120 16357
0 4467 15537
3027 4467 17056
148 1910 16088
148 5854 16088
0 4830 13569
2536 5702 13569
0 3697 12210
322 3697 13316
0 2395 11283
0 3501 14754
0 1008 14078
1919 1008 15125
0 694 12321
300 694 13764
0 0 11485
1335 1269 13257
613 254 11225
1806 2728 13940
0 132 13232
2993 132 16217
2797 0 13853
5515 0 15245
4990 0 12724
8007 0 15559
6181 0 14823
8907 0 15934
6548 0 15731
8408 0 19247
7732 0 17156
7793 263 19371
6531 0 19337
6531 1587 20774
4510 0 18756
6001 1116 21326
4971 0 18342
6436 1702 19164
5591 0 18558
5591 0 23783
2682 0 23041
2788 0 26371
592 0 25346
5106 0 25748
3787 0 25212
6732 206 26812
4832 0 24558
5859 2557 25733
4261 1400 25191
8031 1400 27298
6342 1277 27261
8434 2165 27605
5882 529 27413
7242 529 27821
4716 0 27124
6533 2050 27124
6051 28 25850
6051 4462 28565
3594 3938 27513
5033 3938 31457
2812 3053 29748
6840 3053 31038
5262 1566 28055
7845 1566 30821
5456 1464 28270
5456 3434 28270
3783 518 25359
4690 1288 25817
3778 0 24487
5849 0 24833
5026 0 24263
5026 1342 27160
4453 215 25371
6768 215 25523
4128 0 25503
5214 1835 25780
3757 0 25266
3757 2727 28518
2366 462 27554
2366 6797 27554
0 3940 24579
2723 4431 24579
1601 2883 23275
6453 2883 23275
4933 1514 21573
7551 2860 21573
6630 1121 20735
9084 1365 22363
8068 0 21162
8068 0 26746
5772 0 24917
5772 3100 24917
4121 2948 24483
8184 3027 24483
5683 1488 21643
5683 5600 23836
2737 5570 21708
4404 9194 21708
2668 7039 20467
2668 7435 23586
1863 7228 21905
2215 7228 24943
2094 6394 23504
5009 8722 24890
3503 7282 24884
6541 7923 24884
3771 5881 24771
6286 5881 27541
4395 5168 25329
5728 7148 25329
3647 7137 23232
6572 7137 23707
5020 4633 22592
8114 7200 22592
6102 5724 20938
9856 5724 21570
9475 5371 18799
13991 5371 18799
12522 4429 17532
12522 5049 22035
9701 3842 21378
12329 3842 26434
11553 2177 24114
13343 4832 26151
13025 4017 24655
14209 4840 27607
13102 2312 26901
14683 2312 30778
12394 243 28587
13560 3184 29099
11976 866 28054
11976 6801 28054
10890 4048 27199
11640 4048 31691
11609 2294 31388
11609 4266 33172
10081 1504 31496
11391 4495 34261
9257 4120 32609
9257 4120 39436
7814 3639 38628
7814 6309 38628
7300 5208 38273
13345 5208 38273
11036 2671 36859
12992 3142 36859
10474 952 34201
10474 5144 35695
10017 3156 33374
12685 3156 34536
11277 2043 31879
12320 2043 36114
11825 1376 34430
13969 3825 35972
12360 848 33918
17255 2921 33918
15604 980 32472
15604 4030 32801
14290 1094 32536
16973 1094 35295
16353 727 33638
16353 1038 35290
16075 0 34986
16641 0 37098
13777 0 35950
18673 0 35950
16298 0 33587
18621 0 35270
17606 0 34233
17606 1414 37723
17175 0 37049
17175 0 41715
14180 0 39239
14972 601 39239
13904 0 39212
13904 5196 41905
13858 3164 40448
16735 5816 40448
13978 5765 38938
14448 9301 38938
14032 8519 37639
14032 14291 38655
12336 11459 36476
12336 13962 41227
10278 13662 40460
10313 14631 40460
7627 13407 37677
10409 16046 40148
10163 13860 38722
13348 13860 39283
10466 13687 37139
13243 13687 39192
11586 11025 36574
11788 12839 39097
9465 10163 38966
9465 10233 43142
6703 9867 40759
8807 9867 44891
6687 8594 43633
8421 11220 44607
7682 8681 43809
9492 10015 43809
8135 8476 42805
9684 8476 42814
8452 6308 40678
8452 11900 41827
6265 11860 41283
6265 12859 43836
5076 10048 42933
7106 11636 43833
5408 8883 42041
5408 11061 43835
4277 8674 40850
7053 8681 41880
6152 6680 41109
6187 7850 41701
3978 6847 40717
7950 8658 40717
5716 7195 40048
7423 7404 41328
6202 5333 40339
7299 5688 40339
4639 3152 38575
4639 4602 40144
2017 3553 37812
2017 7695 39802
372 5923 39383
2953 9438 39383
1046 8388 39151
3630 8388 41322
2793 6640 38479
4043 8127 38957
1785 7727 36020
1785 7727 42270
6 7375 41155
2807 9998 41931
208 7636 41552
208 9391 46063
0 7620 45404
3455 8690 45404
1934 7334 43996
6092 7334 46462
5522 6184 45230
6369 8784 46676
3759 7524 46573
3870 9405 48292
2009 6785 46606
4511 6785 47109
1590 5804 46932
2795 5976 46932
899 3037 46249
899 6078 46249
0 4754 44497
0 8824 46672
0 8042 46326
0 9336 51157
0 6603 49703
2043 8180 50533
497 6852 48252
4189 6852 48252
3865 6518 45369
3865 9719 47675
3247 9149 46971
5239 9149 50551
3968 6299 49051
3968 9654 51823
2523 7111 49631
2523 10304 51990
1542 7828 51259
2922 10380 52934
1204 8944 51099
3642 11324 51099
2785 8949 49773
5003 8949 50519
2128 7602 49829
6409 7602 49829
4550 6071 48060
5356 6071 50948
3136 3445 48131
3136 5639 50192
681 2818 50149
1034 5968 50149
0 5344 49269
0 7655 52235
0 6024 49345
0 6024 52052
0 5912 50920
0 8369 55732
0 6719 54290
170 9145 54940
0 8693 54194
0 10647 56160
0 9836 54647
113 10227 56200
0 8299 55515
2187 8299 56878
1676 8166 55683
4218 9779 57535
1225 7959 57071
2866 12368 57071
1362 12152 54801
5684 12152 57234
3457 11881 54694
3457 14428 56280
1643 14311 53307
4500 16189 55414
1923 15665 53609
4196 15794 53609
3992 15015 50769
5999 15342 53637
4516 13082 52238
5118 13082 54473
2372 11107 51551
3262 12964 52974
1670 12491 51751
1670 17273 51833
735 16402 51652
1376 17891 51652
0 15783 49112
0 17951 49481
0 15609 48275
4649 15609 48395
2182 15162 46506
5609 17015 46506
5206 15177 44020
5206 19292 46457
4086 16917 46285
4086 19373 51246
2369 18589 48787
2995 18663 50032
1821 17215 48181
4196 17310 48838
1414 15099 46232
2067 17984 47903
891 17072 46871
5459 18096 46871
4328 17320 45963
4328 20966 46222
1330 19811 45073
3078 19811 48129
839 19794 45347
3790 19794 45533
962 17729 42731
4863 18308 42731
3084 16902 41298
3084 20536 43919
712 19623 42493
2200 19623 45455
1084 18588 42782
3738 18588 46079
2580 15817 43815
2580 16179 47184
1188 15740 45266
1574 15764 45455
0 13761 44479
0 14500 48016
0 11748 46624
1867 11748 51500
1130 11380 50640
3665 13987 50640
2264 12220 48824
5609 12220 49586
4682 10496 47135
5707 11754 49942
5332 9388 49305
5332 10883 50237
3864 10140 47300
3864 12418 48029
1094 11166 47774
4343 11166 49922
4178 9084 48824
8626 9084 48824
7803 6704 46126
7803 8862 48926
5076 6785 47759
9248 6785 47759
6376 4002 45166
6376 4241 46870
5391 1965 46553
7214 4867 47847
5597 2347 45008
6650 4393 45663
5951 2284 43020
5951 6208 44358
3656 5739 41633
3656 5739 47343
1486 4181 46473
1486 4685 50390
1272 4610 48503
4186 4610 51771
1871 1641 49453
1871 1737 51238
391 118 48717
2989 1187 48717
1972 410 47162
4680 707 49119
2925 442 46208
6629 3177 46208
5972 2733 43637
5972 4989 45598
4158 3085 45282
7385 5182 45282
7257 3546 42803
9684 6679 42803
9076 3888 40354
9076 6015 44695
7519 3777 44502
7519 4773 45863
7205 1794 43060
9160 1794 44964
8196 218 43032
8196 1490 47806
5936 1086 45474
9205 1086 47826
6719 0 46269
6719 2255 46463
5263 616 44564
6128 3708 44564
4285 2744 43905
5494 3322 43905
4286 2376 41195
7222 5326 42603
5206 4211 42246
7400 9663 42246
5184 7378 41591
7801 9138 41591
5206 7800 41388
5728 9771 42797
4778 9399 40885
4778 14956 42421
2766 12535 39525
7035 12535 39884
5777 11129 37708
8279 13641 40032
6053 10676 39114
6685 13230 41040
5675 12745 39171
7084 14064 39171
5959 12176 37599
5959 12661 39010
3735 10810 37346
3735 16313 37346
1414 13487 36808
2986 13487 39330
209 12187 37844
2352 12187 39420
255 11028 37535
2314 11961 39767
1565 11085 38688
1565 15233 38688
0 12528 36083
0 12975 40185
0 10844 38941
2446 10844 40868
2338 8519 39617
5281 8921 39617
4211 7594 37213
7093 12157 37213
5311 11424 36566
5414 14580 36566
3483 12613 33953
5355 15590 34517
2940 13817 32890
3045 15984 32890
212 14980 30142
212 21607 30142
0 20223 27183
5038 22867 27183
4393 21383 24820
6018 23790 27306
3064 20911 27054
5856 21268 28937
5413 19164 27708
8249 19426 27708
7075 16771 25782
7075 18816 27497
6576 16461 26580
6576 17470 28221
3911 15293 25948
5202 17603 25948
4870 17359 23758
5640 17359 24140
4643 15170 23051
4643 21172 23051
3792 18875 21396
4547 21216 21396
1994 21083 18653
3866 21083 20388
1536 20261 18585
4274 22727 19338
3257 21920 16840
5916 24886 16840
4810 22771 16302
7234 24473 19254
4382 22108 19027
7018 24226 19027
6118 21990 16780
6118 25425 16780
4618 24190 15996
8370 26044 15996
5739 24094 13845
7611 24094 13845
6473 22041 11966
8084 26585 11966
6111 24107 10944
11289 24107 10944
8986 21417 8997
8986 23441 12584
8471 20806 10986
10475 20806 13474
8371 20630 11168
10839 22126 12435
9597 20098 10915
12898 20098 10915
11139 18378 10002
13410 19861 10250
12094 19181 9234
13976 19181 10745
12860 17545 9296
15193 17545 9362
13748 16487 8944
13748 18683 13063
13517 16083 12135
13677 16083 15032
10819 15860 13451
10819 18931 15057
7905 16651 13687
9377 17157 13687
8843 14301 12579
10959 14301 15395
10039 13661 15013
13357 13661 17598
12385 13350 14622
12385 13350 19671
11321 12069 19353
12091 14643 19353
12086 14354 19054
12798 14557 20594
10620 12094 19746
10659 13176 20514
8099 11917 18572
8099 14023 21380
7890 13502 21221
9250 14758 23817
8787 12070 23195
9373 13831 23195
8495 12389 20776
10941 13525 20776
10929 13304 20701
10929 16036 23394
9927 14028 20671
9927 17004 20826
9370 14227 20077
10358 16220 20077
8367 15077 18504
8367 16384 21044
7951 16022 21016
12061 18173 21016
11355 15607 18802
14144 15607 22453
11387 13540 22237
11387 16238 23990
9919 14052 23949
9986 15130 25434
8618 13695 23076
10219 13695 25518
8061 10866 25385
8061 11596 28166
5143 10712 27199
7537 11373 30014
5593 10336 27591
5593 12655 29629
3567 12282 28630
6499 13685 29183
4688 12646 28216
9008 12659 28216
6887 11986 26999
10621 11986 27612
9394 10120 25275
9816 10684 25663
9738 9605 24865
9738 11073 28337
6923 8786 26857
10475 9742 26857
9129 9451 25422
10845 11559 27935
10649 10662 25644
11778 11681 25644
11125 8893 23384
11125 13250 24321
9515 10772 24279
9515 16037 24279
7388 13345 23740
7388 15164 28376
6083 14424 25575
6762 17234 26467
6066 16910 26225
7424 16910 28797
5585 16179 28181
7077 17834 28181
6935 15791 25697
6935 21704 25697
4785 19424 23564
4785 22018 25145
3793 20874 24475
4845 22835 27335
4353 22036 25688
7199 22562 26477
6514 22433 23649
8681 23502 26573
8014 21690 26394
8014 21855 31890
7395 19806 30290
7395 22281 32534
5872 20775 31571
8382 24447 31571
6891 22486 29743
8846 23641 30087
6760 20937 29070
8595 21219 29070
7703 20635 26417
7703 23446 30055
7369 23098 29517
8025 24283 30610
5140 24171 28277
5140 24171 35219
4929 21560 34855
7981 21560 34855
5079 18824 34248
8386 20098 34248
8304 19528 32765
8304 21652 36127
7108 20024 34151
7206 20974 34510
7092 20578 32206
7370 20941 33728
6175 20388 32115
8835 20388 34052
7034 20299 32745
8707 21313 33204
8503 19819 31262
10577 21739 32854
10376 20553 31923
13733 20553 33287
12452 17839 30478
13117 20581 30478
12644 18780 29405
16198 21239 29405
13740 20717 27787
13740 20849 31033
13160 18200 30806
14500 20974 31281
13960 20043 29735
13960 20043 36421
12470 18612 35256
12470 21336 35271
9853 20960 34664
12746 20960 37303
9759 18185 35721
11612 18185 40134
8682 16222 38864
10084 16222 44048
7327 14297 42747
7327 17605 42747
5504 17320 40976
11196 17320 40976
10286 16551 39354
13036 19189 41876
10661 17736 41211
11270 22315 41211
9699 19801 38528
9699 21254 39878
8377 18834 38792
9916 20933 38792
8803 19482 37981
9692 19482 39434
7288 19058 37298
10403 20943 37298
8822 18891 34813
11139 18891 37909
8269 17077 37297
10984 21339 37297
8991 20854 35635
8991 24754 35635
8533 22412 34507
8642 23823 35672
6578 22024 33639
9460 22024 36507
7178 20058 35470
7776 23567 35470
6465 22967 34514
6809 22967 36390
5115 21594 33602
5115 21594 39980
4231 20976 39202
4231 20976 41862
4163 20892 39448
4163 23473 40842
3865 21513 39082
4434 24241 39082
1604 21332 38697
1604 25024 40080
0 23258 38930
0 27035 38930
0 26046 38636
389 26046 42169
0 24715 41132
1799 24715 42006
0 22448 40196
3823 22448 41226
2959 20423 40040
6323 21452 40040
4997 21229 38568
7799 23676 38568
5168 22410 36152
5386 23760 38403
5250 22078 37339
5250 23898 39686
3932 21690 36839
4593 21759 38413
1871 21645 36883
1871 22934 37001
0 22298 34627
0 25959 34627
0 23673 32629
4236 23673 32629
3729 22713 32532
4917 25834 32532
4268 23128 30132
4268 25040 32758
4059 22723 31391
4059 22723 36422
2203 20275 35782
2203 23983 38419
0 21938 38212
2059 26382 38212
0 23755 36972
1155 23755 40400
0 22804 38223
1789 24439 38906
366 23899 36922
366 23993 39288
0 22011 38528
2382 22011 41403
1967 22008 39088
3146 23394 39200
3016 21105 36837
5964 23520 39759
5485 21568 39035
7778 21864 41291
5655 19913 41022
8040 19913 41314
6472 19894 38395
6472 23345 40715
4663 21914 39197
4663 22027 41638
3903 20122 41144
3903 21567 43390
3201 20305 40408
5873 22245 40408
5390 20118 37538
5424 21118 38076
4763 19544 36674
6842 19544 41221
5122 18981 40524
10132 18981 42885
9288 18604 41462
12243 19631 42749
10562 18438 42328
10562 21657 42858
8650 19575 41999
9683 19575 42954
8122 17504 42222
10734 17985 42222
9307 16502 39966
9307 20749 41500
7802 20202 40462
8152 23196 40462
5443 21288 39465
6031 22637 41668
3103 21747 39176
4901 22260 41584
3963 20676 38644
6688 25068 38644
5539 23357 35651
5539 30126 35651
3723 27577 35157
5450 32644 35157
4878 30916 34955
5308 31460 35093
4916 29500 32509
4932 31447 32509
4828 31343 32486
7149 34336 32486
7082 34014 32424
7474 34014 37740
5966 33568 36637
5966 34062 39170
3850 31920 37351
3850 34845 40222
3399 32602 38134
5189 35113 40106
3426 34211 39777
4299 35902 39777
2262 34044 37570
6405 34044 37570
5690 31480 37333
9414 33523 37333
7907 33152 36191
7907 34621 38464
5715 34026 37979
8061 35948 38299
5277 35319 35439
9277 37647 35439
6840 36108 32766
6840 38692 35115
6216 37465 33868
7654 38440 33988
7565 36700 33920
10661 38755 33920
8880 37642 31386
8991 38556 33455
6429 37209 33099
8419 39333 33099
7453 38930 31970
9914 40908 31970
7681 39497 31652
7681 42176 33683
5917 41830 31427
8916 41830 31427
7125 40898 30631
7125 43642 33326
6623 41506 31721
6623 43243 35310
4283 41383 33060
6623 42304 35490
5961 42143 33967
5961 42733 35305
5336 42440 33856
5336 43356 36573
4520 41055 35843
4520 41055 40798
3747 38877 38765
8024 38877 38765
6533 36404 37722
6920 36404 41632
5171 33610 41056
6179 33610 42627
5450 31813 42469
5450 31813 49670
3445 31269 48641
6095 32265 49413
4548 29570 47300
5534 29570 49576
4772 27631 48554
5907 28505 50083
3358 28405 48732
4702 30597 48818
1787 28375 48388
4634 30799 50172
1988 29158 47846
2532 31341 47846
2319 31049 45436
2319 37686 45436
1768 35017 42873
1768 35701 43272
0 33367 42843
4431 33367 45756
1783 30750 44985
2607 33429 44985
1103 32562 42049
1103 34407 45820
159 32287 45018
1322 36329 45018
0 33741 43723
132 39270 43723
0 37191 41893
1257 39285 43451
343 37117 40647
343 38821 41411
0 36064 40962
5827 36064 41310
3293 34256 38963
3293 36974 42192
2080 36438 40178
2322 36438 43996
516 34670 41923
3451 34853 44193
1732 33539 42130
1732 37098 42130
0 35209 40831
5137 37102 40831
2428 35785 39069
4654 35785 40553
4643 33769 38935
9741 33769 39073
6946 33050 38898
6946 34830 40172
6092 34165 37869
6092 37318 38280
5587 35643 36132
7690 36950 38596
6488 36332 35752
9334 37939 35752
6354 35668 34841
8320 35775 35744
6827 33999 35696
8078 33999 37063
5535 33607 34788
10256 36521 34788
7774 34169 32291
7774 36934 36643
6230 36360 36118
6230 38570 39143
4665 35610 37249
6068 36298 39495
4007 34672 37727
6701 36385 40553
5372 36123 39224
8247 37027 42065
8141 35864 39437
8141 37204 41460
6336 34732 40286
6336 39025 41674
5771 36999 41247
7442 36999 43327
5649 35173 40620
5649 40020 41677
4549 38164 39711
8383 38164 40683
5484 37806 40342
5984 39584 42962
4746 39130 42634
7821 39130 42838
5099 37711 40705
6877 37711 44637
4687 35822 43381
6524 38440 43381
3626 36199 42249
7412 37637 42249
5160 35213 41407
8117 35213 42755
8010 32363 40160
10938 34855 42167
10792 33855 41720
10792 36840 42089
10050 35546 39224
10360 35546 43987
7610 33454 43599
7610 37583 46406
7305 36122 45834
8775 37713 48389
6102 35283 48103
8253 35369 48103
5293 35168 47165
5293 36572 50030
2555 34835 49910
4661 36381 49910
4129 34651 49807
4853 37585 51774
3201 36835 49473
8177 36835 50152
7529 34304 48901
8380 34304 52450
8207 31984 50993
9629 33578 50993
7221 31138 50565
9429 33277 50565
7837 31652 49952
12933 31652 51986
12087 30146 50350
15518 30761 50350
13218 30601 49925
13218 31507 52108
13126 31155 51399
13126 35694 51399
12596 34910 49485
15092 35698 51605
13422 33218 50781
14958 33218 55451
13897 33055 54770
13897 33055 59503
12509 30811 57194
12509 33613 59909
11975 32296 58696
11975 32296 61967
11402 29659 60327
12142 30364 61783
9922 29395 60373
10927 32145 63224
10827 31063 60936
10827 32747 63369
10184 32211 62866
12713 33096 63330
11184 31961 60390
14126 32338 61094
13721 31629 58183
15276 31629 60260
12751 31629 58619
15119 31629 60604
13427 30195 58148
14810 30220 60837
12982 28245 59760
17647 30532 59760
15371 29615 59581
16251 31335 60056
14341 28570 57559
14341 28570 61446
12990 26697 59277
14476 28215 59277
12892 26466 57390
14899 26466 60852
12093 23957 60640
12093 25228 63611
9136 22412 61703
13557 22412 63363
10747 20094 62618
11366 23793 62618
11255 22066 60729
11255 26593 60729
10547 24744 60205
12494 24744 64748
9814 23951 62218
12371 23951 64497
9859 21445 64475
9859 25879 64475
7258 24902 64084
9620 27921 64084
9252 25939 63541
9252 28629 67619
6889 26439 65921
9698 27380 66502
9005 25766 66106
12241 25766 67564
10992 24217 66013
10992 25513 68944
9418 24312 67688
10035 27254 68160
9287 26897 65381
9287 27120 66365
7943 26861 66161
7943 28637 70099
5697 28396 70059
8963 28396 70624
8197 27498 68373
9443 27498 70299
9372 25297 69266
9372 26332 71492
8058 25578 71083
9206 27286 71083
6877 24866 69764
10915 24866 72141
8641 21911 69440
11749 21911 69465
9066 20273 67189
9365 20273 68653
7014 20106 66815
10248 21034 66815
