100 199 1
1 65 21803 51463
1 65 18362 2067
65 98 16093 79457
98 80 24376 28648
98 80 82266 53803
80 45 55320 86518
45 60 19960 31270
45 60 14377 3356
45 60 35347 50669
60 44 82585 17859
44 37 44438 1739
44 37 81663 27182
37 94 4597 18585
37 94 62530 63822
37 94 35545 52940
94 68 44823 61751
94 68 30728 51998
68 59 80219 94198
68 59 38647 36175
59 3 5320 46929
59 3 32318 82168
59 3 37682 89252
59 3 22243 50765
59 3 24483 75642
3 36 50859 11947
3 36 66246 83303
36 56 26966 893
36 56 51995 15661
36 56 68347 57456
56 40 23339 28319
56 40 54352 73182
56 40 24244 41594
40 74 40596 60234
40 74 39606 47479
74 19 26209 15322
74 19 30766 59335
74 19 49785 97462
19 87 68979 49519
19 87 65446 49267
19 87 60441 18103
87 22 22097 85478
87 22 3189 77506
22 13 5426 10103
13 85 96280 91740
13 85 78798 7172
85 50 51998 22957
85 50 47484 22231
85 50 92138 87461
50 77 20002 45280
77 20 83903 50256
77 20 57906 3192
20 67 99072 47047
67 66 64065 55386
66 73 572 40218
66 73 65602 92511
66 73 7643 51884
73 84 71728 2905
84 83 13801 28782
84 83 980 11221
83 86 43943 36678
83 86 67740 45690
86 96 18184 44658
86 96 19028 50464
96 63 62845 45599
96 63 55591 19405
63 92 79847 66000
92 62 94759 39135
62 14 80006 61781
62 14 6730 47687
14 99 7369 49611
14 99 59363 60997
14 99 61226 75206
99 42 51275 35007
42 54 4825 30297
42 54 53269 80907
54 28 99049 91349
54 28 78661 70755
54 28 55580 42817
54 28 4943 42451
28 88 80970 50890
28 88 88481 91850
88 70 3630 28396
88 70 31677 52172
88 70 20806 48539
88 70 37543 66944
70 2 18655 1569
70 2 36832 57803
70 2 30583 6721
70 2 77170 94070
2 52 7083 86885
2 52 92756 95696
52 27 88808 22130
27 93 88352 29899
27 93 65989 23121
93 90 81650 52531
90 11 63453 96794
11 49 77379 98884
11 49 37291 5986
49 43 91212 65860
49 43 2883 19040
43 25 99518 8833
25 31 28834 9128
25 31 64527 18920
31 32 65270 13655
32 53 9017 48014
32 53 40082 57337
32 53 86868 94495
53 41 55594 71723
53 41 17791 60956
53 41 73787 77301
41 51 851 76916
51 81 15036 15571
51 81 58911 89730
81 21 94237 85426
81 21 36351 59326
21 15 12743 76002
21 15 90534 85261
21 15 6082 66777
15 8 62371 32073
8 69 80857 97756
8 69 37205 35798
69 61 51172 54221
69 61 14853 2513
69 61 17791 48970
61 78 3816 13436
78 9 806 40320
78 9 71600 41267
9 46 47094 95485
46 64 65524 94652
46 64 29621 85687
64 5 38008 43439
5 16 8880 26613
5 16 94708 29298
16 17 80552 13297
17 30 79314 26130
30 75 63563 34396
30 75 98094 34878
75 26 5734 15497
26 35 84592 54757
26 35 99790 99028
35 95 76510 93828
35 95 65433 76144
95 6 27657 34624
95 6 95797 64945
6 79 70061 90520
6 79 4241 76083
79 33 85050 77130
33 47 3011 5874
33 47 3245 17339
33 47 98184 23592
47 18 96625 71055
47 18 85805 22584
18 7 29925 10360
18 7 38686 38747
18 7 52146 57219
7 57 19170 6749
7 57 64346 44852
57 89 15912 73332
89 48 91101 96985
89 48 31463 40541
48 4 61548 70649
4 29 76967 99692
4 29 66087 92602
29 55 98979 83123
29 55 68074 64346
55 10 11570 3509
55 10 72168 5986
10 82 80777 19819
82 34 23567 11943
82 34 77534 35356
82 34 54385 25148
82 34 59348 29187
82 34 78879 59911
82 34 84640 82959
82 34 13762 3337
34 76 6614 38306
34 76 51824 90387
76 58 29520 59926
76 58 7164 44489
76 58 55494 62589
58 23 33949 78954
58 23 75060 96610
23 24 78220 70228
23 24 2852 27214
24 39 4762 67407
24 39 43678 82282
39 71 15627 98210
71 97 20170 81751
97 91 15367 85337
97 91 72706 88807
91 38 28529 78543
91 38 81687 84732
91 38 63443 79237
91 38 83582 97711
38 12 60406 32808
38 12 46495 1679
12 72 21295 71290
72 100 44702 98341
72 100 88142 98443
