101 100 100
1 63 100000 99999
63 72 100000 100000
72 46 100000 100000
46 19 100000 100000
19 66 100000 100000
66 43 100000 100000
43 53 100000 100000
53 27 100000 100000
27 87 100000 100000
87 17 100000 100000
17 4 100000 100000
4 99 100000 100000
99 16 100000 100000
16 67 100000 100000
67 21 100000 100000
21 95 100000 100000
95 37 100000 100000
37 31 100000 100000
31 59 100000 100000
59 23 100000 100000
23 14 100000 100000
14 68 100000 100000
68 81 100000 100000
81 9 100000 100000
9 7 100000 100000
7 91 100000 100000
91 58 100000 100000
58 25 100000 100000
25 89 100000 100000
89 98 100000 100000
98 78 100000 100000
78 24 100000 100000
24 77 100000 100000
77 2 100000 100000
2 5 100000 100000
5 20 100000 100000
20 52 100000 100000
52 12 100000 100000
12 11 100000 100000
11 94 100000 100000
94 28 100000 100000
28 54 100000 100000
54 85 100000 100000
85 22 100000 100000
22 74 100000 100000
74 92 100000 100000
92 44 100000 100000
44 97 100000 100000
97 50 100000 100000
50 88 100000 100000
88 100 100000 100000
100 86 100000 100000
86 33 100000 100000
33 83 100000 100000
83 80 100000 100000
80 60 100000 100000
60 10 100000 100000
10 90 100000 100000
90 73 100000 100000
73 55 100000 100000
55 61 100000 100000
61 38 100000 100000
38 51 100000 100000
51 41 100000 100000
41 26 100000 100000
26 15 100000 100000
15 8 100000 100000
8 64 100000 100000
64 57 100000 100000
57 62 100000 100000
62 76 100000 100000
76 82 100000 100000
82 75 100000 100000
75 30 100000 100000
30 70 100000 100000
70 39 100000 100000
39 42 100000 100000
42 40 100000 100000
40 3 100000 100000
3 48 100000 100000
48 34 100000 100000
34 93 100000 100000
93 18 100000 100000
18 49 100000 100000
49 71 100000 100000
71 35 100000 100000
35 29 100000 100000
29 56 100000 100000
56 96 100000 100000
96 79 100000 100000
79 47 100000 100000
47 69 100000 100000
69 45 100000 100000
45 65 100000 100000
65 32 100000 100000
32 84 100000 100000
84 36 100000 100000
36 13 100000 100000
13 6 100000 100000
6 101 100000 100000
