1001 1000 1000
1 259 100000 99999
259 411 100000 100000
411 881 100000 100000
881 81 100000 100000
81 992 100000 100000
992 759 100000 100000
759 96 100000 100000
96 369 100000 100000
369 379 100000 100000
379 697 100000 100000
697 111 100000 100000
111 617 100000 100000
617 184 100000 100000
184 791 100000 100000
791 549 100000 100000
549 182 100000 100000
182 716 100000 100000
716 785 100000 100000
785 431 100000 100000
431 113 100000 100000
113 648 100000 100000
648 316 100000 100000
316 185 100000 100000
185 855 100000 100000
855 351 100000 100000
351 544 100000 100000
544 725 100000 100000
725 486 100000 100000
486 995 100000 100000
995 104 100000 100000
104 739 100000 100000
739 981 100000 100000
981 975 100000 100000
975 230 100000 100000
230 164 100000 100000
164 45 100000 100000
45 871 100000 100000
871 916 100000 100000
916 920 100000 100000
920 589 100000 100000
589 454 100000 100000
454 54 100000 100000
54 272 100000 100000
272 442 100000 100000
442 420 100000 100000
420 612 100000 100000
612 294 100000 100000
294 802 100000 100000
802 446 100000 100000
446 458 100000 100000
458 20 100000 100000
20 123 100000 100000
123 30 100000 100000
30 908 100000 100000
908 515 100000 100000
515 404 100000 100000
404 323 100000 100000
323 917 100000 100000
917 833 100000 100000
833 53 100000 100000
53 584 100000 100000
584 784 100000 100000
784 314 100000 100000
314 939 100000 100000
939 173 100000 100000
173 180 100000 100000
180 775 100000 100000
775 744 100000 100000
744 82 100000 100000
82 733 100000 100000
733 539 100000 100000
539 117 100000 100000
117 943 100000 100000
943 518 100000 100000
518 483 100000 100000
483 118 100000 100000
118 895 100000 100000
895 278 100000 100000
278 513 100000 100000
513 250 100000 100000
250 792 100000 100000
792 834 100000 100000
834 653 100000 100000
653 854 100000 100000
854 488 100000 100000
488 680 100000 100000
680 947 100000 100000
947 150 100000 100000
150 541 100000 100000
541 134 100000 100000
134 417 100000 100000
417 138 100000 100000
138 159 100000 100000
159 279 100000 100000
279 160 100000 100000
160 980 100000 100000
980 522 100000 100000
522 741 100000 100000
741 836 100000 100000
836 280 100000 100000
280 78 100000 100000
78 459 100000 100000
459 208 100000 100000
208 478 100000 100000
478 61 100000 100000
61 188 100000 100000
188 572 100000 100000
572 325 100000 100000
325 64 100000 100000
64 783 100000 100000
783 12 100000 100000
12 643 100000 100000
643 794 100000 100000
794 181 100000 100000
181 804 100000 100000
804 23 100000 100000
23 753 100000 100000
753 50 100000 100000
50 489 100000 100000
489 891 100000 100000
891 121 100000 100000
121 3 100000 100000
3 24 100000 100000
24 911 100000 100000
911 397 100000 100000
397 897 100000 100000
897 35 100000 100000
35 58 100000 100000
58 152 100000 100000
152 700 100000 100000
700 508 100000 100000
508 840 100000 100000
840 387 100000 100000
387 575 100000 100000
575 363 100000 100000
363 926 100000 100000
926 717 100000 100000
717 567 100000 100000
567 51 100000 100000
51 803 100000 100000
803 100 100000 100000
100 793 100000 100000
793 757 100000 100000
757 905 100000 100000
905 531 100000 100000
531 360 100000 100000
360 10 100000 100000
10 31 100000 100000
31 509 100000 100000
509 627 100000 100000
627 26 100000 100000
26 712 100000 100000
712 879 100000 100000
879 69 100000 100000
69 148 100000 100000
148 358 100000 100000
358 450 100000 100000
450 786 100000 100000
786 835 100000 100000
835 80 100000 100000
80 448 100000 100000
448 224 100000 100000
224 416 100000 100000
416 809 100000 100000
809 763 100000 100000
763 626 100000 100000
626 485 100000 100000
485 236 100000 100000
236 965 100000 100000
965 15 100000 100000
15 771 100000 100000
771 197 100000 100000
197 780 100000 100000
780 625 100000 100000
625 276 100000 100000
276 205 100000 100000
205 68 100000 100000
68 740 100000 100000
740 686 100000 100000
686 356 100000 100000
356 437 100000 100000
437 49 100000 100000
49 885 100000 100000
885 211 100000 100000
211 261 100000 100000
261 365 100000 100000
365 7 100000 100000
7 827 100000 100000
827 227 100000 100000
227 696 100000 100000
696 529 100000 100000
529 415 100000 100000
415 247 100000 100000
247 267 100000 100000
267 126 100000 100000
126 664 100000 100000
664 735 100000 100000
735 456 100000 100000
456 311 100000 100000
311 633 100000 100000
633 413 100000 100000
413 726 100000 100000
726 768 100000 100000
768 715 100000 100000
715 887 100000 100000
887 391 100000 100000
391 538 100000 100000
538 956 100000 100000
956 204 100000 100000
204 997 100000 100000
997 196 100000 100000
196 708 100000 100000
708 500 100000 100000
500 989 100000 100000
989 760 100000 100000
760 422 100000 100000
422 944 100000 100000
944 201 100000 100000
201 374 100000 100000
374 901 100000 100000
901 796 100000 100000
796 319 100000 100000
319 675 100000 100000
675 219 100000 100000
219 220 100000 100000
220 505 100000 100000
505 90 100000 100000
90 498 100000 100000
498 107 100000 100000
107 435 100000 100000
435 37 100000 100000
37 471 100000 100000
471 433 100000 100000
433 899 100000 100000
899 271 100000 100000
271 614 100000 100000
614 824 100000 100000
824 293 100000 100000
293 547 100000 100000
547 42 100000 100000
42 327 100000 100000
327 262 100000 100000
262 139 100000 100000
139 647 100000 100000
647 55 100000 100000
55 788 100000 100000
788 202 100000 100000
202 75 100000 100000
75 748 100000 100000
748 910 100000 100000
910 591 100000 100000
591 176 100000 100000
176 816 100000 100000
816 639 100000 100000
639 912 100000 100000
912 248 100000 100000
248 354 100000 100000
354 558 100000 100000
558 102 100000 100000
102 94 100000 100000
94 782 100000 100000
782 396 100000 100000
396 990 100000 100000
990 9 100000 100000
9 392 100000 100000
392 729 100000 100000
729 429 100000 100000
429 966 100000 100000
966 745 100000 100000
745 597 100000 100000
597 48 100000 100000
48 218 100000 100000
218 384 100000 100000
384 89 100000 100000
89 469 100000 100000
469 800 100000 100000
800 542 100000 100000
542 650 100000 100000
650 832 100000 100000
832 186 100000 100000
186 136 100000 100000
136 566 100000 100000
566 77 100000 100000
77 264 100000 100000
264 329 100000 100000
329 472 100000 100000
472 853 100000 100000
853 634 100000 100000
634 773 100000 100000
773 131 100000 100000
131 749 100000 100000
749 39 100000 100000
39 860 100000 100000
860 331 100000 100000
331 868 100000 100000
868 880 100000 100000
880 900 100000 100000
900 950 100000 100000
950 770 100000 100000
770 445 100000 100000
445 637 100000 100000
637 398 100000 100000
398 490 100000 100000
490 190 100000 100000
190 731 100000 100000
731 277 100000 100000
277 168 100000 100000
168 5 100000 100000
5 507 100000 100000
507 673 100000 100000
673 658 100000 100000
658 506 100000 100000
506 704 100000 100000
704 609 100000 100000
609 530 100000 100000
530 187 100000 100000
187 949 100000 100000
949 263 100000 100000
263 732 100000 100000
732 95 100000 100000
95 889 100000 100000
889 691 100000 100000
691 93 100000 100000
93 940 100000 100000
940 707 100000 100000
707 789 100000 100000
789 161 100000 100000
161 797 100000 100000
797 843 100000 100000
843 838 100000 100000
838 217 100000 100000
217 487 100000 100000
487 619 100000 100000
619 88 100000 100000
88 385 100000 100000
385 419 100000 100000
419 112 100000 100000
112 71 100000 100000
71 985 100000 100000
985 52 100000 100000
52 84 100000 100000
84 493 100000 100000
493 720 100000 100000
720 628 100000 100000
628 605 100000 100000
605 623 100000 100000
623 523 100000 100000
523 669 100000 100000
669 629 100000 100000
629 367 100000 100000
367 806 100000 100000
806 430 100000 100000
430 216 100000 100000
216 646 100000 100000
646 946 100000 100000
946 922 100000 100000
922 721 100000 100000
721 335 100000 100000
335 243 100000 100000
243 858 100000 100000
858 275 100000 100000
275 994 100000 100000
994 300 100000 100000
300 103 100000 100000
103 755 100000 100000
755 915 100000 100000
915 569 100000 100000
569 86 100000 100000
86 465 100000 100000
465 552 100000 100000
552 702 100000 100000
702 727 100000 100000
727 671 100000 100000
671 452 100000 100000
452 484 100000 100000
484 688 100000 100000
688 769 100000 100000
769 463 100000 100000
463 214 100000 100000
214 235 100000 100000
235 315 100000 100000
315 776 100000 100000
776 491 100000 100000
491 62 100000 100000
62 85 100000 100000
85 618 100000 100000
618 239 100000 100000
239 479 100000 100000
479 133 100000 100000
133 395 100000 100000
395 928 100000 100000
928 130 100000 100000
130 978 100000 100000
978 955 100000 100000
955 2 100000 100000
2 847 100000 100000
847 269 100000 100000
269 737 100000 100000
737 67 100000 100000
67 536 100000 100000
536 586 100000 100000
586 877 100000 100000
877 353 100000 100000
353 444 100000 100000
444 594 100000 100000
594 110 100000 100000
110 426 100000 100000
426 320 100000 100000
320 728 100000 100000
728 221 100000 100000
221 451 100000 100000
451 752 100000 100000
752 370 100000 100000
370 774 100000 100000
774 125 100000 100000
125 907 100000 100000
907 516 100000 100000
516 76 100000 100000
76 764 100000 100000
764 251 100000 100000
251 350 100000 100000
350 63 100000 100000
63 127 100000 100000
127 756 100000 100000
756 616 100000 100000
616 918 100000 100000
918 828 100000 100000
828 203 100000 100000
203 346 100000 100000
346 525 100000 100000
525 841 100000 100000
841 668 100000 100000
668 641 100000 100000
641 270 100000 100000
270 339 100000 100000
339 580 100000 100000
580 913 100000 100000
913 87 100000 100000
87 441 100000 100000
441 842 100000 100000
842 101 100000 100000
101 526 100000 100000
526 689 100000 100000
689 313 100000 100000
313 371 100000 100000
371 189 100000 100000
189 545 100000 100000
545 286 100000 100000
286 596 100000 100000
596 873 100000 100000
873 590 100000 100000
590 754 100000 100000
754 381 100000 100000
381 852 100000 100000
852 389 100000 100000
389 818 100000 100000
818 559 100000 100000
559 972 100000 100000
972 929 100000 100000
929 561 100000 100000
561 153 100000 100000
153 195 100000 100000
195 249 100000 100000
249 681 100000 100000
681 724 100000 100000
724 461 100000 100000
461 11 100000 100000
11 143 100000 100000
143 163 100000 100000
163 74 100000 100000
74 344 100000 100000
344 766 100000 100000
766 823 100000 100000
823 878 100000 100000
878 38 100000 100000
38 504 100000 100000
504 22 100000 100000
22 767 100000 100000
767 927 100000 100000
927 856 100000 100000
856 254 100000 100000
254 813 100000 100000
813 213 100000 100000
213 968 100000 100000
968 309 100000 100000
309 256 100000 100000
256 418 100000 100000
418 798 100000 100000
798 601 100000 100000
601 931 100000 100000
931 170 100000 100000
170 129 100000 100000
129 867 100000 100000
867 135 100000 100000
135 273 100000 100000
273 322 100000 100000
322 4 100000 100000
4 810 100000 100000
810 568 100000 100000
568 407 100000 100000
407 869 100000 100000
869 862 100000 100000
862 963 100000 100000
963 457 100000 100000
457 861 100000 100000
861 642 100000 100000
642 73 100000 100000
73 336 100000 100000
336 825 100000 100000
825 942 100000 100000
942 599 100000 100000
599 865 100000 100000
865 936 100000 100000
936 21 100000 100000
21 408 100000 100000
408 372 100000 100000
372 562 100000 100000
562 266 100000 100000
266 984 100000 100000
984 27 100000 100000
27 826 100000 100000
826 402 100000 100000
402 953 100000 100000
953 41 100000 100000
41 326 100000 100000
326 33 100000 100000
33 210 100000 100000
210 157 100000 100000
157 166 100000 100000
166 373 100000 100000
373 40 100000 100000
40 557 100000 100000
557 710 100000 100000
710 746 100000 100000
746 699 100000 100000
699 171 100000 100000
171 144 100000 100000
144 709 100000 100000
709 382 100000 100000
382 122 100000 100000
122 831 100000 100000
831 132 100000 100000
132 656 100000 100000
656 954 100000 100000
954 301 100000 100000
301 46 100000 100000
46 866 100000 100000
866 383 100000 100000
383 734 100000 100000
734 449 100000 100000
449 667 100000 100000
667 252 100000 100000
252 585 100000 100000
585 337 100000 100000
337 206 100000 100000
206 814 100000 100000
814 848 100000 100000
848 16 100000 100000
16 364 100000 100000
364 347 100000 100000
347 105 100000 100000
105 898 100000 100000
898 876 100000 100000
876 229 100000 100000
229 476 100000 100000
476 57 100000 100000
57 474 100000 100000
474 925 100000 100000
925 401 100000 100000
401 692 100000 100000
692 192 100000 100000
192 645 100000 100000
645 719 100000 100000
719 349 100000 100000
349 47 100000 100000
47 772 100000 100000
772 368 100000 100000
368 342 100000 100000
342 514 100000 100000
514 563 100000 100000
563 923 100000 100000
923 502 100000 100000
502 595 100000 100000
595 822 100000 100000
822 987 100000 100000
987 611 100000 100000
611 738 100000 100000
738 70 100000 100000
70 581 100000 100000
581 114 100000 100000
114 357 100000 100000
357 864 100000 100000
864 410 100000 100000
410 815 100000 100000
815 532 100000 100000
532 751 100000 100000
751 65 100000 100000
65 765 100000 100000
765 427 100000 100000
427 736 100000 100000
736 577 100000 100000
577 723 100000 100000
723 730 100000 100000
730 684 100000 100000
684 400 100000 100000
400 554 100000 100000
554 377 100000 100000
377 394 100000 100000
394 345 100000 100000
345 466 100000 100000
466 711 100000 100000
711 872 100000 100000
872 306 100000 100000
306 698 100000 100000
698 92 100000 100000
92 403 100000 100000
403 477 100000 100000
477 576 100000 100000
576 801 100000 100000
801 378 100000 100000
378 666 100000 100000
666 517 100000 100000
517 961 100000 100000
961 991 100000 100000
991 551 100000 100000
551 969 100000 100000
969 200 100000 100000
200 98 100000 100000
98 904 100000 100000
904 162 100000 100000
162 283 100000 100000
283 863 100000 100000
863 44 100000 100000
44 624 100000 100000
624 902 100000 100000
902 986 100000 100000
986 948 100000 100000
948 464 100000 100000
464 919 100000 100000
919 455 100000 100000
455 324 100000 100000
324 317 100000 100000
317 982 100000 100000
982 672 100000 100000
672 199 100000 100000
199 146 100000 100000
146 528 100000 100000
528 405 100000 100000
405 462 100000 100000
462 175 100000 100000
175 758 100000 100000
758 687 100000 100000
687 375 100000 100000
375 412 100000 100000
412 952 100000 100000
952 423 100000 100000
423 849 100000 100000
849 820 100000 100000
820 434 100000 100000
434 116 100000 100000
116 386 100000 100000
386 222 100000 100000
222 608 100000 100000
608 906 100000 100000
906 6 100000 100000
6 399 100000 100000
399 682 100000 100000
682 655 100000 100000
655 845 100000 100000
845 83 100000 100000
83 207 100000 100000
207 679 100000 100000
679 604 100000 100000
604 977 100000 100000
977 174 100000 100000
174 587 100000 100000
587 72 100000 100000
72 921 100000 100000
921 340 100000 100000
340 428 100000 100000
428 238 100000 100000
238 631 100000 100000
631 945 100000 100000
945 237 100000 100000
237 857 100000 100000
857 366 100000 100000
366 246 100000 100000
246 234 100000 100000
234 524 100000 100000
524 1000 100000 100000
1000 330 100000 100000
330 593 100000 100000
593 334 100000 100000
334 439 100000 100000
439 501 100000 100000
501 352 100000 100000
352 425 100000 100000
425 951 100000 100000
951 603 100000 100000
603 713 100000 100000
713 893 100000 100000
893 685 100000 100000
685 43 100000 100000
43 289 100000 100000
289 703 100000 100000
703 424 100000 100000
424 482 100000 100000
482 874 100000 100000
874 630 100000 100000
630 592 100000 100000
592 805 100000 100000
805 998 100000 100000
998 979 100000 100000
979 819 100000 100000
819 598 100000 100000
598 933 100000 100000
933 976 100000 100000
976 588 100000 100000
588 158 100000 100000
158 787 100000 100000
787 743 100000 100000
743 177 100000 100000
177 19 100000 100000
19 937 100000 100000
937 231 100000 100000
231 817 100000 100000
817 473 100000 100000
473 355 100000 100000
355 460 100000 100000
460 406 100000 100000
406 258 100000 100000
258 550 100000 100000
550 308 100000 100000
308 640 100000 100000
640 676 100000 100000
676 128 100000 100000
128 298 100000 100000
298 245 100000 100000
245 693 100000 100000
693 959 100000 100000
959 888 100000 100000
888 297 100000 100000
297 988 100000 100000
988 268 100000 100000
268 777 100000 100000
777 232 100000 100000
232 574 100000 100000
574 570 100000 100000
570 34 100000 100000
34 13 100000 100000
13 795 100000 100000
795 546 100000 100000
546 602 100000 100000
602 137 100000 100000
137 223 100000 100000
223 56 100000 100000
56 257 100000 100000
257 124 100000 100000
124 973 100000 100000
973 534 100000 100000
534 970 100000 100000
970 447 100000 100000
447 662 100000 100000
662 761 100000 100000
761 492 100000 100000
492 380 100000 100000
380 750 100000 100000
750 66 100000 100000
66 695 100000 100000
695 924 100000 100000
924 938 100000 100000
938 621 100000 100000
621 941 100000 100000
941 191 100000 100000
191 140 100000 100000
140 436 100000 100000
436 519 100000 100000
519 659 100000 100000
659 555 100000 100000
555 253 100000 100000
253 310 100000 100000
310 613 100000 100000
613 333 100000 100000
333 165 100000 100000
165 60 100000 100000
60 600 100000 100000
600 183 100000 100000
183 25 100000 100000
25 829 100000 100000
829 32 100000 100000
32 632 100000 100000
632 540 100000 100000
540 151 100000 100000
151 606 100000 100000
606 779 100000 100000
779 607 100000 100000
607 678 100000 100000
678 553 100000 100000
553 440 100000 100000
440 179 100000 100000
179 193 100000 100000
193 903 100000 100000
903 971 100000 100000
971 178 100000 100000
178 790 100000 100000
790 520 100000 100000
520 512 100000 100000
512 762 100000 100000
762 348 100000 100000
348 282 100000 100000
282 932 100000 100000
932 799 100000 100000
799 993 100000 100000
993 964 100000 100000
964 521 100000 100000
521 295 100000 100000
295 967 100000 100000
967 209 100000 100000
209 109 100000 100000
109 154 100000 100000
154 156 100000 100000
156 494 100000 100000
494 338 100000 100000
338 884 100000 100000
884 821 100000 100000
821 29 100000 100000
29 844 100000 100000
844 560 100000 100000
560 155 100000 100000
155 260 100000 100000
260 281 100000 100000
281 859 100000 100000
859 571 100000 100000
571 28 100000 100000
28 564 100000 100000
564 960 100000 100000
960 996 100000 100000
996 296 100000 100000
296 242 100000 100000
242 265 100000 100000
265 468 100000 100000
468 91 100000 100000
91 935 100000 100000
935 142 100000 100000
142 636 100000 100000
636 644 100000 100000
644 846 100000 100000
846 909 100000 100000
909 742 100000 100000
742 495 100000 100000
495 225 100000 100000
225 930 100000 100000
930 17 100000 100000
17 543 100000 100000
543 359 100000 100000
359 321 100000 100000
321 999 100000 100000
999 565 100000 100000
565 652 100000 100000
652 535 100000 100000
535 287 100000 100000
287 883 100000 100000
883 215 100000 100000
215 665 100000 100000
665 635 100000 100000
635 683 100000 100000
683 694 100000 100000
694 957 100000 100000
957 99 100000 100000
99 226 100000 100000
226 807 100000 100000
807 706 100000 100000
706 556 100000 100000
556 432 100000 100000
432 438 100000 100000
438 453 100000 100000
453 670 100000 100000
670 299 100000 100000
299 503 100000 100000
503 850 100000 100000
850 362 100000 100000
362 811 100000 100000
811 649 100000 100000
649 812 100000 100000
812 537 100000 100000
537 475 100000 100000
475 467 100000 100000
467 141 100000 100000
141 147 100000 100000
147 747 100000 100000
747 108 100000 100000
108 620 100000 100000
620 657 100000 100000
657 8 100000 100000
8 376 100000 100000
376 233 100000 100000
233 974 100000 100000
974 79 100000 100000
79 527 100000 100000
527 677 100000 100000
677 393 100000 100000
393 573 100000 100000
573 914 100000 100000
914 470 100000 100000
470 303 100000 100000
303 241 100000 100000
241 304 100000 100000
304 533 100000 100000
533 409 100000 100000
409 896 100000 100000
896 851 100000 100000
851 962 100000 100000
962 875 100000 100000
875 638 100000 100000
638 167 100000 100000
167 890 100000 100000
890 305 100000 100000
305 388 100000 100000
388 886 100000 100000
886 318 100000 100000
318 115 100000 100000
115 578 100000 100000
578 481 100000 100000
481 302 100000 100000
302 18 100000 100000
18 499 100000 100000
499 288 100000 100000
288 414 100000 100000
414 510 100000 100000
510 36 100000 100000
36 332 100000 100000
332 244 100000 100000
244 341 100000 100000
341 722 100000 100000
722 497 100000 100000
497 548 100000 100000
548 97 100000 100000
97 212 100000 100000
212 714 100000 100000
714 615 100000 100000
615 361 100000 100000
361 390 100000 100000
390 292 100000 100000
292 120 100000 100000
120 290 100000 100000
290 59 100000 100000
59 808 100000 100000
808 106 100000 100000
106 705 100000 100000
705 228 100000 100000
228 480 100000 100000
480 837 100000 100000
837 983 100000 100000
983 661 100000 100000
661 674 100000 100000
674 291 100000 100000
291 14 100000 100000
14 892 100000 100000
892 690 100000 100000
690 328 100000 100000
328 169 100000 100000
169 622 100000 100000
622 284 100000 100000
284 663 100000 100000
663 198 100000 100000
198 610 100000 100000
610 496 100000 100000
496 781 100000 100000
781 240 100000 100000
240 582 100000 100000
582 149 100000 100000
149 701 100000 100000
701 830 100000 100000
830 255 100000 100000
255 654 100000 100000
654 579 100000 100000
579 119 100000 100000
119 312 100000 100000
312 882 100000 100000
882 583 100000 100000
583 839 100000 100000
839 894 100000 100000
894 651 100000 100000
651 194 100000 100000
194 343 100000 100000
343 870 100000 100000
870 511 100000 100000
511 718 100000 100000
718 307 100000 100000
307 934 100000 100000
934 443 100000 100000
443 145 100000 100000
145 285 100000 100000
285 958 100000 100000
958 172 100000 100000
172 421 100000 100000
421 778 100000 100000
778 274 100000 100000
274 660 100000 100000
660 1001 100000 100000
