100 200 5
24 6 90934 81228
57 30 23149 47822
56 98 80013 47257
23 81 82489 21726
46 38 62039 23525
37 67 95972 26968
61 35 18827 48292
70 36 44001 66922
2 64 21573 36623
84 6 89870 70707
89 93 16019 22700
29 56 17069 433
27 80 56779 80339
74 98 74796 48288
10 100 36361 70531
71 79 55003 20995
11 36 9591 75875
28 65 55929 7120
9 42 86552 28447
40 30 4155 71295
82 16 60988 24933
27 48 55963 20107
35 90 94245 27109
39 69 30554 68549
52 74 92811 82466
64 27 8249 89024
83 78 94573 20524
13 37 82666 38304
26 6 69247 30827
2 92 3714 26946
25 58 18660 13289
41 6 6500 57045
85 71 40317 41295
24 18 95073 42496
12 99 35139 91514
91 90 77951 74501
31 26 43181 4838
2 27 32432 62652
72 27 70204 17455
93 95 21019 38712
9 44 19137 50557
1 86 76732 4726
85 91 98107 66900
69 46 78639 87278
40 50 1855 80491
15 41 97589 52077
19 41 66827 68477
16 31 60499 87458
56 29 12670 33798
68 36 8159 16060
27 80 651 47816
13 82 98011 11808
12 63 75759 50409
75 100 9799 9428
10 87 92155 57422
22 2 79061 88159
51 16 41903 28892
56 39 86685 64152
38 55 93007 39608
100 32 91475 17052
22 81 38188 73047
10 55 73802 44355
76 37 73651 12285
37 85 25402 71214
61 12 73985 93771
79 6 30897 94584
34 28 37491 25294
5 74 95047 29186
92 56 35016 63858
44 28 50527 79686
13 86 24827 94758
87 77 9581 10352
65 95 84682 81303
72 43 32568 55042
55 8 81175 15754
40 1 46179 60816
70 19 24751 23529
24 1 54582 58593
79 40 968 52909
58 2 58288 80246
70 93 913 40758
30 39 30600 81602
45 90 8238 48736
18 2 87442 12566
22 52 78059 47274
10 80 95010 64415
10 82 79062 9785
8 33 19881 52507
68 14 59418 52068
34 53 67778 25306
94 83 4611 67950
81 65 96172 53760
86 48 36579 83145
77 93 90739 51875
20 62 63345 56272
18 63 38389 43402
33 55 60916 56892
71 84 26352 25092
7 60 55301 73232
86 54 37233 26575
88 89 69100 68169
78 79 73619 48745
10 4 95756 5222
71 74 98199 26018
92 77 99851 66748
35 10 59848 61414
24 7 34355 98801
44 14 18527 10328
94 89 21992 57706
17 34 32927 58953
69 52 89857 64734
18 86 60217 32163
38 49 91156 7408
93 18 82496 81728
10 68 70342 44481
48 71 31799 47516
64 4 66734 51604
78 22 53379 22360
83 59 61151 30657
52 63 79775 20371
41 1 23459 28346
67 18 88997 18122
69 93 22685 75126
84 1 93988 6342
59 36 56687 95045
45 79 41 88697
99 25 48416 63654
92 41 12469 67656
71 16 21802 58253
85 83 72714 80308
60 15 29762 53172
25 54 58388 93165
69 55 7044 11592
97 47 78100 84048
59 9 97784 2167
49 14 16771 84893
90 59 39787 41184
58 33 99973 85096
86 35 49728 12082
33 41 86729 81074
1 74 91113 70450
11 72 81180 38496
70 54 58121 22891
80 5 58228 41517
4 8 5767 11580
84 49 90766 51625
38 40 30776 97059
9 89 30645 20635
4 5 72682 1624
82 80 92106 47405
56 43 41174 38259
23 16 14784 1269
3 59 92984 36875
35 96 86098 21736
42 13 64442 72175
94 12 28318 92204
80 4 15499 10800
44 8 97700 13814
35 51 84777 85442
10 25 41781 24961
37 66 57715 11385
71 93 52675 30909
100 28 79279 76338
48 92 58288 21227
91 43 12070 66315
55 61 61648 62023
96 67 64160 9332
98 53 75309 81186
74 88 81782 92635
1 90 62956 71156
30 72 57453 52275
90 50 41630 4243
73 39 70982 4550
28 82 55939 42015
34 17 22103 11872
37 10 2618 30592
62 80 53643 41846
56 78 78329 43520
13 47 89898 8204
6 87 37785 84176
70 90 8175 60443
11 49 22180 87602
24 88 42506 19777
84 70 3161 65007
80 5 71413 54996
71 58 21082 7020
16 20 34187 49698
54 33 35518 26268
25 46 26379 21081
42 47 6309 59071
51 54 12620 49590
15 1 9852 45340
21 31 27087 46779
61 73 28815 59651
95 56 97726 89786
46 93 86085 70530
55 97 52319 63897
28 6 48046 86903
42 76 175 58796
5 74 73900 76977
