100 99 130
1 25 86106 78534
25 19 53745 30634
19 26 96452 5208
26 50 98860 13147
50 94 87388 7769
94 5 26612 86774
5 74 19226 93319
74 32 85861 51345
32 18 62140 34074
18 88 93553 12451
88 91 98477 69683
91 84 54018 59676
84 86 7546 6305
86 92 83766 8305
92 29 54130 5573
29 85 92478 13488
85 37 42892 69763
37 21 21212 78689
21 42 39701 28314
42 22 42487 23613
22 43 89864 42520
43 51 48253 68389
51 66 78767 8570
66 31 51409 94074
31 67 54970 69524
67 20 41176 87127
20 65 80957 85317
65 24 31967 84355
24 60 13825 4390
60 77 59993 19923
77 82 58747 32692
82 70 48976 6615
70 93 36043 28877
93 30 21187 98652
30 11 70461 19870
11 87 51339 7443
87 80 57864 60359
80 15 61210 25886
15 99 5432 37644
99 78 20978 13089
78 96 17101 10097
96 2 70483 87275
2 13 35674 86876
13 46 25224 52674
46 54 89197 51060
54 71 23059 42326
71 59 90251 17168
59 68 86572 99156
68 38 82526 8697
38 55 91102 41783
55 53 30975 57692
53 90 27464 46706
90 16 50945 1899
16 14 71451 52463
14 9 8315 60514
9 7 73520 51473
7 73 86248 66327
73 75 96681 75029
75 6 52468 85064
6 45 15045 39282
45 28 5524 7688
28 48 28304 38469
48 35 34691 44494
35 79 3689 40569
79 44 54974 65450
44 12 2894 15607
12 8 90767 77288
8 58 56706 81125
58 23 70465 80978
23 27 87944 68351
27 95 14678 13574
95 3 99327 6373
3 98 39033 39687
98 49 62935 75699
49 40 49417 26884
40 89 63338 64011
89 72 51127 51094
72 81 61146 26910
81 52 64530 26708
52 36 99163 42144
36 41 12475 39555
41 83 15336 28673
83 4 85993 22711
4 64 67397 4638
64 97 90556 35172
97 62 94609 63572
62 10 14961 17503
10 39 36474 19262
39 69 24016 59984
69 17 29097 31793
17 56 4613 55727
56 33 5342 67953
33 34 68649 92412
34 57 55117 71144
57 47 27256 93618
47 76 1313 51352
76 63 90388 67620
63 61 90550 6380
61 100 23304 64229
