1000 999 1300
1 549 5280 10293
549 349 42194 53287
349 827 6805 66278
827 293 34692 40071
293 437 23414 25079
437 136 15443 45078
136 269 2108 75025
269 354 36035 67134
354 396 76174 48368
396 703 84635 66722
703 962 96788 29922
962 398 89512 6111
398 463 12812 20534
463 391 77843 49657
391 304 56533 6677
304 831 97163 2386
831 189 12377 1255
189 957 74318 3967
957 217 32598 85753
217 796 16668 37655
796 822 66181 33494
822 672 77327 50438
672 35 68484 85477
35 836 94697 47061
836 227 11826 27809
227 752 92029 10302
752 837 90761 66665
837 265 9266 14479
265 385 26774 19386
385 231 95468 93157
231 236 159 28466
236 318 64953 29524
318 698 23301 88250
698 985 60111 39907
985 15 59014 5018
15 153 73576 86730
153 168 37666 80639
168 676 61449 58707
676 819 40557 62750
819 694 51625 40095
694 842 90215 16219
842 109 99108 87246
109 915 4359 37858
915 47 33193 26786
47 758 48509 19638
758 178 29950 86338
178 68 47805 34490
68 556 76839 34217
556 632 66255 73318
632 920 23545 90283
920 61 52021 45086
61 108 68581 79657
108 689 76908 79906
689 60 19407 16187
60 459 74468 99035
459 407 22804 11712
407 495 43194 88025
495 110 81433 37355
110 770 73978 49067
770 145 1949 94548
145 69 84943 17357
69 366 5769 65743
366 438 28087 53745
438 977 55607 37722
977 299 79089 11402
299 50 89943 2534
50 173 22182 12836
173 859 70725 91598
859 733 61085 48085
733 949 68071 97604
949 877 35397 51653
877 419 64963 43034
419 468 66418 69194
468 696 78152 2548
696 63 33036 5952
63 51 47406 13644
51 376 92742 12577
376 134 55183 37427
134 938 50567 57616
938 959 60965 38266
959 691 74051 88952
691 598 58430 53472
598 883 36069 38176
883 450 20187 61281
450 413 85586 46111
413 496 53381 56508
496 971 46188 93838
971 668 3032 33377
668 484 27544 20181
484 757 5836 57591
757 988 40040 65576
988 161 93235 43965
161 869 12585 64960
869 431 20994 54233
431 479 94907 99170
479 710 85902 30606
710 175 55176 35374
175 608 5898 62347
608 186 7959 80927
186 791 63406 2361
791 365 20464 61063
365 422 76402 12338
422 159 21775 25011
159 229 55427 1067
229 148 74853 99847
148 675 10490 94204
675 124 55127 86659
124 579 74782 6546
579 160 71368 23481
160 207 17300 57860
207 331 30977 12949
331 646 29291 45679
646 880 58255 74434
880 693 74256 83494
693 417 36823 33492
417 744 65174 21358
744 799 67258 22226
799 196 30810 70045
196 72 1623 2247
72 104 8219 52625
104 17 94217 67543
17 876 39197 61592
876 990 37493 41450
990 739 74971 33871
739 908 63140 19180
908 263 32480 89352
263 88 68869 57752
88 443 8452 11104
443 266 97415 83608
266 922 62813 28580
922 469 93454 10830
469 884 68412 54446
884 32 41241 32299
32 151 89624 46112
151 580 39240 98706
580 610 47258 45345
610 33 85923 95042
33 12 54946 23669
12 718 65374 67569
718 592 9240 62116
592 481 94768 56144
481 535 91281 85955
535 743 23806 78870
743 663 6701 13480
663 335 93850 61530
335 93 98960 2120
93 182 61252 26435
182 406 40089 98141
406 845 88366 32827
845 162 83428 22688
162 888 53298 61030
888 289 86987 90333
289 596 92873 63620
596 994 29649 27251
994 455 84836 46432
455 14 96215 36533
14 137 5789 76749
137 325 85616 81573
325 940 1384 28745
940 943 45859 21473
943 79 40067 54516
79 316 37900 59771
316 466 96748 72779
466 731 4062 41800
731 510 40613 82219
510 275 86866 61435
275 736 13557 86766
736 878 88306 39629
878 474 62975 81391
474 123 8660 82027
123 561 63996 10953
561 975 16337 19901
975 763 13563 38800
763 789 38321 38253
789 446 10167 9336
446 685 49539 6141
685 788 31370 11504
788 835 8561 8540
835 222 16008 19140
222 202 7338 81360
202 436 63645 87724
436 833 14796 24417
833 194 66513 41079
194 569 81589 9891
569 742 75238 24532
742 507 95404 97785
507 49 27560 82445
49 961 43409 87126
961 165 1720 82069
165 347 38494 74478
347 253 70549 90477
253 201 1955 342
201 606 11077 78495
606 987 4270 17292
987 487 18320 68263
487 735 69823 59584
735 83 94840 27694
83 887 40486 47353
887 879 85934 45703
879 568 56195 27663
568 707 92927 7968
707 259 87389 81679
259 600 33412 41422
600 470 88071 78682
470 62 59330 5623
62 500 9213 5558
500 204 82902 54936
204 126 15446 29397
126 690 96905 1469
690 657 92723 66277
657 917 70354 41902
917 405 53915 35425
405 501 91693 38085
501 939 88667 50662
939 311 15619 45264
311 378 29166 36729
378 734 28045 50272
734 548 70609 14902
548 155 58510 75737
155 839 63468 48447
839 214 4959 8495
214 578 62275 10255
578 590 31338 38531
590 520 97667 55877
520 723 75114 34025
723 277 27789 30497
277 361 1699 55119
361 571 63975 85168
571 308 8182 35156
308 268 3414 65157
268 968 31 92851
968 334 7313 15615
334 256 43569 37690
256 754 59993 66879
754 430 76598 10325
430 995 7210 29333
995 797 91400 19969
797 211 71191 63859
211 969 60750 73490
969 611 54716 61449
611 44 41869 10027
44 854 71010 70403
854 551 15025 51119
551 239 61376 47819
239 152 1627 92749
152 157 87339 14207
157 960 62527 14047
960 30 88591 20123
30 963 30215 43145
963 326 4415 64146
326 142 82446 86677
142 337 13464 92786
337 804 19662 77530
804 483 92074 16386
483 848 85354 89415
848 741 66178 27341
741 295 81625 91462
295 383 79804 63961
383 699 50875 70888
699 322 47335 19646
322 516 31697 37882
516 355 93946 63479
355 885 44678 99802
885 302 88529 99666
302 762 74354 47194
762 249 70929 63423
249 364 48033 71921
364 71 86336 63265
71 215 83089 96994
215 77 79026 83025
77 776 6164 46553
776 626 92557 75225
626 721 15771 79510
721 39 47909 75272
39 232 79007 96573
232 290 48141 24557
290 891 44879 92273
891 989 18003 11510
989 778 72656 75124
778 634 81263 75755
634 630 32224 13208
630 246 35572 10500
246 395 14883 78432
395 223 68533 6655
223 918 18176 23900
918 567 66308 95612
567 370 32578 90062
370 64 49463 16079
64 622 83729 49760
622 330 90101 78889
330 947 7816 55242
947 327 8698 68310
327 930 50312 62811
930 180 7290 87933
180 441 66538 16821
441 889 23008 1071
889 170 84022 20635
170 713 82434 29544
713 656 22572 25031
656 195 39074 20766
195 462 92302 48014
462 712 63551 92521
712 552 52272 41382
552 801 11094 45442
801 834 7326 46989
834 359 75578 59084
359 321 92017 66922
321 102 26962 69016
102 809 67555 51570
809 921 42045 2845
921 517 72570 80366
517 506 7626 99269
506 418 43014 64604
418 493 87581 69357
493 435 73024 1392
435 714 56826 5476
714 662 37083 37191
662 674 27816 14273
674 24 76766 35423
24 456 89313 53893
456 853 74151 15291
853 946 65285 63103
946 948 67415 71160
948 278 77866 72817
278 482 99873 80869
482 198 6135 132
198 910 77164 71066
910 633 11783 74041
633 97 81576 47202
97 101 88101 31011
101 637 34323 39792
637 867 57479 63598
867 341 82737 81921
341 432 21979 64574
432 993 78875 99087
993 7 79412 6928
7 576 16802 6893
576 589 29299 32987
589 448 16887 88534
448 271 17463 88429
271 212 3612 39883
212 855 1093 16253
855 284 68604 60914
284 115 63375 97111
115 96 81166 41236
96 205 26650 80051
205 934 1006 96161
934 192 22269 25180
192 614 30137 48933
614 13 48292 61604
13 941 17724 99746
941 844 88550 9292
844 904 61335 41973
904 929 50384 99759
929 767 88546 66742
767 59 82058 82197
59 424 71303 24542
424 765 5559 92875
765 806 89705 49698
806 400 79536 50448
400 352 28945 46497
352 179 35600 25896
179 666 66163 4289
666 191 99301 67764
191 440 52285 59163
440 210 73711 73090
210 769 66270 35446
769 678 28097 31575
678 258 35353 95094
258 588 6797 68
588 522 91728 25564
522 581 96866 28042
581 826 61868 29047
826 480 18067 69598
480 593 59352 28202
593 127 84109 34723
127 197 8127 56254
197 531 61542 97869
531 719 8199 54126
719 942 59863 53562
942 545 81634 65853
545 936 91535 18180
936 128 61105 98423
128 868 13466 44552
868 659 40364 52116
659 661 96198 67363
661 315 84307 28166
315 70 28794 76417
70 146 80182 1979
146 775 34156 52716
775 651 94119 54292
651 121 8361 99152
121 803 44737 52120
803 112 22657 79798
112 724 42810 89768
724 820 89551 59992
820 65 30785 45650
65 150 72173 31036
150 927 40323 18056
927 490 39200 81745
490 965 94566 94762
965 296 26861 99552
296 780 5550 28258
780 310 24655 67544
310 190 8872 57633
190 224 93536 70720
224 792 4135 93124
792 677 51049 96708
677 750 25554 41300
750 358 44954 77904
358 92 70216 47565
92 557 44447 64829
557 169 91249 92341
169 36 27106 13867
36 164 91837 54538
164 896 3687 26333
896 230 9093 84520
230 287 77210 44916
287 220 96737 29575
220 928 20462 3957
928 25 77313 80162
25 863 6128 22086
863 527 58514 43092
527 935 77628 39280
935 218 44547 8198
218 523 75062 99724
523 635 51923 56974
635 890 5444 72937
890 188 5546 66473
188 872 95939 56933
872 478 6992 97477
478 18 88838 60719
18 840 99409 92769
840 818 11706 15941
818 509 38327 63021
509 857 90240 89569
857 414 94830 34958
414 491 37431 39274
491 832 83657 42639
832 587 93610 35729
587 499 53266 16110
499 564 15902 95367
564 66 73585 35721
66 380 88974 90605
380 392 98448 37021
392 209 40581 19664
209 997 26224 49722
997 285 98183 74165
285 654 87468 34439
654 300 78829 84069
300 274 74145 8579
274 547 4344 78
547 386 86772 74802
386 870 16038 26490
870 730 54160 19033
730 344 29665 46101
344 771 82337 33587
771 641 90045 84677
641 247 60431 93598
247 41 30845 98746
41 8 95453 71007
8 550 74102 89642
550 233 12959 31142
233 852 87618 178
852 4 80883 13322
4 297 76870 37724
297 254 82260 65449
254 415 47989 61162
415 154 46304 84396
154 373 27649 45909
373 206 68847 74120
206 433 95309 99023
433 705 3378 10380
705 618 38555 18447
618 673 21519 98825
673 129 40241 61237
129 40 34438 79463
40 498 3571 75573
498 992 81540 28516
992 951 79180 4788
951 577 6320 48917
577 829 6277 12820
829 2 6994 91418
2 636 60726 37679
636 486 72734 11307
486 623 63611 72493
623 802 33577 38608
802 379 62600 68967
379 655 6453 66835
655 388 38040 53210
388 489 46998 66137
489 264 27506 75136
264 541 2289 15930
541 100 25432 47496
100 841 64331 92537
841 397 65638 91947
397 401 69176 19404
401 339 44493 54753
339 81 56568 96057
81 461 93107 43079
461 303 51218 26562
303 686 29427 18368
686 252 84441 7029
252 494 75686 12256
494 216 94651 79087
216 871 53805 90379
871 882 41727 79121
882 825 66035 95796
825 387 13206 10685
387 781 31570 54513
781 460 47793 37623
460 649 39401 44934
649 181 36729 61363
181 638 505 81643
638 560 33345 24216
560 919 31497 20991
919 445 45579 62450
445 243 2169 90913
243 860 91858 90845
860 390 91744 51460
390 898 1258 75782
898 286 97914 78799
286 343 88575 13337
343 416 55169 97692
416 317 88817 23843
317 849 78658 15463
849 105 3477 74785
105 86 14270 2767
86 240 52815 86818
240 647 13674 85050
647 747 94727 54942
747 219 32102 96383
219 382 14251 5362
382 653 78386 58601
653 642 17781 47250
642 553 20754 26027
553 301 69090 43992
301 704 45180 79294
704 521 14313 57211
521 604 41129 23428
604 615 6281 62995
615 452 96611 27495
452 58 65320 7442
58 914 80071 36358
914 532 28400 87658
532 348 12773 3086
348 518 19450 95151
518 374 26066 57546
374 106 56608 5114
106 95 14642 43607
95 234 56898 51524
234 404 14695 79579
404 328 97423 27887
328 982 38697 14730
982 279 1275 55925
279 117 36875 30405
117 534 51594 32246
534 23 96100 85053
23 925 98247 25126
925 519 12803 61542
519 257 18958 54023
257 427 31378 12732
427 260 46284 15825
260 237 74604 27112
237 513 44486 22353
513 945 69895 11789
945 42 12141 97158
42 114 31002 81907
114 894 49268 73694
894 570 3760 74569
570 708 40287 87676
708 648 13629 80554
648 956 81125 65584
956 122 42814 92756
122 978 88045 90363
978 425 15154 99790
425 981 51411 89065
981 10 53050 14093
10 795 57191 17860
795 139 21746 32478
139 858 65876 75914
858 492 53449 59428
492 565 93488 8176
565 740 17295 67600
740 575 74980 51591
575 19 67658 95958
19 905 76316 37342
905 605 9170 20739
605 821 69994 68587
821 727 10861 92316
727 800 27332 86243
800 477 61313 77308
477 381 93572 46919
381 850 73224 74586
850 864 20153 25376
864 996 6487 76431
996 773 25564 77103
773 473 54610 51600
473 368 9008 12404
368 542 23252 71864
542 544 17325 64202
544 73 90529 63227
73 208 27095 85508
208 447 64212 38886
447 811 80986 89827
811 261 24297 78233
261 298 20521 13649
298 185 24553 48372
185 503 38740 55960
503 594 30280 17145
594 953 61679 37095
953 536 59719 64609
536 874 20303 84931
874 442 25417 63865
442 306 21697 39729
306 294 98295 73910
294 203 57972 78503
203 828 88865 15869
828 667 20110 29300
667 725 85094 11924
725 31 59059 89977
31 5 82139 30054
5 288 53822 95247
288 955 82207 40088
955 281 68492 53044
281 238 40517 35037
238 823 72702 23753
823 607 88771 57913
607 497 83283 91401
497 909 25942 59339
909 761 24220 9285
761 814 31671 17203
814 377 88669 78735
377 125 95994 96062
125 282 42338 87976
282 515 92468 19045
515 533 66319 5368
533 716 8816 59260
716 664 2106 66626
664 508 50858 79144
508 613 92998 77401
613 512 84467 37650
512 584 94219 83072
584 749 30574 35790
749 779 51818 66480
779 924 38715 31065
924 273 4989 64965
273 46 15667 88280
46 393 59220 70822
393 225 91844 47054
225 543 87607 39937
543 784 15101 61878
784 999 84782 91690
999 270 85469 80130
270 130 97624 84005
130 558 27019 92252
558 408 75238 21415
408 546 77460 86302
546 177 23969 31873
177 794 99184 96449
794 511 56512 85175
511 193 55716 9166
193 774 87525 27845
774 595 81538 38712
595 351 69546 750
351 810 52440 95396
810 573 56720 91849
573 423 37062 7
423 375 79598 2422
375 856 58367 31799
856 671 48130 56654
671 851 36799 14132
851 865 93628 22214
865 213 27981 19502
213 292 91925 65291
292 670 74249 67429
670 787 62 61475
787 745 48786 30780
745 255 70910 92816
255 76 23887 62451
76 428 47849 88539
428 426 81961 98714
426 119 1403 19427
119 616 16209 72815
616 886 24445 61876
886 786 63688 90169
786 574 49129 7501
574 958 3734 11281
958 755 31652 93785
755 16 48048 37425
16 505 27654 78818
505 768 87735 59418
768 603 83469 5038
603 56 36121 68225
56 184 68233 59253
184 291 26230 74221
291 875 55247 10989
875 901 65640 41682
901 26 91445 37936
26 467 21626 72239
467 720 11262 89006
720 817 44025 12128
817 226 54152 41714
226 843 12494 97206
843 314 13406 17175
314 695 74481 47101
695 176 39211 14586
176 900 4146 82544
900 283 54457 72522
283 679 72993 53208
679 566 48729 64241
566 540 42026 38487
540 29 35912 23131
29 362 73732 69678
362 612 25083 11985
612 241 28942 51639
241 881 39045 89663
881 138 90184 39568
138 113 25483 34028
113 141 61143 42545
141 782 39511 20109
782 973 27503 59646
973 131 8920 46315
131 923 5371 27602
923 38 44205 21674
38 199 47602 21033
199 458 35382 97858
458 409 83514 28322
409 132 96405 7179
132 861 69232 80624
861 363 34584 32298
363 410 6539 35484
410 586 95386 63058
586 149 53665 79315
149 726 77189 30430
726 759 97702 93316
759 967 15375 34268
967 687 52335 17804
687 954 68557 90874
954 85 75422 59364
85 816 29675 80206
816 807 15788 56097
807 449 89211 96695
449 80 94090 26829
80 166 20342 90470
166 221 56753 80838
221 267 54662 29867
267 902 36308 78705
902 976 92192 69130
976 502 80123 27540
502 103 35596 12123
103 903 83423 61302
903 324 9219 51223
324 488 11629 49949
488 717 72355 15067
717 323 90783 93595
323 333 14362 87851
333 394 56179 38169
394 777 87364 57120
777 974 78727 32685
974 421 48233 28156
421 728 11004 8342
728 964 63212 91499
964 307 18077 64608
307 722 76581 15197
722 444 87679 34635
444 709 78167 93194
709 906 17402 93465
906 356 45223 69269
356 772 95071 63283
772 43 62384 26944
43 706 20323 87825
706 746 46544 78447
746 143 40962 36575
143 984 91945 73633
984 893 1990 73611
893 913 45184 30053
913 652 50881 29499
652 245 32310 47978
245 665 35034 52364
665 272 40225 21814
272 340 79568 34275
340 454 49127 61612
454 163 4360 37326
163 645 61541 93004
645 715 16249 98892
715 28 33478 48973
28 562 83989 2792
562 815 69300 46564
815 813 59509 43679
813 748 24741 59510
748 812 15075 83188
812 892 29198 48188
892 790 32271 98229
790 660 34568 51005
660 599 6250 72873
599 970 49922 44048
970 389 48674 16633
389 926 20064 38106
926 805 2525 48094
805 729 97013 91318
729 305 36741 21507
305 627 57823 57044
627 9 5102 12710
9 27 16271 68741
27 619 16382 46654
619 628 24702 5527
628 873 33434 64551
873 11 92351 89487
11 280 55669 2902
280 345 53373 32114
345 692 71928 10820
692 697 6306 63676
697 242 8914 93664
242 471 48658 77655
471 89 67995 12715
89 998 14281 29229
998 235 99224 32065
235 167 64082 5861
167 525 84821 40164
525 979 42126 29858
979 793 54076 38498
793 640 4016 94247
640 760 3364 57598
760 537 14513 74162
537 53 33731 69463
53 21 36009 62217
21 980 44436 43645
980 147 95930 67334
147 682 99063 74458
682 582 77513 63544
582 931 41475 4626
931 403 92070 97139
403 907 53535 20301
907 107 32457 55529
107 429 98847 58687
429 572 67714 40245
572 916 34307 28752
916 118 27428 70693
118 485 83289 43756
485 451 42316 35812
451 20 93195 20852
20 37 57424 80223
37 48 42186 77453
48 74 74933 36491
74 174 34678 8968
174 530 63247 16941
530 629 69644 29959
629 200 47243 89680
200 944 16922 58784
944 950 19400 83276
950 342 1794 96505
342 539 9821 31388
539 688 77320 44063
688 991 6809 6355
991 464 9066 94120
464 899 57990 5814
899 643 47338 75668
643 57 66410 43242
57 434 82724 58339
434 602 55978 8531
602 172 23877 94089
172 82 33835 2027
82 251 82131 61148
251 135 95436 72948
135 384 53575 45447
384 158 14023 58503
158 171 40483 54960
171 711 60947 20087
711 45 97938 63710
45 684 73637 61382
684 866 9443 76985
866 319 33856 14952
319 897 62201 20385
897 585 50801 99500
585 681 50062 769
681 248 29658 45373
248 453 65772 18992
453 111 99946 66761
111 952 42367 89875
952 228 68893 71142
228 140 22881 33476
140 133 7943 96529
133 67 67391 11456
67 559 86579 67733
559 597 82708 49066
597 78 85543 97130
78 625 74019 77700
625 785 57306 40110
785 932 71410 45515
932 476 98977 35413
476 332 36549 38097
332 6 2446 78607
6 90 14615 40229
90 54 39884 33299
54 34 84827 37368
34 120 18212 74677
120 986 20340 76709
986 702 90370 13450
702 353 74077 51577
353 22 14213 33182
22 838 84827 80588
838 756 49048 2993
756 609 3928 99564
609 524 92373 85614
524 420 72144 39126
420 669 45566 69404
669 183 51568 28674
183 583 580 64807
583 472 12337 15194
472 983 45250 57489
983 912 82749 93813
912 399 39435 95347
399 847 51793 54110
847 937 59149 61183
937 156 16234 83701
156 830 48105 61621
830 329 10326 53827
329 895 22665 21992
895 411 96362 85606
411 309 61234 83712
309 631 70000 84866
631 99 94702 96362
99 783 7448 98964
783 402 41402 98938
402 350 57224 87035
350 262 60793 23580
262 972 38217 74515
972 680 33272 17552
680 737 45598 87709
737 338 67917 13112
338 824 27005 62518
824 3 24702 51048
3 554 36460 66262
554 439 73336 92957
439 753 89809 39916
753 766 82459 96589
766 701 15044 69824
701 336 46274 9413
336 369 3657 69359
369 700 24365 59087
700 55 37097 54037
55 798 47784 39864
798 591 63534 10218
591 529 9041 14873
529 514 28552 20066
514 412 12860 93723
412 75 53613 9654
75 94 39133 31846
94 187 10749 30548
187 621 5435 6906
621 732 76834 68054
732 313 37599 41000
313 91 55404 26106
91 620 93198 73925
620 116 30097 64101
116 528 83474 88374
528 862 2377 71490
862 808 39567 39446
808 144 71902 33621
144 555 73383 40284
555 933 32023 60271
933 751 64959 27809
751 911 30373 6973
911 846 79725 6093
846 371 46957 67922
371 601 94029 80602
601 617 8457 75661
617 639 54066 41862
639 84 12817 4746
84 658 57944 28042
658 650 9541 25850
650 360 15806 11420
360 346 79769 599
346 563 40349 2027
563 372 93520 65302
372 526 56213 51576
526 475 39376 79901
475 738 86410 24376
738 98 82598 1329
98 244 29788 39042
244 312 75877 62241
312 457 42823 22618
457 250 26686 59341
250 276 28756 89212
276 624 82454 14915
624 966 16950 22338
966 644 69598 77846
644 320 49148 74094
320 357 20198 86859
357 52 34994 49705
52 683 46006 4405
683 465 4724 80333
465 538 37823 46120
538 764 7205 77839
764 504 37534 22794
504 367 23545 76369
367 87 39865 49290
87 1000 67592 31426
