100 100 1
1 93 844 82092
93 6 827 55514
6 73 239 49940
73 36 321 83061
36 68 261 57131
68 44 269 99802
44 91 821 99382
91 64 868 37483
64 54 704 80958
54 7 430 35505
7 57 255 57840
57 89 609 50389
89 25 836 20936
25 24 129 12714
24 87 459 50765
87 67 275 73909
67 80 814 69246
80 47 97 27881
47 12 498 98056
12 81 186 13313
81 19 922 48845
19 9 400 78091
9 62 707 4815
62 98 546 36449
98 92 279 74819
92 2 257 95133
2 97 180 40787
97 37 83 38657
37 76 618 23746
76 88 516 9618
88 79 335 26839
79 85 219 22076
85 18 325 71800
18 28 78 93001
28 30 959 90357
30 39 801 94790
39 17 762 18380
17 22 870 16431
22 52 109 58240
52 41 208 3724
41 61 699 66227
61 3 425 61670
3 40 380 4837
40 8 406 77874
8 95 466 31184
95 82 105 57074
82 77 9 50907
77 96 775 83576
96 16 736 92947
16 45 752 73993
45 53 320 71429
53 71 42 96192
71 51 271 54501
51 20 215 11293
20 14 814 36795
14 59 791 14600
59 72 606 20737
72 4 579 49549
4 75 591 10699
75 69 418 25869
69 34 929 36520
34 32 933 28682
32 38 917 95713
38 49 856 19674
49 10 727 52186
10 42 539 85919
42 90 463 33734
90 65 510 42108
65 63 687 51850
63 21 198 75443
21 15 843 48076
15 50 690 33045
50 5 307 15079
5 31 295 45577
31 84 976 72803
84 74 584 22295
74 86 821 71296
86 94 136 36591
94 13 284 6743
13 26 58 17398
26 27 634 27553
27 33 684 17799
33 48 705 4380
48 46 592 11855
46 78 22 66684
78 70 996 47412
70 35 108 7039
35 83 22 28445
83 66 728 69000
66 99 826 43143
99 11 864 79135
11 23 911 46202
23 43 948 11625
43 60 424 61379
60 29 137 92509
29 56 352 70265
56 55 620 81759
55 58 434 80726
58 100 382 61315
61 83 21881 71
