100 109 1
1 24 213 9838
24 31 52 49646
31 13 68 59799
13 53 548 77516
53 57 455 66601
57 64 680 91650
64 18 908 90542
18 6 399 80786
6 98 569 14091
98 17 571 16443
17 75 469 72664
75 91 351 97855
91 74 595 8106
74 3 570 53656
3 58 298 8839
58 89 880 41881
89 39 140 42189
39 12 393 30150
12 81 297 23530
81 15 579 8770
15 49 358 72564
49 93 939 92630
93 35 519 36554
35 20 359 23584
20 21 635 79742
21 19 80 7885
19 11 284 55290
11 56 480 5541
56 83 650 88959
83 97 174 9534
97 68 327 11173
68 77 480 19137
77 23 360 56655
23 95 599 55661
95 62 797 97409
62 7 254 84615
7 96 199 63488
96 45 219 25363
45 46 242 85627
46 67 183 25438
67 27 845 31444
27 4 596 57630
4 92 835 96068
92 82 970 5991
82 87 776 58647
87 25 149 26202
25 5 829 51298
5 26 269 14162
26 59 406 86934
59 14 974 27297
14 78 971 85557
78 41 621 80395
41 10 629 98185
10 90 568 53810
90 66 546 72583
66 16 978 29655
16 73 69 45772
73 70 703 9142
70 85 235 50080
85 30 198 43530
30 76 688 49636
76 80 731 35370
80 61 475 26518
61 38 794 20994
38 9 253 3509
9 99 862 1642
99 52 842 83177
52 51 225 51305
51 8 106 18340
8 43 731 99899
43 28 481 4774
28 48 463 87346
48 42 471 66672
42 71 735 36334
71 47 337 16917
47 44 385 81720
44 72 530 31384
72 29 794 40182
29 88 686 81728
88 65 748 62462
65 79 336 90886
79 55 298 21180
55 69 340 60102
69 22 55 60981
22 94 604 38901
94 34 640 97770
34 32 62 82916
32 54 530 80171
54 84 581 45197
84 37 829 53528
37 60 716 48312
60 2 144 37054
2 33 696 31514
33 50 359 35807
50 63 981 29825
63 36 969 26610
36 86 611 12042
86 40 270 89295
40 100 215 89960
97 54 32941 70
59 52 86722 81
17 59 70707 49
17 94 95774 49
8 61 16910 28
39 63 28809 11
18 39 4750 74
33 82 40522 19
21 19 17743 78
45 5 77299 2
