100 199 1
1 77 687 73797
77 23 721 7222
23 95 79 27672
95 40 65 14102
40 19 967 16998
19 45 254 20549
45 96 46 18726
96 89 504 68537
89 35 32 3305
35 21 135 63355
21 81 219 72871
81 14 163 79052
14 2 703 18508
2 24 457 65183
24 4 638 51809
4 75 763 79225
75 46 65 97733
46 86 208 95873
86 30 750 2731
30 63 603 81911
63 58 282 15354
58 48 365 82357
48 53 897 73250
53 61 641 40063
61 56 272 32573
56 70 498 81037
70 10 552 74767
10 42 923 73144
42 76 801 56663
76 84 124 82436
84 9 842 6160
9 33 407 68512
33 85 516 7040
85 64 573 63930
64 3 727 5207
3 79 829 2465
79 8 521 92328
8 82 908 2168
82 38 97 24018
38 78 846 86406
78 34 109 28408
34 18 846 25602
18 51 546 99560
51 90 66 10631
90 97 444 60246
97 22 809 88978
22 93 812 76635
93 83 311 43886
83 67 376 84343
67 73 118 70136
73 87 542 63558
87 49 918 8387
49 55 659 86098
55 16 87 59048
16 26 753 20379
26 47 285 91754
47 59 190 41828
59 94 474 80600
94 69 111 89934
69 12 458 38318
12 71 786 99271
71 29 758 14135
29 39 879 83700
39 60 184 80053
60 65 50 30392
65 50 191 53543
50 92 122 68478
92 98 900 53066
98 37 607 69985
37 57 638 46185
57 68 986 64513
68 43 415 10362
43 91 504 55124
91 6 471 17122
6 27 75 70423
27 52 248 77417
52 80 432 34360
80 25 120 79404
25 36 654 65864
36 44 399 95192
44 7 593 56950
7 88 114 57410
88 13 117 47963
13 17 830 25849
17 28 173 98493
28 66 167 92929
66 20 921 1786
20 99 986 36120
99 5 887 87213
5 72 249 47760
72 62 744 56117
62 15 222 95037
15 32 151 6447
32 74 803 76737
74 31 291 47966
31 11 494 52344
11 54 845 45153
54 41 569 19275
41 100 687 81883
60 54 28369 39
42 18 81788 51
38 94 74996 53
51 91 18655 31
45 70 30560 44
28 33 92735 54
3 20 22350 100
100 41 89602 28
77 3 58219 23
71 2 54090 78
35 45 1741 35
66 41 6410 18
28 88 23843 85
7 73 54673 41
70 95 71319 60
99 30 40730 81
82 46 77242 37
1 57 13277 21
62 12 69763 67
23 53 50186 48
14 77 14302 1
58 83 45341 59
18 31 5453 24
14 1 56628 35
65 3 37286 44
34 87 22373 11
34 44 23302 28
33 38 46765 26
28 53 80323 80
90 72 54056 50
1 91 71515 4
35 1 16185 23
53 19 15301 37
96 44 80694 3
18 86 22385 76
84 19 10942 56
61 16 98883 41
81 9 3608 10
60 68 12721 39
43 86 66337 39
1 50 94052 55
68 42 50451 45
93 24 44533 49
70 97 86441 50
3 82 56881 7
70 99 1618 57
78 28 3141 71
76 74 38701 94
61 68 74892 15
99 77 26842 67
27 52 33405 71
1 43 79832 10
98 50 80145 1
63 29 83529 24
74 55 78467 65
45 15 13961 34
100 57 47851 78
16 9 17773 97
64 41 63565 71
69 90 22169 100
61 24 83813 82
55 76 74786 43
95 64 42634 40
66 11 13412 4
59 49 33226 31
56 23 98517 88
83 56 62524 1
16 56 16936 26
20 28 70847 89
57 2 23662 73
17 76 40281 49
70 68 68656 14
40 47 51247 99
34 76 15697 45
88 26 1156 70
75 49 2120 63
53 57 78487 79
7 51 32205 67
27 74 33122 69
17 7 71423 48
4 82 42739 86
42 28 81258 44
44 98 27529 24
16 96 16943 38
57 33 68514 23
48 39 17480 38
82 27 45435 9
8 23 16269 27
46 37 33206 10
88 71 54421 26
6 75 49201 40
25 73 93072 77
84 98 77318 76
94 74 16638 24
97 62 19248 52
63 47 90919 24
41 19 38304 35
2 54 12136 97
70 43 58251 96
88 59 89781 87
