100 1099 1
1 11 882 35185
11 99 165 55900
99 53 467 67135
53 42 485 50705
42 9 870 24687
9 36 604 78551
36 71 3 48522
71 56 225 94331
56 79 412 99029
79 13 731 66071
13 97 82 44885
97 55 588 7581
55 14 599 45422
14 33 220 90538
33 16 143 36153
16 58 738 56809
58 17 317 68481
17 77 283 55076
77 68 94 67256
68 81 461 52082
81 65 543 93186
65 25 215 23916
25 12 415 91867
12 6 281 70639
6 30 787 43303
30 82 543 19210
82 34 321 32271
34 41 402 78960
41 78 621 90718
78 45 147 28596
45 60 812 47924
60 93 89 81801
93 63 538 23429
63 27 59 80084
27 18 274 31318
18 24 606 18802
24 73 141 90546
73 95 12 76662
95 43 44 14052
43 40 939 16603
40 19 553 69257
19 47 758 16222
47 61 769 24083
61 94 651 98866
94 23 25 64601
23 67 658 89851
67 69 558 21308
69 74 740 93589
74 75 879 87995
75 90 409 24071
90 49 254 32253
49 96 142 19682
96 76 132 31199
76 20 871 23324
20 89 932 93671
89 29 141 79918
29 87 958 3372
87 51 620 27322
51 3 956 83923
3 44 686 21178
44 70 986 7248
70 83 871 34464
83 4 549 58984
4 31 747 64414
31 66 736 83453
66 28 637 19621
28 92 283 81505
92 48 338 98523
48 32 313 21358
32 38 238 30021
38 57 967 93968
57 46 839 97976
46 98 52 85304
98 5 248 76728
5 86 20 58176
86 21 727 7959
21 35 61 64157
35 39 466 70229
39 2 29 33991
2 59 434 22887
59 84 719 68254
84 26 459 17156
26 10 269 44124
10 52 320 11677
52 15 235 50906
15 64 969 31554
64 8 906 24669
8 7 462 42910
7 50 380 15907
50 85 663 32151
85 88 42 18465
88 22 286 50045
22 54 944 92177
54 62 357 52306
62 80 350 48779
80 91 407 47096
91 37 259 7107
37 72 256 67424
72 100 393 88183
42 5 41676 11
37 47 1886 99
84 40 34224 34
73 39 23491 24
92 22 45443 19
7 49 70291 12
29 51 16731 30
7 49 66780 17
11 65 63702 14
68 99 13044 44
29 7 12253 78
93 26 19687 12
44 86 10787 15
26 81 71914 98
40 17 7646 37
36 43 77086 76
58 97 21506 6
91 58 49802 79
78 45 46639 2
54 29 42429 12
2 61 88516 34
4 46 96286 44
51 11 63422 97
4 73 25918 74
95 41 14497 72
83 1 29046 41
13 36 29782 71
1 41 37679 12
71 99 89515 9
87 54 14946 22
85 15 52937 76
76 79 67662 54
51 37 94606 81
34 15 16706 71
87 62 90889 97
36 66 49166 41
66 62 9262 45
40 69 92815 88
69 91 10105 52
48 82 32696 96
90 92 76146 58
44 6 51492 81
100 6 68519 32
39 95 89095 8
97 68 97515 33
72 68 49674 70
26 35 60607 80
20 53 2525 67
99 66 54624 13
26 78 97203 85
20 35 29500 75
43 46 25516 45
67 92 21953 98
26 33 36354 76
57 20 67009 85
23 54 83251 35
63 42 68895 49
16 15 34079 73
67 97 47938 42
18 98 40237 60
74 83 62138 83
75 57 55118 45
72 52 54726 41
49 97 23242 53
28 67 31461 21
3 59 62836 7
90 27 33692 12
55 4 4294 18
8 58 75248 33
64 48 1767 18
4 76 86592 94
16 49 7411 94
66 2 42412 76
19 36 13258 98
99 80 7739 76
56 68 82327 74
38 45 10868 23
21 41 33606 88
17 11 48108 49
57 22 83588 91
13 30 93845 81
72 38 29342 61
84 60 75181 14
53 68 12685 80
17 59 81507 26
45 64 10684 21
78 38 80085 3
93 43 94496 85
46 10 96171 32
5 22 87591 50
53 40 68800 28
41 31 75473 10
73 19 74908 78
37 92 32622 2
20 85 87206 84
4 94 63576 46
58 88 95043 99
2 97 79506 7
63 14 46176 72
69 79 66233 48
99 96 66535 76
67 12 34036 58
91 22 52964 17
49 75 69088 66
26 56 30853 89
6 42 64601 79
55 98 16525 39
58 57 69822 18
28 19 52472 63
5 45 61909 58
81 69 8496 75
73 68 12185 77
25 94 82192 96
92 55 58784 9
35 26 86666 78
30 98 5776 92
56 60 76933 42
80 31 11597 75
74 75 98024 61
96 3 82345 69
79 68 40791 61
97 71 45640 34
33 35 37334 67
56 66 80431 96
88 64 20441 27
64 98 36308 97
100 44 83777 60
35 49 96545 99
16 32 30790 94
22 1 80618 35
42 50 12211 63
35 6 31146 4
19 71 70456 2
65 4 23805 55
99 4 26238 22
97 57 10652 1
69 46 81729 6
17 15 23977 60
79 16 50322 76
60 82 9629 98
23 20 81064 14
100 38 60790 55
41 52 21048 100
89 38 33656 67
82 88 7507 52
65 85 34245 43
54 29 3339 96
58 77 31245 63
23 48 92995 23
40 54 90004 81
56 27 41871 74
44 61 16894 44
74 11 87614 51
38 100 7900 94
77 4 8862 90
31 14 42557 25
80 19 86011 88
5 42 99382 89
98 55 88205 26
6 55 74303 100
73 60 94018 73
84 7 38005 79
51 66 1569 33
19 56 54727 89
35 16 48898 22
76 30 55542 73
10 40 62321 85
81 25 73479 86
23 90 52149 30
34 81 4056 40
52 23 13227 96
54 46 39879 2
78 76 9042 74
84 98 30442 86
43 42 25389 98
54 85 34172 29
28 34 67572 44
99 43 64164 87
2 8 57690 32
2 33 43101 41
49 19 95388 11
36 73 44526 100
86 75 83289 96
25 12 96189 15
28 67 99147 34
12 38 52763 65
62 88 8306 77
45 3 92610 47
51 31 17878 32
7 100 64263 69
63 8 43103 85
91 38 33988 82
15 95 50669 2
62 12 22395 46
58 76 19195 6
28 39 72223 93
65 92 7103 52
8 61 21298 100
69 61 26481 6
65 31 41504 13
92 71 3006 63
8 77 42230 70
51 17 46080 75
77 60 34038 93
45 54 11620 89
42 49 14163 42
4 51 13360 50
96 25 37539 31
80 15 5790 52
58 30 11100 74
92 11 67786 5
97 82 61683 9
26 1 85970 33
69 4 8910 52
12 76 41496 88
37 30 23925 82
38 69 21185 48
97 82 34768 2
58 47 15316 70
56 88 5858 95
19 9 5954 46
88 10 12604 19
1 68 46579 20
26 46 82839 54
46 63 8119 21
71 24 86793 29
11 80 52032 63
88 83 14779 78
70 89 21702 65
16 33 94661 84
48 40 31504 27
39 55 6461 42
53 18 35593 26
30 59 74450 15
45 64 1551 100
99 14 69480 30
32 97 46490 9
91 26 99927 18
84 61 71544 40
15 88 55257 14
28 43 16289 88
21 35 55305 81
84 1 84137 52
91 3 56335 77
56 69 12145 85
9 41 34297 88
74 49 26953 97
68 56 12395 47
72 46 19142 9
26 8 4267 17
94 45 14237 68
98 81 23227 38
17 57 33624 15
6 47 49801 95
59 85 50029 88
9 84 37040 51
89 28 29991 23
12 3 62748 59
6 55 4550 43
76 62 23436 90
3 14 66869 29
89 28 38037 42
23 92 44880 1
35 15 83027 28
43 23 18911 36
10 14 17288 73
77 51 27411 56
20 98 53675 73
68 87 47510 65
66 88 95035 2
44 15 92352 95
43 40 46755 73
70 95 56881 83
30 80 72158 73
18 58 67360 63
87 7 14715 59
27 12 2765 80
100 8 79018 60
100 24 64766 65
52 25 81604 61
29 31 92805 78
39 33 38073 43
85 30 9937 38
2 35 8165 45
62 100 60328 38
8 10 97959 65
95 81 2784 3
74 21 3479 84
45 72 82541 20
31 79 5476 96
4 10 61566 69
84 37 74122 44
20 16 26971 57
96 5 86259 9
59 75 76701 76
99 77 68436 98
86 40 78912 39
80 6 15700 6
52 44 2578 17
51 14 68563 43
53 83 76523 54
72 38 81212 45
16 87 10311 64
98 68 45301 32
65 2 55917 79
72 78 46028 82
41 87 27658 81
1 50 19679 91
69 68 96587 80
90 7 9255 56
46 21 25835 33
77 40 58385 17
39 44 75585 45
30 90 47507 18
45 51 50330 57
33 20 18682 5
26 17 25340 70
79 52 6876 72
75 96 2814 31
42 83 15814 72
80 14 81355 24
24 11 99539 70
42 99 27735 36
72 66 89945 84
13 30 76071 46
71 6 84822 29
70 82 10538 7
65 60 34654 52
44 8 44091 76
84 48 19799 57
76 34 57687 56
41 73 53574 36
11 36 63246 74
51 60 8916 11
93 43 77883 86
48 13 13272 56
20 95 51306 74
94 37 99931 13
41 72 56500 63
21 85 97732 41
84 63 20617 68
63 98 34405 98
75 64 25809 48
72 10 29307 38
18 87 31070 97
22 85 44307 19
61 2 21211 81
65 61 8157 67
29 71 67213 72
39 5 89433 35
26 35 67690 30
67 87 54136 74
14 66 55594 57
17 63 99167 3
73 45 93614 29
44 99 94728 12
97 65 52376 1
18 23 26853 37
80 11 76937 15
79 51 76784 59
10 72 50016 53
47 82 3695 9
21 28 71789 74
65 23 61668 42
81 92 66864 43
27 32 74817 73
88 62 30811 47
99 32 44959 47
91 59 2198 23
41 62 40656 24
19 4 80616 80
71 5 82111 98
68 79 58329 97
97 73 97460 87
28 45 38064 50
33 40 26393 36
9 5 81717 33
12 44 42608 85
8 86 15795 16
35 16 70446 93
56 31 83389 32
17 4 63705 57
89 62 43429 19
68 64 51857 87
75 63 65728 2
23 95 80494 94
70 84 22454 64
91 5 49304 25
5 36 28093 80
84 94 59302 90
70 51 83707 64
15 92 89111 62
92 94 89759 74
23 64 4929 77
35 12 87070 45
57 24 26256 60
71 94 29855 59
52 74 51884 55
18 86 67535 30
63 69 59080 34
18 47 80851 33
61 58 20387 81
72 60 10909 93
5 40 56828 37
58 91 31237 98
44 28 61508 65
62 29 36380 83
61 100 88487 34
69 41 17286 89
54 66 12296 91
21 92 21535 22
55 72 5437 66
59 72 21839 38
89 94 18693 69
6 94 26091 17
100 4 97502 10
2 4 75828 1
81 59 36820 63
93 6 73057 29
48 13 1538 85
19 47 16014 63
13 6 64261 68
79 88 66594 40
50 59 64759 38
10 37 48520 4
66 96 67395 42
59 26 51182 77
62 29 85694 28
59 36 71264 48
65 11 5716 93
78 54 60599 93
53 2 95174 32
15 93 94854 45
64 8 13081 56
11 77 12323 99
56 20 53039 37
55 71 58471 62
77 79 52947 99
5 71 68454 94
56 29 55743 30
71 85 60580 88
82 29 71890 77
95 82 98973 41
14 40 50411 37
70 57 86666 23
62 44 61648 89
25 29 63720 50
35 74 36517 52
12 93 77813 49
20 69 88647 52
92 48 37890 19
40 65 56269 25
39 71 37184 66
35 29 57571 60
21 7 7632 28
51 78 90917 42
12 81 77867 99
91 7 43191 84
76 11 24526 48
53 90 16403 21
25 44 31982 100
25 30 59515 53
93 75 1723 99
46 92 89747 82
83 54 62497 28
72 48 31164 5
11 89 34884 7
49 30 64099 74
18 88 44776 36
70 12 98655 55
58 16 16052 71
80 23 58718 64
29 25 83465 95
56 93 25757 13
39 91 47881 38
61 35 62277 11
44 52 69181 100
83 96 59764 52
97 65 74432 29
60 42 65468 9
19 80 18033 18
93 47 3539 91
10 60 44679 68
84 15 17872 93
16 78 5298 57
79 14 61438 52
25 49 74175 96
99 35 17645 43
76 95 11409 15
88 43 3268 57
78 5 96006 2
59 92 68912 6
22 18 97254 68
3 55 98474 37
38 56 69899 16
69 51 96048 52
82 19 33823 13
72 75 1291 53
95 3 2982 80
34 9 20594 42
47 32 4154 45
66 84 24596 17
47 58 64187 73
60 92 31023 66
23 10 91007 16
56 44 70743 61
68 89 10440 80
99 93 43236 58
47 51 83655 99
97 12 81457 2
89 45 53048 87
63 34 65542 15
53 71 25872 70
20 44 48051 37
93 31 33071 47
96 5 92832 95
10 68 65563 10
35 26 51823 39
92 88 25542 11
66 63 8033 80
1 33 51103 24
20 9 46575 78
36 57 55353 80
43 88 37295 51
5 6 19055 66
4 100 97978 23
100 5 18704 66
23 28 9753 36
83 42 53077 29
93 48 95943 95
99 27 73446 74
23 90 54550 72
68 13 35174 54
8 3 67044 6
21 59 30066 27
97 50 18804 18
52 56 40666 93
92 76 80863 89
20 35 48469 86
47 100 45870 21
92 4 5909 26
63 9 67703 54
17 24 30504 28
22 41 50356 2
21 44 18382 95
40 32 74329 71
12 35 89073 50
83 53 2063 96
59 28 35258 62
14 59 38548 8
57 42 32109 80
56 67 92428 9
74 23 23577 24
80 71 10442 68
80 51 36674 39
52 95 27824 55
67 54 39069 66
13 75 32263 67
15 49 75549 92
35 1 84735 73
2 73 1816 52
91 51 22645 42
58 99 79515 55
57 35 76318 98
49 14 42434 9
5 24 20575 66
74 88 58819 94
27 87 38315 75
17 14 14177 74
35 77 64077 28
39 90 2225 96
25 49 77098 65
52 31 47924 6
92 8 71400 24
38 70 30241 46
38 2 13253 76
61 38 6505 13
17 35 93719 33
74 32 39789 78
79 95 52908 84
88 98 71682 91
57 71 29147 22
77 88 89186 5
46 74 9894 21
34 40 56730 55
74 54 71808 85
96 43 28504 76
24 99 3741 6
59 33 7785 17
3 32 67891 23
23 82 27767 82
70 10 36854 63
25 33 28239 26
98 6 22524 64
64 70 54475 69
79 16 86098 22
9 34 84494 26
27 92 59775 47
40 83 67409 90
99 54 31223 1
92 34 9548 10
19 87 57302 14
61 35 38772 36
14 39 82727 78
2 97 95716 72
83 44 31787 84
7 26 23717 13
23 100 97746 14
64 95 79332 99
78 71 37983 30
39 33 24079 8
37 98 97445 32
60 56 51308 56
74 40 13004 4
37 76 8233 39
53 55 12887 37
74 9 39200 86
43 57 17204 53
72 61 2239 81
67 50 55722 30
78 85 43758 49
26 3 77729 37
1 19 21483 1
84 58 56458 80
5 54 64542 62
10 4 62156 27
97 52 90364 45
90 30 30904 10
67 31 31601 28
52 43 43674 44
63 69 44246 22
76 59 99723 16
32 16 80254 2
75 24 6959 48
15 26 93709 72
31 87 89001 87
53 98 10883 77
65 24 31921 19
32 77 69110 29
91 89 82701 20
23 38 79985 25
58 1 80841 33
64 6 3008 80
60 42 4923 60
47 96 47240 54
27 90 56995 89
28 3 94366 58
36 27 84009 45
33 8 48976 63
63 8 41417 77
83 74 15559 48
91 16 86464 55
72 4 88761 64
84 26 30552 68
45 62 65449 22
64 42 90760 50
82 63 15367 96
32 70 92758 18
76 16 95474 69
10 37 20697 4
52 80 16302 58
88 85 87796 27
75 10 10929 29
8 22 63804 20
82 30 34576 3
92 53 56389 95
48 70 73598 55
31 57 47143 17
79 27 11358 90
61 75 74371 22
92 12 5178 7
77 75 81883 89
29 94 22891 30
87 58 89434 18
54 77 25267 25
21 24 23401 16
39 53 18779 55
37 96 87202 14
81 29 44190 28
74 36 14852 40
40 38 8466 91
52 100 3195 25
52 28 19210 91
71 41 61859 41
96 10 56448 26
71 41 37778 50
69 58 73997 6
85 95 75070 78
67 85 88452 86
22 16 78293 98
62 37 62240 82
70 49 66007 83
66 8 88390 11
12 24 37332 45
72 52 61790 56
77 92 30967 31
9 64 97394 35
22 60 16538 69
21 78 59202 34
1 74 49732 2
80 28 86001 41
1 40 17865 73
31 19 57180 22
47 89 62084 76
58 56 96867 68
65 62 87046 76
45 61 75307 54
31 55 4340 38
96 50 8318 36
55 5 24412 41
63 76 72874 10
88 66 30167 79
8 69 51020 35
84 21 89165 35
100 46 11470 86
72 86 56895 37
79 6 89569 61
58 72 1387 34
68 5 12263 40
24 56 24118 77
57 36 58968 80
3 80 56111 75
84 11 80114 18
31 50 41126 48
44 91 19420 38
48 56 66345 49
35 7 65445 27
96 56 92051 97
51 80 1995 51
45 5 40149 60
69 11 8710 89
26 5 43980 91
4 26 54129 91
56 61 57230 8
36 17 91837 18
16 32 78335 63
20 3 44103 29
32 6 11908 97
90 79 36767 41
52 68 77149 62
19 11 23343 48
54 92 29069 19
37 13 43503 84
77 19 61670 90
48 35 51084 19
43 47 33407 4
100 57 44209 70
87 38 61779 100
95 22 31791 88
44 95 70644 44
91 28 41333 98
51 54 50729 76
23 5 95627 44
20 99 54576 62
59 48 72141 88
26 29 34760 41
59 48 26258 7
60 18 85514 46
81 66 70739 72
20 9 43456 90
12 18 57120 72
78 5 78852 19
37 21 64297 50
25 43 27211 47
29 1 86501 66
46 52 54194 71
46 90 58105 57
14 24 19317 82
73 80 7607 16
50 25 19784 91
77 3 50799 58
34 42 45389 79
68 57 83145 93
72 63 24298 75
5 8 13492 82
33 90 12190 50
28 62 22444 28
42 10 17504 21
70 12 98414 99
6 83 43332 42
59 48 37665 8
80 12 16958 40
91 23 72313 3
56 19 65052 84
93 16 70210 28
19 66 70777 49
99 45 10616 58
4 72 91070 33
73 74 34017 100
1 29 91847 68
80 99 7793 51
99 35 40727 4
62 83 94820 7
54 90 30066 86
31 28 90081 94
4 37 14864 95
100 34 8229 18
27 22 89509 71
44 2 74087 80
90 28 12358 54
52 35 3386 45
82 86 70576 91
66 10 2544 37
68 44 92933 94
86 8 62654 61
91 5 25348 27
75 1 22567 96
92 10 29427 77
53 89 87442 29
26 88 26561 81
70 62 78883 64
12 96 2063 7
56 55 26322 78
49 48 46870 33
7 28 88163 71
56 66 55079 60
2 32 99112 4
42 73 69736 78
42 89 40644 40
58 6 67043 47
41 6 30928 18
10 87 88185 88
79 18 81055 97
49 8 54031 56
96 46 69449 94
3 40 30312 48
10 16 94729 15
1 52 47466 3
19 10 72682 54
90 35 97314 41
73 28 28973 12
88 10 72282 23
50 44 7810 59
11 17 5022 71
85 81 6269 25
93 50 18033 31
26 71 47779 26
51 64 8198 51
40 70 82395 34
23 7 1956 99
30 63 83983 13
61 32 26084 41
77 46 56655 10
59 66 35469 1
67 38 71325 41
100 84 63625 100
2 6 51491 54
94 48 10278 50
57 98 95622 34
12 13 71314 64
27 46 99632 32
93 46 57018 60
54 32 32752 70
82 2 51561 45
93 67 47922 34
51 5 78746 10
8 63 18718 26
4 55 84820 87
23 4 21142 42
90 12 39013 60
23 14 8722 41
4 18 90050 54
24 61 37900 87
22 51 87324 57
59 1 95799 77
15 76 22187 2
72 90 13179 53
66 12 73005 87
8 37 69685 46
1 97 58451 95
22 30 18946 75
75 77 27678 40
54 60 5840 71
54 85 52876 81
19 86 49095 31
18 79 12960 5
40 45 10842 61
48 59 48608 89
91 13 99798 55
26 82 62581 76
79 43 24218 45
39 20 28740 55
52 66 78751 98
30 20 58505 10
26 56 59989 39
46 89 16772 16
20 35 26651 18
89 60 48649 35
55 79 95777 77
80 97 17831 49
79 10 43792 63
17 64 92099 49
18 83 6229 35
79 46 2296 60
43 46 21319 87
98 35 75600 27
23 65 17427 11
50 62 45655 54
60 73 9098 88
100 42 40622 63
59 91 41855 93
57 70 14662 59
84 86 16330 75
79 97 68882 6
40 8 39009 26
40 56 43118 23
86 49 26373 62
17 65 79327 19
80 46 90189 88
7 64 3770 61
63 90 43429 15
57 18 2501 93
39 50 21723 85
82 17 20766 59
79 37 19582 68
28 66 33753 56
71 81 21052 36
96 85 53691 14
89 85 70240 97
91 30 83278 91
45 15 40419 89
85 63 51733 6
47 28 26682 22
29 22 17036 43
94 23 1500 64
97 72 42063 9
22 3 42364 100
7 28 58398 35
12 19 65249 92
28 18 18315 27
28 26 54856 81
98 46 39444 37
32 37 80146 60
55 64 80422 16
13 82 67364 99
71 36 78511 81
12 87 81558 20
82 33 22308 48
100 10 28293 63
21 46 94414 49
76 53 93303 86
83 91 30348 100
98 15 23255 73
17 85 45118 16
14 90 34384 27
65 36 35148 11
16 83 4746 85
9 59 25709 2
3 17 59810 39
56 74 28909 8
7 48 57260 37
97 75 78221 49
17 40 51263 24
70 15 51350 38
43 52 76469 85
52 43 53775 79
74 99 44681 13
94 11 28005 27
12 74 20279 34
19 27 38111 25
19 25 69075 85
21 77 19681 16
83 24 24885 48
42 1 27268 47
69 84 96858 80
42 96 41457 28
16 92 8467 69
9 75 55143 63
65 93 20823 48
21 53 60316 54
77 47 6540 63
51 32 39819 32
10 70 39331 72
87 67 28435 25
72 95 93960 19
51 7 23266 87
35 66 17032 95
88 39 97923 62
15 82 48089 96
78 59 81228 15
56 76 89073 17
7 96 40805 34
93 97 47957 84
85 99 88619 50
18 98 22806 3
13 38 17526 42
100 11 97391 66
17 21 68237 96
48 44 98352 65
86 32 35855 5
7 87 12020 39
79 1 77453 61
13 75 42401 64
15 13 92375 16
2 29 39460 61
85 77 36989 63
33 100 29348 48
59 65 93741 82
12 28 81990 40
13 81 56286 23
