100 109 10
1 94 279 31227
94 20 789 99590
20 24 415 32204
24 76 46 21955
76 50 750 5114
50 47 121 40976
47 25 528 98236
25 96 210 41784
96 48 970 58607
48 73 577 51732
73 70 198 40034
70 93 660 8163
93 69 402 62786
69 79 717 67106
79 34 366 81386
34 37 658 10768
37 30 223 1468
30 31 416 6997
31 66 335 77520
66 9 997 45103
9 8 946 49843
8 51 674 25027
51 97 809 25144
97 4 808 49006
4 91 598 11550
91 32 734 22342
32 95 990 41081
95 2 364 61085
2 61 533 52565
61 81 931 59582
81 28 844 68535
28 45 546 65751
45 71 321 18381
71 3 121 42066
3 78 810 86331
78 6 201 97311
6 46 900 56668
46 41 258 27531
41 19 650 76543
19 27 698 26700
27 40 203 37878
40 55 826 48157
55 53 266 50409
53 99 329 86949
99 10 851 64332
10 29 189 20166
29 14 130 16077
14 87 820 59357
87 21 494 97445
21 67 639 66194
67 18 2 97999
18 7 900 17327
7 72 342 66402
72 36 259 31734
36 43 477 5759
43 13 834 77286
13 60 238 87809
60 68 294 99028
68 23 207 78724
23 57 627 70599
57 33 64 2740
33 88 323 60924
88 82 119 29621
82 17 346 62828
17 58 335 51685
58 15 841 21992
15 26 931 63118
26 42 847 87861
42 80 347 17768
80 5 559 82975
5 63 529 24457
63 35 635 56133
35 65 859 59043
65 62 396 32317
62 85 227 2506
85 92 384 94398
92 39 430 14758
39 16 837 43493
16 56 652 67222
56 49 145 38044
49 38 739 75378
38 98 502 88714
98 12 196 83040
12 89 380 36788
89 74 342 35456
74 44 297 71545
44 59 887 10158
59 83 15 45713
83 77 664 4885
77 22 267 60749
22 86 616 60207
86 11 194 54635
11 52 493 49723
52 84 879 65047
84 64 884 71594
64 54 781 73081
54 90 698 40923
90 75 330 30013
75 100 355 86299
2 96 12883 98
22 72 64430 48
34 48 75124 63
30 6 46398 32
41 90 28410 41
58 13 71251 38
56 1 48437 65
14 24 59593 88
96 21 14427 4
75 48 71836 7
