100 199 10
1 95 970 46874
95 35 825 98523
35 52 239 39769
52 90 640 40061
90 62 871 72710
62 56 212 51377
56 59 416 27308
59 76 879 55840
76 55 558 87040
55 40 917 36264
40 3 981 30347
3 64 895 73473
64 57 269 22637
57 77 547 58559
77 72 267 74761
72 33 414 80701
33 91 644 76019
91 15 189 86468
15 94 232 54629
94 78 396 28189
78 80 771 45681
80 22 529 95590
22 98 2 57184
98 34 354 27318
34 25 398 97347
25 43 398 87728
43 68 64 89020
68 29 395 83768
29 66 559 92631
66 51 466 84042
51 28 601 92957
28 42 621 54696
42 41 573 55529
41 71 632 43708
71 48 896 74371
48 69 286 43399
69 14 613 70889
14 46 861 23046
46 65 853 97530
65 47 995 26065
47 24 909 12544
24 97 310 44237
97 30 784 14938
30 81 151 48526
81 60 283 42768
60 23 664 60637
23 96 117 77115
96 10 838 16186
10 85 536 72030
85 86 417 42300
86 79 654 9085
79 12 416 20052
12 26 22 56297
26 73 697 19664
73 63 483 77976
63 39 665 99737
39 7 473 61662
7 50 266 60269
50 19 501 98702
19 37 926 20241
37 18 960 33308
18 16 977 38749
16 17 257 42587
17 61 13 10770
61 21 498 59227
21 2 763 59433
2 54 320 35309
54 92 450 97911
92 67 375 91516
67 84 124 56129
84 27 281 2185
27 45 253 84129
45 82 266 69706
82 44 841 32957
44 32 369 55194
32 31 930 52451
31 99 797 67735
99 9 670 1127
9 83 742 94925
83 11 405 65466
11 4 267 74597
4 6 50 71634
6 53 128 15583
53 36 232 73820
36 93 369 80948
93 8 901 20784
8 89 901 46893
89 75 624 55559
75 70 618 66618
70 5 594 23180
5 49 42 64239
49 88 727 2514
88 13 122 57639
13 38 214 1042
38 20 690 48955
20 58 758 20027
58 87 686 74733
87 74 464 71176
74 100 116 94385
10 75 11021 59
55 16 57004 67
80 97 59545 7
55 9 51419 92
33 56 93849 83
7 54 76013 47
82 54 93869 23
79 39 84910 60
52 46 55553 52
56 1 30243 98
12 75 77155 79
5 25 58407 18
37 47 41384 27
12 66 52685 59
34 10 78278 91
45 44 28706 69
63 62 22797 16
48 6 96319 30
62 9 85655 55
81 89 59358 52
72 89 42521 83
79 89 46551 16
79 22 88938 8
17 79 24671 63
5 61 27446 87
21 59 19349 46
72 36 71302 69
27 65 75077 88
74 91 52366 7
56 84 20479 66
39 23 98171 74
100 7 63427 25
72 86 8582 19
18 78 43062 95
7 75 68690 95
20 3 64740 48
100 28 41707 50
55 80 95504 56
76 18 4311 94
78 71 85599 51
23 41 60273 65
5 27 34083 64
95 94 48947 17
31 46 76454 99
28 6 73616 62
12 35 32395 61
39 100 45630 94
53 97 82538 62
92 86 27854 43
77 94 18136 69
61 8 85497 30
72 39 23144 21
2 24 15879 27
68 77 53319 54
68 19 22968 64
28 85 98890 22
33 2 33206 96
26 49 29389 100
69 79 85426 63
19 82 81226 71
61 56 98347 60
1 40 29058 35
15 80 24949 25
77 49 58835 65
26 17 26877 92
83 51 77151 12
28 72 85671 78
46 2 86232 16
13 48 84841 52
82 89 29649 37
40 87 60755 25
100 19 3654 79
67 69 15256 20
27 67 17776 15
67 96 31766 18
93 6 28205 53
86 39 67243 92
15 10 30726 84
6 50 91770 76
16 46 76398 94
45 30 55085 25
79 66 11166 100
15 40 75449 2
5 4 1015 69
69 91 3781 19
50 28 91877 64
75 95 16369 16
77 76 21098 9
64 40 51378 11
34 54 53213 36
73 80 39741 86
80 25 67672 12
85 35 64646 15
88 53 22986 65
29 4 9998 97
65 99 60892 31
88 69 33795 78
51 71 39605 25
2 60 35484 59
84 40 18509 67
