100 1099 10
1 44 685 99412
44 13 994 14650
13 49 385 82879
49 58 967 13097
58 33 657 52775
33 5 892 35997
5 26 680 59918
26 8 900 19971
8 70 164 82600
70 40 742 21972
40 10 7 28086
10 9 570 68450
9 93 829 70039
93 51 330 1581
51 18 917 33180
18 39 30 43191
39 59 613 26277
59 85 735 24421
85 68 898 53858
68 77 408 41672
77 82 915 34572
82 29 691 10504
29 88 710 28540
88 72 782 85366
72 23 905 41566
23 75 127 13512
75 54 295 77562
54 64 971 37831
64 41 41 20664
41 30 48 88158
30 78 363 87201
78 52 850 20702
52 90 108 36672
90 24 435 10803
24 16 214 25829
16 21 945 10208
21 95 903 4465
95 91 671 64460
91 87 71 14902
87 76 643 92230
76 89 191 21108
89 80 295 71267
80 25 130 6182
25 43 742 58817
43 55 497 9463
55 63 680 26735
63 73 630 55026
73 14 25 96954
14 98 351 73057
98 20 640 66113
20 45 998 7018
45 36 996 94375
36 50 919 40749
50 34 679 40545
34 81 632 59637
81 38 269 7223
38 57 321 21328
57 69 828 8491
69 65 460 90603
65 2 143 85129
2 92 195 59211
92 27 608 17309
27 96 966 46814
96 11 441 34471
11 86 33 42227
86 22 807 6850
22 61 790 42837
61 74 791 72602
74 46 629 94228
46 47 370 46136
47 35 874 72803
35 48 709 82657
48 42 83 70150
42 56 576 36431
56 12 559 67074
12 67 170 56776
67 4 399 62027
4 53 698 48757
53 66 965 40121
66 19 272 5483
19 99 920 58029
99 6 904 93521
6 7 627 63304
7 79 500 77788
79 28 119 83870
28 94 477 11843
94 32 831 91587
32 83 904 16510
83 3 682 75339
3 31 363 38591
31 17 409 19322
17 97 152 93400
97 37 565 90958
37 84 993 63007
84 62 533 14434
62 15 73 47411
15 60 541 97441
60 71 330 19190
71 100 791 36381
90 37 3856 32
27 9 89693 36
83 16 78630 89
46 3 13183 3
54 42 68317 21
49 64 44651 7
50 41 63555 59
71 77 74060 14
51 21 94695 5
77 56 54977 5
70 64 23654 53
83 67 33083 99
7 48 38924 44
7 50 73969 37
55 99 17056 36
68 88 55294 99
25 69 60405 56
10 71 78018 19
53 97 62353 23
60 19 67572 75
87 80 25212 62
84 73 52545 35
22 84 1820 37
54 53 24630 66
21 36 47721 44
18 45 93307 72
89 88 51777 96
63 71 90024 28
6 60 56860 54
75 100 4501 67
69 29 97450 74
78 1 27995 88
23 44 23058 96
90 2 76752 9
31 10 52727 19
24 27 87836 1
35 85 45491 52
27 22 72662 65
91 25 68924 29
22 7 97567 26
74 76 65190 6
19 93 22028 95
30 66 42314 66
46 54 23633 87
27 64 92568 13
12 49 90647 23
80 67 27517 89
35 69 92273 93
23 22 68161 87
68 31 93880 45
49 55 60062 99
66 42 9650 32
10 89 23498 90
20 56 53005 78
2 63 83293 54
37 55 99462 45
91 71 30482 9
57 16 28242 38
57 5 37871 71
40 51 17754 65
34 35 4052 78
37 22 60540 65
58 49 61288 90
88 93 48877 17
92 65 85067 42
90 88 46226 32
17 82 8287 3
84 67 44595 47
86 47 84527 43
69 87 40804 25
59 57 16739 62
46 81 13222 17
36 92 92415 98
48 25 50465 15
82 64 91411 92
81 19 15626 75
2 56 50192 59
59 35 32030 80
10 98 8062 86
97 63 46581 4
80 66 90833 45
76 16 45338 34
83 66 93085 45
72 1 95703 19
8 78 59022 34
52 53 97930 55
74 46 57117 84
9 79 25644 61
17 40 55749 34
16 83 29439 27
31 66 51653 42
60 91 93325 73
41 59 38072 64
82 49 51185 21
1 73 19978 86
77 33 40117 8
5 60 86276 95
18 62 26410 62
66 28 53850 71
27 59 4670 12
34 44 99389 32
3 12 85587 3
93 97 8985 38
67 9 34354 12
73 10 93451 24
62 14 77139 91
33 84 3127 74
79 84 90095 98
5 94 29701 63
45 8 75166 29
13 95 68692 68
85 74 74680 95
47 57 93045 83
54 45 88526 44
30 65 12634 75
42 67 90285 83
15 48 16566 6
24 3 5995 59
59 96 96735 7
29 93 3976 48
30 98 17635 37
21 93 92471 34
62 69 97710 37
9 95 40128 52
26 15 89321 32
55 58 38847 98
72 76 51573 25
68 83 43273 82
31 82 50731 90
40 77 64685 18
52 96 36104 90
99 18 98793 95
70 57 36666 90
59 90 50282 93
1 67 40219 44
78 52 79254 84
41 21 56157 29
93 95 48962 78
33 30 73751 33
68 44 81631 52
39 36 34691 62
14 2 2453 66
72 77 79996 82
20 93 37739 34
70 48 41661 17
46 71 60951 47
77 2 12320 47
23 57 78754 51
17 32 3674 10
16 15 50390 94
90 43 25752 54
66 69 43749 21
29 78 55392 24
54 19 31905 76
29 58 54889 36
49 53 10277 92
73 55 30881 74
44 6 22905 65
73 26 17174 40
79 4 46231 66
76 63 77885 74
56 6 50678 41
72 35 6683 75
91 26 81226 40
30 10 24550 52
5 97 71055 21
57 68 47474 59
96 16 8160 35
52 63 99586 55
53 40 89331 63
100 12 94740 43
95 83 70908 77
88 54 44255 18
58 73 54324 17
44 96 96158 44
50 91 79063 66
70 19 34742 95
66 98 50967 59
21 2 59529 20
82 70 21313 35
76 4 59060 75
94 7 4265 24
90 63 53085 56
20 28 28782 97
49 10 92702 82
92 66 50671 50
44 23 82053 31
87 27 96706 47
19 28 61130 78
4 67 92770 77
34 14 68314 63
5 30 79376 78
35 30 77634 29
1 96 39270 43
89 21 69568 36
56 8 94177 100
46 18 24558 69
23 78 47769 85
12 42 81394 100
34 36 75174 58
42 24 65095 45
99 76 83987 71
66 21 75162 54
18 52 86716 38
31 86 18167 43
33 85 31136 57
97 51 89597 31
23 28 40855 1
13 83 37715 91
45 8 43374 41
38 63 99228 11
89 82 64290 11
36 14 10489 20
22 1 10436 90
20 87 33552 35
65 34 18135 26
84 35 39811 90
46 87 88666 69
6 51 85385 24
42 98 66168 39
96 84 53277 4
27 32 10453 85
40 89 98889 94
8 86 29507 10
91 13 36081 19
27 14 8072 18
25 53 37858 82
48 2 22174 38
37 54 24354 21
89 84 92734 3
71 7 68946 29
34 93 75386 13
75 81 3284 46
21 42 3250 67
7 6 64095 37
33 50 22211 9
14 73 4952 65
36 63 36070 37
70 80 24110 37
26 24 80553 41
92 15 29825 65
43 25 99196 46
10 85 34192 12
55 74 8058 59
99 44 55579 7
46 26 24424 24
98 71 54340 96
64 54 76940 24
48 6 25683 22
41 89 60536 86
50 12 37799 18
5 3 93282 28
74 41 86408 45
68 28 65892 49
56 36 71322 69
23 99 25419 70
58 41 38610 71
34 47 27428 97
85 81 50396 8
65 86 11472 37
15 65 66218 50
42 20 93963 87
10 13 33056 99
30 97 99064 56
72 63 45715 56
9 63 36463 40
51 5 77707 72
78 29 61724 77
35 100 65740 79
55 25 16040 28
68 91 80632 49
23 97 72424 14
66 15 65568 94
56 88 53285 58
70 55 28124 13
55 77 52139 77
62 86 59760 5
73 22 62119 56
38 34 86606 82
93 97 73406 39
20 9 40712 47
79 31 87472 51
56 26 64175 54
66 38 50754 11
30 63 5224 4
44 25 9216 13
91 17 64454 58
30 45 53909 56
42 43 80316 8
36 29 53332 41
100 14 5435 100
1 6 55845 56
13 48 96763 95
64 89 74684 80
57 8 92378 27
49 53 51336 13
31 75 74894 10
26 32 54591 25
90 85 43379 52
97 2 19653 77
30 42 72443 26
24 96 47712 55
76 85 87964 45
20 41 64012 68
19 62 27778 97
36 53 4820 7
90 82 15215 40
40 79 74855 30
91 13 7245 94
91 19 1327 73
82 49 38483 66
3 14 79927 20
47 51 14486 47
96 35 88364 91
82 32 28070 4
78 100 22856 6
31 91 69421 84
74 30 74344 66
58 39 98873 86
61 77 1494 85
32 94 6434 88
38 8 27453 34
28 75 99081 79
68 7 71638 63
71 44 86796 24
95 20 68255 10
30 91 51934 85
55 37 69863 77
36 22 82677 1
72 24 11239 87
65 54 83656 12
76 89 59088 78
9 16 85455 58
72 49 95529 64
30 62 32924 22
13 93 71261 20
73 38 35710 35
40 41 83363 98
73 94 3666 84
49 76 90399 63
11 82 73767 60
41 66 79241 88
80 7 77796 61
79 3 84890 34
57 63 99425 78
79 56 60077 95
81 4 97543 5
12 83 75631 16
44 5 81150 66
48 86 14103 87
66 76 63000 34
18 32 64398 59
47 40 60331 15
42 73 15356 7
36 17 81422 21
35 45 84891 15
61 16 7234 42
70 55 53359 14
68 41 45654 59
48 53 92058 54
72 65 96747 21
72 99 36941 63
19 46 46951 91
1 33 1001 15
66 25 57368 51
10 56 58132 72
23 27 77529 47
73 77 64843 94
35 78 38145 86
1 43 47617 81
16 58 40815 23
25 8 23746 39
58 13 50504 74
4 29 69177 14
33 14 40412 50
42 80 33148 72
71 4 49106 55
91 34 62759 15
8 78 72331 7
24 8 30651 47
60 25 77699 48
79 13 21690 6
40 55 98123 91
45 90 45315 42
20 1 88277 24
100 15 98200 79
68 63 26098 53
53 14 41231 100
67 11 26583 76
13 34 88628 22
24 32 78449 8
76 25 30141 60
42 14 48617 16
59 54 18570 83
23 70 30147 1
88 39 35223 21
18 40 95020 79
81 21 44769 92
93 19 21957 66
5 42 98210 79
36 53 16002 37
94 64 67653 60
52 12 39341 72
48 55 85390 22
89 7 59321 88
87 67 75644 96
5 72 12665 82
41 12 9428 76
85 16 47840 55
24 84 87236 48
84 18 30411 100
56 29 28113 92
69 37 91160 38
28 76 22495 32
12 69 40417 52
2 12 43894 7
56 100 97350 60
28 96 79322 25
41 42 24125 4
26 9 20536 81
73 49 56948 41
15 59 47403 7
92 2 81100 36
86 29 76110 4
26 23 59859 18
17 5 33220 89
81 64 74802 35
41 75 37843 54
69 86 5220 52
58 42 68325 57
76 5 35696 39
24 2 23979 45
68 19 46870 76
54 87 85314 74
31 17 31189 52
18 75 27226 23
9 65 7867 44
90 3 51554 51
55 34 9652 8
78 45 94128 70
45 22 73244 40
34 60 16495 35
31 94 49032 13
78 1 94529 93
34 7 10122 34
48 74 8501 83
41 15 11908 10
98 18 99485 89
45 9 16970 98
87 94 52726 30
95 51 76795 1
58 54 73600 97
56 81 90139 6
48 15 35590 5
98 26 89582 39
17 97 30767 76
66 9 35393 50
53 34 24110 74
93 86 4934 82
95 92 79689 81
87 69 24159 19
83 76 15346 11
31 23 55002 53
33 74 69664 49
34 79 62924 99
74 3 94697 61
57 60 87564 13
23 82 28956 32
61 7 92909 69
49 91 18989 39
76 34 99607 37
66 39 61876 67
53 48 10074 15
23 80 26765 25
29 44 55663 8
76 30 68030 59
80 35 55209 33
20 17 28074 75
79 63 81108 46
37 82 6995 74
84 19 67201 65
31 17 21530 67
59 18 26961 24
81 96 66755 44
16 33 31876 87
36 77 30943 80
12 70 52841 28
70 89 15184 90
52 7 54104 50
54 42 98213 91
72 38 51656 83
33 45 36179 58
3 10 96864 82
48 59 14269 99
26 74 30932 88
53 89 79219 22
50 95 46644 62
61 27 32326 55
59 78 72663 33
88 82 9004 27
92 69 92505 76
49 73 36347 18
47 86 34626 43
48 96 5616 73
6 4 74037 51
14 24 14237 47
11 79 14800 39
45 93 38158 1
85 28 9437 38
21 86 70679 75
76 73 39492 3
99 80 85295 7
76 44 66127 6
57 100 49933 80
27 47 67771 88
80 29 5744 87
84 7 8380 75
53 60 39427 60
67 80 70275 50
66 21 30101 70
8 62 22073 23
64 41 63262 18
83 52 26139 41
7 79 99587 93
30 70 95320 30
39 38 56389 5
57 38 34547 91
62 18 23077 58
76 33 5383 65
38 85 36007 83
74 25 57538 47
19 36 23764 8
4 45 12299 37
4 10 21857 17
5 66 45456 10
68 93 71100 81
70 76 12884 82
24 56 31448 49
80 85 24906 65
62 50 60616 39
53 10 62453 91
77 35 18921 7
36 49 59507 33
87 83 71494 42
64 88 32427 54
27 62 76340 56
8 43 80408 44
15 6 75077 76
96 5 89224 98
77 3 56305 43
93 49 78074 67
20 34 24432 12
97 40 83834 38
71 4 58782 14
21 24 36011 9
66 51 49565 17
30 55 24851 1
18 63 35687 73
14 56 79557 52
100 43 29662 59
84 16 49243 88
85 81 70573 38
90 58 21956 28
40 20 13375 7
8 6 85095 39
42 45 65898 58
41 37 31651 10
45 81 10586 20
84 63 70215 6
28 94 57470 51
65 88 56575 55
46 92 87467 84
50 51 84006 35
46 97 65223 45
42 100 13109 71
64 30 18470 46
83 57 17217 39
62 93 22921 11
96 92 30267 88
25 2 83636 69
46 34 86007 74
67 10 13956 77
92 79 62919 66
90 17 5212 43
64 77 37804 91
35 40 15735 32
22 9 14754 89
28 79 94369 7
78 94 32579 91
35 43 44670 6
64 82 25225 45
35 25 86465 81
17 4 47479 33
97 41 95402 82
66 4 33674 11
95 94 94803 76
45 11 25452 55
72 17 57145 57
38 80 48260 28
71 41 19924 69
17 22 37942 51
25 83 11748 84
43 66 34366 41
77 22 88726 98
11 24 75448 57
28 90 38074 77
29 31 66021 85
33 66 18197 77
39 59 38948 63
88 54 7313 11
53 25 63585 6
96 1 11857 59
6 85 58379 3
67 40 10472 89
1 24 26973 59
63 75 57975 98
9 60 50895 61
68 90 7934 58
59 91 21361 35
17 6 21507 14
13 86 3392 51
66 95 14589 3
65 58 61869 8
77 18 96338 95
3 44 70520 50
3 15 93175 19
100 7 36643 39
62 30 85271 30
52 43 47366 7
88 72 56268 99
16 33 8548 51
74 8 97007 31
18 2 36472 43
79 100 24844 9
39 19 71486 58
98 78 23567 8
81 44 62404 61
83 74 21728 88
20 92 56636 15
67 71 99945 43
41 8 5374 48
87 65 52358 23
5 26 79361 51
87 76 73276 27
84 9 75088 40
6 78 79125 85
50 85 77607 58
77 96 20307 31
61 11 19123 75
37 76 33743 8
93 77 94629 94
28 60 31188 30
68 6 18082 74
88 73 77107 59
52 79 23484 79
85 27 19326 52
76 20 65180 1
60 15 28594 14
10 29 34263 100
61 51 23213 66
94 16 71185 32
46 34 50528 25
54 68 91178 32
98 92 97418 56
5 32 83521 42
26 8 58932 83
18 77 58808 40
52 65 79976 53
54 64 39757 87
72 66 19912 17
59 63 92374 99
19 74 27524 29
33 25 98157 95
88 51 58302 88
31 16 66289 96
87 24 76532 1
83 78 28022 97
51 28 27878 36
27 70 52897 88
20 18 33140 16
76 70 41302 63
34 65 58576 42
92 94 72078 34
22 41 94665 44
83 76 81998 59
44 40 30239 19
72 38 89842 36
1 48 21408 10
14 77 84777 13
45 54 64669 22
55 94 35187 16
97 99 74230 12
67 41 43201 79
41 72 25653 58
79 97 56688 97
99 77 21855 21
22 75 27451 74
93 52 33040 54
11 33 45666 62
19 81 39436 57
63 20 70602 53
25 6 12525 78
100 25 96943 36
11 93 96137 40
31 5 4701 61
44 12 20493 38
36 41 64430 79
53 100 6882 73
100 96 52746 62
22 70 97500 25
39 36 57961 50
26 93 47813 21
62 71 70120 76
80 12 41784 43
6 16 59274 54
15 94 49341 80
52 87 12013 77
95 31 67501 17
70 11 1574 83
20 2 35877 61
59 99 29957 25
78 69 20778 78
91 11 67149 46
48 86 67998 14
30 1 79534 61
44 28 96156 64
78 79 27742 34
69 34 22375 73
68 97 83930 69
16 24 66773 89
30 90 23370 31
40 16 90879 43
48 10 67973 30
55 28 67091 85
69 28 6731 32
8 80 5241 50
67 74 74588 35
61 93 24469 94
92 96 82396 79
37 55 10069 94
5 79 95329 53
73 63 80846 34
71 75 40188 27
54 68 20921 79
39 22 68339 48
26 40 86580 61
88 33 83832 92
76 48 52999 68
58 57 80500 47
40 83 70912 60
92 76 77011 16
83 88 92749 87
63 11 77254 18
82 31 35491 33
89 94 26075 62
70 81 90552 20
72 76 78795 44
9 18 39029 63
99 7 79232 31
72 14 18230 95
98 14 45229 10
75 29 74434 71
21 68 25337 96
30 6 23333 44
27 45 22976 5
57 22 6057 18
52 24 8283 81
37 55 59134 39
45 73 97590 100
12 5 56021 11
12 69 17888 14
61 71 59589 17
71 50 39450 89
43 74 69973 93
61 37 50522 17
45 51 68370 36
82 96 32222 65
86 33 3204 88
22 39 48789 95
19 63 89488 95
92 51 94910 51
24 82 85388 54
24 77 53730 89
32 9 98182 51
53 55 12725 100
18 54 91905 58
37 71 27292 97
47 28 18724 82
92 60 20039 44
46 36 7993 37
75 48 92886 48
82 87 93473 77
67 90 71480 73
7 70 11834 19
63 62 62116 10
56 49 46330 62
56 100 39719 4
61 76 76710 55
49 39 10227 25
12 87 58689 78
27 41 62836 5
69 90 85265 20
40 98 48486 33
44 21 97123 36
71 17 63917 57
2 67 39838 25
6 2 7884 29
8 37 69385 17
18 8 63024 53
9 95 90384 56
3 82 50055 32
40 25 95798 84
79 71 54216 94
1 78 50837 98
22 81 49471 70
20 27 80392 86
26 71 7345 95
52 75 53328 26
80 58 32714 58
2 7 79207 58
15 7 95064 65
83 68 12263 37
58 62 22501 65
18 40 79053 10
63 48 21974 36
3 93 36530 14
39 91 50630 22
32 51 77868 78
32 17 16559 71
37 22 32372 18
68 63 33915 25
52 24 35169 48
32 96 79442 93
70 29 50824 86
4 41 13447 87
95 2 67195 45
50 49 81792 99
3 69 72466 30
23 85 18266 72
78 20 87505 36
6 51 46714 85
95 5 58764 32
63 39 97658 86
90 86 33079 54
1 94 20667 50
87 41 28563 94
94 51 11444 7
18 48 61278 76
94 31 45369 2
67 77 95453 84
24 29 4898 70
5 58 89843 66
85 3 45164 23
53 60 1224 21
87 49 34983 50
78 73 51236 89
82 42 26596 33
41 45 58103 53
60 26 26583 85
21 13 6627 19
90 3 52437 62
44 98 47785 2
2 36 99248 84
56 71 79055 47
86 80 27880 53
72 31 48209 87
17 66 4378 20
38 65 92094 87
26 67 16549 16
28 36 34949 97
13 92 44374 73
62 25 9714 59
39 9 35551 70
59 49 11016 62
90 49 69577 41
90 81 47356 76
8 72 40688 31
93 36 19800 31
2 10 74519 76
76 88 7724 22
30 34 28033 75
7 99 26547 92
99 44 20630 63
49 69 76352 88
49 70 60837 53
64 48 95364 31
90 73 24274 91
85 18 7132 75
30 69 61546 61
34 38 83455 98
62 33 19602 1
36 26 36677 19
16 63 52987 63
37 3 31399 62
50 29 37556 44
64 71 39365 64
99 29 62139 32
34 49 59725 78
5 1 86865 80
64 31 66699 75
82 57 68838 54
42 46 83477 29
15 16 68848 54
74 34 69720 83
25 47 56928 49
3 89 80162 60
28 29 6532 10
71 15 86891 23
63 51 29883 73
98 10 19878 16
37 43 56401 22
58 84 73982 69
65 3 7598 92
73 75 76515 3
83 1 99043 90
75 90 31367 29
22 40 16348 46
41 14 33077 97
91 34 21990 69
65 2 96053 1
10 57 28860 72
7 79 6985 93
6 82 83232 75
72 48 15483 99
85 87 38850 34
76 88 72028 1
6 31 53324 59
73 83 88054 26
6 47 3460 51
90 50 71064 70
100 61 78116 98
37 24 85323 93
31 72 23828 56
75 25 22974 100
84 58 19307 27
63 7 50293 25
74 49 31117 40
37 52 48329 72
46 6 71101 70
90 62 89942 19
99 26 86290 35
59 16 64256 24
19 75 84175 88
76 65 47297 8
48 25 26486 97
62 34 80834 39
30 4 54106 68
46 13 83900 44
85 54 87802 71
15 91 87957 23
78 73 4752 8
5 25 11222 38
32 9 47319 16
52 32 94220 24
94 66 35426 66
94 71 93298 38
17 72 12568 30
11 91 90530 33
64 73 22069 93
80 9 22543 21
66 52 86683 75
10 72 54932 44
43 98 29488 66
69 4 23990 18
53 37 94203 44
88 99 7353 51
62 85 31984 16
11 83 12840 81
26 43 28019 94
41 94 8941 42
80 78 96999 28
82 63 50629 51
7 38 49234 97
26 21 72070 56
69 14 68235 3
94 41 78353 91
47 27 22161 47
39 52 13274 88
60 29 25630 64
5 80 60465 60
55 99 32611 35
87 32 46178 18
11 72 52737 73
80 27 7800 10
22 44 23927 99
79 45 90531 51
36 65 20974 16
42 24 54041 52
27 32 86157 31
33 5 89463 83
88 73 88547 40
36 98 58160 74
71 6 84325 65
100 26 94494 86
43 58 62817 7
76 96 10434 43
26 83 10324 9
71 5 39498 10
75 71 72574 5
93 84 34118 30
