100 100 100
1 64 295 2575
64 45 771 85894
45 69 169 66827
69 71 392 13340
71 15 226 47265
15 88 365 8392
88 22 721 98917
22 29 931 16923
29 85 453 85752
85 78 625 44824
78 3 669 9579
3 35 496 76723
35 50 717 20970
50 89 122 23142
89 36 290 69828
36 5 48 6387
5 72 744 25213
72 59 672 82920
59 96 914 39780
96 44 60 70791
44 30 526 41043
30 68 701 96462
68 10 445 39390
10 58 678 45341
58 7 632 47290
7 48 920 75619
48 40 392 25565
40 24 135 67645
24 95 264 48313
95 55 629 73343
55 79 741 23547
79 4 132 19376
4 73 828 42979
73 90 631 5066
90 18 249 66346
18 19 627 85361
19 53 783 75116
53 20 922 60850
20 92 683 92524
92 42 899 84516
42 77 508 91615
77 52 466 63916
52 87 869 41919
87 33 287 52897
33 25 864 64027
25 47 424 90890
47 99 455 92658
99 94 408 76506
94 56 746 94927
56 28 192 67612
28 57 570 9629
57 13 432 85844
13 61 16 7843
61 39 128 26814
39 8 390 58743
8 34 638 95072
34 27 32 72342
27 23 218 16005
23 31 548 44130
31 83 707 60179
83 97 396 31491
97 6 910 23040
6 54 82 97662
54 17 121 35400
17 70 488 6761
70 82 508 39398
82 66 586 79635
66 81 909 22777
81 38 20 68557
38 16 867 13585
16 75 314 6623
75 67 114 73485
67 49 233 12125
49 98 82 46251
98 86 699 45464
86 41 20 57109
41 76 945 38148
76 74 480 40337
74 26 493 24209
26 37 281 8011
37 9 342 91685
9 62 846 24635
62 80 567 99376
80 60 445 49678
60 12 255 57630
12 43 80 27460
43 21 759 81840
21 2 275 90432
2 46 376 47838
46 91 997 12906
91 51 798 42218
51 63 535 46632
63 93 193 74480
93 32 454 41385
32 84 951 8187
84 65 664 88692
65 14 669 66516
14 11 604 93007
11 100 930 35360
45 55 6768 63
