100 109 100
1 90 754 79583
90 77 620 87302
77 8 458 40978
8 98 81 81175
98 10 874 92417
10 54 47 34456
54 63 240 69461
63 48 687 45765
48 95 759 85963
95 51 132 70259
51 71 870 56172
71 59 701 5047
59 38 69 59357
38 19 538 68696
19 25 379 47479
25 43 476 39925
43 50 237 76827
50 96 794 58521
96 74 349 56054
74 52 75 32752
52 11 302 96303
11 85 247 29876
85 78 537 39845
78 5 458 91491
5 13 603 18571
13 9 634 63368
9 40 965 54774
40 58 341 33027
58 88 803 8707
88 79 9 41571
79 61 962 22328
61 46 967 92277
46 60 694 56196
60 68 438 14570
68 73 954 22636
73 55 368 76556
55 42 415 32068
42 23 927 88923
23 31 208 74319
31 3 631 15210
3 92 82 28931
92 20 279 85921
20 67 654 83928
67 82 916 34247
82 86 802 51171
86 39 739 85942
39 93 847 37779
93 6 837 53443
6 34 124 58596
34 56 97 86482
56 76 186 70249
76 17 167 70744
17 26 392 38703
26 14 120 30364
14 75 471 42144
75 16 192 41989
16 2 714 25992
2 94 69 33932
94 29 501 21505
29 72 644 76511
72 89 411 39327
89 99 527 17765
99 18 331 62220
18 64 730 77344
64 41 386 16495
41 21 230 11384
21 28 70 36742
28 62 868 97480
62 30 959 52251
30 24 586 59477
24 4 582 46804
4 36 511 39649
36 37 161 73408
37 87 333 51425
87 97 698 51315
97 57 352 63423
57 45 653 15098
45 69 685 85259
69 83 582 67570
83 84 891 32459
84 70 253 36658
70 53 215 40615
53 33 101 80928
33 44 270 97968
44 22 849 89499
22 7 683 14027
7 81 453 74268
81 15 669 15601
15 91 588 40209
91 65 745 63054
65 80 239 95881
80 32 391 38110
32 49 39 33755
49 35 25 99359
35 12 396 94649
12 66 889 64028
66 27 324 31872
27 47 855 71180
47 100 568 7149
25 79 30783 5
64 71 56625 2
43 49 71988 21
47 64 56850 48
96 42 97395 63
53 31 73853 83
84 70 75877 35
1 32 68029 61
99 77 18696 13
93 81 53200 8
