100 199 100
1 91 780 54931
91 82 366 59981
82 96 64 60684
96 15 390 69122
15 81 350 2020
81 51 780 41719
51 56 201 22007
56 20 142 16872
20 84 369 95871
84 39 190 80083
39 34 110 33987
34 88 405 90906
88 85 555 2331
85 90 33 35434
90 36 514 10793
36 64 490 41864
64 77 242 89111
77 97 403 17133
97 49 232 48449
49 11 977 4106
11 54 423 41165
54 60 774 83261
60 65 440 89953
65 99 461 84019
99 67 936 32297
67 71 886 52273
71 27 671 8546
27 25 683 44081
25 10 545 86473
10 32 597 99040
32 72 65 24158
72 53 729 47744
53 37 427 11839
37 6 642 22239
6 45 982 89350
45 57 101 63951
57 76 200 75920
76 46 292 67313
46 52 337 33320
52 7 468 67269
7 8 562 7579
8 13 771 83309
13 92 892 17141
92 3 375 17291
3 18 312 97901
18 50 810 77930
50 87 623 49363
87 89 888 92250
89 80 475 42863
80 24 899 69867
24 42 101 83481
42 5 239 85960
5 98 760 64405
98 47 506 60709
47 79 817 48740
79 95 834 77295
95 43 664 15022
43 68 171 77452
68 23 342 50138
23 62 411 66829
62 41 358 1760
41 73 625 27186
73 26 935 95407
26 94 561 35741
94 78 547 31640
78 44 633 55530
44 4 810 18178
4 33 435 65406
33 61 204 47715
61 22 331 23137
22 31 864 58326
31 75 595 25791
75 63 75 3004
63 58 595 23672
58 83 404 79503
83 17 161 13168
17 59 667 18129
59 74 319 11606
74 29 260 40297
29 55 22 20273
55 40 82 68871
40 93 318 86787
93 35 932 55447
35 12 373 30303
12 30 919 57517
30 69 960 9887
69 16 243 67063
16 9 393 30164
9 48 740 98686
48 66 820 26080
66 19 547 29454
19 21 106 32435
21 70 344 8992
70 38 536 41992
38 28 645 5798
28 14 650 65706
14 2 977 57414
2 86 623 70583
86 100 477 9755
92 72 82650 5
79 34 31305 95
35 63 21363 14
100 79 65949 46
6 23 54354 23
29 1 59943 56
79 94 28491 60
10 2 29947 87
93 78 25705 73
56 89 4733 64
62 63 35246 59
86 92 69922 66
74 6 22076 1
21 62 52630 19
45 37 5740 57
99 11 76299 60
51 12 99509 10
63 52 77227 5
42 81 7248 100
16 71 91156 52
7 15 4126 17
11 24 96979 35
49 73 11226 70
60 29 59010 59
22 63 63023 8
48 82 77001 92
21 50 79875 70
37 25 44033 86
82 95 81643 27
74 94 7718 48
21 66 66583 93
16 77 25218 23
61 64 97405 91
72 41 24848 58
42 25 35709 90
2 48 33669 14
78 5 34027 8
19 100 36543 98
74 41 54127 47
78 47 28436 40
56 31 31368 65
53 25 19644 22
92 60 44063 88
16 80 56863 31
56 18 56252 26
73 4 61229 48
31 22 79541 56
22 84 77308 42
94 33 97115 79
86 55 50498 76
9 1 25737 26
46 35 48150 77
66 25 39732 44
60 55 68865 56
99 81 6328 74
72 78 44502 58
45 78 19355 69
40 90 86217 11
72 90 45871 63
85 43 74522 74
84 42 61608 94
88 97 17454 32
44 49 82194 38
76 83 53777 67
45 78 91241 21
100 16 13590 35
53 5 86545 43
19 32 27208 57
60 11 58465 72
81 55 89774 42
100 3 74798 41
67 19 92190 85
40 47 41881 43
20 92 22344 56
100 56 51571 47
20 98 91331 63
64 91 24560 43
85 30 36606 67
28 72 48730 85
41 24 44003 30
73 89 88850 39
50 66 21868 69
18 29 59924 54
84 59 91403 55
71 54 11411 89
14 88 92985 3
6 39 64035 65
3 17 84065 25
25 7 57530 29
29 49 31744 33
77 100 28392 31
99 67 58624 26
68 71 20562 68
33 24 26807 91
69 44 65984 41
51 48 32119 29
76 23 64764 35
77 31 92744 91
33 71 7253 92
58 3 51229 7
