100 1099 100
1 41 48 47139
41 22 941 88368
22 87 85 47687
87 32 641 61996
32 93 785 95496
93 49 408 78889
49 26 829 66196
26 97 741 92314
97 50 869 68823
50 80 215 60961
80 67 443 96632
67 21 139 42099
21 60 371 25998
60 42 148 9459
42 95 308 7616
95 44 807 89181
44 69 131 33138
69 28 231 66606
28 29 419 49168
29 74 426 73764
74 12 718 90749
12 14 349 25959
14 91 177 99796
91 73 353 22022
73 45 439 5031
45 34 355 23088
34 57 829 10788
57 82 94 25904
82 5 858 86943
5 27 175 48528
27 16 249 99651
16 79 327 81049
79 48 72 35814
48 83 869 56641
83 4 427 28192
4 64 346 73542
64 10 292 68093
10 89 756 96710
89 76 414 35225
76 99 238 29686
99 37 150 81619
37 17 333 50653
17 46 218 73154
46 6 857 97245
6 24 387 23022
24 52 687 48105
52 18 692 82293
18 58 846 16307
58 88 805 59849
88 70 190 76182
70 71 834 32119
71 65 538 31738
65 47 98 88431
47 8 954 15878
8 23 103 67272
23 25 493 60822
25 31 252 37191
31 7 234 80747
7 56 574 28156
56 72 585 68751
72 78 734 52467
78 33 980 43991
33 15 363 37029
15 40 907 56690
40 36 412 9559
36 30 382 21519
30 98 144 89448
98 90 666 2079
90 35 970 99194
35 39 80 47266
39 85 780 5070
85 62 906 55201
62 66 993 92745
66 96 2 18985
96 61 383 4820
61 92 814 31266
92 84 277 24550
84 11 855 65306
11 43 747 9775
43 20 324 99362
20 19 819 86182
19 55 294 94045
55 77 460 90618
77 81 300 90586
81 38 5 64155
38 2 395 26450
2 54 388 14865
54 9 584 45010
9 75 853 12611
75 51 741 74409
51 13 814 26980
13 59 185 90714
59 94 400 21343
94 53 584 2106
53 3 24 35862
3 63 465 70866
63 68 580 59843
68 86 509 81726
86 100 15 7895
60 71 57447 6
51 76 64686 64
20 2 80710 21
87 72 20874 43
89 15 17568 31
72 94 23892 97
22 9 8309 1
24 13 78444 30
53 12 55033 22
57 58 42785 6
95 19 66072 55
74 71 29539 19
88 68 68179 21
36 35 72349 53
72 33 75277 22
84 52 58264 35
85 22 46507 22
100 87 8823 57
77 60 59146 2
52 44 48919 88
64 41 12293 72
66 48 24900 53
27 67 93593 100
5 96 66646 3
81 53 36982 49
43 34 22955 15
92 74 16582 81
42 16 27741 27
48 79 83058 31
81 55 30123 16
2 64 90083 26
27 90 52904 27
23 41 38434 19
79 35 96766 34
36 58 44165 2
59 71 15613 36
47 44 95293 54
45 75 97060 23
9 52 46771 11
61 80 29911 8
54 30 51279 61
61 90 9270 48
30 2 15916 85
86 52 48710 12
39 47 85434 18
76 23 65042 16
15 67 73989 70
99 41 90178 49
80 4 91377 46
51 11 84436 52
21 14 31533 28
28 42 75176 31
92 51 99254 13
92 89 34782 93
75 63 49959 15
71 87 15082 98
79 64 85696 58
18 52 38238 39
88 36 6906 77
66 48 33779 69
12 84 31907 25
78 83 84161 36
91 82 93324 8
93 59 18106 28
39 43 52461 39
86 31 41325 91
78 29 74327 62
17 96 55730 18
36 85 79710 84
96 61 20147 82
39 17 51068 18
45 60 54271 25
85 47 99249 39
4 49 27491 25
86 97 10746 11
17 43 95905 84
87 51 86482 15
38 41 12478 82
30 3 56020 48
72 66 59555 32
61 3 47809 75
1 66 65055 16
65 41 74191 54
16 7 14345 39
51 79 83382 17
28 56 89992 83
3 53 98962 78
100 72 93286 92
4 67 2271 57
30 16 56364 81
13 30 82023 24
36 55 76966 8
82 54 17143 56
29 85 20525 29
3 50 35971 54
89 80 50431 74
91 42 14531 19
7 92 11430 74
96 65 10868 2
3 46 35533 66
35 61 79134 1
58 47 81876 65
85 63 47034 24
54 63 75790 74
73 65 82208 69
9 34 56637 27
55 67 22762 94
35 22 8043 29
93 49 13311 92
37 8 40202 6
100 93 8324 3
29 99 27314 41
72 15 16908 45
71 17 56375 82
59 71 22022 16
55 85 40503 38
40 71 97958 46
98 42 98601 79
1 28 80822 67
79 13 19525 41
15 93 68845 45
34 29 40225 67
15 78 28909 84
6 93 21709 60
84 86 45335 10
62 43 85419 70
30 37 76524 60
98 78 54427 4
26 52 3407 23
45 18 46009 37
29 1 19575 26
53 15 74031 74
24 21 1455 22
52 62 90661 29
94 12 11856 53
21 24 45842 8
24 5 33703 6
90 37 98607 10
69 95 77623 39
72 37 74405 49
36 86 69679 39
41 39 88975 25
60 74 20583 62
60 58 3117 64
80 49 7596 33
2 46 92654 76
96 35 15420 16
65 23 38401 28
34 9 10747 9
29 77 65756 78
22 81 30665 23
8 33 38572 46
59 64 63450 22
63 2 28793 21
92 17 16529 71
31 56 98270 98
85 31 93558 66
90 17 44364 56
32 81 32911 20
98 59 87407 44
76 71 20125 38
65 57 96212 46
86 21 59985 31
17 85 8696 90
68 94 3698 44
84 47 63878 97
82 97 75515 88
24 50 8859 19
5 79 56011 50
10 97 24355 58
30 10 11793 60
46 65 77823 45
24 79 92652 88
4 84 71029 94
64 7 88236 37
41 89 99347 21
60 72 12648 99
41 22 24087 88
16 73 71432 63
70 87 69501 17
73 97 14344 18
25 62 67065 71
38 94 45790 43
85 74 79743 54
95 52 31058 64
45 18 10027 31
92 47 51776 21
9 97 8585 62
27 16 86736 91
30 97 60376 74
32 80 93546 13
99 54 56988 25
9 27 26160 5
54 100 34077 60
59 7 2817 66
61 50 1823 69
29 61 77322 91
32 45 99951 7
39 100 9220 82
29 11 94713 72
39 100 25780 31
9 2 5569 79
18 99 39538 51
96 43 96059 31
24 94 42804 82
39 37 63357 53
67 21 10086 53
84 81 66015 81
98 1 97235 76
58 45 68746 2
52 68 19361 57
98 33 35072 61
95 11 83522 6
84 11 45494 9
71 66 86949 53
100 58 45786 6
75 86 45003 36
59 82 48957 21
31 59 6515 25
21 69 19669 24
70 85 69349 17
9 4 44869 77
23 3 25694 75
90 88 21232 78
40 81 36610 43
92 96 37548 89
96 69 54258 49
11 32 69286 82
27 81 39053 30
25 3 19595 91
54 96 90342 12
16 17 94056 5
86 34 5863 31
38 77 54995 72
23 27 47477 9
91 17 8073 27
68 36 62826 82
3 43 22858 96
45 56 89604 7
17 35 42699 3
21 92 16688 63
67 96 17111 34
5 58 96981 96
29 77 88633 30
9 67 6222 89
93 8 62388 20
75 81 49248 8
26 35 65516 14
69 80 10970 82
8 96 15242 80
78 40 93077 48
22 78 33889 21
83 100 6614 34
80 64 91095 76
53 58 49112 62
77 75 65842 71
72 76 31576 80
31 49 51466 66
14 66 45567 95
19 37 15167 35
79 18 78784 91
73 11 6569 62
84 95 32092 63
26 67 3116 89
64 33 33796 5
75 46 49008 84
16 11 19893 5
81 57 73214 96
63 47 61625 71
77 30 33058 78
15 27 52381 15
82 24 30956 90
16 47 22195 31
86 92 97516 79
62 91 17153 71
9 46 98650 35
45 94 37727 73
25 44 77495 11
95 1 46620 98
54 94 48467 42
60 34 71755 81
45 37 29245 11
37 83 48832 33
27 40 2594 6
61 59 52575 35
98 30 14745 47
71 86 78610 27
70 88 35852 62
64 55 18948 90
38 81 72555 20
12 60 64110 17
89 13 16256 37
60 68 51411 93
53 54 13116 13
24 55 78186 32
83 39 94340 67
48 71 54604 94
41 1 7497 71
6 42 28756 10
76 46 47881 68
13 41 39124 92
10 80 71652 66
83 84 50954 48
89 65 14566 47
13 14 59815 88
90 12 18292 97
27 57 66374 35
65 28 35179 46
61 69 96129 54
48 58 59458 72
70 54 32482 8
87 73 29704 28
87 47 14084 7
41 95 97082 73
20 69 86956 9
15 69 53979 92
13 29 82479 13
87 76 87526 2
27 8 66132 35
2 8 21692 34
93 24 62924 8
25 87 42987 96
44 65 63834 99
94 40 93392 66
8 32 98392 10
28 68 23447 98
62 38 35025 21
57 95 33232 77
25 54 11356 14
48 80 76034 22
13 76 74188 20
28 64 18011 86
53 43 27064 9
89 96 92853 90
30 4 74766 17
38 96 9686 4
64 88 20564 49
94 3 7053 64
19 89 96667 39
30 15 69191 90
35 94 20561 59
68 75 75013 83
57 59 86599 44
26 47 19206 57
1 63 20015 54
23 38 8385 39
97 35 23612 12
86 4 14824 71
25 22 41936 45
59 100 92923 23
69 17 36605 22
32 63 58618 33
90 85 8176 12
93 57 78961 70
53 49 34881 2
62 20 42911 42
72 58 52651 19
52 88 56204 15
18 90 98572 100
31 25 10063 63
43 82 68310 51
89 15 14689 76
9 12 11170 20
28 60 55906 23
98 51 74530 27
34 12 64628 89
77 66 64042 55
67 13 62226 87
75 53 47482 56
45 93 76350 62
6 90 43894 45
24 68 86177 11
9 24 59009 29
11 48 73588 60
90 63 79754 79
100 65 5502 32
42 57 67526 40
72 98 47167 59
39 44 12770 36
24 61 79221 71
39 57 28117 7
99 68 14185 77
71 47 87875 71
92 26 62452 8
84 25 35627 59
43 80 12558 21
74 42 32982 55
72 40 79140 62
35 18 46733 87
45 38 88973 75
29 98 91569 41
22 49 16322 87
41 100 78095 5
75 64 57528 39
4 59 92294 64
1 93 48438 19
77 38 69399 73
41 12 92255 93
8 36 99205 42
5 76 48434 54
8 72 90299 65
80 46 4409 16
72 7 37622 44
64 35 39015 97
5 86 91496 31
61 15 98254 94
56 100 14056 14
92 62 36767 16
90 62 44693 71
76 89 68819 94
41 45 22820 62
71 7 56044 57
34 51 7495 32
35 96 90804 45
46 88 55992 97
11 27 33841 32
80 38 9480 40
47 61 44623 3
29 72 95124 23
87 21 41644 23
82 24 70696 1
56 58 45598 87
2 37 52684 58
42 5 62328 70
95 5 90599 36
37 56 67695 91
95 35 35437 14
41 82 38283 77
8 74 29103 77
85 55 25717 28
78 65 39108 8
69 4 34996 53
76 61 86785 39
7 5 38948 32
77 29 20873 63
66 94 19871 3
88 87 98923 69
81 49 90410 62
82 88 11825 11
60 93 71670 18
5 66 70243 83
84 66 6027 83
49 70 76217 38
75 78 19845 12
28 65 17669 54
9 58 66620 28
81 3 81678 31
62 1 38023 54
70 61 65715 49
68 1 68210 71
66 9 4305 17
85 20 78631 99
21 41 36205 57
32 60 41443 16
38 82 14012 40
92 28 79969 7
83 6 59037 39
11 92 66693 14
91 28 36071 30
68 44 65227 11
87 22 23384 66
89 55 75159 64
27 15 50964 79
2 61 61993 42
15 57 59235 35
26 62 36919 9
40 68 47691 74
10 36 85969 20
23 31 4477 64
94 22 69857 68
94 51 74416 59
33 85 58618 68
81 12 46878 74
2 24 81310 55
41 17 47714 9
14 25 80615 34
73 69 8025 88
96 75 93491 31
61 6 15646 24
39 99 92445 22
86 25 17599 34
64 9 64100 64
92 88 36038 54
20 53 28248 3
49 25 40718 94
86 21 66103 73
31 8 12200 63
59 79 49399 12
85 100 25736 22
55 48 95812 98
10 98 3560 54
41 48 1605 61
84 42 2660 61
7 76 84286 30
87 60 21426 50
55 53 85063 29
78 67 15903 21
13 21 48115 89
70 16 72508 53
17 32 59958 53
40 74 74369 30
4 58 92603 18
72 19 73126 26
40 72 27860 72
15 59 41040 50
88 56 1027 84
72 9 38704 95
41 25 82777 82
54 45 14512 14
37 86 17555 16
91 6 26386 63
16 97 3462 95
27 18 89463 31
74 95 37800 15
63 35 27091 97
61 48 93355 11
96 51 84406 95
24 92 14787 60
10 79 86221 57
67 85 13088 94
9 19 94155 52
99 24 84261 37
6 16 54365 98
42 4 5682 22
91 94 38774 57
66 98 74588 86
31 95 84354 3
50 5 57294 11
78 65 99213 23
63 41 57668 44
51 72 80886 33
42 19 64250 35
81 83 60547 35
8 78 28994 90
45 80 38069 26
97 14 20109 27
58 90 29453 92
21 44 91979 83
16 68 15117 6
55 81 90665 94
34 98 37334 77
47 77 44947 75
62 56 48529 82
60 24 75298 86
57 82 82026 83
11 75 80377 49
47 87 67846 33
23 80 64825 55
18 31 5177 92
86 94 24517 79
5 68 1233 95
80 13 37081 100
86 85 48280 20
55 46 53129 99
88 31 78693 19
81 80 3415 56
70 99 51348 12
42 96 84813 57
37 75 68701 100
32 16 51602 97
61 96 70018 78
3 37 24952 3
76 72 75973 27
59 33 73405 40
64 53 64524 22
81 12 47494 53
60 44 40652 41
28 34 67337 20
89 58 11058 17
8 73 38781 9
51 24 78750 52
83 2 43268 97
40 71 56086 27
29 44 42227 31
59 78 50384 37
44 41 7430 3
64 67 99010 30
96 8 82291 37
71 1 38696 55
37 91 51374 32
33 16 78033 31
7 99 72832 14
69 47 20722 47
53 7 2112 99
64 73 96835 91
2 22 49585 63
70 40 53056 56
60 97 33858 86
14 75 65341 54
58 1 84735 3
60 61 20963 70
62 50 53893 34
35 40 52714 61
87 17 25737 30
5 12 65790 13
33 44 91019 64
36 70 86846 66
62 32 43218 79
23 7 27304 70
62 82 84755 9
52 57 49731 8
70 76 60282 7
57 63 42531 64
25 49 53568 14
70 5 32172 73
68 23 67667 96
11 45 29995 95
72 43 56912 92
86 20 15047 100
9 54 32438 9
90 6 30080 36
75 91 54633 52
38 73 95619 57
3 61 41323 2
46 98 81701 79
62 77 64091 56
76 50 70401 1
9 23 10541 17
83 29 32306 80
6 22 9313 49
76 79 10265 32
31 91 53591 60
27 81 98879 94
79 80 46994 99
73 6 77031 97
2 84 69417 45
1 24 67655 75
76 61 89289 64
78 65 28351 93
73 88 29459 59
46 30 45950 75
51 36 52817 95
19 33 79944 82
39 64 84272 61
83 24 55648 100
10 78 9791 96
65 97 12313 54
48 4 21032 7
48 54 57850 9
16 94 84219 21
34 39 42442 34
55 68 84380 41
35 98 70413 38
81 94 91855 16
54 47 71949 25
94 77 97520 13
60 73 6259 48
84 41 41778 1
5 60 20597 83
73 19 13165 31
11 77 70500 64
98 88 47132 20
60 59 74900 2
60 15 6852 57
54 55 38336 58
64 36 44648 67
51 5 44073 97
42 63 33575 79
63 64 39062 78
40 59 50040 39
79 11 36698 78
22 77 2449 66
1 100 74707 13
35 61 87068 14
13 71 52390 7
96 48 26826 53
11 21 36098 50
8 31 55233 37
52 55 8648 78
56 7 40360 57
96 66 51487 88
66 5 93399 83
19 54 33983 47
60 57 50005 66
6 25 46596 21
67 35 37517 97
51 62 1082 80
56 32 48815 33
80 43 3991 65
81 16 2456 23
89 4 15614 2
51 15 32435 78
23 86 73378 39
38 99 74068 18
54 21 9893 48
54 73 74970 87
46 50 22774 13
62 77 46831 79
40 48 17884 96
61 54 55377 58
42 100 95316 2
67 26 29789 86
99 14 69579 98
13 97 19264 33
8 17 50477 90
16 21 95203 1
41 1 31548 59
39 71 80920 29
2 23 99044 70
13 60 20676 4
92 31 9373 39
59 6 84818 46
37 79 71905 16
88 27 7681 12
44 33 89871 44
1 44 22821 66
45 42 81667 71
58 26 35117 38
55 83 31199 43
69 19 53192 41
38 98 11634 58
16 92 44223 24
13 57 60397 52
18 27 1850 80
91 99 99838 38
46 75 36404 17
64 47 73046 91
50 15 11429 10
75 50 29343 46
98 43 28241 14
91 26 57098 79
44 62 54662 71
89 7 49856 32
22 61 52508 93
22 75 34656 7
83 16 85003 71
82 99 32784 19
11 63 13919 17
66 49 98174 95
22 3 99682 59
53 69 48293 10
34 94 96362 89
33 99 29557 56
29 83 11247 26
39 74 85537 64
22 40 63772 42
47 63 80371 91
86 31 57839 46
91 64 61347 33
14 80 69023 67
57 99 65613 17
8 99 67702 1
45 21 35618 46
98 10 76364 4
8 88 21699 87
27 60 61413 25
8 70 41020 39
36 66 9506 10
45 50 22327 82
55 72 12257 89
36 10 22731 20
47 4 24912 75
87 90 62708 53
13 23 13816 33
5 8 14720 27
50 28 50969 8
96 97 93567 86
53 18 54394 44
69 94 71810 2
24 69 53722 13
40 58 66209 100
9 16 67145 47
60 94 39232 97
69 68 36603 47
23 48 59229 55
21 32 33910 57
35 55 72109 55
34 77 62484 21
77 36 26213 71
16 73 43009 60
49 36 57319 28
4 63 24024 84
72 22 8012 25
57 98 75184 81
46 61 70203 98
34 6 26358 1
67 44 19696 52
17 19 4363 74
9 44 1232 36
54 33 45764 53
16 28 31807 88
53 45 52783 99
72 24 58107 41
43 15 6176 68
60 28 23883 75
58 55 21792 74
6 48 90446 28
28 30 22770 54
27 42 42949 58
91 25 86361 62
78 98 64723 72
18 78 35109 35
81 50 22480 6
89 67 44849 78
81 10 10124 15
61 65 46787 50
24 40 44508 40
44 31 66148 81
83 66 42729 46
93 2 50874 36
86 87 53044 62
87 2 6172 83
91 38 85904 51
28 48 23983 64
83 57 46704 17
68 96 83516 94
37 42 13328 85
10 72 67703 7
49 61 8262 58
62 87 90346 12
91 15 21505 56
41 13 18380 75
15 82 15238 25
71 77 85366 7
59 32 34876 60
33 70 72968 41
56 96 7069 97
46 28 79349 3
85 57 13630 26
15 22 40970 65
7 88 97206 65
99 20 13968 6
66 12 68670 7
78 86 65012 57
78 10 91716 34
79 90 72104 58
19 44 64359 83
98 24 68299 83
45 79 69941 43
99 38 28416 57
29 19 66454 20
72 57 20548 80
28 20 42036 12
93 37 2079 73
29 97 95289 47
10 87 59793 7
98 44 17822 46
28 39 97628 30
24 91 52483 77
46 61 87178 27
56 87 81978 90
81 15 19189 25
3 93 18181 52
92 38 60290 84
80 62 1476 49
37 99 46744 8
80 61 79216 96
52 55 15737 91
84 29 7542 19
97 75 54989 50
72 2 66297 63
9 67 83594 71
6 87 24000 100
49 87 52189 44
68 87 54862 79
90 22 74839 79
97 89 75593 51
53 89 3831 24
95 68 29987 45
38 59 48713 18
58 92 72549 55
87 9 71068 83
74 39 27040 62
57 44 91035 69
41 53 86442 4
96 26 89515 34
63 70 2628 90
82 53 69711 10
27 82 14890 14
80 99 89076 7
85 41 98216 59
28 43 91062 61
60 59 49444 55
56 57 30749 68
20 2 76395 88
47 7 72183 95
70 56 99105 82
5 38 95842 20
77 92 80386 76
18 75 54499 35
59 72 46806 88
79 13 74624 24
56 48 15025 32
51 45 92987 23
61 39 29015 76
46 88 68565 98
65 26 94072 11
19 23 1942 48
39 22 98889 85
26 92 28279 40
28 8 70610 80
80 7 35157 64
14 24 85045 57
58 55 88774 65
12 6 81015 3
23 65 74731 19
29 7 84248 3
45 12 44463 54
80 11 24429 38
23 25 97731 11
28 89 70204 69
24 6 27865 96
25 18 91752 82
48 30 55880 88
93 26 90128 100
57 50 12601 83
66 51 38717 24
56 16 86763 88
16 41 69326 46
49 32 51260 26
29 24 52557 67
72 23 83356 40
5 19 43372 7
25 58 18437 8
17 3 63730 47
88 11 50002 88
100 3 82079 12
11 87 71979 51
27 57 77902 64
89 40 54431 100
35 7 54400 45
39 87 77792 37
89 17 82497 27
4 14 29727 93
81 4 47285 27
48 35 33047 55
29 12 14740 89
9 84 16367 93
24 34 3872 16
37 63 22961 14
36 56 30497 82
65 5 83993 14
30 16 50905 100
26 42 42606 74
31 49 23753 37
21 10 39026 26
30 94 6939 25
40 33 15315 31
66 44 33642 11
70 17 68554 70
11 13 18178 73
27 24 39066 63
48 30 86270 66
19 10 71901 59
40 77 18363 28
32 4 53681 21
59 18 77329 26
4 64 32949 86
3 41 9751 35
26 79 16531 61
12 59 85912 77
88 24 99835 13
56 18 56663 24
82 24 70057 11
23 13 30164 50
92 68 28332 57
17 81 18005 48
13 40 30352 79
62 47 76664 36
57 86 4099 76
8 75 63281 87
100 57 67334 40
48 87 95588 37
1 27 36940 86
26 82 95975 49
57 93 84138 63
23 69 10628 23
62 46 95484 11
74 49 29591 75
31 59 25175 78
25 54 95516 70
33 7 38114 32
48 13 19416 6
80 73 42323 17
83 55 63713 20
56 65 42003 89
31 78 34374 64
7 34 18050 31
23 98 62234 98
79 78 44506 68
72 57 6394 27
89 96 38401 2
69 85 27966 67
59 47 31504 1
11 41 16406 26
90 41 77219 97
41 21 98672 45
31 72 88905 94
26 43 4931 12
59 49 55159 56
18 88 48779 20
35 65 9250 40
99 91 12472 89
3 58 85053 52
28 12 89231 27
59 58 35665 54
8 66 62571 56
16 50 80453 57
47 46 62199 50
83 69 16510 13
