100 100 1
1 93 87454 28893
93 65 89335 66900
65 31 86088 24498
31 47 34604 5837
47 28 86149 84248
28 68 88456 53956
68 15 51268 3557
15 6 1506 25719
6 50 54669 64635
50 52 52078 59975
52 85 21181 7473
85 59 26819 41815
59 90 77430 15355
90 38 62279 88770
38 19 63582 46721
19 20 39089 91865
20 4 90998 97451
4 14 34122 92706
14 64 78784 18965
64 92 49164 36667
92 34 73776 52235
34 51 97206 97855
51 49 96781 54336
49 27 69328 43665
27 18 48057 27614
18 80 6029 15419
80 23 91530 39417
23 48 4065 12732
48 78 71828 3866
78 96 83334 17429
96 87 75998 39831
87 2 53217 32115
2 11 97521 62515
11 95 35499 93857
95 73 45055 88435
73 94 34080 79783
94 54 14706 44778
54 30 7151 64886
30 72 17767 14818
72 74 36461 49200
74 61 65953 85051
61 35 81406 16046
35 88 17676 9908
88 37 24175 90297
37 17 96493 51189
17 71 10343 65073
17 71 3344 21239
71 84 18907 35833
84 82 97415 12315
82 33 29897 30377
33 40 85167 8469
40 60 72856 12786
60 86 58574 52930
86 76 56173 12990
76 83 67110 99090
83 45 48044 83907
45 39 53242 44340
39 13 45543 74299
13 29 41663 16229
29 46 11791 65992
46 66 79457 36942
66 21 46118 89588
21 5 27621 12000
5 16 12454 99476
16 57 37907 34855
57 63 19130 87585
63 55 53764 23570
55 99 20512 77872
99 22 27292 73340
22 7 53847 12739
7 58 71980 65838
58 81 80663 59653
81 62 28397 72230
62 12 96562 6446
12 43 60953 83134
43 42 40312 84598
42 25 39713 55180
25 91 57613 51995
91 36 93519 27902
36 8 85518 17997
8 75 82735 59218
75 53 66128 37393
53 89 61128 63448
89 41 42546 66450
41 69 4766 31063
69 56 96321 31875
56 10 75198 99160
10 70 22861 96392
70 98 33527 80447
98 24 78800 28336
24 67 17755 19185
67 3 46550 94014
3 26 40246 37540
26 77 99774 59937
77 79 28633 51420
79 32 12729 81077
32 44 20423 25936
44 9 61510 21031
9 97 69132 23882
97 100 38413 4019
