100 109 1
1 15 94163 87360
1 15 90494 47481
15 88 49471 41995
88 95 14473 76928
88 95 71789 99666
95 3 10605 78240
3 64 3148 86107
64 25 66953 45905
25 94 6897 16205
94 43 27807 56166
43 42 57159 95372
43 42 10429 48289
43 42 10263 44970
42 62 39125 6589
62 45 66838 18071
45 80 9004 14455
45 80 46170 77734
80 70 27060 18930
70 50 41946 2708
50 32 61112 77010
32 9 63036 43511
9 91 88675 63014
9 91 254 18737
91 39 45048 31984
39 38 18259 30033
38 31 82406 89349
31 4 79154 86939
4 46 42190 78309
46 14 60953 19822
14 16 44675 16132
16 41 94660 55258
41 52 70060 10491
52 82 80445 24821
82 35 84377 34468
35 84 53187 81384
84 34 14845 50682
34 71 88012 55740
71 5 47966 17692
5 74 78195 19786
74 56 56009 35577
56 76 22460 56202
76 75 8427 91161
75 77 45368 45943
77 93 31444 36180
93 11 56005 38765
11 7 49426 22
7 37 36535 7861
37 28 86528 19135
28 12 76349 52265
12 20 37176 82716
20 30 10326 86726
30 29 80492 80734
29 59 68987 9669
29 59 86106 19944
59 19 93487 53420
19 87 61147 51631
87 55 28249 15129
55 86 80939 423
86 54 78891 18656
54 68 3282 69880
68 98 93612 20560
98 90 92497 57428
90 60 96199 60231
60 44 93626 84407
44 69 39550 48964
44 69 459 21153
69 57 77424 24323
57 36 21789 14825
36 53 29779 74572
36 53 5587 15797
53 18 92707 50768
18 21 5951 44584
21 83 36493 96043
83 51 33956 99284
51 78 38710 72855
78 99 9524 84362
99 49 5863 34306
49 89 64502 30357
89 92 52048 24184
92 13 92320 11363
13 2 34879 54001
2 63 27922 25808
63 79 34729 61952
79 65 33053 84987
65 33 16778 87357
33 66 66894 23180
66 10 77473 44156
66 10 62686 23532
10 85 53631 6440
85 8 23682 46836
8 72 30566 38017
72 48 89749 30744
48 24 77016 13879
24 6 13249 23490
6 81 67771 68047
81 40 41114 92777
40 97 13918 4419
97 67 24318 4676
67 17 20295 73172
17 47 30483 30524
47 22 42810 32467
22 58 95345 8385
58 96 47216 97897
96 27 71828 1633
27 61 96311 15341
61 23 4706 42597
23 26 60928 24790
26 73 23061 36262
73 100 13332 18526
