100 1099 1
1 92 11841 7500
1 92 90117 97420
1 92 65466 61193
1 92 84525 81231
1 92 47536 33269
1 92 26563 23281
1 92 96519 98893
1 92 61952 50311
1 92 40351 23395
92 29 10584 6907
92 29 53372 48357
92 29 17093 19246
92 29 11215 10311
92 29 12505 17378
92 29 54183 56007
92 29 69051 57927
92 29 56165 57764
92 29 16286 18558
92 29 50437 42788
92 29 74473 59202
92 29 34905 28794
92 29 92428 88022
92 29 90598 76033
92 29 20704 24260
29 6 58878 51292
29 6 41205 23895
29 6 65289 64078
29 6 65496 84275
29 6 66409 94241
29 6 19839 2395
29 6 34874 15579
29 6 57657 51242
29 6 45132 45224
29 6 61729 61249
29 6 43355 27001
6 44 81122 88264
6 44 68541 62321
6 44 97791 96194
6 44 63112 44206
6 44 68498 61762
6 44 38909 26973
6 44 63907 54761
6 44 59244 43806
6 44 79710 84338
6 44 70568 73031
6 44 30695 3758
6 44 93427 89249
6 44 18592 3540
6 44 16342 1493
44 80 28000 61673
44 80 65579 77718
44 80 23830 37311
44 80 1552 2187
44 80 45044 64623
44 80 57460 75616
44 80 18145 6177
44 80 77612 85784
44 80 71923 81376
44 80 23866 46461
44 80 35406 62980
44 80 77796 86196
44 80 24926 48381
80 53 72965 96805
80 53 56126 40067
80 53 94141 97940
80 53 37181 28289
80 53 14877 20553
53 68 78914 84995
53 68 98720 98563
53 68 83127 88562
53 68 40542 66221
53 68 10909 22412
53 68 45579 75886
53 68 44279 67309
53 68 1476 359
53 68 22357 51023
68 72 93755 99536
68 72 2467 17155
68 72 34531 62523
68 72 58253 75050
68 72 24906 43896
68 72 5874 37835
68 72 27542 56033
68 72 16431 42230
68 72 63073 81300
72 14 87413 83343
72 14 83983 67799
72 14 79125 46835
72 14 98052 85904
72 14 99243 99972
72 14 74902 19083
72 14 33230 2765
72 14 79822 64084
14 63 52684 37304
14 63 60002 52769
14 63 55313 41250
14 63 27801 23231
14 63 28052 24462
14 63 24289 17675
14 63 96909 91766
14 63 64203 63454
14 63 96605 75136
14 63 64013 54428
14 63 68142 72746
14 63 55584 50915
63 22 90539 78508
63 22 93121 92510
63 22 23851 25622
63 22 28637 44383
63 22 89890 67056
63 22 6607 10963
63 22 41450 56735
63 22 6254 3833
22 13 41555 49834
22 13 81874 81773
22 13 53855 60399
22 13 36757 42838
22 13 53675 53122
22 13 89316 93778
22 13 28056 40428
22 13 13767 26057
22 13 86364 86238
22 13 25330 33070
22 13 6220 5
22 13 92687 94450
22 13 10520 9509
22 13 70197 72282
22 13 56344 68395
22 13 54722 64447
22 13 97875 94864
22 13 82771 84728
22 13 80756 76117
22 13 49345 49849
13 46 2387 15154
13 46 79934 67951
13 46 87599 80463
13 46 65929 44078
13 46 30299 27429
13 46 91645 97851
13 46 11434 19114
13 46 10856 16854
13 46 91510 86730
13 46 66676 44747
13 46 20369 24406
46 49 94558 95898
46 49 19592 677
46 49 66378 36312
46 49 81509 60688
46 49 77154 36732
46 49 53544 23026
46 49 93219 95709
46 49 36473 5068
46 49 89043 71842
49 58 34209 31875
49 58 14428 4643
49 58 25380 22098
49 58 45644 33325
49 58 49692 37750
49 58 28263 22849
49 58 97577 99512
49 58 57527 74919
49 58 22029 6064
49 58 77594 96133
49 58 57273 74570
58 15 12422 3895
58 15 41987 46851
58 15 35656 33114
58 15 98243 75827
58 15 54928 57524
58 15 62592 68723
58 15 53444 53104
58 15 9264 3259
58 15 27780 22215
15 10 39862 52705
15 10 22501 42243
15 10 67783 77455
15 10 42746 64879
15 10 70466 82044
15 10 4945 16067
15 10 3569 12409
15 10 78095 83589
15 10 50350 71558
15 10 95540 90030
15 10 23244 44328
10 43 80718 51796
10 43 50332 44097
10 43 23258 20659
10 43 24499 29366
10 43 18351 14276
10 43 35069 35930
10 43 88515 91203
10 43 3508 10063
43 19 66750 50717
43 19 87759 89277
43 19 49302 29674
43 19 29848 18613
43 19 87715 71240
43 19 25393 7386
43 19 56861 30507
43 19 98528 89587
19 21 94577 97983
19 21 32365 27338
19 21 44378 32914
19 21 92446 76353
19 21 39721 28959
19 21 459 16366
19 21 49319 36704
19 21 72199 44298
19 21 2485 16384
19 21 22643 19107
19 21 76751 54594
19 21 89822 60860
19 21 38257 28085
19 21 86663 59259
19 21 68388 39365
21 16 50673 26065
21 16 82661 94391
21 16 52744 69974
21 16 22145 17995
21 16 39901 25549
21 16 75820 80030
21 16 13424 3377
21 16 58871 70385
16 11 40693 51549
16 11 74194 76223
16 11 20078 31527
16 11 3112 14252
16 11 44371 56112
16 11 38730 48322
16 11 72628 73516
16 11 15750 21219
16 11 70150 70570
16 11 69074 64692
16 11 14002 17907
16 11 85031 85912
11 28 23133 7072
11 28 54042 77812
11 28 62156 89653
11 28 21133 4489
11 28 51936 69544
11 28 33665 45770
11 28 38284 68665
11 28 35382 46422
11 28 55099 83906
11 28 24104 11417
11 28 18480 1269
28 91 4715 4684
28 91 79683 54860
28 91 28517 28713
28 91 95247 93120
28 91 82979 73301
28 91 10792 6009
28 91 13184 15776
28 91 33817 33542
28 91 58994 53066
28 91 42996 44151
28 91 40795 41496
28 91 25110 26343
91 78 23285 1737
91 78 28314 79653
91 78 25474 4732
91 78 73753 83544
91 78 66498 81969
91 78 75475 97893
91 78 26855 14934
91 78 40165 79742
78 12 89494 91061
78 12 72874 90487
78 12 61542 84668
78 12 97454 92848
78 12 20277 10101
78 12 49085 63086
78 12 39161 53984
78 12 68310 85002
78 12 35518 15078
78 12 18387 3671
78 12 59701 65695
78 12 72331 88678
78 12 61247 73837
12 18 80342 99933
12 18 74281 92598
12 18 31482 57645
12 18 3442 32111
12 18 70001 81198
12 18 73217 84790
12 18 74144 91273
12 18 32728 61308
12 18 75652 96373
12 18 739 32039
12 18 36592 71861
12 18 15854 36898
12 18 41651 78082
12 18 23299 50641
18 52 91884 98139
18 52 54284 30234
18 52 65271 46226
18 52 67884 84864
18 52 65433 61583
18 52 31763 15371
18 52 79635 93676
18 52 31215 9470
18 52 70077 85504
18 52 5072 3459
18 52 56199 34375
18 52 43840 22994
18 52 66268 74309
52 50 30489 21709
52 50 87463 85730
52 50 73625 71530
52 50 54335 50552
52 50 52908 45512
52 50 30865 28008
52 50 66013 64563
52 50 39503 31186
52 50 59380 58428
52 50 4478 8561
52 50 39995 41762
52 50 59246 50805
52 50 52932 48066
52 50 6983 10620
52 50 93351 88794
52 50 89355 88637
50 83 41610 54754
50 83 3424 8473
50 83 87980 94775
50 83 30289 51478
50 83 47149 55469
50 83 28571 22986
50 83 60834 94492
50 83 88122 98255
50 83 9537 11676
83 39 76291 86267
83 39 11230 1805
83 39 89936 98991
83 39 82242 88917
83 39 53494 80117
83 39 32269 36792
83 39 77785 86286
83 39 28428 19078
83 39 44754 76880
39 90 70803 80904
39 90 20906 18969
39 90 37759 51907
39 90 22574 31180
39 90 68957 80646
39 90 32911 45990
39 90 85715 99298
39 90 37117 47706
39 90 5619 6794
39 90 45623 54932
39 90 10412 14211
39 90 97713 99787
39 90 78259 87196
39 90 26831 45795
39 90 77827 81375
39 90 79189 93319
39 90 42330 54243
90 69 83967 60028
90 69 5552 11292
90 69 71001 33699
90 69 68951 33420
90 69 42852 16358
90 69 88952 77045
90 69 54315 16711
90 69 79224 45610
90 69 81478 55203
90 69 90085 97908
69 61 93755 91992
69 61 84997 75798
69 61 51088 26795
69 61 76667 73397
69 61 54045 33848
69 61 14659 9225
69 61 54256 35957
69 61 44428 15276
69 61 34064 14298
69 61 54969 41427
69 61 27122 12352
69 61 86391 91142
69 61 12846 2103
69 61 71755 48523
69 61 35483 14887
61 60 36900 33262
61 60 41260 33921
61 60 93259 83769
61 60 35195 13453
61 60 89953 56131
61 60 81864 50425
61 60 36647 26683
61 60 442 1207
61 60 44622 38626
61 60 26648 10405
61 60 48004 43379
61 60 90731 77605
60 87 63234 50180
60 87 12902 10050
60 87 83759 98601
60 87 74056 81861
60 87 20890 10831
60 87 86801 99094
60 87 70991 57040
60 87 48391 49885
60 87 72653 81523
60 87 46585 42331
60 87 83039 89710
60 87 22533 19535
60 87 75611 85990
60 87 25140 26025
60 87 46134 29625
87 70 35077 80960
87 70 96591 91459
87 70 21104 32473
87 70 2517 21440
87 70 1869 5833
87 70 24623 35012
87 70 27988 41075
87 70 7503 31889
87 70 97284 93339
87 70 68193 87794
70 40 71839 78457
70 40 91295 99740
70 40 44603 25565
70 40 60274 47622
70 40 65960 57986
70 40 74775 87425
70 40 36604 8904
70 40 43076 25065
70 40 56972 34589
70 40 55133 26919
70 40 66951 67344
70 40 82833 90871
70 40 10999 5261
70 40 73099 84480
40 98 85925 97511
40 98 86943 98449
40 98 43674 78499
40 98 66619 90740
40 98 45428 83787
40 98 8216 9913
40 98 16102 73133
98 37 48134 36157
98 37 70281 94711
98 37 8841 21716
98 37 33229 24117
98 37 64665 82709
98 37 45939 28261
98 37 63090 77125
98 37 35262 25378
98 37 47954 32716
98 37 48822 37978
98 37 51787 62324
98 37 68887 87477
37 85 30300 57217
37 85 56744 76995
37 85 25350 42869
37 85 4297 42754
37 85 58341 89179
37 85 1453 20495
85 35 94567 96361
85 35 68747 72839
85 35 77946 88592
85 35 47591 61274
85 35 35563 44927
85 35 50558 72255
85 35 40052 48965
85 35 40779 55033
85 35 70413 75265
35 27 23322 23564
35 27 22398 18145
35 27 43588 29785
35 27 13590 16808
35 27 49418 43187
35 27 75201 77682
35 27 35520 26951
35 27 4639 15247
35 27 1905 945
35 27 62402 77452
35 27 52029 70284
27 41 77881 96378
27 41 37781 54077
27 41 87031 99481
27 41 54656 65867
27 41 77478 82015
27 41 11202 32249
27 41 67380 68918
27 41 10811 18967
27 41 37045 34462
41 97 63841 26421
41 97 11440 17284
41 97 39333 23220
41 97 67020 71445
41 97 91051 95598
41 97 7454 7946
97 65 66704 49687
97 65 36226 12119
97 65 79538 66347
97 65 94546 66762
97 65 44863 36367
97 65 13267 6682
97 65 69993 51204
97 65 71602 60648
97 65 8165 2754
97 65 98975 90044
97 65 47863 37626
65 38 47590 49474
65 38 39920 34151
65 38 29621 28530
65 38 48636 86277
65 38 22528 18373
65 38 1463 2857
65 38 20058 13095
65 38 42835 39878
65 38 9638 3726
38 71 10893 23981
38 71 33634 52113
38 71 35030 65160
38 71 77949 93347
38 71 9225 22362
38 71 57077 67605
38 71 23737 32449
38 71 52011 66168
38 71 1897 181
38 71 33624 51614
71 96 98064 75484
71 96 77294 57086
71 96 7556 3187
71 96 85525 69362
71 96 16434 7128
71 96 38715 19869
71 96 68608 41712
71 96 48482 29934
71 96 53727 33873
71 96 79946 66260
96 77 86628 81373
96 77 38065 57232
96 77 45221 58785
96 77 20323 37833
96 77 82241 77925
96 77 97780 82650
96 77 30734 53570
96 77 733 13844
96 77 53486 76006
77 79 6893 9021
77 79 65275 56322
77 79 99545 93298
77 79 49752 53629
77 79 4135 4546
77 79 22590 16548
77 79 31396 22362
77 79 34539 38066
77 79 86648 73331
77 79 43596 52179
77 79 38628 46315
77 79 63400 54271
77 79 32369 33109
79 56 19004 65954
79 56 7129 58048
79 56 24296 91831
79 56 803 53742
79 56 14467 62460
56 93 36803 3831
56 93 56190 19593
56 93 74169 83554
56 93 52854 14190
56 93 79880 94614
56 93 71355 42804
56 93 73872 59966
56 93 71867 45672
56 93 71110 38995
56 93 52238 11783
56 93 59648 23062
93 5 8833 27890
93 5 75858 75072
93 5 23799 57002
93 5 84852 93751
93 5 36322 65872
93 5 25927 61532
93 5 4163 1280
93 5 16589 41233
93 5 18662 46434
93 5 77293 87991
93 5 6185 21263
5 89 36204 42409
5 89 41320 55184
5 89 59271 83796
5 89 90900 94529
5 89 50688 55780
5 89 54088 64014
5 89 62098 85174
5 89 15151 34924
5 89 65880 87913
5 89 1890 17757
5 89 39302 53499
89 84 66441 66034
89 84 87598 89846
89 84 1910 153
89 84 75892 82320
89 84 42126 57793
89 84 89713 90762
89 84 3014 24397
84 95 51207 26015
84 95 83504 67846
84 95 92054 82780
84 95 44764 19519
84 95 43347 9334
84 95 79358 36202
84 95 99451 95839
95 62 19012 31394
95 62 71704 78785
95 62 53841 59330
95 62 10388 7275
95 62 72343 87225
95 62 17389 14387
62 94 13436 28051
62 94 7469 6113
62 94 7900 12504
62 94 77315 68411
62 94 93229 88908
62 94 95890 96124
62 94 73472 53012
62 94 49261 48529
94 54 4037 24065
94 54 94680 96209
94 54 72570 79023
94 54 93208 87356
94 54 28914 43348
94 54 11875 37578
94 54 90716 83060
94 54 8680 31641
94 54 87764 82181
94 54 31043 74016
54 88 41095 58727
54 88 1327 9556
54 88 14460 30966
54 88 28486 52837
54 88 9153 27571
54 88 28636 53947
54 88 16669 34153
54 88 47778 86015
54 88 32923 56025
54 88 18624 35209
54 88 21961 36929
54 88 26481 47172
54 88 83382 99154
54 88 47585 66109
54 88 8883 18071
88 51 3794 20209
88 51 36143 50801
88 51 95133 87780
88 51 86241 87106
88 51 14247 38049
88 51 37800 64061
51 20 6804 10669
51 20 80474 80256
51 20 34561 31629
51 20 28716 24846
51 20 59914 54171
51 20 97179 97796
51 20 58094 53183
51 20 60790 62189
51 20 59944 61774
51 20 73084 62750
51 20 75079 63041
51 20 41666 34917
51 20 9990 23327
51 20 82638 86761
51 20 42217 43835
51 20 92305 87711
51 20 93468 95057
20 32 67827 72681
20 32 28267 46557
20 32 60413 53175
20 32 80159 85717
20 32 88760 95389
20 32 64956 69109
20 32 5995 999
20 32 76160 74556
20 32 18596 44827
20 32 49605 51431
20 32 6243 33427
20 32 7408 44119
32 31 50200 38475
32 31 34216 18752
32 31 73207 72318
32 31 45302 37052
32 31 27604 10482
32 31 16380 5963
32 31 25693 7949
32 31 62036 54201
32 31 63792 65913
32 31 97326 86981
32 31 97603 90958
32 31 43025 24630
32 31 44055 26274
32 31 93562 72451
32 31 60815 49467
32 31 53150 40269
32 31 54385 45737
31 73 94341 85255
31 73 64876 21691
31 73 83924 44428
31 73 85980 45770
31 73 92336 85159
31 73 36550 13217
31 73 43322 20792
31 73 23811 6512
31 73 80479 32800
31 73 70380 22971
31 73 84192 45026
31 73 35019 11384
31 73 96886 86276
31 73 17418 1402
31 73 26073 7809
31 73 51702 21470
31 73 88061 82743
73 66 30557 30318
73 66 91253 93680
73 66 59650 71218
73 66 85866 74682
66 26 38508 40141
66 26 82307 80601
66 26 16566 3388
66 26 16783 5832
66 26 45203 42112
66 26 65984 59751
66 26 88433 86455
66 26 76740 68094
66 26 96848 87165
66 26 16947 16102
66 26 49051 46829
66 26 51226 57623
66 26 55109 58192
26 75 70120 98129
26 75 18749 25040
26 75 67307 51683
26 75 40301 34788
26 75 69233 86559
26 75 22819 25571
26 75 44065 47663
26 75 82353 98721
26 75 35133 27724
26 75 62794 50143
26 75 52514 48602
26 75 6644 9760
26 75 6349 2520
26 75 68511 64953
75 4 25656 59713
75 4 12871 43181
75 4 67772 88249
75 4 28270 80031
75 4 72930 88263
75 4 6120 11874
75 4 17423 54775
75 4 66350 84839
75 4 52888 80872
75 4 11930 26225
75 4 94162 89747
4 76 50230 37084
4 76 55155 53451
4 76 33603 23386
4 76 15095 2647
4 76 26076 14081
4 76 81480 74831
4 76 93268 94084
4 76 49599 32168
4 76 1606 1615
4 76 86659 77902
4 76 69693 58665
4 76 23219 12552
4 76 50029 32888
4 76 51141 49131
4 76 20288 8622
4 76 22483 9978
4 76 77020 59414
76 99 2586 617
76 99 98270 99160
76 99 45414 45762
76 99 37465 26112
76 99 63266 77476
76 99 73304 78926
76 99 36444 17396
76 99 13465 2658
76 99 38513 38470
76 99 24606 3677
76 99 93473 95236
76 99 56953 62080
99 81 3482 15250
99 81 43533 73956
99 81 13007 46861
99 81 85295 95699
99 81 38243 61536
99 81 52447 77895
99 81 23340 56867
99 81 34197 61065
99 81 42611 73641
99 81 27201 57407
99 81 69768 92777
99 81 45234 76843
99 81 21627 54854
81 86 9952 24012
81 86 12857 37728
81 86 25205 53843
81 86 92302 95701
81 86 17454 42262
81 86 36747 68352
81 86 63312 80772
81 86 77354 91435
81 86 8210 1093
86 36 53913 50595
86 36 8321 8706
86 36 6490 2939
86 36 97587 90697
86 36 40039 45804
86 36 54861 74757
86 36 80179 81958
86 36 45587 50268
86 36 8905 27808
86 36 34246 40858
86 36 16752 34199
86 36 59660 77120
36 67 76842 39857
36 67 60372 8655
36 67 99560 73893
36 67 71439 17825
36 67 95161 55849
36 67 40231 4257
36 67 73321 29164
67 47 72350 31241
67 47 13961 6387
67 47 23758 15612
67 47 81237 62832
67 47 86397 96740
67 47 54010 24703
67 47 11660 925
67 47 37879 20253
67 47 72687 45301
67 47 73976 45883
67 47 71738 30561
67 47 32334 15854
67 47 83161 67887
67 47 88821 97906
47 42 12816 35109
47 42 16746 36896
47 42 87745 96803
47 42 17440 65792
47 42 16050 35792
47 42 1 7305
47 42 69298 90117
47 42 81252 96025
47 42 56674 77735
47 42 81119 95304
47 42 86053 96550
47 42 61191 87455
47 42 25751 75384
47 42 75936 94989
42 33 63159 89679
42 33 76278 97661
42 33 18694 74165
42 33 16999 42983
42 33 47398 87911
42 33 4191 34641
42 33 18365 47942
42 33 25537 77286
33 2 35954 31336
33 2 718 3623
33 2 44087 32315
33 2 57349 78989
33 2 85788 90041
33 2 8514 7943
33 2 31169 15208
33 2 19191 9937
33 2 81767 88672
33 2 51011 72370
33 2 52392 77255
2 34 30405 13002
2 34 77140 70435
2 34 84509 79828
2 34 72741 68967
2 34 71189 54683
2 34 58702 42163
2 34 33972 24495
2 34 14175 8225
34 23 14391 39975
34 23 2573 9074
34 23 47480 90495
34 23 1748 5901
34 23 34627 61015
34 23 7169 10113
34 23 45481 86792
34 23 42696 83407
34 23 8994 32367
34 23 51039 94602
34 23 27119 43963
34 23 61669 95441
23 24 73554 77176
23 24 80528 79337
23 24 14488 8540
23 24 21195 25404
23 24 37439 60964
23 24 4245 7007
23 24 46478 69948
23 24 25634 35988
23 24 30686 56121
23 24 93788 99922
23 24 84979 82655
23 24 6132 7146
23 24 31807 60231
24 17 52999 68873
24 17 96792 99593
24 17 62376 86732
24 17 40680 59673
24 17 15964 10945
24 17 30254 22942
24 17 39393 54438
24 17 44342 60333
24 17 77661 94359
17 9 64570 65844
17 9 31000 43903
17 9 68997 71459
17 9 69627 87781
17 9 5399 12452
17 9 68912 67221
17 9 14952 18358
17 9 79567 98807
17 9 7762 18143
17 9 53887 46737
17 9 63070 53816
9 55 19123 11596
9 55 45872 49309
9 55 22849 34357
9 55 21927 16119
9 55 83489 99143
9 55 76316 91357
9 55 68410 89537
9 55 42293 48938
9 55 31418 39989
55 74 62324 57795
55 74 17034 9181
55 74 6099 706
55 74 81719 93734
55 74 36225 52212
55 74 95110 95225
55 74 77854 78105
55 74 23081 17617
55 74 41214 55153
55 74 22251 9281
55 74 28692 39199
74 45 74482 83012
74 45 43292 49350
74 45 2099 433
74 45 8112 2200
74 45 21856 16488
74 45 57073 78163
74 45 39453 38705
74 45 23867 17473
74 45 79987 91560
74 45 45136 60149
74 45 93987 94366
74 45 52308 74194
74 45 65261 80223
74 45 30874 26446
74 45 87725 93156
74 45 76911 83250
74 45 55276 77286
74 45 13749 8936
74 45 13864 11385
45 57 18193 18682
45 57 46306 54569
45 57 27769 32914
45 57 2727 5991
45 57 50877 72785
45 57 25984 25689
45 57 50355 66501
45 57 71348 88496
45 57 77788 98486
45 57 76256 95391
45 57 18419 23334
45 57 81671 98802
45 57 14505 17559
45 57 58823 78680
57 3 87769 90883
57 3 18670 48773
57 3 45176 66078
57 3 11382 28446
57 3 38007 65815
57 3 45298 67644
57 3 11691 37756
57 3 89669 90950
57 3 27176 56367
57 3 75054 85567
57 3 49243 83295
57 3 72431 83722
57 3 16502 48122
57 3 24238 55695
3 8 90922 92191
3 8 4315 26538
3 8 2004 12161
3 8 24956 49676
3 8 34833 58526
3 8 58486 71901
3 8 23244 39931
3 8 30812 54047
3 8 42171 65015
3 8 40447 58661
3 8 68683 77262
3 8 33009 56978
3 8 42790 70870
8 48 60799 67411
8 48 64534 85935
8 48 60888 82856
8 48 15989 12489
8 48 42877 29499
8 48 51157 55136
8 48 37142 15751
8 48 9406 1708
8 48 84708 89799
8 48 37538 26048
8 48 87557 92073
8 48 69919 88158
8 48 64264 83111
48 30 39883 48604
48 30 49375 50046
48 30 26843 31637
48 30 87802 98862
48 30 86395 96999
48 30 66580 75580
48 30 80170 83828
48 30 78248 83566
48 30 64106 75341
48 30 19896 26015
48 30 83102 86762
48 30 6602 15001
48 30 4565 5340
48 30 77227 76408
48 30 39210 43380
48 30 25919 30448
48 30 14200 17336
48 30 37277 32320
30 7 463 5414
30 7 20174 35885
30 7 74303 59826
30 7 1932 24520
30 7 52346 59557
30 7 8436 35036
7 59 76484 47137
7 59 58081 34917
7 59 24659 21911
7 59 44199 33023
7 59 71885 39579
7 59 88940 73188
7 59 77784 48771
7 59 42108 28095
7 59 24560 12847
7 59 39688 27189
59 64 51013 44428
59 64 59511 65675
59 64 25513 39775
59 64 53493 44977
59 64 10952 22776
59 64 61826 74397
59 64 14323 28677
59 64 5864 3004
59 64 92691 94931
59 64 57454 51551
59 64 92982 98619
59 64 85288 94530
64 25 36818 62381
64 25 9254 2306
64 25 10719 11966
64 25 48042 74650
64 25 16781 42847
64 25 3507 1988
64 25 13618 42825
64 25 34070 46712
64 25 65489 95933
64 25 12026 35251
25 82 3264 2994
25 82 37008 21360
25 82 63123 55940
25 82 94444 79837
25 82 89995 77117
25 82 3908 13202
25 82 84896 63204
25 82 61354 41290
25 82 99028 92513
25 82 86929 66443
25 82 47332 30725
25 82 6767 13615
82 100 18624 28490
82 100 76629 45598
82 100 15830 1611
82 100 32448 38358
82 100 96138 75099
82 100 91125 67479
82 100 83407 51602
82 100 17059 7797
82 100 52303 43155
82 100 99630 75501
82 100 45949 41800
