100 109 10
1 40 54059 42996
40 95 329 46887
95 76 9575 1855
95 76 46203 36619
76 19 98714 54602
19 24 85493 24986
24 47 1036 36188
47 26 7731 59965
26 66 72949 78375
66 51 21021 73588
51 41 39996 76211
41 31 96859 87818
31 53 20922 57296
53 18 90335 12576
18 90 81310 14604
90 59 3254 47134
59 39 67803 64991
39 32 42520 94241
32 17 19693 68794
17 83 26352 46169
83 64 91031 82939
64 22 1801 71230
22 79 10927 76948
79 48 95499 52578
48 78 12588 13650
78 37 76230 84655
37 4 42621 55654
4 50 28861 57400
50 20 44018 49082
20 3 74090 24989
3 15 31581 96306
15 7 50602 89160
7 75 85777 90862
75 63 71255 8275
63 97 15103 38988
97 5 91509 97923
5 91 75508 84062
91 84 97731 8003
84 61 45112 16434
61 70 86060 49224
61 70 77111 2151
70 71 66889 37306
71 44 29513 2493
44 43 92626 98821
44 43 18212 12939
43 49 37343 1590
49 35 35546 26497
49 35 54305 88492
35 56 4206 99534
56 16 72995 29331
16 46 8069 52673
46 96 89383 22017
96 27 13174 69650
27 52 48602 64373
52 33 93477 3480
33 23 17065 10364
23 36 93129 27017
36 74 86887 29922
74 8 14533 24004
8 67 97869 53676
67 45 14178 66703
67 45 65771 83978
45 62 12098 32638
62 21 7469 43277
21 54 62694 70251
54 69 30548 14488
69 58 1733 38664
69 58 52204 81320
58 85 55150 63997
85 86 54770 24450
86 99 43065 25469
99 10 9746 53640
10 93 49418 81328
93 87 46652 91176
87 92 43547 12897
87 92 14833 5527
92 13 94665 57880
13 9 26581 64587
9 42 4055 36240
42 73 46364 80933
73 2 12627 75028
2 82 61494 67196
82 12 66470 27490
12 98 1218 36763
98 88 91318 96463
98 88 25352 51130
88 38 62969 86027
38 6 72147 3354
6 94 16847 36255
94 77 71417 63025
77 80 62945 1565
80 81 89450 85292
81 28 20183 32418
28 11 64752 74077
11 68 89130 19087
68 14 94355 90312
14 29 87865 59390
29 72 75440 83854
72 60 50586 92636
72 60 19542 52749
60 65 40762 85236
65 25 50016 19360
25 30 27809 16312
25 30 6356 6916
30 34 70909 67135
34 89 99682 54174
89 55 90182 155
55 57 19111 59292
57 100 91842 14475
