100 1099 10
1 54 6984 22230
1 54 92488 79510
1 54 58376 36981
1 54 76397 51350
1 54 74749 37029
1 54 16153 25043
1 54 84137 68430
1 54 97595 95986
1 54 77240 59681
54 87 98884 99588
54 87 78482 87387
54 87 51784 63028
54 87 9918 27192
54 87 87066 95363
54 87 17087 27851
54 87 39009 54441
54 87 66888 73535
54 87 22177 28025
54 87 71352 79921
54 87 36240 52413
54 87 30939 38895
54 87 6671 25375
54 87 4660 21675
54 87 89794 98796
87 92 761 321
87 92 14794 15455
87 92 67983 86150
87 92 63872 77302
87 92 62956 67987
87 92 36432 33190
87 92 56787 37012
87 92 32374 31136
87 92 24372 26456
87 92 5905 11891
87 92 68858 94584
87 92 61533 43539
92 11 98681 86455
92 11 50206 10967
92 11 78436 52626
92 11 91456 77642
92 11 67616 21900
92 11 3091 267
92 11 21814 4628
92 11 69126 33973
92 11 87564 69799
92 11 65446 18049
92 11 1706 171
92 11 81858 66775
92 11 96828 82168
92 11 31262 10251
92 11 81361 64826
11 81 25766 45690
11 81 65022 84461
11 81 78630 97005
11 81 15710 5572
11 81 39699 57118
11 81 61351 67932
11 81 80029 97413
11 81 38162 45795
11 81 22901 12932
81 71 43765 36285
81 71 1483 5254
81 71 39289 10683
81 71 49497 46093
81 71 85792 92693
81 71 76801 68212
81 71 25286 8603
81 71 81230 88214
81 71 75090 55938
81 71 41374 32983
81 71 55669 46272
81 71 34857 9132
81 71 60327 50086
81 71 72342 51322
71 12 85100 84811
71 12 7310 12810
71 12 46356 41372
71 12 80406 77806
71 12 21426 35530
71 12 49163 60104
71 12 46928 50681
71 12 2728 2511
71 12 11588 30767
71 12 56259 72317
71 12 43016 37829
71 12 4657 5570
12 51 15427 6575
12 51 70382 64716
12 51 91021 97562
12 51 20001 46701
12 51 35243 54015
12 51 17848 13042
12 51 49677 60547
12 51 20171 50089
12 51 18899 17253
12 51 10934 874
12 51 90855 85446
12 51 19698 41314
51 8 45278 73113
51 8 29937 19662
51 8 62318 79140
51 8 13586 2280
51 8 79596 87650
51 8 65897 86671
51 8 36273 51270
51 8 22219 7032
51 8 63099 80715
51 8 41389 56369
8 42 96475 86653
8 42 97462 98550
8 42 23455 19554
8 42 84590 78605
8 42 32182 21215
8 42 66894 37894
8 42 67192 70472
8 42 75700 76119
8 42 75650 73403
8 42 89232 82076
8 42 49689 35383
42 65 73535 99771
42 65 25905 9475
42 65 46900 76841
42 65 34412 12073
42 65 43769 74475
42 65 34226 11962
42 65 39945 48738
42 65 39694 32549
42 65 35612 23585
42 65 56208 90542
65 29 5254 21814
65 29 3896 12930
65 29 42619 68389
65 29 39243 53333
65 29 9818 26286
65 29 77653 75716
65 29 60127 71971
29 68 34377 16788
29 68 37880 32109
29 68 48079 38146
29 68 58923 64664
29 68 99731 78375
29 68 88513 76014
29 68 93786 76182
29 68 50899 54982
29 68 61479 74198
68 67 70959 76702
68 67 26070 9852
68 67 9884 2426
68 67 60897 65496
68 67 98019 94645
68 67 78737 84881
68 67 26271 35094
68 67 94015 94516
68 67 41802 58427
67 88 75190 84040
67 88 40310 34713
67 88 46964 71910
67 88 22925 26108
67 88 94296 84773
67 88 22554 25432
67 88 7053 1060
67 88 46421 43471
67 88 5771 331
88 89 80609 68005
88 89 73310 61893
88 89 58179 55374
88 89 75845 66611
88 89 46870 49391
88 89 90537 98910
88 89 6437 42815
88 89 86432 88514
88 89 3946 36485
88 89 69830 61340
88 89 69416 57877
88 89 46559 45526
89 21 41919 65033
89 21 24028 5399
89 21 70551 77574
89 21 97779 91516
89 21 36088 19331
89 21 40138 49305
89 21 26958 11117
89 21 99664 98795
21 30 30706 23269
21 30 98450 90640
21 30 68322 30825
21 30 25737 21382
21 30 37488 26457
21 30 70670 78451
21 30 13367 7240
21 30 46649 27744
30 25 12841 10118
30 25 45534 46483
30 25 24000 19654
30 25 73044 77075
30 25 37409 40953
30 25 54582 67066
30 25 474 9795
30 25 35373 31931
30 25 53367 48471
25 15 54829 58423
25 15 77801 76497
25 15 29443 6799
25 15 49133 51234
25 15 72108 63985
25 15 96627 83388
25 15 3551 3934
25 15 6728 5351
25 15 41809 43458
25 15 39676 26978
15 57 52849 59018
15 57 29466 27157
15 57 10452 3582
15 57 47888 31573
15 57 87105 97212
15 57 62996 60680
15 57 85076 73753
57 61 18867 39610
57 61 11327 10911
57 61 68844 62006
57 61 28259 48014
57 61 95098 99130
57 61 3109 2400
57 61 18865 18685
57 61 9436 3040
57 61 33375 48083
57 61 73759 98262
61 55 42849 12199
61 55 88203 89077
61 55 50544 55427
61 55 78886 78213
61 55 7752 2320
61 55 44595 14532
61 55 90707 92108
61 55 17740 6493
61 55 80338 82566
55 66 39851 11583
55 66 18463 5457
55 66 93738 64366
55 66 27435 11518
55 66 24226 9795
55 66 89130 51658
55 66 99224 70430
55 66 40706 41679
66 4 62609 16481
66 4 75702 46041
66 4 74925 34896
66 4 84204 82348
66 4 33157 11732
66 4 86353 91040
66 4 76948 51799
4 69 19708 23284
4 69 37665 56022
4 69 32966 39641
4 69 32937 37640
4 69 40686 67692
4 69 96872 90006
4 69 95980 69923
4 69 21836 33960
4 69 16759 12133
69 13 84439 63395
69 13 22238 33833
69 13 59658 40869
69 13 32201 35609
69 13 95083 82727
69 13 87476 76371
69 13 77465 55800
69 13 67737 46096
69 13 64125 45859
69 13 33218 39775
69 13 15426 4014
69 13 91323 81197
13 60 27855 45800
13 60 32021 58290
13 60 21246 16883
13 60 23336 34588
13 60 12183 3946
13 60 50027 92054
13 60 4393 1218
13 60 13968 5236
13 60 36670 91608
13 60 16284 9106
13 60 89119 93336
60 28 66966 60150
60 28 23616 23931
60 28 59353 46756
60 28 53699 43918
60 28 69903 63103
60 28 35853 43876
60 28 4287 982
60 28 17995 12145
60 28 70576 69578
60 28 88481 78395
60 28 94916 82174
60 28 24136 40501
28 5 29781 78063
28 5 9432 10152
28 5 987 9804
28 5 11963 34914
28 5 19110 57098
28 5 28933 62496
28 5 11121 21889
28 5 7186 10018
28 5 43315 79706
28 5 24340 57417
28 5 64883 92562
28 5 53149 80849
5 86 50266 38959
5 86 61509 43251
5 86 89841 84825
5 86 87605 78258
5 86 79557 68615
5 86 47365 9133
5 86 49732 29240
5 86 12089 2666
5 86 72692 56851
86 40 89798 99993
86 40 49391 40468
86 40 53761 60774
86 40 61698 78418
86 40 30383 21813
86 40 45429 35777
86 40 32751 30605
86 40 4199 3274
86 40 61064 61746
86 40 41274 31123
40 6 91979 94305
40 6 3766 6530
40 6 33966 51592
40 6 48063 56650
40 6 51588 62026
40 6 92908 95257
40 6 25243 42145
40 6 15207 25351
40 6 8882 19662
40 6 27606 47722
40 6 83249 89097
40 6 21763 30853
40 6 7882 11949
40 6 66646 74179
40 6 64498 63523
40 6 47332 56286
40 6 50959 61830
6 31 77182 55355
6 31 42488 54927
6 31 11040 267
6 31 31330 7395
6 31 24246 2082
6 31 26386 5826
6 31 95671 56016
31 94 53974 30351
31 94 78906 76495
31 94 34841 12407
31 94 48917 21851
31 94 12074 5934
31 94 47281 20783
31 94 75958 72188
31 94 88193 86567
31 94 50222 26979
31 94 37753 12457
31 94 22006 7226
31 94 87048 84195
31 94 67665 70546
31 94 62412 57597
31 94 3300 2866
94 47 82204 80948
94 47 81969 61546
94 47 32077 43128
94 47 31207 39546
94 47 49843 46236
94 47 23346 4674
94 47 56445 55832
94 47 94398 94892
47 74 75527 54858
47 74 42307 43939
47 74 18784 35177
47 74 90176 69121
47 74 91853 85328
47 74 51281 53932
47 74 83027 59364
47 74 94154 85406
47 74 99341 98236
47 74 3127 4351
47 74 83875 64125
47 74 28645 40128
74 72 11757 46716
74 72 13601 55568
74 72 9204 42815
74 72 14043 73432
74 72 8341 24465
74 72 33341 93091
74 72 13461 47781
74 72 25834 81679
74 72 7955 12171
72 83 20358 11685
72 83 52497 40484
72 83 79267 73932
72 83 90775 79095
72 83 30969 33697
72 83 78704 73545
72 83 78431 69155
72 83 24306 14470
72 83 2169 351
72 83 69840 64591
72 83 15043 10166
83 38 37434 41797
83 38 75464 58376
83 38 74749 56558
83 38 29175 14844
83 38 21450 6055
83 38 31882 23422
83 38 88633 78779
83 38 86834 63983
83 38 33847 28794
83 38 28375 12645
83 38 50925 45670
83 38 24132 8790
83 38 87779 70061
83 38 10277 5429
83 38 57242 47233
83 38 23416 6450
38 3 74849 64176
38 3 28179 10591
38 3 30731 30821
38 3 59606 53288
38 3 41386 32326
38 3 71344 60213
38 3 26476 8786
38 3 81857 68270
38 3 97442 81650
38 3 34698 32028
38 3 29015 19116
38 3 54136 33299
38 3 24026 6825
38 3 99750 94051
38 3 20708 4181
38 3 53145 32506
38 3 67695 57599
3 14 23546 10809
3 14 5992 1493
3 14 88238 25488
3 14 64925 21049
3 14 92823 56467
3 14 32403 16035
3 14 63351 19678
14 9 50600 58793
14 9 13000 29993
14 9 29321 35315
14 9 60745 91262
14 9 31026 54354
14 9 5403 27169
9 23 7564 7229
9 23 29951 35435
9 23 83907 64371
9 23 18949 11619
9 23 26360 30966
9 23 23677 25812
9 23 35497 36874
9 23 82036 63044
9 23 45572 58838
23 16 95935 97909
23 16 27428 31180
23 16 14421 12986
23 16 15981 19413
23 16 95263 94427
23 16 90020 81909
23 16 5694 7221
23 16 24734 21977
23 16 90276 90021
23 16 57822 65831
23 16 52236 56100
16 70 4829 12049
16 70 91804 91438
16 70 69622 84276
16 70 18916 33278
16 70 34211 53797
16 70 33628 53184
16 70 6897 29877
16 70 39183 58891
16 70 26021 41030
16 70 43102 66525
16 70 47716 79753
16 70 44884 78758
16 70 75167 86174
16 70 38196 55561
16 70 2922 8728
16 70 81427 89301
16 70 25071 40129
70 36 75879 58116
70 36 93173 81564
70 36 95307 86583
70 36 43865 6139
70 36 77678 68640
70 36 71735 35447
70 36 6307 2475
70 36 88231 81296
70 36 18530 5977
70 36 97891 97251
70 36 17094 3262
70 36 94927 86374
36 48 21180 57478
36 48 32665 59132
36 48 63243 81458
36 48 53252 64637
36 48 57238 72037
36 48 92252 93302
36 48 57050 70246
36 48 35065 60339
36 48 18521 28148
36 48 40040 63411
36 48 16188 23659
48 84 28454 15541
48 84 42403 31601
48 84 31234 20534
48 84 20067 12778
48 84 84776 99139
48 84 12540 8570
48 84 71032 51557
48 84 18985 9575
48 84 71052 95841
48 84 68273 39200
84 19 41178 74303
84 19 36126 59966
84 19 74005 90057
84 19 17562 38479
84 19 6822 27433
84 19 16117 34624
84 19 75535 93238
84 19 25489 49453
84 19 19566 39140
84 19 21604 47443
84 19 24496 48837
84 19 39677 63110
84 19 29596 59021
84 19 58396 81832
84 19 96001 99511
84 19 63054 88467
19 32 87911 78631
19 32 8658 24613
19 32 55229 55603
19 32 53354 42712
19 32 595 16891
19 32 15236 34666
19 32 53784 53770
19 32 5642 22889
19 32 57735 69115
19 32 10062 31885
19 32 82356 77103
19 32 40075 40404
19 32 24173 37378
19 32 5276 21412
32 20 71923 76931
32 20 58698 70084
32 20 48368 63193
32 20 99652 95577
32 20 21025 14719
32 20 54223 65076
32 20 80294 93580
32 20 7131 10437
32 20 36139 29172
20 82 72160 88266
20 82 98240 98601
20 82 42051 73843
20 82 30382 48613
20 82 24767 29276
20 82 27766 36733
20 82 25139 32493
20 82 32175 60851
20 82 83049 89699
20 82 30400 59297
20 82 98487 99546
82 98 9898 49898
82 98 87975 68493
82 98 11116 53126
82 98 9669 42796
82 98 1739 28726
82 98 93186 84313
82 98 48525 56566
82 98 9782 45434
82 98 72018 58697
98 73 90265 80671
98 73 21717 53029
98 73 17745 34560
98 73 2768 21365
98 73 95307 96050
98 73 37374 64088
98 73 2641 4402
98 73 66177 78340
98 73 44485 65941
73 90 75036 94289
73 90 12329 2147
73 90 99550 98065
73 90 64611 88731
73 90 54860 77229
73 90 90233 96645
73 90 18902 8631
73 90 21841 9822
73 90 54016 75261
73 90 29064 15089
73 90 31170 32512
73 90 49921 55580
73 90 36048 44672
73 90 40640 50842
90 91 11629 7622
90 91 53533 66419
90 91 97639 93069
90 91 18264 16394
90 91 7591 7256
90 91 68615 86441
90 91 31584 36567
90 91 53689 81812
90 91 455 6584
90 91 51340 48155
90 91 57543 83640
91 58 52907 22854
91 58 20891 1272
91 58 87630 68676
91 58 96096 71966
91 58 71314 68226
91 58 26326 7876
91 58 67521 41136
58 79 75098 87343
58 79 36977 60951
58 79 78019 88347
58 79 48008 63442
58 79 2144 46754
58 79 49593 86801
58 79 55237 87317
79 24 34616 29952
79 24 81103 88043
79 24 40112 47026
79 24 44272 69733
79 24 62906 74468
79 24 44255 54339
24 76 62755 76230
24 76 8409 3249
24 76 66185 84291
24 76 59149 70898
24 76 37184 50623
24 76 55769 59525
24 76 47836 58911
24 76 34013 49025
24 76 20367 14280
24 76 29393 45694
24 76 19105 4742
24 76 55793 60674
24 76 58933 63281
76 52 84777 75782
76 52 69029 72143
76 52 30729 45444
76 52 67860 70349
76 52 90895 98368
76 52 9672 26296
76 52 19978 44293
76 52 45457 51713
76 52 87511 84679
76 52 63168 69774
76 52 6249 16189
52 85 37779 4024
52 85 75383 71646
52 85 4080 501
52 85 90728 80391
52 85 59675 34132
52 85 66414 68998
52 85 47248 26039
52 85 57918 27098
85 27 68651 36754
85 27 86736 87803
85 27 12421 25222
85 27 73657 80855
85 27 66109 36603
85 27 243 15940
85 27 76044 84688
85 27 79651 84953
85 27 6739 25193
85 27 7725 25198
85 27 15037 26447
85 27 94021 96606
85 27 666 21050
85 27 63323 35789
85 27 46481 26458
85 27 93360 89619
27 97 91608 99797
27 97 35881 45679
27 97 88472 90947
27 97 28912 45592
27 97 26510 31508
27 97 65556 71160
27 97 43868 55654
27 97 73563 83500
97 62 7278 26759
97 62 70946 81272
97 62 16635 42289
97 62 627 25346
97 62 93479 99137
97 62 24715 54208
97 62 50304 61671
97 62 34569 58072
97 62 57841 64752
97 62 7943 35756
97 62 71273 98314
97 62 20788 51691
97 62 59842 65485
97 62 56597 62560
62 49 47194 33555
62 49 43743 24558
62 49 76438 87176
62 49 48960 51486
49 18 10327 19617
49 18 87584 72669
49 18 9413 4869
49 18 71042 44276
49 18 95880 95406
49 18 1473 1233
49 18 42090 40757
49 18 87807 80054
49 18 90904 82903
49 18 95423 87332
49 18 71159 69635
49 18 30618 39682
49 18 45984 42308
18 78 57229 31913
18 78 684 9753
18 78 57558 36344
18 78 93425 78681
18 78 18778 25755
18 78 95622 87044
18 78 59527 40590
18 78 82429 62283
18 78 54730 30744
18 78 60885 43373
18 78 69418 58137
18 78 10363 23576
18 78 43353 28250
18 78 1035 21262
18 78 61782 54177
18 78 86447 70995
18 78 90299 75115
18 78 44782 28710
78 46 52224 51929
78 46 45587 37601
78 46 50168 45982
78 46 84239 71722
78 46 88577 80417
78 46 37890 20652
78 46 38579 23728
78 46 40852 30618
78 46 18831 15821
78 46 40086 24792
78 46 71487 71354
78 46 70984 51957
78 46 13222 14948
46 93 51529 30564
46 93 8472 2209
46 93 15949 5452
46 93 51497 29589
46 93 73176 79316
46 93 64584 53883
93 2 26928 8049
93 2 40588 79583
93 2 9742 1099
93 2 83396 97178
93 2 32014 13507
93 2 54604 85123
93 2 34992 20509
93 2 57908 90827
93 2 38348 54505
93 2 9798 2854
2 7 80676 94110
2 7 31043 61960
2 7 45060 68952
2 7 29862 55926
2 7 4086 22980
2 7 18430 55469
2 7 70720 70485
2 7 9032 23169
2 7 44017 64018
2 7 94729 95438
2 7 17990 50444
2 7 49646 69923
7 77 82607 76481
7 77 46456 50389
7 77 62007 72831
7 77 4766 13017
7 77 93180 80867
7 77 61406 72134
7 77 20893 40463
7 77 74542 73893
7 77 8174 16247
7 77 12612 29146
7 77 57389 54787
7 77 86250 78874
7 77 56464 53524
7 77 39277 49170
7 77 57622 68797
7 77 77942 76082
7 77 97885 83768
77 10 41434 31567
77 10 50002 62249
77 10 30619 22962
77 10 54221 82061
77 10 31251 28927
77 10 5726 12944
77 10 66124 94337
77 10 62341 89823
77 10 1277 9978
77 10 48959 61943
77 10 41223 30563
77 10 12923 18836
77 10 11715 14113
10 64 56413 80564
10 64 36793 67728
10 64 82839 88077
10 64 30218 48811
10 64 53000 78950
10 64 14515 702
10 64 47210 74302
10 64 90871 92142
64 56 61712 59262
64 56 46440 44028
64 56 8694 15193
64 56 15811 15920
64 56 56176 48621
64 56 72583 85603
64 56 6068 886
64 56 18932 34193
64 56 18265 25487
64 56 47776 45988
64 56 66572 84387
64 56 29150 42276
64 56 55648 47360
64 56 64262 74663
56 50 66953 91866
56 50 77938 93361
56 50 37530 24709
56 50 55679 76693
56 50 11444 6932
56 50 22326 12240
56 50 41894 69061
56 50 20924 11205
56 50 23102 13561
56 50 58621 87296
56 50 37632 39268
50 33 51718 92147
50 33 27694 73539
50 33 56194 95547
50 33 5732 30623
50 33 34752 79796
33 63 43290 9307
33 63 69575 34401
33 63 53663 31458
33 63 91401 71051
33 63 46820 16666
33 63 74973 47166
33 63 70482 35877
33 63 39978 5174
33 63 38253 3092
33 63 89102 65368
33 63 41780 7107
33 63 77963 61146
33 63 67962 31585
33 63 93224 71798
33 63 96517 92664
63 45 43395 27283
63 45 99462 95449
63 45 88597 92347
63 45 3185 817
63 45 6101 9363
63 45 42240 23972
63 45 36278 11864
45 43 98012 62577
45 43 5461 4190
45 43 80994 56397
45 43 8253 38776
45 43 49175 39951
45 43 90315 60697
45 43 98668 98470
45 43 60657 53559
45 43 82549 58589
45 43 54594 45649
43 95 89118 70099
43 95 9736 3374
43 95 97550 86774
43 95 87029 36831
43 95 98832 95133
43 95 25634 8411
43 95 49210 23745
43 95 10807 8030
43 95 91582 85285
43 95 236 761
43 95 39241 14260
43 95 59983 27376
43 95 43889 22996
95 44 30314 24329
95 44 38055 35497
95 44 9210 13865
95 44 4124 1006
95 44 86896 43688
95 44 30778 30197
95 44 69614 43480
95 44 6597 2440
95 44 97435 97524
44 80 15391 14478
44 80 87793 99784
44 80 19789 17009
44 80 3783 1648
44 80 32288 30855
44 80 74998 62546
44 80 53432 58570
44 80 87591 63169
44 80 64916 59542
44 80 51714 46299
44 80 50144 36595
44 80 4180 6369
80 41 48218 36264
80 41 22570 29350
80 41 66487 39625
80 41 28915 31571
80 41 6695 17479
80 41 56863 36428
80 41 33416 35746
80 41 90088 62086
80 41 87422 53556
80 41 92371 64738
80 41 95590 85448
80 41 3627 13838
80 41 12143 27315
41 34 27971 55866
41 34 2776 5702
41 34 99652 93737
41 34 24579 43818
41 34 12666 30616
41 34 62614 68419
41 34 89036 87070
41 34 11203 15929
41 34 79637 78349
41 34 69248 75277
41 34 48022 58185
41 34 23715 32787
41 34 54053 66726
41 34 9301 13009
41 34 89711 92326
34 99 18314 6507
34 99 59188 46106
34 99 40858 16730
34 99 4284 1164
34 99 23948 8975
34 99 41597 16792
34 99 63158 69248
34 99 35423 15845
34 99 94784 94494
34 99 13494 5537
34 99 84622 93237
34 99 77005 80347
34 99 70629 75091
34 99 51626 24881
34 99 48848 17418
99 37 39344 36837
99 37 51551 53502
99 37 87627 88127
99 37 62475 73753
99 37 28409 11999
99 37 46905 43349
99 37 12185 319
99 37 55937 58631
99 37 36586 25609
99 37 97805 89740
99 37 40339 41961
99 37 47355 53064
99 37 58626 72653
99 37 41269 42187
99 37 56397 69046
37 22 62165 76014
37 22 25040 14263
37 22 5730 6433
37 22 54851 66572
37 22 64300 85188
37 22 59620 73028
37 22 46915 37850
37 22 67278 93950
37 22 48120 44874
37 22 42766 25680
22 17 68602 59995
22 17 56857 30075
22 17 43129 28683
22 17 28549 5108
22 17 98889 95969
22 17 81751 79951
22 17 75353 74491
22 17 71158 70108
22 17 36143 13165
17 75 91621 99746
17 75 73292 80981
17 75 75607 81813
17 75 48099 73234
17 75 81553 96965
17 75 14792 30414
17 75 31892 64386
17 75 25476 55653
17 75 65056 78250
17 75 15833 33829
17 75 35753 71270
17 75 6345 4446
17 75 2136 2909
75 26 45403 21247
75 26 33182 13075
75 26 16971 925
75 26 87976 66119
75 26 50881 26262
75 26 72208 48776
75 26 24595 4566
75 26 68963 47766
75 26 89968 77066
75 26 76815 65932
75 26 26943 13072
75 26 66805 38252
75 26 57840 35210
75 26 94075 82350
75 26 75324 57445
26 39 14102 3556
26 39 59751 75450
26 39 31132 17175
26 39 36380 25972
26 39 8770 2046
26 39 53133 46624
26 39 20547 4451
26 39 35037 18546
26 39 56234 58943
26 39 86430 98583
26 39 42569 31815
26 39 97160 99895
26 39 76612 75522
39 96 7873 13851
39 96 53753 71993
39 96 36122 58553
39 96 72876 99320
39 96 53713 70950
39 96 8913 23900
39 96 42604 69526
39 96 62196 87232
39 96 29775 51294
39 96 9270 31729
39 96 72501 90277
39 96 23523 39776
39 96 41968 65024
39 96 2367 4334
96 35 99031 99685
96 35 31719 44198
96 35 90570 96781
96 35 87535 86670
96 35 73353 77071
96 35 72423 66637
96 35 25133 19410
96 35 61147 56845
96 35 53177 50463
96 35 82877 83617
96 35 11464 9793
96 35 49469 49750
96 35 25226 20146
35 53 70251 86872
35 53 37509 20092
35 53 59741 36033
35 53 1400 6346
35 53 79230 87654
35 53 15712 18525
35 53 94560 99411
35 53 54754 24415
35 53 61715 65031
35 53 69065 73516
53 59 19443 33703
53 59 3413 10499
53 59 63082 59720
53 59 34103 37735
53 59 24566 34074
53 59 10017 10624
53 59 33612 37717
53 59 70375 73028
53 59 1286 5243
53 59 48455 54440
53 59 92929 82332
53 59 11815 28509
53 59 64610 63118
53 59 74382 73230
53 59 78601 76028
53 59 51007 57629
53 59 48569 57202
59 100 8696 18135
59 100 33324 31757
59 100 86539 99770
59 100 72946 83638
59 100 39695 54832
59 100 33789 49489
59 100 22119 31107
59 100 4429 12612
59 100 45729 57207
59 100 20229 30114
59 100 85429 92733
59 100 51253 82361
59 100 37200 50520
