100 100 100
1 91 58759 38668
91 82 12758 23609
82 59 44985 19853
59 33 95578 16516
33 49 32406 1634
49 73 68704 58240
73 18 43753 65535
18 75 57494 91235
75 47 81309 56730
47 53 84147 68650
53 44 4007 19286
44 66 50101 44517
66 72 10897 36990
72 62 67663 15230
62 6 64524 42240
6 93 5754 81406
93 25 73108 66414
25 21 45340 16684
21 61 27007 33739
61 9 93196 47545
9 85 43777 578
85 70 25027 34662
70 51 99060 1287
51 31 17481 94964
31 67 83211 6666
67 23 95045 50622
23 97 12762 18393
97 37 22837 18415
37 35 92698 15597
35 40 66935 69283
40 55 90340 83607
55 57 16393 54813
57 87 68030 57731
87 10 85483 42713
10 52 98400 74740
52 28 74202 90941
28 50 16432 73245
50 98 46163 90577
98 8 77050 60087
8 86 31813 69417
8 86 52803 89908
86 32 96730 24786
32 45 47571 11821
45 46 63336 19339
46 78 83686 56140
78 54 62247 2320
54 22 10414 86087
22 83 13067 64739
83 43 14396 56835
43 17 83292 71694
17 19 25559 93887
19 4 2565 27689
4 84 90529 75486
84 96 99882 39796
96 58 91595 10892
58 89 38548 86782
89 64 86980 39677
64 76 99504 35326
76 65 44143 84156
65 95 3918 43769
95 29 45416 75984
29 39 6783 11763
39 2 91471 17188
2 60 70609 98505
60 92 50000 54040
92 26 46074 74054
26 56 31824 21335
56 81 30958 86834
81 77 23158 35080
77 99 86513 50438
99 7 23924 36222
7 14 54139 50049
14 20 60627 54976
20 38 99580 83057
38 5 78061 38681
5 79 89329 52080
79 3 24172 69231
3 24 12674 83404
24 27 36777 12983
27 94 67487 93662
94 13 19470 28935
13 74 87315 90580
74 12 5674 19200
12 69 10240 77962
69 90 94671 77712
90 88 41421 36646
88 68 34965 17731
68 16 42995 5484
16 41 81864 53888
41 48 31603 88197
48 11 82081 84935
11 34 93768 15048
34 42 38408 24279
42 80 728 60647
80 63 34623 90116
63 36 72227 70162
36 30 92115 54626
30 15 55011 52304
15 71 95202 13316
71 100 10261 93682
