100 109 100
1 58 13542 34999
58 81 6409 48122
81 97 76115 48861
97 48 86662 86861
97 48 59622 53158
48 21 19988 45084
21 80 86320 53450
80 77 87537 93567
77 17 17385 61299
17 66 20096 25278
66 60 72198 99557
60 33 87235 89706
33 85 26124 44948
85 9 38074 58233
9 95 12351 22403
95 43 2157 25373
95 43 12080 72610
43 99 96676 53242
99 26 60277 32611
26 74 85055 38618
74 69 91806 91770
69 94 399 37410
94 55 87537 27379
55 35 62348 90452
35 52 6189 18914
52 87 52644 97835
87 89 79036 60241
89 59 18357 94891
59 28 92528 9228
28 54 12849 16945
54 83 39016 73833
83 84 69295 8284
84 8 7874 82220
8 76 9673 5675
76 61 34949 18926
61 3 88812 15650
3 29 8742 90873
29 44 12836 76671
44 18 44664 36748
44 18 42126 18271
18 65 49098 29195
65 7 96998 74066
7 79 3999 59786
79 68 76485 25735
68 15 67742 47921
15 5 93064 45887
5 39 90608 80206
39 4 86619 65971
4 53 50227 86491
53 34 5626 22584
34 31 34838 95818
31 63 13396 11924
63 90 72975 12880
90 96 47356 76935
96 19 17619 66366
19 98 40955 84784
98 37 94037 3194
37 32 10084 31018
32 73 25420 48832
73 82 73026 58472
82 46 22362 24051
46 70 22074 68651
70 93 86749 28248
93 88 74955 51087
93 88 98229 91018
88 41 26265 85310
41 38 75270 6309
38 2 59044 10402
2 67 43037 99366
67 36 27646 81295
36 78 32934 51881
78 71 44122 71841
71 24 67576 74582
24 25 47299 27310
25 40 17951 21024
40 42 69421 71769
42 45 1279 64503
42 45 83424 98295
45 51 91819 95308
51 64 80608 55178
64 50 50762 28911
50 23 8045 47285
23 20 71868 78376
20 14 18854 37799
20 14 83846 80404
14 22 88569 56971
22 11 13556 79144
11 6 13151 95586
6 16 53727 18880
16 30 39153 48421
16 30 56357 61348
30 72 29218 44380
72 75 82466 63217
75 47 91206 65674
47 27 86380 45904
27 49 10905 94515
49 10 81874 52197
10 56 96775 22045
56 57 36464 77800
57 62 80180 94343
62 13 78494 47775
62 13 13743 47565
62 13 4505 43569
13 92 77247 32860
92 12 73007 72290
12 86 59941 14735
86 91 32835 91732
91 100 23211 29959
91 100 69992 45339
