100 1099 100
1 45 44996 54576
1 45 88162 86059
1 45 39655 53220
1 45 19381 5382
1 45 37634 51160
1 45 19103 3933
1 45 21023 44254
1 45 59388 67782
1 45 20103 25698
1 45 26557 44393
45 64 34824 1386
45 64 74889 32742
45 64 69117 21066
45 64 43378 8104
45 64 49912 16172
45 64 95712 76901
45 64 93016 68137
45 64 40901 7433
45 64 36591 7351
45 64 80072 62841
45 64 95948 78957
45 64 34989 2780
45 64 53985 16296
64 48 19052 17404
64 48 17618 16194
64 48 31761 58125
64 48 67532 90614
64 48 75830 93398
64 48 72885 92090
64 48 7494 6190
64 48 61442 81355
64 48 84470 95377
64 48 45203 74019
64 48 43975 67994
64 48 8914 8785
64 48 42812 62278
64 48 44019 70796
64 48 61621 81775
64 48 28828 54661
64 48 19268 23662
48 93 39484 40043
48 93 35979 22077
48 93 86496 63839
48 93 54896 46420
48 93 53684 45866
48 93 38624 35158
48 93 86283 46638
48 93 91262 67126
48 93 7791 16618
93 31 44460 70279
93 31 25459 25610
93 31 754 7394
93 31 80152 84040
93 31 28245 26607
93 31 71935 83706
93 31 2886 9680
93 31 43733 63439
93 31 31995 44868
93 31 15625 24433
93 31 31582 31276
93 31 4769 9953
93 31 52415 78379
93 31 62250 82723
93 31 91427 87082
93 31 20183 25022
31 72 28123 8461
31 72 94114 79401
31 72 56822 58607
31 72 44949 54295
31 72 41557 23372
31 72 74065 69848
31 72 40103 11544
31 72 94549 85536
31 72 71035 63796
31 72 24318 7781
31 72 14109 3636
31 72 96525 96333
72 5 67014 72479
72 5 72379 78865
72 5 63926 32950
72 5 65963 42172
72 5 42372 18664
72 5 71703 75444
72 5 73443 83325
72 5 45333 27471
72 5 88472 93824
72 5 66672 65115
5 28 26163 13998
5 28 91901 81857
5 28 31401 28596
5 28 87135 46398
5 28 30101 28235
5 28 7845 7049
5 28 69769 45692
5 28 38947 37494
28 83 5771 3780
28 83 44192 30035
28 83 49933 56779
28 83 80961 70796
28 83 39227 20706
28 83 8013 4503
28 83 98204 94471
28 83 46447 53313
28 83 23890 14498
28 83 81824 75530
28 83 69422 64724
83 65 16693 5442
83 65 21945 33220
83 65 31341 48989
83 65 2948 2855
83 65 40343 54556
83 65 42025 69771
83 65 7240 3221
83 65 94959 96133
83 65 58096 72205
83 65 75607 95229
83 65 59275 75872
65 63 12440 41192
65 63 11446 39919
65 63 12661 47054
65 63 10897 24080
65 63 2429 2167
65 63 27961 75408
65 63 64196 76516
65 63 9747 15884
65 63 18755 53061
65 63 21884 73756
65 63 71540 95176
63 12 9787 3631
63 12 33077 52886
63 12 70039 77129
63 12 61302 71298
63 12 82772 93770
63 12 58644 66915
63 12 27132 23480
63 12 1329 912
63 12 30931 39439
63 12 35739 57086
63 12 37204 58793
63 12 82386 85101
63 12 6318 2119
63 12 84102 99798
63 12 30440 35299
63 12 73240 78447
63 12 27410 23732
63 12 10639 8185
12 68 58487 68212
12 68 11455 9057
12 68 77690 98217
12 68 18070 27165
12 68 43939 64044
12 68 12416 12854
12 68 38641 60590
12 68 34176 55164
12 68 74036 88619
12 68 74232 89399
68 75 23640 42251
68 75 22659 40828
68 75 5490 8142
68 75 75067 99060
68 75 11942 20297
68 75 25541 45796
68 75 59054 92209
68 75 41955 69574
68 75 41685 47509
75 21 94151 97479
75 21 71077 49300
75 21 59420 18592
75 21 63842 49264
75 21 80626 55844
75 21 93165 69323
75 21 39512 5388
75 21 58761 13824
75 21 3034 1363
75 21 62768 39359
75 21 92752 62911
75 21 77730 51931
75 21 43119 10974
21 66 52948 75605
21 66 86690 87669
21 66 34977 12466
21 66 42371 42021
21 66 78519 86375
21 66 91948 99344
21 66 36317 16888
21 66 89258 95628
21 66 40189 28372
21 66 49087 59586
21 66 89149 94455
21 66 5737 11374
66 34 84745 83021
66 34 42176 32652
66 34 7562 22833
66 34 3746 20258
66 34 26625 24286
66 34 36504 30478
66 34 220 5607
66 34 98873 90200
66 34 54580 51841
66 34 43242 51305
34 67 3697 6115
34 67 98307 52012
34 67 94743 40699
34 67 44452 24704
34 67 44607 28937
34 67 57181 34227
34 67 53834 31926
34 67 34502 16515
67 50 63656 70292
67 50 93235 89132
67 50 27947 39675
67 50 46108 61880
67 50 6531 11705
67 50 21643 16828
67 50 31814 57031
67 50 25614 39211
67 50 69419 79949
67 50 90745 81242
50 58 49730 78197
50 58 12376 31950
50 58 28242 58588
50 58 45044 75239
50 58 94133 83934
50 58 34527 59861
50 58 37105 70210
58 29 64751 50133
58 29 86215 89280
58 29 47320 30044
58 29 25345 7191
58 29 8491 741
58 29 82318 85690
58 29 78831 81785
58 29 38393 11916
58 29 77623 77277
58 29 18236 1291
58 29 73527 55216
58 29 61520 32105
58 29 24777 4289
58 29 38827 19376
58 29 72865 52506
58 29 75429 69849
58 29 43465 26521
29 85 8074 4243
29 85 92640 99786
29 85 14621 21430
29 85 48326 54176
29 85 69405 85237
29 85 49980 59424
29 85 26002 39149
29 85 75416 88961
29 85 88415 90886
29 85 69758 88083
29 85 7916 3556
29 85 66839 85214
29 85 12406 13799
29 85 56097 73787
29 85 28810 47825
85 8 92637 88894
85 8 34643 69164
85 8 23935 53695
85 8 8749 15105
85 8 11664 26798
85 8 94031 97455
85 8 14100 30488
85 8 19246 45557
85 8 46883 76205
8 4 98827 98272
8 4 6629 7335
8 4 7241 15132
8 4 51230 49879
8 4 27038 48255
8 4 4753 5687
8 4 80484 61338
8 4 72771 51710
8 4 79615 54347
8 4 18062 28734
8 4 77462 52213
8 4 83603 85142
8 4 7881 18850
8 4 90502 92797
8 4 83497 71761
8 4 82983 67596
8 4 23094 30555
8 4 14491 27695
4 9 63121 66812
4 9 64068 80415
4 9 51335 37007
4 9 6672 21855
4 9 86603 82122
4 9 49923 35913
4 9 94038 84722
4 9 19145 30441
9 90 48735 35953
9 90 6655 4552
9 90 84690 44473
9 90 68841 41832
9 90 91704 54686
9 90 97018 94474
9 90 10850 30790
9 90 7769 19742
9 90 90324 53900
9 90 5199 2025
90 61 69500 55803
90 61 24561 6982
90 61 98135 93012
90 61 40533 8086
90 61 88805 61587
61 57 37825 48440
61 57 70659 88268
61 57 58561 85162
61 57 29752 38550
61 57 47973 71752
61 57 56131 83811
61 57 917 35391
57 14 47978 37824
57 14 18576 17840
57 14 49674 38480
57 14 35908 34447
57 14 55332 55216
57 14 6681 2519
57 14 58759 86792
57 14 28625 30729
57 14 85812 88315
57 14 34385 31303
57 14 113 2114
57 14 18483 4512
14 23 79393 88151
14 23 97270 93462
14 23 81415 88399
14 23 29279 57854
14 23 32925 61675
14 23 23462 720
14 23 99423 98901
14 23 27280 42154
14 23 50086 71466
23 97 67516 47451
23 97 76836 68410
23 97 31059 22957
23 97 18143 711
23 97 72611 67631
23 97 40046 34337
23 97 25312 11393
23 97 61513 36674
97 54 65791 64641
97 54 55194 39398
97 54 99651 86305
97 54 10500 12410
97 54 238 11446
97 54 14025 25406
97 54 46961 31586
97 54 82203 66658
97 54 96070 68306
97 54 62337 49382
54 86 23626 24152
54 86 45924 45536
54 86 61140 71222
54 86 18485 22143
54 86 66931 85668
54 86 64303 71777
54 86 60490 59290
54 86 24902 30233
54 86 9117 10687
54 86 42345 43615
54 86 26107 33804
54 86 88860 89667
54 86 32228 43156
54 86 13216 19713
86 96 48587 58230
86 96 27860 51137
86 96 20448 46741
86 96 70862 86993
86 96 43222 55042
86 96 2905 15671
86 96 39171 53238
86 96 57722 73268
86 96 67946 75805
86 96 50173 67399
86 96 19669 46102
86 96 616 15420
96 74 47182 42815
96 74 96107 64421
96 74 52094 60781
96 74 50786 53902
96 74 40656 38281
96 74 6318 18124
96 74 91832 61897
96 74 11449 27902
96 74 99622 91347
96 74 46861 41114
74 18 92533 78418
74 18 53714 50699
74 18 33831 23143
74 18 72378 74521
74 18 23991 10669
74 18 50872 31198
74 18 98838 93239
18 37 23214 9276
18 37 27426 20339
18 37 28511 27532
18 37 64892 79776
18 37 75704 80159
18 37 51086 44264
18 37 4538 4026
18 37 55183 51095
18 37 30734 31285
37 22 48724 7196
37 22 55473 27862
37 22 51122 21830
37 22 90834 89485
37 22 2564 5308
37 22 73129 47989
22 51 61364 58230
22 51 48282 40065
22 51 28123 38036
22 51 76119 66698
22 51 16099 4278
22 51 83817 69395
22 51 69274 61553
22 51 64472 61248
22 51 24832 29603
22 51 93759 86815
22 51 91087 75374
22 51 59395 54081
22 51 43251 38895
51 33 76844 52444
51 33 76978 72785
51 33 61342 48104
51 33 86075 84625
51 33 53853 32998
51 33 85591 77359
51 33 31270 31507
51 33 20918 16479
51 33 22727 30002
51 33 88739 94167
33 40 83373 80361
33 40 95227 82823
33 40 41593 77204
33 40 15510 4717
33 40 10212 2990
33 40 36620 54869
33 40 75306 79481
33 40 32444 54260
33 40 51920 79016
40 71 97497 90147
40 71 53253 62165
40 71 26334 40119
40 71 77145 81070
40 71 74697 65195
40 71 48733 61055
40 71 76578 69731
40 71 65830 64771
40 71 24772 4713
71 94 52354 68097
71 94 27642 28858
71 94 69733 81843
71 94 16306 22936
71 94 32656 29001
71 94 97264 92818
71 94 40676 47390
71 94 35122 38622
71 94 14231 9705
71 94 39388 41796
71 94 76141 88069
71 94 19966 25799
71 94 69394 76202
71 94 21756 28382
71 94 10636 3991
94 77 59254 35912
94 77 48655 32001
94 77 1841 18607
94 77 5441 22210
94 77 69290 76184
94 77 13943 22316
94 77 61123 74746
94 77 99888 79976
77 98 97822 93019
77 98 18751 31481
77 98 737 12408
77 98 17266 27078
77 98 60536 85649
77 98 41678 41724
77 98 44109 52578
98 87 4799 784
98 87 38098 23533
98 87 62157 52823
98 87 40651 40272
98 87 7503 9952
98 87 88486 86329
98 87 88295 63340
98 87 95941 92573
98 87 49841 40756
98 87 25948 17153
98 87 5558 7212
98 87 21121 13559
87 47 74629 82521
87 47 66879 67018
87 47 74289 76908
87 47 57538 48430
87 47 44102 44368
87 47 49853 48079
87 47 11617 1182
87 47 75789 91954
87 47 23778 30170
87 47 11113 458
87 47 97658 99574
87 47 14530 9417
87 47 60914 61806
87 47 14149 3696
87 47 75354 84212
87 47 72341 72673
87 47 43580 41987
87 47 25599 35872
47 17 25300 15434
47 17 54011 47184
47 17 71289 54924
47 17 89005 87468
47 17 77611 81492
47 17 34383 20077
47 17 95143 99680
47 17 72475 76575
47 17 1521 15314
47 17 67870 47237
47 17 51339 42560
17 70 28923 7460
17 70 83261 94157
17 70 13016 7387
17 70 87356 99239
17 70 33801 22806
17 70 50327 36126
17 70 62022 81140
17 70 40284 34250
17 70 61741 74810
17 70 29569 16451
17 70 60373 54483
70 73 11098 2441
70 73 38330 27454
70 73 48884 65681
70 73 62542 81546
70 73 46679 60085
70 73 69842 84780
70 73 27577 3145
70 73 74789 87914
70 73 34695 18782
70 73 69047 84295
73 82 57373 31074
73 82 93963 82522
73 82 68139 59626
73 82 72791 67882
73 82 43814 25153
73 82 87570 71623
73 82 43802 16078
73 82 58169 40059
73 82 91925 82408
73 82 7103 1262
73 82 93861 82448
73 82 96065 86805
73 82 29149 10663
73 82 56615 25862
73 82 98685 96475
82 3 39633 37348
82 3 9670 17247
82 3 99964 83150
82 3 61765 70962
82 3 51594 40269
82 3 86585 81537
82 3 75098 71595
82 3 20759 19377
3 39 29111 29271
3 39 53699 36863
3 39 16419 27969
3 39 61966 41920
3 39 28342 27983
3 39 72821 56327
3 39 233 7103
3 39 81408 68523
3 39 96278 77633
3 39 5728 9833
39 11 16292 43013
39 11 52249 73131
39 11 66377 99089
39 11 41746 66135
39 11 38335 52881
39 11 35476 46868
39 11 22047 45998
11 16 35390 49542
11 16 5746 28800
11 16 536 9726
11 16 56200 56092
11 16 83247 69932
11 16 35771 55450
11 16 23846 48328
11 16 20723 40199
11 16 66689 64807
11 16 4407 19385
11 16 90266 82675
11 16 8430 34852
16 32 7136 24310
16 32 75498 86055
16 32 6633 11868
16 32 66103 69409
16 32 58869 60191
16 32 75799 93133
16 32 65989 67021
16 32 80595 98883
16 32 70957 75169
16 32 32394 57560
16 32 22457 42985
16 32 17057 25655
16 32 60831 64443
16 32 2888 2341
32 59 74564 80848
32 59 64623 65671
32 59 3002 10825
32 59 94972 91977
32 59 67300 78155
32 59 61829 57261
32 59 75303 83210
32 59 50249 24606
32 59 7314 23477
59 30 6927 29596
59 30 10672 36187
59 30 1120 3137
59 30 34203 86310
59 30 87867 93953
59 30 31293 78565
59 30 92778 97952
59 30 69249 92336
59 30 34772 87708
59 30 5775 11404
59 30 19826 59169
59 30 24904 69596
30 2 45183 38857
30 2 52330 64104
30 2 16277 27334
30 2 56151 65256
30 2 14275 20067
30 2 8973 12540
2 27 63958 79224
2 27 33345 12760
2 27 84976 94889
2 27 35412 33321
2 27 39783 39278
2 27 17575 982
2 27 56529 65018
2 27 45658 42294
2 27 55282 64639
2 27 97640 96639
27 78 84731 65449
27 78 98414 84801
27 78 32111 40974
27 78 4565 4195
27 78 41801 52596
27 78 15739 22761
78 41 35646 57521
78 41 23288 43096
78 41 12638 18888
78 41 431 9402
78 41 70184 70109
78 41 49796 64719
78 41 78561 96113
78 41 74808 79599
78 41 77065 94102
41 55 42122 7684
41 55 74405 28317
41 55 74785 50952
41 55 23060 1198
41 55 34905 4780
41 55 91823 59364
41 55 67602 25573
41 55 5961 781
55 15 4117 16874
55 15 93473 93841
55 15 73994 71561
55 15 48059 46207
55 15 92816 80190
55 15 38895 40379
55 15 27820 21985
55 15 87570 72107
55 15 55287 54627
55 15 38267 25536
15 84 82176 85246
15 84 90364 94390
15 84 58435 79702
15 84 28910 5169
15 84 3056 4451
15 84 85126 93453
15 84 713 2472
15 84 31601 68041
84 69 31111 31322
84 69 29785 27132
84 69 76796 67341
84 69 47898 39926
84 69 73752 64296
84 69 18932 25270
84 69 62137 64071
84 69 33536 33390
84 69 94120 74432
84 69 99751 75283
84 69 18321 12943
84 69 94518 74594
84 69 12376 12176
84 69 53456 56927
84 69 45015 37066
84 69 5381 721
84 69 10082 6061
84 69 7928 5738
69 26 15275 13600
69 26 44356 38952
69 26 90075 85758
69 26 1498 3968
69 26 61799 41828
69 26 93664 96196
69 26 1267 1484
69 26 88476 71936
69 26 97451 97183
69 26 22551 19208
69 26 35717 29415
69 26 17230 15212
69 26 50247 39930
69 26 90365 86375
69 26 34084 20344
69 26 68873 45560
69 26 9046 6584
69 26 34273 21501
69 26 57230 41241
69 26 71718 51602
26 60 17893 41449
26 60 3465 13670
26 60 16752 20841
26 60 94490 94260
26 60 99623 96201
26 60 52915 52404
26 60 39724 42859
26 60 71656 71789
26 60 39814 45941
26 60 69859 61777
60 7 94721 65790
60 7 40151 33205
60 7 92083 59248
60 7 98796 72383
60 7 48449 37878
60 7 88905 52353
60 7 44718 35086
60 7 99611 86808
60 7 74595 43552
60 7 92617 59956
60 7 48764 38661
60 7 87669 43762
60 7 5345 16135
7 91 42248 40349
7 91 62832 47516
7 91 65315 56538
7 91 15038 33197
7 91 83012 66002
7 91 2974 21006
7 91 1234 5736
7 91 94069 95299
7 91 86113 69529
7 91 64500 54589
7 91 51866 44634
7 91 16677 33354
7 91 77843 64962
7 91 92748 83276
7 91 5408 25910
7 91 4966 25722
7 91 39614 39363
7 91 73276 58844
91 35 11567 33707
91 35 20532 77937
91 35 96716 99111
91 35 73982 91370
91 35 35568 84828
91 35 17426 48212
91 35 33145 78396
91 35 14304 40979
91 35 76471 92125
91 35 20063 58370
91 35 57638 86812
35 56 10260 12838
35 56 39837 46387
35 56 5846 10868
35 56 60649 56463
35 56 23608 21287
35 56 4546 10221
35 56 78553 88156
35 56 27414 26579
35 56 34196 42574
35 56 61220 79031
35 56 29015 28576
35 56 32044 29123
35 56 144 10062
35 56 21864 17097
35 56 75210 80903
56 19 91228 51595
56 19 1081 7204
56 19 72191 33615
56 19 67977 29674
56 19 67170 21213
56 19 52983 8317
56 19 62622 18712
56 19 97795 53880
56 19 82534 44097
56 19 99777 98961
19 10 22030 37441
19 10 10707 31424
19 10 82309 89079
19 10 47647 64358
19 10 7077 7511
19 10 45035 55747
19 10 98427 99110
19 10 51155 74560
19 10 48227 65085
19 10 43579 52347
19 10 35125 45515
10 20 85520 65612
10 20 33050 51941
10 20 91395 95848
10 20 7357 18589
10 20 49382 63316
10 20 35079 56473
10 20 94952 98741
10 20 22035 47894
10 20 4707 6836
20 92 33485 52766
20 92 64496 58733
20 92 86430 79975
20 92 96975 80546
20 92 70326 60268
20 92 19766 43913
20 92 11388 6657
20 92 56013 55576
20 92 64073 57394
20 92 1582 2728
20 92 11842 41333
20 92 24719 46059
92 46 69374 82905
92 46 64849 79942
92 46 7906 9943
92 46 21264 51602
92 46 49195 67779
92 46 26236 52055
92 46 59296 72753
46 44 44831 22762
46 44 47441 68063
46 44 48244 69730
46 44 59094 89385
46 44 57551 76518
46 44 17853 10341
46 44 77403 99543
46 44 46906 42945
46 44 15279 10151
46 44 17689 10270
44 99 52840 45772
44 99 87757 76898
44 99 54417 50073
44 99 63507 58984
44 99 25157 20209
44 99 83604 75330
44 99 43428 45652
44 99 60619 54286
44 99 40673 42419
44 99 94143 97188
44 99 73132 66939
99 62 97234 98529
99 62 11565 2134
99 62 23396 56000
99 62 88895 93571
99 62 12248 15603
99 62 35565 59992
99 62 22915 24542
99 62 58100 92576
99 62 54301 73417
99 62 37427 62947
99 62 93054 95596
99 62 40424 64704
62 88 94552 96216
62 88 74977 73990
62 88 2099 26657
62 88 33218 35504
62 88 59070 51267
62 88 83510 77912
62 88 13694 26908
62 88 93096 79039
62 88 65266 58094
62 88 55296 40283
62 88 14777 28078
62 88 20195 28536
88 81 76577 79320
88 81 1632 11084
88 81 11214 20947
88 81 99683 85835
88 81 49135 71868
88 81 32673 46158
88 81 92591 84186
88 81 49054 70650
88 81 3731 11382
88 81 38143 46884
88 81 47171 65025
81 24 77489 95563
81 24 3922 8186
81 24 62544 75329
81 24 40820 56824
81 24 29510 32606
81 24 4491 9565
81 24 76510 91862
81 24 49207 67402
81 24 37109 38592
81 24 77780 99497
81 24 28178 29486
81 24 39424 44690
24 89 33436 32441
24 89 69851 80652
24 89 21848 20138
24 89 5493 8444
24 89 92886 96195
24 89 82171 88353
24 89 28440 31963
24 89 24438 23304
24 89 9856 19301
24 89 65389 61554
24 89 78331 88223
24 89 67512 65438
24 89 55072 37384
24 89 99458 98549
24 89 96533 96880
89 43 28492 44234
89 43 97156 95298
89 43 21467 10525
89 43 21233 9185
89 43 86385 90947
89 43 35531 61651
89 43 13919 2237
89 43 76553 74415
89 43 15455 3857
89 43 56097 65545
89 43 27422 37057
43 95 60027 43756
43 95 75333 63102
43 95 79743 65236
43 95 57647 32790
43 95 96534 92338
43 95 96026 85961
43 95 50360 30444
43 95 86541 69142
43 95 6073 99
43 95 34719 11913
43 95 6786 1095
43 95 70065 62841
43 95 64422 50226
43 95 48622 13772
43 95 20108 9053
95 76 23295 17067
95 76 68934 67575
95 76 95378 90131
95 76 27824 21877
95 76 72181 78863
95 76 32717 22693
95 76 51517 23929
95 76 52588 44878
95 76 14882 10319
76 25 91587 99597
76 25 10809 16451
76 25 47512 65206
76 25 3815 5144
76 25 38047 58788
76 25 90233 94749
76 25 74879 65685
76 25 19578 23153
76 25 35935 42363
76 25 20853 26132
76 25 23273 38995
76 25 83260 82382
25 42 15048 17196
25 42 38634 27525
25 42 33565 23504
25 42 75171 44689
25 42 99297 92860
25 42 17699 22233
25 42 78117 47088
25 42 82104 81865
25 42 48835 29226
25 42 46156 27755
25 42 83063 83046
25 42 37517 24658
42 49 2252 12689
42 49 18216 23260
42 49 71767 50688
42 49 32146 33661
42 49 83499 65467
42 49 61194 39999
42 49 56180 39662
42 49 87772 88934
42 49 9390 22733
42 49 95682 89223
42 49 82037 64425
42 49 84166 77760
49 38 33410 55577
49 38 63487 83289
49 38 1282 1933
49 38 19575 49349
49 38 18322 19947
49 38 74791 92744
49 38 72757 88007
49 38 18706 33219
49 38 9905 3363
49 38 58190 72953
49 38 15834 15216
49 38 24228 50730
49 38 48515 61899
38 79 82236 72712
38 79 60827 68006
38 79 84685 79421
38 79 43705 44377
38 79 97431 98748
38 79 31540 22109
38 79 64680 71444
38 79 11383 981
38 79 22394 17030
79 36 7271 8026
79 36 23933 45364
79 36 49953 58100
79 36 59086 75940
79 36 87361 96727
79 36 31829 51312
79 36 80059 88171
79 36 85081 92804
36 80 49837 68332
36 80 83764 89694
36 80 30164 40639
36 80 13278 9147
36 80 90971 93878
36 80 99605 98395
36 80 80039 87861
36 80 24953 35441
36 80 54165 71007
36 80 37889 60788
36 80 85451 91075
36 80 70553 75838
80 53 52496 84732
80 53 45181 56875
80 53 39219 47584
80 53 99839 90668
80 53 9152 13874
80 53 77616 89485
80 53 46021 69721
80 53 80923 90388
80 53 48544 75428
53 13 9790 9943
53 13 75882 44489
53 13 36573 29616
53 13 91133 71703
53 13 8629 6982
53 13 31849 24575
53 13 78019 71673
53 13 35050 27633
53 13 54388 36540
53 13 25256 10378
53 13 98215 84514
13 52 53162 57803
13 52 95670 80748
13 52 8134 158
13 52 31186 45210
13 52 92751 75480
13 52 9832 15211
13 52 72229 70219
13 52 17078 32003
13 52 38767 55833
13 52 68073 66851
13 52 90224 74302
13 52 66357 62465
13 52 99226 90416
13 52 64802 59539
13 52 86427 73025
52 6 37200 37132
52 6 2882 784
52 6 41218 47238
52 6 90049 69686
52 6 6937 3845
52 6 96844 79732
52 6 18231 4905
52 6 64842 66806
6 100 77258 79465
6 100 16068 28059
6 100 70782 72136
6 100 90982 90937
6 100 30350 52437
6 100 62501 61577
6 100 72655 77465
6 100 58700 54633
6 100 58925 60996
6 100 13740 19475
6 100 7250 6268
6 100 29642 45517
6 100 16633 35694
6 100 87064 88615
6 100 11308 14974
6 100 92210 98514
6 100 6743 3112
6 100 70692 64152
