100 100 1000
1 97 76943 32091
97 40 88337 86817
40 14 98237 43152
14 48 54575 47520
48 81 19086 17517
81 57 43318 56175
57 39 79144 86901
39 51 11894 59875
51 80 41528 94761
80 19 47927 58188
19 38 12567 29155
38 89 39423 34069
89 56 67930 57862
56 34 70348 51102
34 82 8228 53369
82 9 90374 92363
9 87 72116 45593
87 94 91189 26194
94 63 15501 43288
63 46 10177 18594
46 43 51028 30792
43 30 45448 72392
30 71 76342 3195
71 66 5442 83710
66 79 3343 30269
79 13 59158 93567
13 3 18590 40002
3 15 54168 95359
15 8 42388 78348
8 4 40165 74114
4 72 1407 5733
72 31 29180 79510
31 73 22263 52273
73 12 71955 2653
12 16 26497 86207
16 32 30335 66426
32 98 20450 52307
98 37 33122 38724
98 37 43283 54041
37 68 28311 58988
68 62 23795 61895
62 47 77164 5967
47 41 84966 16278
41 92 75002 39738
92 67 72405 61186
67 78 11890 59185
78 52 12847 9561
52 77 97843 3984
77 33 40262 70457
33 84 90634 53981
84 35 91 58779
35 60 67447 34487
60 10 89756 78061
10 20 57561 40283
20 53 21247 50124
53 44 91738 59276
44 76 3314 44324
76 24 16985 47094
24 74 34543 8546
74 96 31866 30368
96 86 1942 76772
86 58 47146 45224
58 29 55424 86185
29 49 62385 27821
49 50 83726 96049
50 21 35557 58828
21 88 75996 52291
88 6 70658 73080
6 95 68904 49249
95 26 6760 72897
26 11 34005 31348
11 25 66376 84366
25 70 42955 58227
70 64 33732 68013
64 28 90013 82106
28 5 18355 87541
5 54 80250 91696
54 75 72682 58943
75 36 44244 42038
36 42 22070 39106
42 85 10333 51791
85 55 50898 47448
55 91 28117 44184
91 45 94082 52388
45 65 66354 12709
65 27 7870 13842
27 93 12263 90392
93 83 93450 19747
83 18 50444 62582
18 69 17872 16232
69 61 91833 81322
61 23 32299 31205
23 7 89027 50565
7 22 97635 54042
22 99 75373 2846
99 59 31042 41579
59 17 79686 87172
17 2 46053 82996
2 90 49915 62821
90 100 82477 18327
