100 1099 1000
1 36 31269 20354
1 36 12324 9788
1 36 81375 94961
1 36 37114 43867
1 36 52224 81430
1 36 7473 1739
1 36 48659 44428
1 36 48889 52009
1 36 37106 20551
1 36 80537 92844
36 20 93804 97114
36 20 33421 31322
36 20 1916 12114
36 20 34522 37918
36 20 15973 27905
36 20 46485 49900
36 20 35759 42420
36 20 7758 22860
36 20 44967 45524
36 20 49757 69430
36 20 68183 78075
36 20 95883 98682
36 20 93540 95745
36 20 15514 26648
36 20 3517 12121
36 20 49065 56362
36 20 4166 20450
20 70 64187 22230
20 70 64225 28620
20 70 55632 21843
20 70 88703 87686
20 70 84388 43642
20 70 30597 8120
20 70 35284 8491
20 70 88919 93982
20 70 84978 59247
70 35 83984 76857
70 35 74790 68929
70 35 53025 52448
70 35 56926 53202
70 35 87729 84476
70 35 51124 31362
70 35 61172 68190
70 35 745 12712
70 35 97212 84734
70 35 446 4214
70 35 2801 23077
70 35 25389 23189
70 35 34975 27727
35 89 30919 50794
35 89 69248 77657
35 89 90033 97147
35 89 54245 68371
35 89 260 22609
35 89 62217 71891
35 89 16616 46180
35 89 16651 46661
35 89 43563 61520
35 89 5753 22692
35 89 64106 75808
89 72 28003 48948
89 72 38839 59943
89 72 25154 32757
89 72 8196 31775
89 72 80310 78422
89 72 5351 10581
89 72 27129 36683
89 72 81847 80006
89 72 82384 97706
89 72 18746 32685
89 72 69826 77872
89 72 59912 66674
72 97 72889 50451
72 97 56327 37004
72 97 74551 86881
72 97 10511 23551
72 97 9233 20086
72 97 58792 44225
72 97 73256 62412
72 97 93387 90790
72 97 60582 45683
97 69 51675 51059
97 69 55616 67949
97 69 23261 30661
97 69 97128 88720
97 69 3175 19987
97 69 97397 89370
97 69 64559 71986
97 69 9641 22943
97 69 2226 19923
97 69 66041 88414
97 69 32847 42233
97 69 46338 42655
69 5 43783 77078
69 5 66856 78405
69 5 40557 53540
69 5 68831 83488
69 5 41478 65317
69 5 35558 16735
69 5 90559 90979
69 5 41351 57703
69 5 22447 14153
5 48 96024 89247
5 48 69418 35588
5 48 32374 813
5 48 32436 10253
5 48 63275 25085
5 48 94817 42264
5 48 47187 11843
5 48 71683 39015
5 48 68440 30982
48 86 5922 8966
48 86 87224 86500
48 86 16428 28416
48 86 90599 91380
48 86 44448 61635
48 86 7967 20254
48 86 70142 81764
48 86 43204 57570
48 86 26709 40955
48 86 2700 1084
48 86 57226 78215
48 86 41962 42654
48 86 54219 74187
48 86 18474 34748
86 52 33725 2786
86 52 68046 63877
86 52 57489 58316
86 52 51122 52040
86 52 88880 66748
86 52 83148 65680
86 52 37262 44688
86 52 35872 26873
86 52 44768 47985
52 53 58405 94442
52 53 36585 39042
52 53 5562 4155
52 53 11878 8035
52 53 55810 92843
52 53 44547 52865
52 53 47972 80038
52 53 78029 95788
52 53 20270 10290
52 53 39189 44429
53 55 36740 17625
53 55 27516 10473
53 55 40848 69050
53 55 97853 81691
53 55 33467 11426
53 55 1724 4644
53 55 20755 5951
55 84 64582 38002
55 84 63782 36351
55 84 31435 16233
55 84 33241 31667
55 84 71104 51898
55 84 25111 8317
55 84 79712 83298
55 84 87423 84601
55 84 78798 73353
55 84 26365 14703
55 84 92312 90763
55 84 10819 6307
55 84 75100 52428
84 59 70317 81413
84 59 22722 18933
84 59 31880 43250
84 59 26350 23698
84 59 16705 8146
84 59 68195 80432
84 59 89100 84627
84 59 664 2633
84 59 26380 31011
84 59 65429 56333
84 59 64818 56097
84 59 92436 91479
84 59 18045 10238
59 17 89229 84496
59 17 16487 36214
59 17 62189 66972
59 17 5613 13535
59 17 94414 95176
59 17 25236 39640
59 17 53944 53501
59 17 36512 44359
59 17 31067 40075
17 27 8825 26758
17 27 42843 42104
17 27 92389 86377
17 27 51437 72562
17 27 13117 28144
27 15 43505 39489
27 15 5567 6373
27 15 54042 48688
27 15 41506 38558
27 15 5581 10645
27 15 99735 91675
27 15 19593 32692
27 15 91892 69282
27 15 90163 68837
27 15 81836 60157
27 15 70518 53313
15 25 42844 66415
15 25 94384 95345
15 25 86823 82942
15 25 20759 27462
15 25 67019 79593
15 25 50737 73089
15 25 52049 76112
15 25 34451 63597
15 25 15343 23371
15 25 71458 81399
15 25 33579 33091
15 25 44022 69025
25 93 50226 28243
25 93 95246 81660
25 93 22083 25126
25 93 72958 76002
25 93 54690 34189
25 93 6136 19350
25 93 61597 49502
93 13 44408 58529
93 13 56519 71368
93 13 74953 86903
93 13 50867 65010
93 13 99055 96989
93 13 67878 85194
93 13 5956 29716
93 13 87615 88107
93 13 11785 30806
93 13 22740 57166
93 13 13654 52104
93 13 30514 57716
93 13 64539 72284
13 57 7281 5726
13 57 59791 25997
13 57 65867 38615
13 57 88851 65444
13 57 65164 35477
13 57 87178 55058
13 57 48785 16968
13 57 89057 88420
13 57 67614 42207
13 57 23648 15413
13 57 76345 51185
13 57 61484 30775
57 81 78543 66721
57 81 53145 32333
57 81 90064 75317
57 81 32752 16728
57 81 60683 52308
57 81 46085 29530
57 81 94682 86143
57 81 55341 48993
57 81 68918 59744
81 96 70749 63259
81 96 53240 42792
81 96 72244 69201
81 96 70181 55684
81 96 72246 72153
81 96 23720 36856
81 96 1243 7590
81 96 80687 91526
81 96 74348 74579
81 96 31504 40324
81 96 64057 42950
81 96 3889 30082
81 96 25858 38219
96 67 10226 28283
96 67 43150 34895
96 67 74836 85607
96 67 67999 78431
96 67 93482 93821
96 67 65531 40215
96 67 41198 31532
96 67 2069 1745
96 67 65769 70618
67 64 13201 34477
67 64 4462 27867
67 64 31692 38345
67 64 60230 69088
67 64 16181 36489
67 64 84788 80940
67 64 73356 79298
67 64 18473 38267
67 64 49930 65435
67 64 91500 82432
67 64 95442 97763
67 64 97627 98335
67 64 66691 69632
64 62 37095 56106
64 62 22191 42367
64 62 49648 68567
64 62 8411 7056
64 62 82123 73079
64 62 39421 67863
64 62 84795 86785
64 62 4959 1982
64 62 66938 70676
64 62 33315 52306
64 62 25392 48482
64 62 92459 96667
64 62 13780 21266
62 8 46119 46449
62 8 44964 37314
62 8 79211 80752
62 8 84495 87768
62 8 42171 36681
62 8 73093 71420
62 8 94050 98505
62 8 75867 74407
62 8 40877 28605
62 8 7575 17898
62 8 5008 16898
62 8 1146 556
62 8 15752 20944
62 8 20953 27801
62 8 55090 70774
8 90 42463 55990
8 90 85185 88023
8 90 93442 93024
8 90 36898 44971
8 90 20072 10625
8 90 56034 58230
8 90 15902 6167
8 90 6912 2295
8 90 79283 62528
90 75 15549 46443
90 75 98382 91841
90 75 2997 9292
90 75 29087 51472
90 75 9532 19559
90 75 14826 42382
90 75 60940 84717
90 75 8933 15183
90 75 56089 63127
90 75 63105 88564
75 71 26621 4958
75 71 86388 66430
75 71 3759 2454
75 71 70918 24379
75 71 78305 58094
75 71 42666 16501
75 71 78168 55337
75 71 70415 21262
75 71 39540 9008
75 71 83804 63545
75 71 95813 92487
75 71 95075 83283
75 71 56366 20551
75 71 89389 79602
71 85 52618 50200
71 85 65525 80642
71 85 97491 93032
71 85 92401 90284
71 85 7307 10743
71 85 59570 73857
71 85 8685 28940
71 85 25740 42760
85 33 80455 93773
85 33 40079 75030
85 33 97002 99791
85 33 24861 29513
85 33 41359 86236
85 33 29823 30700
85 33 13497 25318
85 33 10569 19993
85 33 46151 90418
33 77 60098 51252
33 77 86983 90372
33 77 10441 19132
33 77 77338 74604
33 77 1373 5698
33 77 22216 22880
33 77 83369 89003
33 77 66507 55832
33 77 95705 92453
33 77 96807 96178
33 77 78080 86882
33 77 2735 15782
33 77 15719 21853
33 77 57269 47277
33 77 28607 27069
33 77 69832 58859
77 38 68362 66705
77 38 71519 85558
77 38 92885 95981
77 38 41805 31062
77 38 65524 35984
77 38 31741 27593
77 38 41570 29554
77 38 27866 27070
77 38 21844 16202
77 38 70667 73713
77 38 9589 8532
77 38 67234 53923
38 31 75527 48331
38 31 88508 94543
38 31 47921 40040
38 31 10148 25531
38 31 84202 82257
38 31 63404 45079
38 31 88858 95494
38 31 42103 27670
38 31 8122 20263
38 31 83269 51858
31 2 62551 70868
31 2 29132 47240
31 2 1102 271
31 2 83733 94706
31 2 42206 53057
31 2 44211 61674
31 2 14223 46070
31 2 9621 20528
31 2 68360 80707
31 2 3966 8591
2 34 2953 5967
2 34 72094 45547
2 34 63285 23962
2 34 71747 43852
2 34 27601 15423
2 34 85503 78207
2 34 79939 64850
2 34 80195 77086
2 34 95408 91891
34 54 53170 34754
34 54 91840 90784
34 54 96394 96484
34 54 90477 87389
34 54 58207 59681
34 54 76575 77248
34 54 48812 26038
34 54 26285 5239
54 12 94875 98616
54 12 40148 32796
54 12 390 4631
54 12 90382 94969
54 12 37870 6206
54 12 38459 30996
54 12 60436 45998
54 12 45036 41271
54 12 77310 93342
54 12 69022 90215
54 12 70000 91721
54 12 67910 48753
12 40 18558 8547
12 40 18962 44230
12 40 31526 65464
12 40 77847 83635
12 40 86992 90303
12 40 63562 80046
12 40 94698 92797
12 40 83338 84185
12 40 5570 4412
12 40 19235 45203
40 19 96503 70171
40 19 64659 57736
40 19 21000 16262
40 19 37146 39211
40 19 78997 64338
40 19 29982 29628
40 19 58878 53612
40 19 32755 33596
19 87 58057 56724
19 87 95486 98832
19 87 67898 63423
19 87 10084 19578
19 87 48083 44488
19 87 55261 51883
19 87 61091 61533
19 87 88634 74350
19 87 28252 32883
19 87 52241 48701
19 87 47593 39312
19 87 81459 65333
87 4 95677 94514
87 4 78815 88821
87 4 59831 72640
87 4 54447 35024
87 4 26627 6384
87 4 27309 19389
87 4 41617 20397
87 4 2563 2410
87 4 12940 3003
87 4 59358 48339
87 4 49164 20577
87 4 74531 76921
4 94 4398 17016
4 94 19606 35055
4 94 34090 66779
4 94 7707 22587
4 94 81377 76241
4 94 75991 73367
4 94 3408 13944
4 94 22366 49921
4 94 22751 49984
4 94 41502 71793
4 94 8616 27565
4 94 33179 63812
4 94 91726 84056
94 92 20899 9759
94 92 67907 54384
94 92 84805 65709
94 92 16279 451
94 92 28396 20829
94 92 92806 92341
94 92 19177 3156
94 92 92124 83172
94 92 45385 43469
94 92 91130 82330
94 92 37282 30147
92 10 84959 75460
92 10 90238 92037
92 10 48536 67776
92 10 26757 55626
92 10 31158 62679
92 10 24850 36603
92 10 58117 74348
92 10 89135 90062
92 10 21490 32343
10 11 25476 33954
10 11 54083 98658
10 11 69457 98838
10 11 29799 37820
10 11 9927 27065
10 11 31497 53492
10 11 42087 69598
10 11 13818 28652
10 11 41358 57791
10 11 88228 99612
10 11 1610 16726
10 11 48979 95224
11 74 53644 52226
11 74 17396 32988
11 74 61221 80497
11 74 33480 37920
11 74 92268 94198
11 74 67927 88624
11 74 61016 78126
11 74 83639 89975
11 74 60131 55473
11 74 10574 29582
11 74 57072 53530
11 74 37162 41070
11 74 10556 24905
11 74 39791 41679
11 74 93202 94670
11 74 53590 46230
11 74 8448 4552
74 21 95299 84680
74 21 72985 73544
74 21 19332 39305
74 21 82445 80881
74 21 76013 79552
74 21 75204 75401
74 21 4593 12350
74 21 56010 70017
74 21 47649 47318
74 21 98280 85518
21 51 26189 33895
21 51 76215 91733
21 51 27442 36374
21 51 22021 22966
21 51 71603 78964
21 51 5910 7954
21 51 40247 52225
21 51 72325 79815
21 51 21856 8544
21 51 50764 63653
21 51 99477 99977
21 51 61649 65522
21 51 70912 73142
21 51 56247 65141
21 51 97642 94043
51 7 13617 10598
51 7 22140 22355
51 7 67696 78430
51 7 10334 2986
51 7 40685 76558
51 7 29324 24654
51 7 37086 38997
51 7 89151 94435
7 6 69725 88435
7 6 41489 70990
7 6 25604 39551
7 6 52059 82937
7 6 6722 2595
7 6 31939 65542
7 6 21372 30605
7 6 64512 86344
7 6 84719 98815
7 6 43861 77502
7 6 24130 34870
6 28 5767 1214
6 28 23148 35234
6 28 20327 23769
6 28 14745 16555
6 28 10174 9490
6 28 43985 49586
6 28 89948 60417
6 28 91848 61585
6 28 8486 1673
6 28 20987 32456
6 28 27032 44727
6 28 43986 52972
6 28 52227 57687
6 28 62052 57939
6 28 94695 64586
28 3 68890 68784
28 3 99040 81029
28 3 58607 61176
28 3 32121 32287
28 3 53750 55822
28 3 38821 52809
28 3 13415 4356
28 3 35929 38033
28 3 6565 50
28 3 90138 79267
28 3 28172 23741
28 3 84334 74645
28 3 88704 75172
3 61 15144 26562
3 61 5232 11246
3 61 32512 27762
3 61 82972 60140
3 61 96969 90145
3 61 48032 29271
3 61 51067 51119
3 61 89251 70862
3 61 60105 52141
61 76 9351 7897
61 76 95170 93601
61 76 87876 63259
61 76 25061 13837
61 76 67516 28771
61 76 23371 10972
61 76 42285 15161
61 76 86947 52373
61 76 10499 10612
61 76 79613 40503
61 76 61601 18850
61 76 99242 99485
76 42 83733 93502
76 42 78745 81916
76 42 39285 15424
76 42 61382 19945
76 42 70875 70649
76 42 92718 97142
76 42 94539 97423
76 42 73929 79531
76 42 90606 96100
76 42 48196 16007
76 42 97147 99232
76 42 28357 12038
76 42 76330 79983
42 37 12990 36642
42 37 11001 4913
42 37 21988 46592
42 37 62977 64053
42 37 6143 3990
42 37 50115 57747
42 37 74624 71625
42 37 38488 55235
42 37 75313 73939
42 37 82290 85245
42 37 65018 64679
42 37 80888 82767
37 45 11054 22032
37 45 45256 55605
37 45 13963 48851
37 45 85766 76288
37 45 89559 83562
37 45 56660 60900
37 45 67321 70553
37 45 13255 24335
37 45 27870 55596
37 45 2356 1140
45 24 91916 94987
45 24 57388 67111
45 24 37677 11435
45 24 30883 2146
45 24 38795 25754
45 24 53592 41983
45 24 70225 92403
24 9 18124 10154
24 9 85296 80077
24 9 7935 3302
24 9 69246 57613
24 9 95404 84665
24 9 33758 17763
24 9 21172 11796
24 9 70977 65671
9 32 60039 19139
9 32 97768 85466
9 32 60270 31408
9 32 64550 60943
9 32 22752 9137
9 32 79645 80761
9 32 37346 11640
9 32 6333 6760
32 47 69826 72169
32 47 3968 5120
32 47 12799 21424
32 47 60066 70442
32 47 30534 37941
32 47 47427 58266
32 47 20778 28258
32 47 89583 77384
32 47 93248 79446
32 47 1119 1694
32 47 40595 50916
32 47 96973 88325
47 23 43425 19988
47 23 40929 16487
47 23 84470 33411
47 23 25940 6562
47 23 97159 35487
47 23 73116 26315
47 23 99701 42198
23 39 67923 39486
23 39 35716 25795
23 39 89825 60007
23 39 31620 25381
23 39 31108 23835
23 39 16851 14212
23 39 96191 68247
23 39 14591 7809
23 39 5222 866
23 39 10629 1120
23 39 48434 31944
23 39 44382 27715
23 39 27722 23638
23 39 21563 19243
23 39 26249 22957
39 98 94964 98316
39 98 2843 2517
39 98 19054 5477
39 98 19079 6108
39 98 23909 31575
39 98 93462 74477
39 98 83417 60278
39 98 93074 60978
39 98 22039 17492
39 98 42835 49669
98 99 82000 79144
98 99 73452 66053
98 99 38883 42656
98 99 38822 38014
98 99 53948 55538
98 99 80933 67703
98 99 48611 53711
98 99 20279 30117
98 99 92115 80878
98 99 32427 34178
98 99 10815 24748
98 99 45795 46274
98 99 1135 1798
98 99 42902 46051
98 99 57230 60015
99 65 30588 15460
99 65 75357 69162
99 65 91226 87040
99 65 51887 52020
99 65 84307 81110
99 65 37837 17881
99 65 74329 54758
65 29 80753 90013
65 29 98129 96682
65 29 53072 37258
65 29 63677 45862
65 29 20900 33764
65 29 90728 94411
65 29 63733 54292
65 29 12466 23748
65 29 12687 29956
65 29 4574 10678
65 29 5538 19377
65 29 68167 56828
65 29 80439 62608
65 29 61843 45756
65 29 3690 6878
65 29 56409 40969
65 29 77417 57905
65 29 96567 94413
29 16 15064 9469
29 16 25232 27752
29 16 78002 95255
29 16 40840 50922
29 16 43766 78760
29 16 60190 83920
29 16 25587 28111
29 16 78769 95429
29 16 42796 68541
29 16 35951 35628
16 73 54626 55343
16 73 11845 23388
16 73 9839 2369
16 73 72953 60921
16 73 51906 52872
16 73 75082 72830
16 73 84418 94611
16 73 16281 31119
16 73 42387 48674
16 73 27420 38915
16 73 73472 64856
16 73 83216 93759
16 73 81900 87640
73 41 92200 74188
73 41 43543 17629
73 41 87207 59490
73 41 98208 97584
73 41 78010 32186
73 41 89100 70197
73 41 4995 12868
73 41 30169 14598
73 41 70650 31582
41 30 49367 66366
41 30 44340 59778
41 30 20062 19476
41 30 94010 99489
41 30 24331 26612
41 30 48543 64673
41 30 78349 91932
41 30 23326 22305
41 30 68315 70795
41 30 75890 73750
41 30 49529 69876
41 30 35997 44169
41 30 33833 38975
41 30 76501 83846
41 30 3681 10061
30 63 56145 42761
30 63 20496 17739
30 63 13709 16263
30 63 43032 32728
30 63 98489 92266
30 63 97446 85434
30 63 3064 15072
30 63 58295 46531
30 63 70615 85400
30 63 54240 41102
63 44 94998 87816
63 44 52673 71096
63 44 25039 62868
63 44 73208 84730
63 44 23663 60836
63 44 2110 27047
63 44 25289 64586
63 44 99593 96540
63 44 19979 30564
44 83 92732 88294
44 83 28826 13703
44 83 83443 51453
44 83 87886 81132
44 83 43486 33582
44 83 83783 54522
44 83 18885 5499
44 83 86560 55411
44 83 63110 45134
83 14 79040 85452
83 14 4142 4065
83 14 31611 39322
83 14 71250 60740
83 14 94465 94916
83 14 71759 67544
83 14 73843 69027
83 14 25237 33770
83 14 7622 7424
83 14 16623 20250
83 14 69061 45072
83 14 94539 97244
83 14 60519 40271
83 14 75182 79719
83 14 77529 80525
14 79 56137 77700
14 79 2526 4199
14 79 43711 69345
14 79 22098 31129
14 79 70193 93638
14 79 24852 57129
14 79 15380 26647
14 79 81173 96888
14 79 8708 20162
14 79 75331 96752
14 79 75165 95157
14 79 23914 48530
14 79 38422 62297
79 22 56296 62743
79 22 24373 33196
79 22 77868 80473
79 22 8288 11544
79 22 61986 73791
79 22 32585 46849
79 22 13205 20303
79 22 69239 75279
79 22 18806 29510
79 22 49504 50278
22 50 52370 79741
22 50 2825 18233
22 50 68798 96254
22 50 15659 26205
22 50 30844 48745
22 50 50761 62009
22 50 65174 85229
50 95 93982 94047
50 95 13779 6961
50 95 82000 92541
50 95 59876 48919
50 95 47558 24479
50 95 80328 82846
50 95 54834 25892
50 95 47020 21562
50 95 29135 11667
50 95 81532 88572
50 95 72550 65676
50 95 68605 52564
50 95 56354 47757
95 82 38117 20684
95 82 76289 62849
95 82 60143 37238
95 82 35874 13960
95 82 78480 75331
95 82 65206 38964
95 82 45488 33393
95 82 66036 60470
95 82 36050 16080
95 82 82913 94492
95 82 13036 4324
82 46 36765 42090
82 46 68717 71340
82 46 64072 65993
82 46 50907 58798
82 46 14627 6084
82 46 49510 53771
82 46 17209 40265
82 46 83650 86337
82 46 52953 60585
82 46 69746 73846
82 46 85120 88652
82 46 78194 76781
82 46 99255 91909
46 68 84741 82300
46 68 42686 73925
46 68 22163 27430
46 68 15646 21958
46 68 85049 95826
46 68 81196 75635
46 68 31651 63381
46 68 9428 1648
46 68 23660 32898
68 88 38274 59403
68 88 72940 92345
68 88 23044 46842
68 88 70521 83422
68 88 84651 94457
68 88 18412 43035
68 88 61885 80150
68 88 30180 57075
68 88 28456 51706
68 88 12435 39186
68 88 37920 59347
88 78 11097 10116
88 78 64631 70227
88 78 30813 58894
88 78 14744 35513
88 78 2153 196
88 78 12348 15048
88 78 66234 70279
88 78 81100 94851
88 78 4136 1549
88 78 12695 26817
78 58 64892 60329
78 58 77326 70295
78 58 68571 69604
78 58 20337 18841
78 58 83505 90532
78 58 47823 42826
78 58 57630 59303
78 58 22350 35352
78 58 80224 87432
78 58 3883 9466
78 58 77813 75083
78 58 34920 36512
58 26 46093 64368
58 26 33819 48336
58 26 39279 52199
58 26 84512 84991
58 26 72859 71729
58 26 80506 77818
58 26 17180 13252
58 26 33276 33555
58 26 28357 24475
58 26 85845 90808
58 26 89635 97118
58 26 9656 5792
58 26 76094 74221
58 26 6491 5318
26 49 77481 68476
26 49 94971 95345
26 49 44477 27640
26 49 30544 26969
26 49 24748 20135
26 49 91355 90254
26 49 24394 825
26 49 74789 56592
26 49 54418 42184
26 49 69507 49124
26 49 78483 85564
49 80 9206 19931
49 80 50639 43549
49 80 33323 26438
49 80 64918 68627
49 80 28547 25210
49 80 86273 84701
49 80 61924 52386
49 80 87714 85417
49 80 39169 41795
49 80 76146 70794
49 80 97368 88074
49 80 36128 32861
49 80 78555 80067
49 80 58864 48787
49 80 8786 8709
49 80 97898 88185
80 91 49764 54138
80 91 26865 18014
80 91 67476 63728
80 91 72182 69058
80 91 83003 87406
80 91 82899 82372
80 91 16409 8093
80 91 32162 31786
80 91 50470 58042
80 91 29161 28091
80 91 8116 542
91 66 54271 53991
91 66 58943 62328
91 66 94825 97386
91 66 69526 82417
91 66 6664 23769
91 66 80043 85843
91 66 24887 34931
66 56 28159 57176
66 56 96748 89865
66 56 14863 2191
66 56 10245 1590
66 56 20619 33454
66 56 52465 70506
66 56 40675 58665
66 56 82374 79623
66 56 59322 79204
56 18 21387 21454
56 18 47561 61323
56 18 75668 71122
56 18 38857 38533
56 18 24239 24619
56 18 46821 56316
56 18 28709 27628
56 18 13826 4706
56 18 82012 81363
56 18 32202 38309
56 18 3802 669
56 18 5141 3690
56 18 82938 82770
56 18 18602 19839
56 18 99238 84298
56 18 68094 61539
56 18 77155 72900
56 18 16016 6315
56 18 74874 67495
56 18 29711 28264
18 60 28709 23869
18 60 57898 93183
18 60 41271 72859
18 60 11871 4925
18 60 34595 28578
18 60 75264 96702
18 60 84725 97035
18 60 25344 15646
18 60 64150 95713
18 60 46586 75071
60 43 66583 46036
60 43 58251 34600
60 43 47770 5790
60 43 47772 31605
60 43 77726 50861
60 43 73313 46531
60 43 60950 43446
60 43 17984 1218
60 43 95725 76109
43 100 78456 30747
43 100 20153 3019
43 100 52198 4637
43 100 87032 64737
43 100 1195 367
43 100 78230 29754
43 100 64439 22534
43 100 54829 20436
43 100 86920 62412
