100 100 10000
1 46 97595 44155
46 6 82703 3707
6 97 91114 66730
97 78 63492 415
78 56 81286 78262
56 93 45173 2534
93 74 78425 9166
74 48 30604 27469
48 24 89362 74693
24 11 27177 60062
11 54 36816 56540
54 67 61192 64862
67 28 15543 51809
28 34 65982 35246
34 8 26219 16147
8 32 49972 9300
32 17 22558 79021
17 86 61556 54405
86 49 30170 34850
49 55 14007 10666
55 50 60079 2095
50 69 89884 23767
69 72 70169 17217
72 3 88077 26333
3 36 16224 62063
36 4 76258 80204
4 51 11846 75356
51 39 63222 33494
39 22 91377 42577
22 98 31926 82380
98 53 19569 12326
53 44 19907 24349
44 30 68780 26807
30 94 32616 70197
94 91 72876 86851
91 92 5916 97663
92 85 21575 97151
85 73 14759 91056
73 33 33479 69091
33 9 73358 82870
9 87 97234 81283
87 20 46110 5472
20 59 80374 65222
59 63 48661 91944
63 80 37124 16037
80 79 27006 60510
79 38 22755 43976
38 64 55370 52656
64 75 24568 69807
75 40 56522 17432
40 99 68538 64370
99 35 79380 11137
35 21 50025 81520
21 88 97913 62363
88 5 98648 88063
5 58 23772 14656
58 18 72626 93
18 57 85096 14359
57 10 27898 52993
10 52 36052 12993
52 2 69543 58077
2 81 40957 97388
81 76 38749 402
76 29 31980 16040
29 84 25137 59398
84 16 35984 60993
16 89 18104 61658
89 90 23125 61757
90 42 44915 51945
42 96 33918 92377
96 45 99206 11739
45 15 62535 1976
15 23 78297 72635
23 14 94656 93692
14 65 7953 38114
65 82 5119 48337
82 7 10247 23675
7 27 85857 84775
27 19 28852 51077
19 41 19910 46494
41 71 47565 98074
71 68 6388 30667
71 68 56653 35653
68 43 79802 81765
43 25 67244 23998
25 31 62946 54361
31 12 92259 68699
12 70 7290 84765
70 62 81854 18951
62 47 87540 64916
47 60 31151 98137
60 95 36101 43106
95 13 30281 85016
13 66 92065 74177
66 26 26850 17852
26 77 18162 38868
77 83 36615 31
83 61 81378 42500
61 37 82595 62463
37 100 60991 5175
