100 109 10000
1 14 28331 38820
1 14 82459 42016
14 99 92165 53838
99 76 53268 32254
76 88 49510 90813
88 56 36392 51789
56 59 55582 82428
59 15 90008 17245
15 17 41013 62695
17 68 55836 54770
17 68 91438 80130
68 52 27922 59310
52 25 22061 60760
25 32 82393 57656
25 32 15435 39986
32 18 30754 42170
18 66 60188 35885
66 85 7828 25105
85 77 94215 86307
77 11 22606 22449
11 60 3357 27729
60 31 50529 78410
31 79 8234 24846
31 79 47855 71026
79 45 63827 64099
45 46 99645 37856
46 35 24103 86309
35 16 29246 92982
16 19 47772 88943
19 22 87289 50542
22 3 22670 82269
3 97 71270 15725
97 98 81917 48941
98 43 80823 93401
43 86 46533 72407
86 44 82592 50108
44 65 30596 68096
65 13 75622 50308
13 50 9803 47454
50 61 45609 24475
61 55 30690 64683
61 55 63837 94542
55 29 41574 40438
29 53 72577 25876
53 6 82159 24273
6 27 89763 23860
27 2 72863 60000
27 2 84585 86819
2 96 67795 20750
96 36 71895 95037
36 57 85636 92890
57 58 90478 62385
58 23 74840 73581
23 51 72857 21131
51 37 67647 74515
37 40 15110 48084
40 95 6933 60322
95 41 6248 638
41 92 41486 5216
92 33 75273 43132
33 4 92177 29272
33 4 88174 10803
4 47 10032 4902
47 90 57657 97506
90 39 20549 33544
39 9 16152 97716
9 78 25197 8077
9 78 53519 99275
78 91 42352 15044
91 64 57045 55054
64 12 19441 44652
12 34 78927 87658
34 94 95623 34659
34 94 49427 15261
94 82 39601 67662
82 28 93208 64663
28 21 61969 5257
21 93 87718 72310
93 5 80121 91848
5 87 20517 94532
87 26 82544 8665
26 72 9436 10645
72 84 30951 40394
84 42 12318 23212
42 70 75503 14280
70 74 15799 28307
74 49 5128 880
49 69 48016 75464
69 71 1007 25211
71 48 64349 78370
48 67 58144 53622
67 20 86213 71468
20 24 80958 58127
24 30 91116 93874
24 30 36937 87440
30 54 57019 76168
54 10 92984 57553
10 7 49679 8365
7 89 16441 18923
89 75 82401 39220
75 8 60062 69517
8 83 56004 51145
83 80 19932 85822
80 38 79782 83180
38 81 7036 72352
81 62 68570 57910
62 63 27690 63998
63 73 75386 50937
73 100 50750 12787
