100 199 10000
1 59 65139 95354
1 59 23713 54878
1 59 45887 72417
59 40 61622 75381
59 40 85582 82464
59 40 59003 11495
40 19 39489 71385
19 74 34056 11109
74 95 74118 86735
74 95 61254 63910
74 95 74546 88341
74 95 104 36651
95 65 91162 52559
95 65 35161 3543
65 99 70274 65459
99 46 27115 88201
46 69 37505 8933
46 69 81195 80709
46 69 12652 5900
69 39 93192 51564
69 39 4355 8042
39 30 59510 12051
39 30 71819 42390
39 30 51448 7416
30 91 62244 57834
91 83 13646 14559
83 48 33701 87085
83 48 12011 33636
83 48 27137 52138
48 41 41227 57406
48 41 13649 2162
41 25 17267 61693
25 64 59488 34847
25 64 87938 76363
64 98 12814 15807
98 42 86207 80257
98 42 67397 20408
42 72 5253 1631
42 72 85135 29029
42 72 66553 27395
42 72 62815 6416
72 51 97804 85076
72 51 22209 61618
72 51 4152 4579
72 51 21623 12106
51 93 10697 39976
51 93 15244 76326
93 92 8772 21814
93 92 19041 91130
92 82 48825 56578
82 7 15919 35637
7 81 91129 79707
7 81 84331 50664
81 97 14088 13951
81 97 8029 939
81 97 32559 28702
97 86 12053 12618
97 86 71686 23488
97 86 89192 76386
86 66 60999 56661
66 24 23263 16253
66 24 32616 64004
24 50 53258 85963
24 50 16200 29113
24 50 17845 69197
24 50 2223 22253
50 56 98555 54873
50 56 70620 16586
56 13 14950 41635
56 13 65438 70367
13 75 70430 3377
75 6 14096 11013
75 6 36450 18539
75 6 55151 21891
75 6 86051 65247
6 36 16136 30785
6 36 29795 64099
36 58 99053 11217
58 33 22904 72114
58 33 68852 85053
33 57 20095 52026
33 57 26968 70995
57 43 49761 81041
43 12 2504 1652
43 12 80102 68296
43 12 63632 30940
12 11 60046 36656
12 11 28980 26643
11 44 36982 51803
11 44 36563 27575
11 44 68656 79650
44 32 72604 43591
32 29 81048 79525
32 29 5309 13004
29 38 5851 69555
38 73 96743 36214
38 73 98002 88323
38 73 82164 9212
38 73 70026 311
73 80 51448 85851
80 4 33704 86267
4 71 5718 32090
71 68 97671 94096
71 68 47934 28785
71 68 90732 52257
71 68 72190 46099
68 54 7116 26574
54 87 63990 61402
54 87 82630 74291
87 8 32517 23931
8 62 67760 17409
8 62 40352 14436
62 89 97323 86911
62 89 9674 83266
62 89 6523 28989
89 9 81941 63093
9 15 79264 41137
9 15 7392 36484
9 15 86598 94481
15 35 38744 37126
15 35 62996 53190
15 35 81069 65100
15 35 36244 3765
35 90 38392 35166
90 84 25838 34891
84 20 3758 15017
84 20 60062 75003
20 31 76170 91044
31 77 21949 99940
31 77 8014 18258
31 77 11796 39675
77 2 79548 71256
77 2 1927 13467
77 2 18689 46171
77 2 25229 70914
2 70 89657 82462
70 45 35676 24661
70 45 79976 45132
45 18 5393 47974
18 14 51025 32510
18 14 43329 8143
18 14 85913 48786
14 28 33396 20697
14 28 59185 22844
14 28 2233 15739
28 37 76789 66712
28 37 81696 83790
37 63 32608 991
37 63 50054 65135
63 5 80242 69458
63 5 23435 36971
5 60 52200 40945
60 27 30844 83149
60 27 20204 80271
60 27 18712 21130
27 85 80202 71445
27 85 78826 16159
85 67 2277 11172
85 67 77705 74719
85 67 88003 83464
85 67 63635 48613
67 52 24844 83255
52 47 68459 80339
47 96 1355 25256
47 96 75573 96301
96 78 83285 87087
96 78 82421 78818
96 78 60368 24133
78 76 16979 633
76 3 532 846
76 3 98622 96332
76 3 86286 22916
3 16 9834 31054
3 16 88185 95626
3 16 20011 94457
16 23 37082 22239
16 23 50732 47872
23 21 56807 47020
23 21 64502 85549
21 22 11921 24260
21 22 33603 77971
22 10 38662 48367
10 88 14132 83936
10 88 44572 85429
88 34 95770 40743
34 55 95667 23946
55 53 93738 76134
55 53 15844 3448
53 79 1547 3629
79 49 58185 53133
49 26 50209 10096
49 26 47504 1011
26 61 86528 63332
26 61 947 57996
61 94 23422 49674
94 17 9596 26328
94 17 33810 30507
94 17 84335 47481
17 100 62279 28057
