100 1099 10000
1 60 68119 73750
1 60 26632 15334
1 60 30917 29425
1 60 10800 11822
1 60 83059 89026
1 60 91260 95766
1 60 62914 45223
1 60 53998 34116
1 60 73713 84779
60 55 22391 51085
60 55 28553 53992
60 55 15576 29174
60 55 32753 69200
60 55 17185 32808
60 55 12340 27423
60 55 39762 70209
60 55 69785 88985
55 46 29610 37493
55 46 25707 29712
55 46 41828 55903
55 46 62027 90127
55 46 23421 27353
55 46 80000 91595
55 46 18269 14870
55 46 30321 47365
55 46 10570 11073
55 46 59705 78284
55 46 51739 69546
46 82 85955 97936
46 82 58940 78627
46 82 80442 85871
46 82 22821 41386
46 82 81611 89284
46 82 35130 60047
46 82 85707 97858
46 82 95277 98371
82 13 19081 37656
82 13 53008 68296
82 13 7130 36988
82 13 63757 96376
82 13 881 20733
82 13 34936 50716
82 13 54461 69077
82 13 32468 44448
82 13 43685 56551
82 13 35582 53372
82 13 5542 33645
82 13 48706 61399
82 13 59948 83793
13 19 5140 545
13 19 92176 72271
13 19 94509 79202
13 19 94869 99413
13 19 80310 52486
13 19 54582 42372
13 19 39110 7429
13 19 37355 5391
13 19 41319 26337
13 19 62980 44689
13 19 68943 50840
13 19 21504 1535
19 95 72949 72020
19 95 66785 36108
19 95 9908 4205
19 95 17820 20541
19 95 80412 72526
19 95 84200 97941
19 95 17690 19302
95 98 8577 14795
95 98 90926 95466
95 98 80024 82411
95 98 19002 21434
95 98 8979 18096
95 98 63481 60227
95 98 32196 49355
95 98 5011 5965
95 98 23485 32433
95 98 46565 56175
95 98 57137 56281
95 98 63909 75300
98 47 65135 46796
98 47 85402 83192
98 47 22745 39829
98 47 70552 47428
98 47 10300 22866
98 47 63029 40567
98 47 88756 96042
47 65 8572 23651
47 65 4603 20050
47 65 15770 48207
47 65 424 2387
47 65 99462 93452
47 65 90195 91748
47 65 3673 19236
47 65 13888 37012
47 65 81573 57946
47 65 52421 52351
65 96 55177 48074
65 96 85657 99119
65 96 66956 50390
65 96 79715 74802
65 96 83715 85564
65 96 12021 34611
65 96 51002 39344
65 96 10481 6930
65 96 28300 35724
96 16 30702 41908
96 16 24300 31792
96 16 23823 30943
96 16 47861 73774
96 16 5758 1136
96 16 42991 54481
96 16 23546 22054
96 16 34940 47534
96 16 39907 48378
96 16 41390 54413
96 16 77400 90548
96 16 82573 92313
16 11 23487 33258
16 11 47918 67398
16 11 34249 52851
16 11 32199 48713
16 11 72101 81110
16 11 53544 74060
16 11 86791 97189
16 11 10173 3775
16 11 76476 87331
16 11 80002 90011
16 11 45132 56945
16 11 75451 85632
16 11 21603 30279
11 21 92645 77540
11 21 35560 14217
11 21 14675 9670
11 21 47020 18234
11 21 93648 88202
11 21 15197 10206
11 21 35071 12566
11 21 33088 11081
11 21 79157 61125
21 3 18645 25458
21 3 36461 40720
21 3 80582 91964
21 3 14380 19498
21 3 95221 96251
21 3 44552 48394
21 3 19997 36470
21 3 34388 40610
21 3 59667 51582
21 3 78211 61814
21 3 5418 9796
21 3 36667 47828
21 3 19409 35145
3 39 72149 69521
3 39 85003 74364
3 39 39509 2981
3 39 91838 84924
3 39 18855 2324
3 39 65965 47087
3 39 79105 72965
3 39 52301 10944
3 39 55161 46992
39 69 35164 50330
39 69 22918 31850
39 69 22766 17919
39 69 40125 51206
39 69 97109 91188
39 69 19891 3909
39 69 50071 80197
39 69 23987 48183
39 69 99873 92701
69 90 14302 6207
69 90 74511 51617
69 90 82878 62271
69 90 62312 33786
69 90 97077 81582
69 90 61947 28738
69 90 67185 45759
69 90 1107 3143
69 90 83428 79514
69 90 42397 18699
69 90 22404 17129
69 90 54551 27297
90 66 55125 65668
90 66 10610 17108
90 66 12948 34286
90 66 67729 74577
90 66 53264 64380
90 66 83973 88598
90 66 45173 60998
90 66 35062 47495
90 66 8739 16692
90 66 6020 12933
66 6 90401 94062
66 6 25955 24279
66 6 61421 64753
66 6 14957 11072
66 6 82295 87346
66 6 61845 70331
66 6 67724 84862
66 6 50514 30492
6 89 19937 51181
6 89 87590 98295
6 89 66551 86661
6 89 32048 57433
6 89 43720 59862
6 89 13355 16025
6 89 72044 96909
6 89 19448 47602
6 89 45634 70036
89 91 88678 95750
89 91 6611 5740
89 91 57358 44373
89 91 21899 21918
89 91 63675 68089
89 91 76879 91873
89 91 58114 59098
89 91 56929 35698
89 91 59958 61823
89 91 57148 42189
89 91 65504 69523
89 91 35106 23407
89 91 7637 12270
89 91 82278 93321
89 91 45582 34712
89 91 75435 76229
91 72 39375 24792
91 72 67601 41808
91 72 92445 75192
91 72 86548 47254
91 72 86786 64667
91 72 26995 18132
91 72 89490 67327
91 72 12277 14971
91 72 1224 3722
91 72 88480 66047
91 72 58484 31031
72 67 15510 24673
72 67 13711 22836
72 67 31092 33959
72 67 46938 64122
72 67 36417 38646
72 67 58107 82844
72 67 44538 61516
72 67 33105 35822
72 67 48794 74286
72 67 37788 45926
72 67 60123 96666
67 59 99442 89438
67 59 41304 42615
67 59 82889 63764
67 59 2291 27427
67 59 32992 30241
67 59 81031 54581
67 59 78806 50429
67 59 47180 47642
67 59 1357 26206
67 59 35168 39913
67 59 54474 49607
67 59 30006 28849
59 17 30032 51840
59 17 59785 89662
59 17 68789 90910
59 17 24961 35468
59 17 2233 12487
59 17 95704 93503
59 17 30573 76066
59 17 35813 84344
59 17 18701 22252
17 20 48204 72781
17 20 26859 49850
17 20 22961 29362
17 20 55112 83300
17 20 99710 94078
17 20 36447 68937
17 20 84329 89282
17 20 18775 4020
17 20 21599 16979
17 20 24160 33400
17 20 18985 5961
17 20 23852 32275
20 4 23641 23320
20 4 36870 38873
20 4 94022 95452
20 4 92135 93974
20 4 76511 80971
20 4 39910 55176
20 4 29309 35889
20 4 59547 73886
4 84 57153 59361
4 84 60856 68474
4 84 77460 93055
4 84 52667 57413
4 84 43170 36840
4 84 86492 97599
4 84 75626 87737
4 84 59403 63056
4 84 21965 32407
4 84 83411 93558
4 84 69358 84023
84 31 33490 32178
84 31 68013 63052
84 31 9857 5348
84 31 20518 24570
84 31 98150 80218
84 31 3134 1908
84 31 58314 39709
31 36 92131 89628
31 36 50276 50276
31 36 35444 20757
31 36 46959 47351
31 36 64003 55400
31 36 71444 65382
31 36 43229 41991
31 36 24104 8228
31 36 36070 23451
31 36 67478 57799
31 36 82800 78877
31 36 27186 11457
31 36 79576 73057
31 36 99300 95002
31 36 17513 1482
36 37 29529 40733
36 37 41446 59683
36 37 17773 39503
36 37 42051 61351
36 37 9550 8575
36 37 85631 95082
36 37 42613 89183
36 37 1335 5721
36 37 12746 26754
36 37 42234 82775
37 15 49394 62435
37 15 40130 59897
37 15 56064 63331
37 15 92632 84379
37 15 13717 18501
37 15 39581 49671
37 15 70120 74050
37 15 84196 80813
37 15 20824 41300
15 74 60882 42582
15 74 49286 41738
15 74 43748 27939
15 74 63864 44905
15 74 48691 29737
15 74 70069 58186
15 74 35340 3736
15 74 62872 43991
15 74 76766 69530
15 74 73887 62954
15 74 97467 98622
15 74 80535 84904
15 74 41408 14560
74 34 82243 81596
74 34 23223 46929
74 34 17233 36601
74 34 13987 30489
74 34 48554 48076
74 34 65584 76771
74 34 82110 79972
74 34 34660 47670
74 34 54862 68359
74 34 19984 40218
34 14 37770 55409
34 14 58140 63578
34 14 11290 28108
34 14 48699 60177
34 14 65764 77809
34 14 22647 47981
34 14 95818 78486
34 14 99331 87418
14 7 83759 82737
14 7 84499 98517
14 7 24251 31401
14 7 58915 68628
14 7 7547 26617
14 7 94738 98997
14 7 1369 11408
14 7 46695 41738
14 7 63786 79814
14 7 17879 28330
7 5 67327 56407
7 5 87257 94888
7 5 86904 75784
7 5 31417 14413
7 5 31522 32517
7 5 52881 48116
7 5 48039 32788
7 5 68609 75245
7 5 67687 59869
7 5 87019 78008
7 5 12300 5311
5 38 54097 84771
5 38 16056 43867
5 38 67136 90214
5 38 4147 14661
5 38 48092 60039
5 38 8173 32124
5 38 46856 55756
5 38 22852 45893
5 38 46421 51102
5 38 89785 94970
5 38 82767 94804
5 38 66620 90189
38 63 60969 73354
38 63 20055 14214
38 63 3077 9962
38 63 96386 95356
38 63 59956 54165
38 63 30563 32696
63 41 68060 50521
63 41 94260 58144
63 41 47113 37021
63 41 18202 23504
63 41 97234 67699
63 41 99804 86340
63 41 4762 12308
63 41 14967 20509
41 70 91095 72050
41 70 774 2142
41 70 92148 81715
41 70 59437 55204
41 70 74546 61423
41 70 6084 29011
41 70 86135 66809
41 70 62137 60348
70 27 4634 41453
70 27 90648 85186
70 27 31377 60248
70 27 83342 77286
70 27 71653 75788
70 27 55078 67187
70 27 97024 99662
70 27 2579 23702
70 27 55755 73391
70 27 38438 61190
70 27 19337 51645
70 27 91375 97710
27 42 36352 59519
27 42 10921 12001
27 42 65893 82508
27 42 11438 16916
27 42 35521 32180
27 42 91758 89691
27 42 83988 87969
27 42 35545 36359
27 42 36524 76736
27 42 19637 27728
42 64 78469 53807
42 64 76181 43012
42 64 98984 90711
42 64 51177 33656
42 64 14017 5120
42 64 88121 56543
42 64 69363 38164
42 64 45970 15683
42 64 53695 36253
42 64 22188 14625
42 64 21034 12514
64 73 37169 80208
64 73 5727 32575
64 73 7364 36851
64 73 64897 87469
64 73 306 6594
64 73 4238 15309
73 78 79248 74107
73 78 85678 77667
73 78 81582 75914
73 78 68869 63192
73 78 96424 95180
73 78 31757 28316
73 78 23666 15479
73 78 33036 34069
73 78 43255 48058
73 78 65685 54916
73 78 17516 10645
73 78 7636 6104
73 78 24630 16432
73 78 76307 67767
73 78 41118 38719
78 51 58403 67839
78 51 46150 51518
78 51 56732 65635
78 51 36913 47289
78 51 99545 96508
78 51 39593 51461
78 51 86965 80463
78 51 23073 14309
78 51 98021 89825
78 51 90669 84328
78 51 93951 85788
78 51 89442 82606
78 51 56240 65406
78 51 10431 5504
78 51 27807 28303
78 51 14082 12221
78 51 74991 73648
51 76 55715 79484
51 76 3442 4456
51 76 50388 54430
51 76 51339 66071
51 76 97421 81092
51 76 7488 12064
51 76 50247 52537
51 76 16435 24498
76 24 10429 8959
76 24 24834 21481
76 24 73193 65737
76 24 60859 44615
76 24 24877 35250
76 24 91129 89461
76 24 34563 40793
76 24 14129 11678
76 24 61630 62277
76 24 20913 15380
76 24 2242 3081
76 24 80326 68367
76 24 13762 9511
76 24 85669 74933
24 71 3074 9964
24 71 97223 94557
24 71 75306 65115
24 71 82402 89769
24 71 8708 25623
24 71 1752 3777
24 71 78597 83223
24 71 16693 35404
24 71 2256 9475
24 71 51421 59555
24 71 18208 49054
71 68 27642 60706
71 68 99134 98800
71 68 46185 69778
71 68 44856 66784
71 68 2592 8477
71 68 9046 35288
71 68 26121 41107
71 68 3755 32023
68 9 50785 57722
68 9 92627 95546
68 9 42350 50341
68 9 95991 99446
68 9 18723 27120
68 9 49076 55838
68 9 356 102
68 9 21376 43924
68 9 79733 81303
68 9 27444 48337
68 9 72514 77529
68 9 62418 76073
68 9 15971 24771
68 9 24776 44562
9 79 98776 83787
9 79 86870 68129
9 79 89813 68968
9 79 22173 10315
9 79 93432 73625
9 79 42393 22529
9 79 59941 31525
9 79 60143 33441
9 79 99659 88123
9 79 95924 79313
9 79 7220 5652
9 79 77090 66913
79 33 94751 75400
79 33 11938 24464
79 33 85618 64893
79 33 26476 36291
79 33 77316 60553
79 33 49728 54675
79 33 95813 95137
79 33 38585 53481
79 33 19446 34419
79 33 92135 72300
79 33 1304 15682
79 33 576 12941
79 33 88046 66122
33 40 5494 23033
33 40 575 16139
33 40 40527 65016
33 40 30501 54725
33 40 28213 38523
33 40 80791 74206
33 40 51465 70880
40 2 81793 88704
40 2 63443 71204
40 2 63758 84688
40 2 59066 8156
40 2 11109 5573
40 2 63060 69913
40 2 85380 90571
40 2 50330 8047
40 2 90200 97367
40 2 60058 44863
2 29 68452 46217
2 29 66326 36751
2 29 89641 86833
2 29 10302 34517
2 29 7882 9415
29 10 53174 77492
29 10 91838 81587
29 10 35579 26549
29 10 22692 14203
29 10 45751 73253
29 10 4695 7479
29 10 67272 78531
29 10 30856 20393
29 10 42453 70102
29 10 95876 93524
29 10 87140 81271
29 10 38942 68732
29 10 36200 50822
29 10 25124 19818
29 10 18148 8388
29 10 2726 2759
29 10 86594 80052
29 10 48301 75335
29 10 13189 8237
10 28 19615 19834
10 28 86986 87186
10 28 14930 13602
10 28 56429 34912
10 28 61763 66067
10 28 6264 10010
10 28 81729 73520
10 28 25093 34624
10 28 94027 87752
28 52 99114 82730
28 52 68787 38735
28 52 83462 77185
28 52 67324 29852
28 52 42949 2333
28 52 77242 49971
52 99 67781 48193
52 99 51935 35237
52 99 59971 45687
52 99 69255 67876
99 81 535 23503
99 81 34186 55560
99 81 70523 82743
99 81 57213 78351
99 81 23628 29173
99 81 38432 75075
99 81 12101 23612
99 81 90306 96826
99 81 18740 24110
99 81 73949 90831
99 81 93863 98138
81 86 16218 15089
81 86 96710 84701
81 86 85945 77123
81 86 67488 68395
81 86 39280 64616
81 86 10559 4994
81 86 52518 67076
81 86 23432 60449
81 86 79787 76426
81 86 26985 63867
81 86 77585 72240
81 86 68960 70779
81 86 17870 27933
86 54 69053 85673
86 54 41702 72156
86 54 23103 44725
86 54 20527 35569
86 54 66407 80683
86 54 42036 74225
86 54 20213 28115
86 54 96638 97642
86 54 40440 66642
86 54 22277 37194
86 54 47663 79329
86 54 5601 9853
86 54 39848 63567
86 54 14664 16090
86 54 77051 86458
86 54 43434 75705
86 54 3954 8598
86 54 64316 79564
86 54 1466 4297
86 54 87283 92194
54 49 78946 68360
54 49 40747 61408
54 49 6094 10986
54 49 51918 62723
54 49 54043 67292
54 49 8273 20506
54 49 27553 51928
54 49 40630 61170
54 49 26845 31271
54 49 80462 89742
54 49 586 10272
49 44 31344 36246
49 44 8960 7154
49 44 73348 99378
49 44 24812 18038
49 44 63051 71864
49 44 41623 37359
49 44 65784 93782
49 44 71188 97762
49 44 25882 26690
49 44 62667 59555
49 44 50554 38260
49 44 20311 7783
49 44 57303 47570
44 56 16162 17899
44 56 4665 5992
44 56 50155 41111
44 56 55371 42961
44 56 90563 76462
44 56 93425 89252
44 56 10935 16215
44 56 79299 74570
44 56 6981 9995
44 56 97680 92514
44 56 57182 44095
44 56 42027 17924
44 56 1581 2288
56 50 69824 55228
56 50 97814 91617
56 50 65272 53024
56 50 94674 91435
56 50 73106 68120
56 50 67241 54191
56 50 64205 39131
56 50 81349 85560
56 50 28986 665
56 50 36639 17324
56 50 40493 21402
56 50 47424 21929
56 50 74775 82033
50 92 22239 62548
50 92 9248 58953
50 92 81015 86193
50 92 94137 92582
50 92 23462 62579
50 92 51338 66452
50 92 70608 83831
50 92 748 14528
50 92 91111 91234
50 92 27584 65034
50 92 3734 16882
92 25 99259 92141
92 25 58919 72935
92 25 5674 39068
92 25 73085 82644
92 25 18484 47817
92 25 85557 89853
92 25 79081 89249
92 25 10965 46331
92 25 44331 65571
92 25 25455 53688
92 25 6269 41593
92 25 39638 53992
92 25 44521 69137
92 25 4585 32767
25 43 32268 30981
25 43 32362 40166
25 43 63062 69442
25 43 97356 95650
25 43 95963 85588
25 43 17120 25640
25 43 57749 44804
25 43 25180 26970
25 43 62070 59333
25 43 10669 11602
25 43 89989 82209
43 58 81230 97932
43 58 71829 75566
43 58 30790 63544
43 58 18832 40604
43 58 57946 66849
43 58 27333 46358
58 48 33209 32911
58 48 30392 1902
58 48 98812 92991
58 48 38581 47363
58 48 82232 77963
58 48 75941 47844
48 32 37020 26634
48 32 58828 86272
48 32 24923 15065
48 32 51062 59061
48 32 58602 75418
48 32 96367 98133
48 32 56969 73104
48 32 98333 99115
48 32 33158 24606
48 32 15460 13729
48 32 1 2495
48 32 38163 48610
48 32 71702 88753
48 32 25033 16286
48 32 3449 4613
32 35 3676 7696
32 35 81148 74527
32 35 31275 21789
32 35 78063 64457
32 35 69213 54144
32 35 79433 66071
32 35 87702 81381
32 35 75254 63676
32 35 85599 80587
32 35 97968 83657
32 35 68160 51832
32 35 25795 16028
32 35 45208 36480
32 35 64542 40734
32 35 1277 4947
32 35 99920 98687
35 62 52487 33844
35 62 12142 6215
35 62 35465 24518
35 62 88894 72503
35 62 50162 32931
35 62 9433 3968
35 62 30756 19667
35 62 28687 14644
35 62 69053 66861
35 62 57635 41108
35 62 99117 79159
35 62 63893 57053
35 62 58058 41759
35 62 7827 3558
35 62 88857 66898
35 62 18777 12462
35 62 95630 78835
35 62 65353 57285
62 77 12190 55889
62 77 20260 73021
62 77 1840 16737
62 77 7838 36826
62 77 29797 74650
62 77 56009 86054
62 77 35671 77803
62 77 63733 86601
77 75 74068 74125
77 75 4030 9517
77 75 94755 84247
77 75 54009 36463
77 75 29959 23242
77 75 58126 55725
77 75 5691 22031
77 75 83741 80314
77 75 31562 30456
75 23 3545 6426
75 23 86429 86628
75 23 9885 22152
75 23 12000 27978
75 23 32763 40584
75 23 85498 84254
75 23 61198 47086
23 61 42299 70031
23 61 25997 55670
23 61 36727 61155
23 61 71953 95774
23 61 57670 75574
23 61 51750 71448
23 61 18211 42296
23 61 12047 38065
61 30 88941 70651
61 30 15917 36974
61 30 28812 68416
61 30 22939 43850
61 30 3147 9558
61 30 93217 80407
61 30 80256 69660
61 30 94659 84007
61 30 89701 78503
61 30 7847 29834
61 30 26218 56306
30 8 97357 91027
30 8 95988 76544
30 8 76975 73030
30 8 96405 78481
30 8 1292 26152
30 8 5994 27812
30 8 59850 71090
30 8 90734 73817
30 8 44984 50562
30 8 46132 58627
30 8 39745 43711
30 8 55226 61007
30 8 28088 35682
30 8 11366 29650
30 8 60826 71368
8 97 36634 7559
8 97 53563 22357
8 97 88743 65516
8 97 43401 9239
8 97 25236 3372
8 97 45363 17020
8 97 88086 42668
8 97 88941 83185
8 97 90594 96959
8 97 1047 1026
8 97 65130 34145
97 18 99814 87660
97 18 60647 64770
97 18 7517 29378
97 18 24084 59516
97 18 61918 72210
97 18 9561 45363
97 18 3727 14787
97 18 65567 82991
97 18 61962 81234
97 18 1771 11498
97 18 3948 22496
97 18 48519 63715
97 18 11104 46243
18 93 21015 5131
18 93 88866 68915
18 93 22857 7195
18 93 64276 32887
18 93 76931 67649
18 93 32989 9884
18 93 73225 40254
18 93 76140 48315
18 93 97517 79638
18 93 96594 73138
18 93 44471 16873
18 93 98734 87567
93 80 44909 42534
93 80 74803 43647
93 80 81638 45246
93 80 18266 20290
93 80 75691 44390
93 80 91780 81560
93 80 92178 95356
93 80 28258 28418
93 80 89813 65887
93 80 91828 86375
93 80 39954 36570
80 22 88553 76904
80 22 64652 50794
80 22 12084 453
80 22 66393 52013
80 22 17629 2882
80 22 79859 70004
80 22 88076 71451
80 22 47592 27476
22 87 77493 57307
22 87 31898 16313
22 87 9091 2798
22 87 67410 36777
22 87 8244 2288
22 87 83201 64820
22 87 80893 62576
22 87 19421 10613
22 87 36009 31126
22 87 91420 90099
22 87 40655 35873
87 88 46187 41555
87 88 72043 75615
87 88 29402 23468
87 88 39082 33709
87 88 74677 87462
87 88 76477 98543
87 88 86506 99999
87 88 27271 17992
87 88 47740 56938
87 88 5983 11563
87 88 2334 6463
88 85 54584 42752
88 85 49643 41750
88 85 83321 71905
88 85 41682 32283
88 85 69593 51559
88 85 77326 69650
88 85 31247 7851
88 85 35293 23877
88 85 90415 92915
88 85 89583 75014
88 85 67917 43492
85 83 40100 51612
85 83 18982 9079
85 83 99794 95305
85 83 38701 42238
85 83 38814 48060
85 83 89667 83926
85 83 83771 83063
85 83 84198 83824
85 83 59054 65522
85 83 43283 61470
85 83 99735 94102
85 83 95127 86715
85 83 9725 1726
85 83 69871 72844
85 83 14014 5211
85 83 70376 73420
85 83 72452 82355
85 83 99218 89879
83 26 3337 4298
83 26 784 4002
83 26 91486 88808
83 26 75106 84673
83 26 15279 4319
83 26 75694 88724
83 26 15814 7452
83 26 21946 13958
83 26 72317 79972
83 26 24422 35755
83 26 56270 76663
83 26 99969 99195
83 26 25618 36875
83 26 92590 95256
83 26 55617 61963
83 26 35860 40588
83 26 45794 47524
83 26 47336 53313
83 26 30339 38747
83 26 22507 27411
83 26 50162 57501
26 53 36708 46962
26 53 13731 38601
26 53 64356 81210
26 53 6116 22895
26 53 28970 45737
26 53 24506 41610
26 53 7825 36739
26 53 63424 73920
26 53 39539 52648
26 53 77242 89643
26 53 92665 96471
26 53 83704 91844
26 53 47633 64539
53 94 21542 12980
53 94 97021 81309
53 94 12226 9071
53 94 37484 46304
53 94 93121 61909
53 94 33453 28183
53 94 29233 26171
53 94 81679 57268
94 57 81786 78705
94 57 64206 74897
94 57 60172 69408
94 57 53761 60453
94 57 50648 57287
94 57 24102 40272
94 57 92270 84165
94 57 7888 4172
94 57 8505 5319
94 57 81709 77296
94 57 16156 39524
94 57 63383 72940
94 57 24920 44591
94 57 59968 67667
94 57 24227 40589
94 57 30427 45714
94 57 98613 94318
94 57 59531 63750
94 57 52751 57376
94 57 37326 52654
57 12 40806 27130
57 12 38260 24334
57 12 5048 14549
57 12 75872 50022
57 12 55805 40004
57 12 27259 14897
57 12 60904 42490
57 12 47942 35971
57 12 78156 65104
57 12 2748 242
57 12 45248 30913
57 12 69927 48124
57 12 33485 22894
57 12 99023 86243
57 12 85225 84118
57 12 85424 84640
57 12 76148 58572
12 45 61084 68061
12 45 31197 42466
12 45 69760 78452
12 45 60433 63269
12 45 4193 17075
12 45 86063 79216
12 45 4152 4932
12 45 32481 48464
12 45 7179 18540
12 45 55532 55906
12 45 25875 25241
12 45 91999 85353
12 45 93454 95344
12 45 87485 84377
45 100 23715 21174
45 100 96516 98400
45 100 82780 95156
45 100 81670 80756
45 100 73073 78943
45 100 44859 61209
45 100 33300 41845
45 100 43819 60457
45 100 36211 52549
45 100 82385 85698
45 100 65326 75855
45 100 11374 9839
45 100 77361 80712
