100 299 1
1 48 81129 87660
1 48 49680 38198
48 24 14874 5926
48 24 73243 84160
48 24 39030 52879
48 24 22358 16980
48 24 5309 2442
24 31 98587 98527
24 31 43667 58023
31 10 4988 9497
10 90 23991 36947
90 32 11749 53903
32 40 22046 9884
32 40 96770 12440
32 40 99236 64370
40 80 1329 27369
40 80 70672 85765
40 80 99283 88852
40 80 39148 76341
80 28 55417 83891
28 13 93327 56192
28 13 18610 4803
28 13 90073 9018
13 12 70038 15985
13 12 86022 93663
13 12 75102 30043
12 30 87218 89973
12 30 35053 83010
12 30 2758 59695
30 99 45857 27782
30 99 31337 6035
30 99 52429 45142
30 99 51845 29411
99 94 75748 12948
94 23 70916 87391
23 65 14271 28325
23 65 53927 60216
23 65 99285 85155
23 65 68495 80895
65 83 99901 77626
65 83 40145 53429
83 93 86443 19990
93 6 13211 46884
6 75 9410 3810
75 25 29314 5419
75 25 99860 66826
75 25 74542 14244
25 98 27622 26122
25 98 86905 49136
25 98 95892 61693
98 38 81859 71862
98 38 71339 7651
38 2 14025 75693
38 2 34245 94947
38 2 3122 22617
38 2 56360 96445
2 44 95589 21768
2 44 99006 57315
2 44 42743 1163
2 44 99956 81253
44 35 11277 9383
44 35 66057 15791
35 67 64202 66119
67 15 55587 53062
67 15 56566 95797
15 18 68143 98585
15 18 21481 42274
15 18 66019 63077
18 41 95722 72864
18 41 93817 65703
18 41 46229 8798
41 11 50336 49380
11 59 48412 76910
59 81 8734 4158
59 81 77286 38014
81 34 23691 37035
81 34 34302 42938
81 34 85572 83965
34 88 87620 51351
88 91 62882 49563
88 91 74234 56455
88 91 60581 8120
91 27 19496 26935
27 26 13849 26073
27 26 17663 72781
26 21 35884 43080
21 8 82257 93542
21 8 26526 54404
21 8 57637 89663
8 57 39490 9114
8 57 41575 23093
8 57 86857 43174
57 51 63189 18275
57 51 64744 40901
51 54 8697 75625
54 66 78077 79757
54 66 40982 1329
66 79 77335 76370
79 61 20946 94222
61 82 55610 60499
61 82 61595 74173
61 82 37386 30046
82 9 91512 4898
9 49 9197 8367
9 49 21679 92788
49 14 16893 78693
49 14 95862 81324
14 87 45279 81999
14 87 80490 98203
87 4 93462 89495
4 37 756 18708
4 37 61939 98767
37 16 16649 1483
37 16 87226 5058
16 78 5492 75618
78 97 93875 33002
78 97 99882 59710
97 33 65835 74005
33 63 30211 5879
33 63 56906 95523
63 39 61607 31624
39 43 61831 43493
39 43 24279 29865
43 52 3178 8008
43 52 93182 47120
43 52 95449 65387
52 96 90008 39856
52 96 96788 80853
52 96 4254 30514
96 89 97757 89622
89 76 16889 85860
76 7 69590 78543
76 7 85785 83088
76 7 29615 25334
76 7 80060 81953
7 85 58898 97189
7 85 32658 85658
85 77 65630 14971
77 84 79328 63920
77 84 14985 49020
84 42 68552 83221
84 42 21554 22305
42 55 93779 92348
55 5 70873 80438
55 5 18107 63888
5 47 20567 25404
5 47 46798 32879
47 53 94506 7524
47 53 79325 7207
53 36 92685 57837
53 36 14316 29563
36 29 47535 14092
29 50 21059 27612
29 50 61980 80095
29 50 11062 17508
29 50 47452 43188
50 72 30637 40671
50 72 46186 41963
72 58 58563 52621
58 22 94925 24049
22 19 54815 74768
19 73 21480 85158
19 73 51560 97589
73 45 9792 52582
73 45 64693 70796
73 45 64187 56311
45 64 5306 8080
45 64 84237 76097
45 64 24545 37851
64 74 86784 54743
64 74 73342 18572
74 71 18756 6547
74 71 69053 67804
71 60 54166 58718
71 60 97640 98780
71 60 37956 9491
60 56 42907 85960
56 68 25502 34764
68 3 23944 25061
68 3 63064 52749
3 62 71115 38081
3 62 67654 28930
62 86 85003 20155
86 46 84861 77976
86 46 64739 73344
46 95 93942 66278
46 95 6119 31865
46 95 44451 36346
95 17 48529 18984
17 70 52179 36446
17 70 73982 99038
17 70 30791 467
70 69 16991 21074
70 69 94363 58357
70 69 68859 43508
69 92 15796 22321
92 20 9980 21019
92 20 97809 62899
20 100 53110 91082
93 30 8062 25
3 46 95754 60
63 47 56494 87
36 47 72373 47
60 23 25615 10
78 21 73017 66
78 59 43462 86
99 17 59043 47
54 79 49276 69
74 61 73650 100
20 49 6754 26
36 68 79888 69
23 16 99683 49
4 37 29934 64
56 26 87652 90
34 38 89820 67
55 23 41324 31
17 96 29535 38
28 27 2727 18
56 39 2816 70
26 60 51283 5
17 19 91339 29
89 32 91137 84
10 67 98636 11
66 75 96573 81
100 90 89227 83
84 44 65873 20
50 43 36795 67
47 26 92374 6
97 22 58447 64
78 23 83644 87
46 88 32739 64
84 12 61986 51
96 91 47735 54
41 13 73921 56
86 88 1653 52
69 74 24916 62
13 15 30484 68
95 45 93931 18
43 20 90171 53
9 100 13342 65
41 71 76319 35
38 13 40683 39
16 33 13779 22
35 81 91719 72
70 57 82660 50
99 43 91728 8
91 22 22782 15
95 6 75248 27
58 70 23157 27
61 36 28190 98
2 51 59236 11
6 86 77140 63
20 82 98570 51
1 100 28446 93
100 51 97505 85
61 92 63234 53
100 16 31021 82
82 18 33065 43
54 75 39681 29
51 83 16092 52
13 56 79644 79
59 21 11448 78
14 12 43003 13
94 5 93381 18
27 84 53944 5
91 87 67427 86
75 30 95434 2
23 27 76480 82
10 14 75056 33
47 63 85739 58
78 13 36540 86
43 78 38710 59
96 26 96295 15
27 33 56436 50
19 60 88569 22
20 93 13590 91
8 30 91151 80
47 2 1229 32
15 18 63662 86
59 31 24873 65
59 32 15846 74
89 12 67292 6
48 27 95157 5
17 60 74589 92
14 5 39642 70
6 86 7011 87
22 54 61484 88
34 35 11291 85
98 64 61401 45
55 9 4362 16
94 87 60793 72
7 40 35680 93
27 14 78544 71
76 51 39432 3
16 74 73660 8
8 99 45950 49
88 1 76061 61
94 3 74048 85
70 95 99339 35
