100 2099 1
1 31 55850 34567
1 31 97667 93142
1 31 4417 15183
1 31 87542 87376
1 31 57721 47123
1 31 18132 15318
1 31 81630 52728
1 31 30564 19305
1 31 2876 1678
1 31 50299 22293
31 74 38115 19762
31 74 38831 26118
31 74 57330 36035
31 74 31165 17473
31 74 40916 26378
31 74 93063 42422
31 74 41540 26626
31 74 17666 15269
31 74 96342 56972
31 74 94159 54618
31 74 97543 67111
31 74 67093 39402
31 74 96873 59884
74 93 10902 3304
74 93 51645 44938
74 93 79765 87923
74 93 71877 74225
74 93 40332 37632
74 93 39276 34856
74 93 60346 53130
74 93 38016 29326
74 93 77527 81170
74 93 68143 65419
74 93 32740 28938
74 93 65142 58404
74 93 74159 75820
74 93 13924 9776
93 44 41158 31744
93 44 98698 96547
93 44 77299 80366
93 44 51453 69252
93 44 94054 91071
93 44 50066 34545
93 44 7293 5340
93 44 8469 18773
44 75 94384 88124
44 75 90440 87322
44 75 69502 51584
44 75 27586 13359
44 75 82879 86751
44 75 79113 82322
44 75 66775 37128
44 75 41054 28311
44 75 19289 10718
44 75 99794 97458
44 75 65231 29786
44 75 66969 45250
44 75 14402 4157
75 39 4504 5792
75 39 55794 48411
75 39 29791 37492
75 39 94746 78216
75 39 17002 36865
75 39 12503 31628
75 39 56104 68618
75 39 99262 98187
39 72 31455 74275
39 72 4407 1889
39 72 22916 60069
39 72 31618 79859
39 72 37688 82787
39 72 51967 82992
39 72 12302 37638
39 72 88228 92225
39 72 58860 87454
39 72 16300 43843
39 72 68672 87670
39 72 23373 73525
39 72 23089 70844
39 72 11375 8333
72 40 8969 21889
72 40 69344 71509
72 40 50698 35312
72 40 78115 75366
72 40 85750 83175
72 40 9394 30526
72 40 50875 35956
72 40 52178 35963
72 40 63665 65528
72 40 65803 67812
72 40 72332 74970
72 40 58696 63304
72 40 21302 31415
40 28 84183 73829
40 28 2358 4250
40 28 15134 16554
40 28 45593 46169
40 28 27002 41597
40 28 17237 27407
40 28 72836 69349
40 28 53484 47441
40 28 16662 20592
40 28 24989 38251
40 28 21723 36500
40 28 18147 28554
40 28 79220 73487
40 28 63562 50544
40 28 99775 86943
40 28 97536 86179
40 28 15907 19201
40 28 14781 7271
28 73 22506 32684
28 73 29226 38620
28 73 43571 55771
28 73 30698 46617
28 73 37466 48059
28 73 96231 94620
28 73 88461 76108
28 73 2880 25040
28 73 86898 74774
28 73 20221 25162
28 73 30107 41951
28 73 84397 58084
73 24 82901 73147
73 24 82448 62714
73 24 91336 95655
73 24 145 4856
73 24 33070 45898
73 24 21050 22595
73 24 6993 12033
73 24 28935 35633
73 24 55956 49916
73 24 8239 14168
24 67 21926 35675
24 67 25400 35795
24 67 58239 66597
24 67 57980 66594
24 67 9371 3013
24 67 39519 54084
24 67 78631 99788
24 67 19214 21792
24 67 94533 99915
24 67 74077 86322
24 67 73367 80812
24 67 38017 43720
24 67 59288 70721
24 67 70132 75223
24 67 47040 58238
67 5 50203 42711
67 5 30575 22487
67 5 79768 64968
67 5 27174 5792
67 5 27475 11451
67 5 29037 12617
67 5 48790 41228
67 5 56781 59837
67 5 84134 73137
67 5 56401 50364
67 5 91638 95996
67 5 94475 99103
67 5 17702 2065
67 5 46914 34742
5 99 99275 84091
5 99 54426 52894
5 99 91219 77530
5 99 66528 53824
5 99 16750 20117
5 99 24948 28846
5 99 87262 71704
5 99 66626 70922
5 99 3257 18328
5 99 36597 33628
5 99 37255 47313
5 99 96491 81566
5 99 48292 47973
99 96 63616 90144
99 96 56040 79451
99 96 43720 34282
99 96 47890 61466
96 50 40588 44220
96 50 43846 55754
96 50 88564 91953
96 50 76127 80757
96 50 29909 23401
96 50 50221 66522
96 50 77110 83927
96 50 7456 15758
50 16 89190 85872
50 16 86565 69194
50 16 5269 4916
50 16 34746 6671
50 16 57687 28118
16 47 63824 77920
16 47 23769 41270
16 47 15039 40962
16 47 56895 71655
16 47 33421 57444
16 47 9980 14997
16 47 38881 63866
16 47 6835 14326
16 47 94698 98233
16 47 64087 96337
16 47 3579 4711
16 47 56106 64124
47 4 53429 50888
47 4 89861 77746
47 4 48973 36983
47 4 91562 95964
47 4 32372 36396
47 4 14651 1232
47 4 76240 69662
47 4 87007 72191
47 4 69088 51758
47 4 20513 34720
47 4 77766 70990
4 29 62045 40860
4 29 95017 67997
4 29 84006 45796
4 29 87824 50009
4 29 10809 6897
4 29 13208 8946
4 29 53937 30618
4 29 98549 68924
4 29 31933 30249
29 7 53933 50149
29 7 79571 66636
29 7 16915 37888
29 7 69419 66265
29 7 8825 8463
29 7 10748 12489
29 7 98640 72621
29 7 58101 63711
29 7 13667 37054
29 7 9665 11958
29 7 81241 66933
29 7 30027 47158
29 7 65945 64812
29 7 95017 67313
7 43 4787 1974
7 43 62797 84225
7 43 44451 42739
7 43 61949 65123
7 43 21518 28448
7 43 54005 49722
7 43 80138 92859
7 43 57616 54678
7 43 6337 2386
7 43 31467 41336
43 59 62833 59228
43 59 53265 57692
43 59 84712 80437
43 59 64266 67382
43 59 51777 45134
43 59 38081 34643
43 59 93762 96555
43 59 67691 74544
43 59 48466 41793
43 59 26023 19448
43 59 86997 80732
43 59 27273 24438
43 59 1215 5210
59 2 33935 58490
59 2 20322 49754
59 2 86728 86822
59 2 83552 84938
59 2 90359 87149
59 2 90759 89418
59 2 13207 31350
59 2 3845 19084
59 2 54341 70572
59 2 41398 67749
59 2 72833 80137
59 2 11799 23661
59 2 3730 8891
59 2 91188 99305
59 2 39603 66807
2 18 40109 44986
2 18 18445 7878
2 18 3687 1860
2 18 98235 97092
2 18 72658 68154
2 18 27531 17779
2 18 7399 6143
2 18 54176 59021
2 18 90714 77215
2 18 4105 4904
2 18 24426 14153
2 18 65707 60817
2 18 65934 66988
2 18 38942 19953
2 18 48462 50689
2 18 77785 68792
2 18 92570 94349
2 18 26355 16834
18 9 71353 54355
18 9 25841 1653
18 9 94603 86391
18 9 10816 928
18 9 56535 51264
18 9 49208 35442
18 9 92077 74918
18 9 5483 597
18 9 91926 56380
9 41 42836 34835
9 41 67131 43341
9 41 3112 12303
9 41 64304 42035
9 41 62939 35137
9 41 71550 73983
9 41 15050 25704
9 41 1997 1905
9 41 36724 30508
9 41 64117 35364
9 41 76936 79153
9 41 83925 91121
9 41 81092 83390
9 41 5573 23877
9 41 3376 13181
9 41 20388 29974
41 53 21708 2278
41 53 45909 48611
41 53 24397 6997
41 53 45098 7125
41 53 68753 55497
41 53 98123 93197
41 53 90645 68783
53 54 79280 71067
53 54 44568 18824
53 54 2444 2066
53 54 46731 22422
53 54 42648 8286
53 54 56130 29348
53 54 17528 6542
53 54 56970 46593
53 54 57770 58954
53 54 66422 68758
53 54 97019 90091
54 57 28205 23685
54 57 84078 34505
54 57 85464 45479
54 57 55918 30973
54 57 23046 2395
54 57 27536 16106
54 57 86866 49529
54 57 98191 70919
57 6 53685 48699
57 6 57673 62334
57 6 20421 25290
57 6 97732 89330
57 6 11469 15821
57 6 3388 809
57 6 28081 28340
57 6 4305 13429
57 6 84988 69462
57 6 54053 49873
6 34 83885 84719
6 34 30646 40631
6 34 11333 9588
6 34 58973 51649
6 34 83892 99424
6 34 17272 14161
6 34 1502 2493
6 34 41330 48701
6 34 80428 72825
34 62 52375 9747
34 62 33637 7083
34 62 52623 16500
34 62 79540 82476
34 62 66117 55821
34 62 80391 89137
34 62 15436 1772
34 62 60853 16733
34 62 5337 1427
34 62 94091 99850
34 62 69591 74798
34 62 17274 7016
34 62 63563 36673
34 62 62762 32034
62 38 94844 35274
62 38 77946 26355
62 38 94788 34190
62 38 24135 14305
62 38 98928 65426
62 38 89548 33666
62 38 27073 18778
38 13 90756 84694
38 13 86337 63030
38 13 52634 36811
38 13 45378 9065
38 13 60969 48008
38 13 99927 95412
38 13 72120 62985
38 13 41369 7864
38 13 60534 41695
13 26 54432 70459
13 26 24878 19492
13 26 25178 23754
13 26 49027 58686
13 26 82767 99742
13 26 61538 78190
13 26 41142 46058
13 26 70908 78307
13 26 79868 83939
13 26 61294 76556
13 26 23193 16818
13 26 27488 42695
13 26 23087 1456
13 26 27589 45175
26 14 45170 61987
26 14 96172 95217
26 14 94661 92745
26 14 91301 70634
26 14 34381 44508
26 14 27393 39530
26 14 654 4407
26 14 20252 31674
26 14 12335 7226
26 14 93406 91554
26 14 61501 70244
26 14 20023 21067
26 14 94841 93644
14 64 56508 37106
14 64 99398 66233
14 64 11308 8713
14 64 22979 10512
14 64 36421 29194
14 64 53039 33476
14 64 28739 23071
14 64 27090 15727
14 64 42548 32100
14 64 4587 2501
14 64 27712 20020
64 95 96311 96553
64 95 49623 70269
64 95 26227 63570
64 95 84832 90423
64 95 93220 96198
95 83 58878 53783
95 83 17211 12322
95 83 51683 42424
95 83 88812 96061
95 83 21230 23617
95 83 51872 49015
95 83 71611 90896
95 83 82042 93508
95 83 1826 7380
95 83 26668 29064
95 83 93582 98241
95 83 45481 39871
95 83 17653 21134
95 83 43568 35266
83 22 7913 20722
83 22 25505 57520
83 22 20100 48104
83 22 3168 6574
83 22 66193 66397
83 22 80254 71676
83 22 11756 28177
83 22 9391 23065
83 22 87729 91218
83 22 74701 71241
22 63 61456 93773
22 63 55347 80194
22 63 38572 15859
22 63 60244 85338
22 63 28926 14866
22 63 41152 48797
63 56 46942 40351
63 56 96331 84154
63 56 74082 75119
63 56 81906 76961
63 56 53750 73451
63 56 97340 87734
63 56 13561 5414
63 56 11717 688
63 56 32697 39299
63 56 16902 14910
63 56 97670 92810
63 56 53620 67967
56 3 83817 76575
56 3 52022 15775
56 3 96510 95516
56 3 30405 11705
56 3 73053 19585
3 69 222 2987
3 69 31846 42450
3 69 16537 30417
3 69 83032 80714
3 69 10142 27862
3 69 63513 58957
3 69 44159 48199
3 69 19460 32648
3 69 5017 21661
3 69 10140 23887
3 69 475 7156
3 69 60437 56247
3 69 35116 47381
3 69 90081 83745
69 61 53200 10208
69 61 13915 4929
69 61 60330 23547
69 61 49801 5231
69 61 79596 53497
69 61 73617 53383
69 61 92152 74841
69 61 87541 56976
69 61 12193 4383
61 49 39435 50109
61 49 979 963
61 49 25431 41111
61 49 52476 66752
61 49 31604 48780
61 49 80963 87342
61 49 3640 28625
61 49 14759 36807
61 49 63469 68473
61 49 33188 49234
61 49 93744 95172
61 49 68222 84005
61 49 65364 73357
61 49 5595 32885
61 49 98779 99039
61 49 42157 56216
61 49 27860 45045
61 49 46566 61068
49 92 37665 7565
49 92 68404 44333
49 92 82862 59568
49 92 6167 1703
49 92 44252 22336
49 92 35300 3669
49 92 49046 30240
49 92 39160 9842
49 92 45993 26598
49 92 40819 10453
49 92 99565 84795
92 71 30792 7956
92 71 80934 88808
92 71 55759 75465
92 71 65394 75904
92 71 52620 60475
92 71 48277 36023
92 71 50666 54110
92 71 40057 24822
92 71 39313 20046
71 77 58324 30324
71 77 68431 39097
71 77 92372 65388
71 77 52107 22881
71 77 98355 78746
71 77 78354 45022
71 77 38931 17841
71 77 24210 2071
71 77 67373 35094
71 77 20664 1224
71 77 90465 62912
71 77 96355 69553
71 77 85854 58802
71 77 80497 53740
77 37 88732 78283
77 37 36579 42282
77 37 90465 78941
77 37 16707 11184
77 37 1212 6105
77 37 85875 76509
77 37 39110 49433
77 37 77413 61336
77 37 67875 53114
77 37 19796 36876
37 94 79634 81753
37 94 4116 22626
37 94 57183 38317
37 94 58960 55966
37 94 74344 79792
37 94 81835 85954
37 94 10536 25519
37 94 38354 36742
37 94 19038 28339
94 48 21804 6668
94 48 27792 28366
94 48 22591 16314
94 48 80789 83737
94 48 33732 32290
94 48 74985 82029
94 48 53923 37136
94 48 20578 5517
94 48 97780 98101
48 90 76421 35853
48 90 95889 74722
48 90 19869 1239
48 90 89963 69848
48 90 52894 20280
48 90 58280 33690
48 90 71080 35467
48 90 31068 7344
48 90 98478 97819
48 90 81362 64224
48 90 27358 1929
48 90 96849 84048
90 32 87712 74195
90 32 5143 5042
90 32 79141 32402
90 32 76789 25130
90 32 58240 21694
90 32 96055 92995
90 32 12054 9130
90 32 86035 71168
90 32 40262 12548
32 8 64691 32060
32 8 60677 29228
32 8 91790 93373
32 8 67012 68724
32 8 90810 87241
32 8 58997 26053
32 8 89541 77447
32 8 4497 2663
32 8 76969 69494
32 8 78414 72424
32 8 25740 20747
8 66 5821 28303
8 66 51393 46928
8 66 94562 85770
8 66 46411 41828
8 66 20341 37182
8 66 96566 97073
8 66 86361 76253
8 66 65834 59929
8 66 1584 15572
8 66 68941 62924
8 66 61356 58703
66 60 33606 16303
66 60 56019 39300
66 60 1425 7665
66 60 25918 8764
66 60 76931 60427
66 60 78505 93183
66 60 63978 46150
66 60 54267 27116
66 60 99694 96832
60 15 59235 28570
60 15 16632 5159
60 15 60532 36874
60 15 74667 59832
60 15 73102 56689
60 15 95488 74263
60 15 83518 63776
60 15 24415 25470
60 15 96615 99321
15 25 25257 25033
15 25 63116 54642
15 25 71561 54737
15 25 5306 10017
15 25 4880 3621
15 25 3360 227
15 25 56884 51047
15 25 11621 17838
15 25 51931 39695
15 25 21665 24794
15 25 54180 43887
15 25 32021 31320
15 25 84642 96057
15 25 81818 80983
15 25 79032 70928
25 86 5638 284
25 86 96694 70950
25 86 58652 22692
25 86 72935 56522
25 86 61653 53572
25 86 56485 955
86 46 39579 60850
86 46 55206 73484
86 46 70613 85157
86 46 6541 25298
86 46 16792 28406
86 46 55976 76462
86 46 4338 2070
86 46 29753 42007
86 46 39180 57121
86 46 35663 42835
86 46 27404 40402
86 46 55497 74675
46 68 99725 84199
46 68 46537 36878
46 68 78342 78074
46 68 975 15514
46 68 53112 44626
46 68 56920 47110
46 68 58078 57646
46 68 19273 34885
46 68 27727 35044
46 68 15731 31834
46 68 71933 59329
46 68 118 14473
68 98 2877 10601
68 98 52727 37828
68 98 70394 45303
68 98 80700 72483
68 98 93862 83967
68 98 14377 18333
68 98 98183 84618
68 98 76768 50055
68 98 28581 31389
68 98 31680 34359
68 98 59027 45199
68 98 9539 13539
68 98 18215 20085
68 98 3886 12001
98 87 6118 28692
98 87 91115 98846
98 87 437 11122
98 87 16480 30923
98 87 37668 41133
98 87 40035 48615
98 87 56553 82692
98 87 35294 39605
98 87 19568 36482
98 87 53773 60625
98 87 43001 59183
98 87 90109 88502
87 76 62242 76772
87 76 70329 92596
87 76 37895 57218
76 82 4007 4085
76 82 88597 87400
76 82 64389 29297
76 82 69640 78650
76 82 50796 16669
76 82 84227 85825
76 82 95216 94510
76 82 61965 19426
76 82 27365 6563
76 82 69627 63644
76 82 49014 16539
76 82 20582 5753
82 42 63376 51502
82 42 82751 77599
82 42 9654 8412
82 42 56673 41387
82 42 28823 20048
82 42 22154 13603
82 42 48555 41059
82 42 71777 72948
82 42 95131 85591
82 42 36427 23976
82 42 64640 60925
82 42 58075 43372
82 42 65488 61159
82 42 52483 41297
82 42 92127 83472
42 12 88071 93891
42 12 9751 3952
42 12 90010 98689
42 12 37978 40138
42 12 8950 781
42 12 18295 5773
42 12 83787 73381
42 12 96490 99304
42 12 44847 50637
42 12 30085 39467
42 12 19954 28871
42 12 78138 69183
12 58 66449 44425
12 58 64487 4149
12 58 73171 46864
12 58 92756 65117
12 58 88229 63218
12 58 66220 41774
12 58 22152 2693
12 58 86475 60585
12 58 64922 7054
58 19 52158 86317
58 19 2006 6425
58 19 57378 89035
58 19 2885 12466
58 19 42822 64028
58 19 51093 83159
58 19 22361 30124
58 19 25342 62895
58 19 16702 26548
58 19 79622 97477
19 84 97863 98506
19 84 62422 45464
19 84 79006 95218
19 84 65047 75511
19 84 24355 27356
19 84 3986 15420
19 84 15364 26523
19 84 3740 1323
19 84 89219 97080
19 84 60308 42470
84 23 3824 5577
84 23 51729 54446
84 23 27970 23073
84 23 44865 47163
84 23 97944 96859
84 23 13893 14753
84 23 57789 54592
23 36 57961 49077
23 36 4825 585
23 36 79587 85734
23 36 6262 8277
23 36 78201 77044
23 36 27534 14712
23 36 74861 70375
23 36 76870 75331
23 36 34031 20115
23 36 41667 30527
23 36 56558 37517
23 36 32002 15103
23 36 64650 65109
23 36 85730 92917
36 10 18642 22735
36 10 87360 77845
36 10 61723 44946
36 10 5290 18129
36 10 78467 67539
36 10 76683 61731
36 10 44477 33740
36 10 90207 91048
36 10 977 12024
36 10 72082 58812
36 10 51461 40800
36 10 17835 21051
36 10 175 4490
36 10 21045 23937
10 78 59869 88843
10 78 42437 80794
10 78 54102 85494
10 78 41862 74665
10 78 7285 31377
10 78 10589 53650
10 78 84504 94424
10 78 98963 97612
10 78 63421 90626
10 78 19460 63749
10 78 62161 90225
10 78 2158 27654
10 78 18211 60199
10 78 13034 58109
10 78 34290 66453
10 78 37407 73718
78 89 3760 930
78 89 26146 12244
78 89 73391 45655
78 89 69437 39735
78 89 10421 7023
78 89 75188 56071
78 89 17717 8887
78 89 65800 18968
78 89 64915 18050
78 89 44708 14574
89 45 39433 37593
89 45 55507 56326
89 45 63518 61303
89 45 27343 28341
89 45 69372 65048
89 45 42310 38719
89 45 26692 24577
89 45 24654 21896
89 45 8073 1636
89 45 72591 66747
89 45 12710 21600
89 45 89530 69312
89 45 92262 94514
45 81 72880 79822
45 81 30403 34790
45 81 37458 39105
45 81 96938 92939
45 81 5203 21618
45 81 79963 82767
45 81 55521 47678
45 81 71242 78968
45 81 25875 32259
45 81 60347 71501
81 30 53523 58105
81 30 40773 44107
81 30 92740 97772
81 30 62000 65535
81 30 17834 27864
81 30 81659 79326
81 30 51800 55617
81 30 32265 43121
81 30 81224 79310
81 30 42506 53392
81 30 62586 68181
30 91 53652 77445
30 91 92617 89478
30 91 14999 6693
30 91 56473 85438
30 91 23760 16846
30 91 56045 80008
30 91 44232 76435
30 91 27245 67342
30 91 86500 85892
91 27 64614 60565
91 27 73628 61524
91 27 36997 50846
91 27 86515 84624
91 27 25660 26161
91 27 99420 98792
91 27 6034 15282
91 27 249 6101
91 27 81025 81033
91 27 55281 51960
91 27 17444 22114
27 80 61244 50243
27 80 89334 66301
27 80 58871 43282
27 80 46435 41342
27 80 75740 63741
27 80 91910 68541
27 80 67267 51599
27 80 97962 97572
27 80 34148 40713
80 21 38988 23188
80 21 75731 71984
80 21 97565 98083
80 21 63435 30986
80 21 89442 79686
80 21 17664 13328
80 21 45908 23479
80 21 23861 13939
80 21 91481 89310
80 21 58641 27149
80 21 61879 30426
80 21 86618 77759
80 21 70063 55224
21 11 82966 58591
21 11 12905 2800
21 11 72755 40268
21 11 79820 45573
21 11 76362 41428
21 11 99988 88250
21 11 99838 66389
21 11 25985 4881
21 11 96060 60267
21 11 64898 39828
21 11 39132 18227
11 17 59422 69448
11 17 43847 18970
11 17 49436 28374
11 17 52116 50073
11 17 71057 86534
11 17 12499 6689
11 17 91069 92423
11 17 70938 79104
11 17 35106 15999
11 17 81681 91547
11 17 85499 92046
11 17 4487 5000
17 85 52979 35943
17 85 81568 68628
17 85 87508 89276
17 85 48526 29906
17 85 54320 44241
17 85 41647 29508
17 85 17878 16978
17 85 41568 29291
17 85 26631 18750
17 85 99239 95656
17 85 61070 65194
17 85 28536 19098
85 51 14753 43196
85 51 70757 88017
85 51 61669 84928
85 51 13226 39846
85 51 55613 81574
85 51 12168 38506
85 51 88010 92494
85 51 3880 3694
85 51 89523 92604
85 51 8508 31457
85 51 27673 61615
85 51 22627 46967
85 51 42729 62593
85 51 99104 96202
85 51 5570 15982
51 35 70052 46198
51 35 62432 39911
51 35 97119 99767
51 35 93327 95266
51 35 46200 39203
51 35 82833 90741
51 35 70912 69045
51 35 35269 36789
51 35 23557 26969
51 35 17140 11772
51 35 80102 78216
51 35 31414 35408
51 35 95765 96307
35 79 4373 481
35 79 21321 6453
35 79 97356 97736
35 79 42907 21261
35 79 42350 12850
35 79 58030 51937
35 79 87533 94226
35 79 20742 5346
35 79 52680 32529
35 79 83287 74377
35 79 65948 62107
79 20 37092 36702
79 20 99378 82922
79 20 88131 74796
79 20 40700 69536
79 20 74684 70347
79 20 969 23650
79 20 78123 74483
79 20 37415 69017
20 33 64328 53855
20 33 4620 8618
20 33 91846 94505
20 33 73840 68245
20 33 28530 37692
20 33 6894 11577
20 33 69330 56974
20 33 51229 38839
20 33 86453 87172
20 33 17299 31963
20 33 80553 70106
20 33 12456 24195
20 33 71129 68205
20 33 55492 39521
20 33 11293 13664
20 33 62045 40614
33 70 13674 41880
33 70 30120 65111
33 70 34403 68479
33 70 2386 23516
33 70 21818 54142
33 70 25934 65054
33 70 37854 77635
33 70 85443 99139
33 70 5874 29631
33 70 78962 87946
33 70 6365 38669
33 70 84439 97723
33 70 51045 87100
33 70 49024 82730
70 88 51619 71717
70 88 67186 93423
70 88 36838 26228
70 88 16151 1227
70 88 93140 94849
70 88 19685 1968
70 88 36628 12948
70 88 48169 40254
70 88 46463 37511
88 55 60538 70789
88 55 58365 56491
88 55 48841 38157
88 55 42193 37929
88 55 58222 44396
88 55 29098 34005
88 55 61557 87726
88 55 59984 69894
88 55 28333 17052
88 55 51116 41264
88 55 17293 2004
55 52 79898 94190
55 52 47233 71519
55 52 74283 89624
55 52 41371 46244
55 52 43068 57398
55 52 83933 96952
55 52 40323 42295
55 52 26800 35936
55 52 65441 83155
55 52 41982 53342
55 52 20641 19365
52 97 16962 24409
52 97 15162 12702
52 97 5740 8472
52 97 61290 41762
52 97 81769 59734
52 97 71541 44188
52 97 16141 13887
52 97 83881 90337
52 97 12151 11747
52 97 36988 25413
52 97 59360 33004
52 97 87329 93379
52 97 38080 29169
52 97 79213 51628
97 65 3434 4319
97 65 28677 29418
97 65 87587 98689
97 65 44799 58670
97 65 39284 52469
97 65 86078 77850
97 65 82753 77262
97 65 66482 67972
97 65 35088 43286
97 65 73433 68075
65 100 73164 38654
65 100 76983 42664
65 100 90021 82294
65 100 52832 35327
65 100 95230 91067
31 95 94963 14
84 81 97478 72
53 81 71437 18
77 56 96486 18
72 51 82707 36
68 44 25283 69
45 56 34618 34
91 1 30639 89
19 17 27029 70
10 65 6857 42
61 28 96357 45
61 80 98738 65
15 2 12703 60
71 89 78932 7
19 24 43611 84
16 49 24176 39
53 15 74311 59
25 51 82657 52
81 8 29825 3
67 5 81791 95
100 16 99480 76
98 22 97981 90
74 82 44799 22
98 78 31614 42
83 38 87222 32
11 99 4097 55
44 48 90523 77
93 68 16450 85
16 18 72750 8
40 42 6486 92
82 92 2304 39
34 35 2630 2
61 30 15002 44
42 8 48331 22
65 66 81943 16
81 97 22561 93
85 41 38908 53
13 5 28076 78
8 41 19348 18
81 76 75889 55
33 1 24000 24
14 44 21000 98
57 78 96377 81
36 69 37946 45
95 35 71102 23
15 3 34936 69
81 48 30493 83
84 40 5197 8
8 15 37249 17
29 20 65946 87
87 60 5237 33
61 76 10985 13
1 40 97243 61
86 50 17851 7
63 14 5678 24
60 25 77205 32
26 91 55621 83
56 66 16969 44
76 18 25752 93
30 5 56973 74
17 15 40880 81
9 13 57562 79
17 21 43907 96
88 45 33743 31
94 69 70014 36
14 53 32714 89
63 64 88250 65
100 47 80687 20
52 69 3527 5
92 10 12347 82
29 2 47001 4
6 10 49950 12
87 66 22055 42
70 21 92809 43
5 30 30981 81
71 5 98163 43
78 3 19043 22
84 8 66976 30
93 77 2076 66
64 53 26613 92
96 64 49722 42
62 22 88951 88
27 6 4307 88
16 51 37920 26
83 11 16061 18
2 87 18781 15
62 65 90202 22
98 90 49626 29
85 86 59668 6
75 56 51154 47
74 40 12762 17
43 54 15488 42
76 49 93032 72
38 22 69277 88
52 68 39743 51
1 12 83543 85
86 56 16399 69
44 99 39215 6
86 34 92553 78
27 79 87752 93
6 86 53408 76
2 73 37847 69
75 59 91553 75
77 66 45326 46
50 46 83600 49
9 77 85138 8
42 2 32245 16
70 80 35203 53
36 39 92989 74
82 16 62361 18
51 30 46630 26
37 54 41429 97
43 66 40526 9
84 60 8071 44
76 9 48158 20
51 69 6420 51
16 93 62559 4
53 86 1610 4
77 39 59970 47
64 54 85302 47
57 23 51970 33
96 12 6167 38
61 47 4792 36
94 45 34626 28
93 22 28666 24
24 92 89023 38
18 25 78564 27
89 10 28363 64
36 34 11453 53
54 11 91382 100
73 63 33257 25
25 34 88689 8
68 43 71995 5
78 84 90868 81
67 6 72457 93
29 35 83313 59
43 8 16976 58
22 66 70266 77
36 26 36545 80
92 72 40642 37
32 49 51782 82
48 68 14755 12
79 44 92112 9
4 74 6751 30
41 18 35695 42
25 3 16988 42
31 14 94450 55
61 71 22858 97
34 15 39155 77
40 47 47627 1
3 64 25107 32
88 95 26689 62
31 12 54154 97
28 59 6588 39
37 46 25610 49
18 13 71509 90
55 99 10933 64
92 65 91779 30
17 52 7949 22
18 95 98987 56
21 97 86124 100
87 35 51022 48
28 19 30190 29
79 8 77858 91
72 7 46914 16
41 67 65072 47
57 61 57329 70
60 21 61956 42
9 92 78205 58
29 51 49810 6
3 5 81610 97
96 80 67464 90
29 73 84907 63
65 10 12417 25
42 19 86245 52
25 35 17544 12
76 55 28339 77
59 19 14162 92
80 52 88433 40
77 64 5953 65
53 34 80930 92
100 28 16064 52
14 36 85187 6
68 77 25849 94
98 7 87162 43
62 66 86631 71
37 22 38734 32
100 95 91154 80
88 58 89157 85
25 6 44593 74
95 87 87960 16
39 50 46539 18
18 23 4300 63
83 91 46994 84
96 45 44089 82
31 87 81810 53
33 83 44586 99
48 40 92927 5
45 64 5063 74
19 20 49373 78
100 52 9076 95
19 52 25294 23
8 61 92311 6
60 90 63410 92
55 45 42218 81
55 12 15779 24
16 79 13169 12
24 82 12318 59
80 85 94807 63
87 99 68808 2
79 2 96532 40
56 64 39741 13
6 99 62662 12
5 100 35251 62
16 80 66889 5
50 39 17339 46
44 76 5403 67
81 2 84274 49
96 39 39891 60
63 88 32726 98
36 57 14578 71
29 6 4497 72
18 25 46559 40
23 2 94592 1
79 81 4371 4
72 29 97305 82
72 88 40320 27
20 64 33697 34
22 27 77059 6
24 87 49564 57
74 6 63904 73
66 42 29305 47
29 24 39615 95
15 76 5564 49
97 77 25233 49
70 56 74284 9
74 12 87097 20
10 18 45425 44
52 28 61725 2
10 66 88106 19
70 62 49998 62
63 3 26226 67
59 29 47896 55
21 1 41323 2
37 92 85236 50
19 24 80077 7
59 1 49363 9
76 48 86915 78
91 36 48688 99
58 51 57874 96
71 19 22082 66
100 34 69626 26
68 31 82308 41
98 86 99379 9
13 56 38206 98
43 59 99254 47
78 29 86637 63
69 95 55876 9
59 95 84966 4
60 71 81542 84
25 70 63739 65
36 28 75174 79
34 56 84698 96
45 46 10273 93
38 29 59287 19
31 8 41645 33
75 54 5556 57
43 24 89063 7
69 55 96449 63
81 39 21544 98
63 20 99611 51
95 39 40572 74
82 4 16611 20
85 61 45170 4
38 13 68971 94
46 15 95961 13
65 57 81745 27
88 92 99646 46
9 34 7642 67
98 25 68189 53
54 73 66771 45
88 40 42833 62
89 41 3868 18
13 32 54952 65
91 28 15942 80
30 51 18198 40
70 33 22179 72
68 85 7099 11
63 55 78167 41
12 65 27057 83
74 50 25389 71
82 80 67278 47
72 97 32352 81
24 16 19274 21
11 38 72144 61
98 4 71626 91
73 79 4159 71
61 99 51213 11
8 19 63962 23
62 66 30425 88
78 75 4776 42
23 19 37276 60
10 31 53905 22
74 80 16241 37
36 8 35404 100
63 59 50997 69
6 33 45590 55
34 35 47245 2
97 38 83613 16
50 65 57892 87
69 18 79354 45
83 71 81588 89
43 63 15075 79
27 43 57492 18
17 52 17867 39
2 48 50828 81
19 13 49551 37
44 67 18801 26
89 19 94991 80
5 22 34592 73
67 12 70229 8
56 43 51733 9
46 43 80651 1
79 43 56894 62
88 99 62047 72
9 27 27253 22
18 4 51748 35
42 23 94455 54
71 92 36024 93
32 53 34137 90
4 51 6933 62
53 26 26377 83
97 62 87846 23
7 42 30211 20
59 81 52672 20
41 45 54296 79
65 21 74213 45
28 6 39570 77
76 74 32590 2
98 35 28398 12
22 79 70016 22
72 91 56749 13
79 67 88903 4
9 71 91227 66
60 54 81175 36
80 65 65471 77
100 62 53131 75
94 44 30629 97
36 63 23719 62
22 14 36927 41
34 100 78208 83
31 33 29345 48
78 68 65418 37
98 61 50120 52
45 83 32241 4
68 29 70878 27
100 25 59518 49
11 73 73016 62
69 30 64152 28
15 94 69470 60
61 78 78693 90
71 15 32437 75
43 72 31771 1
61 58 19113 92
99 53 40308 6
11 39 79356 25
49 41 86291 23
99 83 97038 60
49 28 28078 26
80 86 13190 36
40 36 91260 24
22 49 15470 71
24 79 32819 19
98 67 15034 59
31 65 87052 23
45 76 6914 51
92 24 42526 53
58 62 9371 73
90 40 83682 15
49 40 7416 24
74 19 17592 1
62 1 22761 26
63 80 44183 59
76 88 9738 70
62 56 44654 52
94 69 54526 68
80 56 37760 29
9 32 53704 17
32 18 39232 30
87 52 42001 57
66 62 44101 40
86 92 93548 68
82 63 36653 97
85 9 4286 93
2 87 44648 85
9 21 57608 44
50 87 7650 87
2 75 76677 18
86 52 11372 37
22 11 57703 11
5 6 1162 83
28 17 46601 70
97 40 19720 21
7 65 65024 21
3 5 96265 81
75 25 53663 11
49 85 82993 74
45 71 44125 87
19 25 86568 35
58 22 59454 25
22 16 87223 72
62 30 1517 51
89 63 61955 69
14 91 97139 52
48 57 44316 97
39 8 47808 35
68 12 39448 15
62 43 18155 90
61 32 16053 85
24 4 77639 96
23 12 98722 92
99 5 55163 16
72 21 53994 61
59 43 66818 10
89 31 13800 54
99 30 47498 72
43 60 19114 78
51 56 20879 11
15 31 11947 10
94 20 8836 79
91 35 5762 81
6 86 46890 22
45 68 46964 8
77 70 87072 95
6 99 3645 45
85 93 26454 75
3 67 94916 53
78 28 77390 84
100 16 30059 37
81 60 90316 86
24 34 51409 89
66 14 46584 72
17 11 47629 88
28 76 55010 78
22 17 56483 11
11 31 61773 15
10 41 26016 71
17 56 93378 46
53 44 40124 74
49 8 24348 53
46 34 26126 43
41 76 37626 26
84 99 55876 49
69 76 65224 31
65 31 62645 96
38 41 79417 8
99 46 63239 89
5 88 61472 84
82 3 62341 51
54 30 63017 13
11 46 34284 83
39 65 34667 78
90 95 24402 65
13 48 90585 9
47 85 84748 8
63 56 61392 63
87 100 79317 45
72 58 32365 22
69 14 76973 29
58 94 14011 90
97 34 36221 77
14 91 87277 50
46 36 74597 73
57 17 91960 74
67 44 10034 3
62 97 67909 9
7 89 55288 51
39 48 76990 44
11 96 19293 49
8 74 64342 22
100 63 9249 66
51 99 91791 39
43 30 48426 27
74 25 26238 84
92 61 52530 25
87 69 61941 59
15 85 11687 33
20 5 83477 12
28 100 48266 28
61 8 82932 30
51 35 75126 41
3 61 85102 13
57 37 79885 56
54 98 71767 38
4 64 56662 75
17 20 66071 14
50 76 47054 16
87 47 58929 64
91 10 51196 10
99 96 78616 10
96 84 91962 52
38 1 52449 10
85 13 53185 33
47 90 39923 97
15 82 8165 24
52 82 43902 37
36 94 4043 44
31 19 15736 49
52 72 18614 93
36 73 38903 59
30 13 68442 13
36 61 12365 35
78 20 1840 30
26 32 82673 63
16 30 93409 11
68 24 94987 52
93 62 32202 7
41 28 28440 14
26 61 70442 5
1 51 32432 31
70 48 57693 99
46 91 56621 29
55 4 5537 9
89 92 26861 49
45 84 31557 51
79 14 75120 38
95 37 45737 44
31 28 76504 24
48 88 28266 80
70 56 92064 79
34 98 72555 50
54 20 6834 63
91 14 14998 58
5 45 57994 8
21 76 13171 2
78 20 65011 31
96 6 66873 28
55 54 58128 45
81 36 79570 86
60 67 75056 36
21 74 12188 74
25 11 90448 23
73 26 86824 45
99 65 18362 47
10 94 95286 10
56 80 2239 94
13 22 93615 22
9 32 15834 79
94 59 19064 57
82 94 9121 41
44 98 9168 66
86 1 85774 98
43 88 15547 96
9 12 83641 65
11 10 65127 64
69 36 68865 62
54 70 16703 2
59 65 67020 30
50 47 8470 35
33 95 80054 53
16 93 37423 35
47 37 99515 94
89 26 87242 37
80 25 18366 43
15 59 74028 39
29 35 68644 43
81 77 98060 25
30 1 2439 87
66 98 58771 40
56 48 85525 43
93 36 43609 63
72 67 76171 87
35 13 77456 64
78 56 81958 98
99 42 46198 14
30 82 76123 13
29 71 36901 22
67 80 53161 75
65 79 16966 73
73 67 76973 19
36 97 54281 52
41 54 50449 67
37 80 68132 22
99 55 83178 29
51 61 45189 45
88 83 67078 87
11 35 98613 16
70 65 27562 69
41 72 29052 45
17 43 82073 44
66 72 37272 74
56 99 68097 13
93 85 38044 17
12 44 74660 76
27 51 52707 14
32 2 12727 85
73 95 47402 73
56 40 34346 61
62 54 70466 89
10 33 84850 3
74 9 5440 68
52 56 40037 52
4 14 6204 96
47 17 35861 99
58 67 14396 44
68 72 3171 84
80 55 64580 83
29 55 23033 7
58 50 55186 89
16 56 25109 87
26 37 28252 5
70 66 99448 51
28 80 67231 76
4 13 72747 92
97 29 42327 18
39 45 47259 78
65 21 19754 48
88 23 30243 43
34 97 16944 79
63 13 53510 79
30 62 82047 15
84 60 60816 17
87 84 34783 67
57 62 65055 100
100 5 1768 54
75 31 60403 50
24 34 22543 39
8 80 89440 65
86 41 62194 41
89 69 16109 39
61 33 86327 45
38 37 71001 54
3 74 57300 62
53 55 8415 94
88 81 26818 58
97 92 54541 62
99 1 74593 32
74 26 90513 50
34 98 51588 94
77 62 47223 89
91 90 85060 57
48 17 66495 42
95 23 39561 87
32 75 96014 89
84 75 88605 36
47 49 39590 88
50 31 37796 74
88 86 58105 91
58 54 62766 12
62 92 37397 76
30 76 84591 29
49 27 3783 40
44 74 56321 77
20 31 46046 83
91 10 53733 96
31 93 71239 7
39 93 96664 98
20 43 45613 81
13 55 6351 85
91 86 99242 40
7 96 6934 38
14 69 25587 37
38 9 65686 48
95 24 56190 9
91 4 19428 68
2 58 34939 15
97 71 16597 80
11 85 91729 96
84 20 51936 95
48 61 72690 52
2 73 63349 58
76 98 9418 94
27 21 51077 45
12 77 26596 37
70 58 66737 49
17 43 94355 23
7 65 35376 2
80 90 34744 17
92 16 61275 48
89 50 33090 40
53 59 80935 14
26 22 94538 20
7 75 65708 7
12 85 12728 92
36 37 67473 39
37 34 6881 60
10 14 74198 38
6 13 91388 75
91 33 68579 39
51 92 32742 70
17 30 66583 19
82 32 39751 80
84 94 76720 52
47 4 45371 80
73 26 83181 61
21 38 59440 81
6 39 87059 26
47 2 58042 28
89 75 19463 2
31 24 25082 47
6 66 56504 40
92 21 20302 100
45 3 25052 77
82 29 23541 23
10 46 44658 34
35 61 68925 9
7 67 21834 18
57 58 42171 49
24 78 46038 42
73 20 58023 23
77 74 19412 5
25 15 30199 11
2 71 43317 44
5 17 2678 51
29 62 6113 2
66 97 76506 25
71 80 19519 82
41 90 32626 2
64 81 30320 30
100 75 52195 90
11 7 13287 98
74 79 32792 94
98 71 98582 91
45 48 16237 77
1 24 53051 94
90 26 22684 75
88 81 29415 63
81 38 11682 92
83 80 39414 34
53 59 7925 100
65 42 49433 72
15 59 93080 90
36 95 99218 78
100 6 85168 88
61 25 73917 42
72 20 62483 79
52 66 69427 32
82 94 43237 60
5 25 94102 19
66 77 41331 5
44 35 68261 91
33 38 22143 19
43 70 23604 1
75 88 61700 64
86 83 10479 93
5 86 27837 77
65 82 73025 53
79 54 17955 98
57 62 27438 24
42 20 50175 78
15 16 83057 48
59 85 80381 100
86 81 23281 83
16 11 79768 73
80 59 74705 64
88 12 94956 61
55 48 12455 71
59 53 40504 79
84 52 4377 76
62 77 51999 36
30 63 47640 27
99 90 63849 50
12 33 19490 39
30 65 19105 35
82 58 90766 35
73 94 44329 98
69 20 60480 66
2 29 66886 90
38 64 26881 5
28 99 47846 52
95 100 74730 91
71 98 25703 23
19 39 35912 92
73 98 64723 48
1 13 66620 53
57 18 37353 54
41 97 39285 33
41 15 68046 84
65 36 20255 56
55 83 3326 10
65 34 93935 98
99 70 37454 83
17 45 2935 18
76 8 97459 84
81 4 33881 5
5 87 43292 37
15 96 76817 65
48 78 43724 80
100 35 49372 8
54 83 70497 49
86 16 64190 47
28 5 10974 51
100 88 56525 8
94 3 92302 10
57 78 50956 75
30 82 1113 60
89 6 96849 15
45 1 26298 95
14 12 26226 23
5 96 22658 31
97 14 16892 7
82 95 70777 12
9 26 29819 64
44 24 60137 70
76 85 89577 74
80 87 81275 74
63 15 88915 89
77 74 18902 67
33 7 4222 74
55 68 12846 57
59 92 94402 83
82 72 6681 55
57 95 28045 6
51 81 6363 65
45 14 67815 79
94 1 73069 35
15 57 95510 21
72 88 66657 39
81 89 40075 87
56 62 74304 46
91 88 91488 12
72 47 14125 39
38 52 4536 45
5 93 35559 19
85 70 60737 46
17 7 85681 5
21 58 78688 61
99 61 4965 36
62 10 11699 16
23 20 60876 88
85 100 31978 62
33 23 99534 22
36 86 97769 39
73 25 69772 5
66 18 22282 97
98 51 44199 30
89 93 83918 6
67 60 15950 28
80 89 80953 74
98 92 4895 25
13 1 39765 48
8 51 80415 21
17 90 86048 4
97 98 94042 82
4 54 81898 72
45 90 15398 43
58 84 10169 5
50 65 41931 96
31 20 38221 2
54 68 43705 63
87 51 99348 10
1 67 53102 52
94 86 13495 97
64 80 27960 8
14 47 12832 35
72 28 53637 83
15 70 2077 62
53 42 92905 10
90 6 2107 95
89 100 77078 75
95 37 69969 33
84 37 28936 93
81 70 65067 81
5 69 84125 32
11 8 92408 65
20 19 11993 25
96 87 54300 49
85 11 77092 63
67 74 3342 79
5 96 26222 75
51 92 41622 55
46 25 31386 87
27 81 42827 30
27 6 97588 79
30 72 23143 5
42 13 11075 89
86 64 55844 51
94 92 51855 90
73 7 61009 33
12 68 6787 18
26 41 37100 82
11 29 45178 28
46 43 1056 74
27 83 5709 51
88 29 79088 30
32 34 60842 74
37 68 31813 84
23 18 49955 53
29 65 1920 10
40 22 38849 3
29 45 69899 14
86 46 25255 73
52 3 83204 87
3 35 30654 98
34 85 38423 47
2 31 97596 32
100 40 92725 26
57 82 55892 20
59 60 23988 27
52 72 4234 42
81 43 6851 94
20 40 86450 5
81 87 94352 98
97 96 61674 76
90 11 21178 21
95 73 67193 10
11 36 6790 96
28 39 36638 93
56 94 36849 21
46 100 46144 4
70 6 57373 89
24 17 43733 30
65 37 24135 99
35 61 23323 8
12 19 37874 70
24 76 27762 89
45 78 96772 42
34 4 46213 7
9 33 67252 4
34 10 29934 17
36 78 78980 64
74 83 50708 9
2 5 73599 95
10 54 14824 6
9 68 84462 97
67 16 3617 74
37 25 23547 85
76 70 55882 44
66 71 37808 60
32 94 87485 75
57 84 86740 10
33 70 78558 65
36 54 73546 77
99 49 82053 32
70 15 67171 2
99 4 35530 77
94 75 42296 92
64 68 53650 92
38 36 74392 60
46 69 27608 72
66 25 95497 98
34 23 75430 15
50 11 26770 62
31 66 87966 38
65 36 77690 59
52 74 21864 31
74 30 69309 99
71 42 91216 85
3 4 96842 77
5 30 60872 29
38 6 90123 65
80 86 11031 36
24 98 57150 1
17 50 66151 86
38 76 77753 2
40 15 86302 91
71 87 43582 85
15 50 27985 21
19 12 68912 34
27 97 7309 95
32 28 10439 92
89 27 92948 19
45 33 66627 13
3 40 92844 80
55 16 42993 83
75 82 81367 84
19 7 99609 50
43 72 75817 63
66 8 39019 24
33 95 79017 15
47 43 15339 55
9 78 48538 24
34 42 65240 60
54 99 9696 85
94 66 84244 27
71 9 58810 87
13 70 5188 92
58 87 99996 68
35 48 68181 64
69 31 91968 77
80 36 60041 6
30 54 77903 29
72 51 94166 7
38 34 86128 12
89 68 1426 49
27 60 12321 79
49 47 23369 81
20 44 33692 82
66 51 2441 30
68 79 68521 19
30 67 73023 99
69 2 61422 7
85 24 68078 85
55 91 93527 60
39 66 6573 32
39 57 53844 96
87 3 64035 42
19 54 61799 94
60 12 80147 21
8 36 48481 91
