100 299 100
1 45 92561 31390
45 93 13251 60306
45 93 48308 64414
93 80 6359 54218
80 48 32886 14925
48 77 21058 52936
77 29 21247 69982
77 29 99530 94042
29 22 81967 73095
29 22 20401 12636
22 27 34238 52724
22 27 20911 2157
27 85 94844 6078
27 85 96082 14429
85 13 9867 63643
85 13 91383 82507
13 91 3880 3121
91 11 37960 71453
91 11 14485 17727
91 11 8067 8493
11 3 13494 262
11 3 97141 32927
11 3 70031 32694
3 55 24414 2716
3 55 89425 63139
3 55 86342 24931
55 72 88080 55500
55 72 32617 49797
72 8 81521 97092
72 8 41610 56510
72 8 63898 61566
8 75 40711 13381
8 75 97371 84049
8 75 18318 3829
8 75 87828 44659
75 73 1072 59647
73 67 7449 15563
73 67 97874 64532
73 67 54129 38421
73 67 73292 51845
73 67 51142 16217
67 44 2595 26864
44 50 61705 19383
44 50 49187 6398
50 18 40625 58833
50 18 19879 17537
18 96 6061 88474
18 96 69326 97690
96 92 50286 73302
92 26 68369 49079
92 26 75516 92606
26 49 16425 20401
26 49 69296 30883
49 6 69530 46015
49 6 99537 87997
6 70 67253 5713
70 7 78064 36533
70 7 14674 35602
7 74 492 6542
74 98 76786 18527
74 98 84564 52531
98 31 31233 5242
98 31 71723 42346
31 4 38575 24197
31 4 84700 48697
31 4 97553 79570
31 4 7939 20794
4 59 8311 19283
4 59 35839 62385
4 59 25812 37737
59 25 7372 13961
59 25 49478 50019
25 43 41223 43366
25 43 54180 43687
43 52 25535 33276
43 52 81290 83829
52 78 98087 97565
52 78 65691 39347
52 78 47766 34410
78 69 12318 18162
78 69 70037 19116
69 30 96853 19049
30 64 75724 46320
30 64 48414 3838
64 71 86297 79136
64 71 61906 69405
64 71 50471 33590
71 84 26360 10863
71 84 90729 95306
71 84 44672 38259
84 99 39796 24286
84 99 72593 93207
99 88 39889 46410
99 88 44021 53705
88 87 16130 44728
88 87 13075 13714
87 79 84970 22409
79 65 60340 90375
79 65 27583 83201
65 76 29259 47647
65 76 57271 70374
76 60 34665 52147
76 60 12024 5884
60 21 72220 80852
60 21 18805 51751
60 21 42868 69640
21 66 58467 30632
21 66 84661 34043
66 37 24960 24099
66 37 34799 78222
66 37 74516 93637
37 83 60778 58850
37 83 70488 69341
83 24 71510 89844
83 24 4682 21999
24 33 64912 61614
24 33 99290 75431
33 95 13100 14246
33 95 60874 25682
33 95 95804 45057
95 57 85387 23871
95 57 66524 13714
57 61 39998 56795
61 5 88994 73844
61 5 1643 44342
5 12 8514 9466
5 12 26746 34110
12 17 83636 81715
12 17 82011 74724
17 90 15237 10873
17 90 54019 54229
17 90 68747 57587
90 40 8890 887
90 40 16670 24490
90 40 19493 39060
40 35 57303 8327
40 35 55849 3850
35 19 44624 80742
35 19 15862 63287
19 97 95328 25089
97 53 87072 95909
97 53 59760 26136
97 53 30245 10577
53 9 32617 11781
53 9 95204 46415
9 41 72312 591
41 32 98617 84350
41 32 98305 19017
41 32 72026 11339
32 86 55192 91891
32 86 5762 39105
86 28 65429 20481
86 28 74509 76599
28 15 20678 54665
15 58 73389 18274
15 58 85944 64509
15 58 49303 15137
58 56 91413 4139
56 89 9575 41555
89 10 58381 41235
89 10 32280 23183
89 10 89705 76753
10 36 19289 60961
36 20 12802 40606
36 20 83232 77859
36 20 54954 53430
20 47 53402 97088
20 47 13286 1454
20 47 19838 59850
47 42 15750 63929
47 42 26413 83790
47 42 34607 96011
47 42 20924 75862
42 2 97193 88985
42 2 24444 81062
2 46 78001 89955
2 46 38010 27709
46 82 51929 39696
46 82 94540 81521
82 51 33036 83460
51 34 4591 11453
51 34 72234 65357
34 14 66214 79899
14 23 15 46780
14 23 71713 82451
14 23 88803 92452
23 81 34051 44517
81 94 1220 94480
94 62 18670 21043
62 16 31331 13332
62 16 3856 3597
16 38 26298 58371
16 38 75288 83541
38 39 94245 15186
39 54 32341 58803
54 63 4279 31199
63 68 90255 48495
68 100 44615 30638
68 100 13413 3769
47 68 8642 88
18 59 60541 83
20 92 3452 72
47 74 41927 2
96 21 15011 49
79 69 13721 31
60 59 42654 41
21 60 31828 10
1 97 94857 77
26 49 3019 35
24 42 93236 72
28 98 15941 71
5 46 37449 99
65 77 94293 27
69 70 27767 14
97 95 67204 34
88 55 33342 50
28 62 8725 23
86 9 4873 80
22 36 1131 5
48 13 94925 63
56 58 3378 92
61 23 63063 20
78 48 73305 34
36 10 64290 65
38 53 68375 60
21 76 91611 47
52 81 68226 21
94 66 74628 18
1 97 70092 18
59 46 18022 66
12 74 11997 39
33 70 89964 85
60 17 6474 98
22 90 47345 84
25 29 56637 15
74 77 32140 34
90 73 91984 33
98 35 6823 57
2 75 93564 56
51 55 56916 93
62 36 9994 84
56 94 47657 21
91 72 72045 79
97 23 16756 64
63 29 65051 3
69 94 97171 52
72 24 38891 91
12 21 79808 7
94 97 26112 37
17 80 82483 81
58 20 62347 82
95 80 31613 88
36 55 43098 78
64 36 69347 83
53 41 22181 28
65 45 67133 65
59 94 3711 89
84 64 90056 34
99 38 49919 10
21 2 46367 94
13 2 13344 73
92 95 22694 87
12 72 98801 39
58 47 61750 7
93 67 64794 12
90 32 80355 73
5 77 82530 54
73 95 8481 11
62 36 49417 38
11 71 67090 14
26 39 85303 51
60 5 71786 93
83 31 81439 30
51 32 95013 99
69 94 91652 38
41 94 4079 32
40 32 42749 79
94 10 36725 3
79 85 23599 37
73 72 49109 48
89 13 20472 94
40 49 84882 29
23 4 55905 56
45 10 29715 58
11 59 11310 70
13 74 30949 91
37 48 64633 51
46 60 3522 56
37 11 8846 72
12 26 89924 79
100 44 11719 61
28 13 26722 45
43 30 60028 52
98 33 2386 4
85 7 57224 14
52 5 10418 13
89 73 73211 40
15 32 56488 69
24 49 50481 28
