100 2099 100
1 88 68970 70726
1 88 56660 21002
1 88 47809 16815
1 88 97675 99808
1 88 64350 36577
1 88 37757 6711
1 88 90481 76385
1 88 78019 73884
1 88 95297 92022
1 88 70906 71043
1 88 68139 53758
1 88 58829 25594
88 43 52554 30559
88 43 94963 85530
88 43 65806 65563
88 43 3603 3007
88 43 61830 47171
88 43 85860 72052
88 43 29441 21253
88 43 59107 41164
88 43 63959 56029
88 43 39711 25034
88 43 62343 55169
88 43 27229 19593
43 87 36774 21402
43 87 23038 8445
43 87 58912 56796
43 87 56640 45941
43 87 25955 19992
43 87 44668 34886
43 87 72772 59254
43 87 42552 23904
43 87 79343 84271
43 87 54544 37153
43 87 2420 1825
87 54 22986 27572
87 54 30418 38625
87 54 34986 48843
87 54 79252 83650
87 54 66419 65572
87 54 23912 37702
87 54 20677 1462
87 54 61530 64176
87 54 80606 97217
87 54 76635 80592
87 54 21562 17345
54 98 60883 78092
54 98 10566 8507
54 98 80835 91242
54 98 68537 83463
54 98 37098 52490
54 98 45441 54511
54 98 325 3075
54 98 67761 83401
54 98 31030 44034
54 98 35361 52124
54 98 15971 21419
54 98 21234 35124
54 98 93408 95983
54 98 11953 10841
54 98 8920 5056
54 98 19801 30932
54 98 97851 97462
98 91 45315 81111
98 91 79398 97542
98 91 26277 71144
98 91 19271 58785
98 91 14545 22834
98 91 26446 76503
98 91 16411 39883
98 91 27836 79846
98 91 11265 10235
98 91 61586 95982
98 91 54491 95492
91 80 20981 28822
91 80 54647 62089
91 80 9153 22116
91 80 92837 75916
91 80 81335 64508
91 80 33085 29853
91 80 50574 34777
91 80 14765 26453
80 9 80387 48275
80 9 89178 58789
80 9 43357 27896
80 9 14216 2836
80 9 71925 43947
80 9 19048 4103
80 9 41619 26605
80 9 26878 11152
80 9 76529 47643
9 81 46985 35863
9 81 63717 44867
9 81 53690 40127
9 81 84943 94310
9 81 74575 62714
9 81 15035 6317
9 81 22259 21511
9 81 76438 70988
9 81 17054 12020
9 81 23425 28618
9 81 83781 83328
9 81 21538 20582
9 81 33935 31147
9 81 20091 12801
9 81 64885 54388
81 45 12101 16907
81 45 759 4996
81 45 80276 83241
81 45 47422 79617
81 45 96410 98141
81 45 83318 93451
81 45 16086 41102
81 45 6341 7255
45 12 42536 40942
45 12 72004 78138
45 12 46568 48508
45 12 22950 27549
45 12 18486 19271
45 12 48095 49045
45 12 89093 84185
45 12 38774 34543
45 12 55583 73267
45 12 17477 7204
45 12 53343 55907
45 12 41060 37686
12 6 33669 67790
12 6 95275 91430
12 6 6474 14304
12 6 83044 83622
12 6 20678 27431
12 6 29028 56655
12 6 34239 71462
12 6 98074 92857
12 6 85645 90455
12 6 65702 81823
6 39 56085 22526
6 39 18202 11556
6 39 50056 14926
6 39 97458 83346
6 39 32305 13716
6 39 54018 15155
6 39 73162 50201
6 39 68149 28628
6 39 77015 50980
39 76 91701 98831
39 76 87524 91805
39 76 15750 2216
39 76 69491 54323
39 76 78422 84453
39 76 16682 8326
39 76 43733 43705
39 76 24214 28822
39 76 76840 78009
39 76 74192 65968
39 76 66705 48997
76 41 94292 78497
76 41 90718 67091
76 41 16600 22892
76 41 62519 42003
76 41 79020 61181
76 41 15985 19139
76 41 26188 37675
76 41 17869 28931
76 41 41110 38565
76 41 74830 44166
76 41 3954 18460
76 41 63428 42562
76 41 96456 83562
41 90 56958 52823
41 90 10557 20270
41 90 30032 33390
41 90 5451 7308
41 90 84108 82656
41 90 29 5055
41 90 69502 64883
41 90 92717 99279
41 90 74054 79944
90 22 26025 15322
90 22 52998 73280
90 22 77349 74164
90 22 36576 39404
90 22 11556 13319
90 22 9980 11519
90 22 35303 37782
90 22 38907 69008
22 36 46379 63833
22 36 54199 72431
22 36 90909 94026
22 36 55241 76033
22 36 86054 86562
22 36 31284 28976
22 36 34034 50792
22 36 42429 58396
22 36 33198 38511
22 36 73153 82762
22 36 24598 2933
22 36 50946 69309
36 64 11546 41693
36 64 36362 50053
36 64 51154 80841
36 64 38287 52405
36 64 64400 89003
36 64 15497 43452
36 64 5128 9424
36 64 47815 69894
36 64 88496 92218
36 64 57941 86496
64 20 17753 19660
64 20 21124 35484
64 20 71957 86168
64 20 69456 84461
64 20 73276 92362
64 20 5155 6737
64 20 12036 18902
64 20 48972 45755
64 20 72095 86984
64 20 5527 15789
64 20 49882 63581
64 20 70139 85882
64 20 65188 67868
64 20 29870 41643
64 20 95612 93086
20 42 46702 47346
20 42 43528 37362
20 42 93402 63490
20 42 35287 28423
20 42 9061 23559
20 42 94570 83606
20 42 23906 23830
20 42 82752 60213
42 72 54697 24174
42 72 49164 16528
42 72 33910 6233
42 72 57978 32504
42 72 25708 1616
42 72 47306 11370
42 72 79668 89923
72 70 10320 17384
72 70 56770 81112
72 70 15103 39192
72 70 81917 87017
72 70 17723 41766
72 70 27119 52555
72 70 18045 47854
72 70 89274 92726
72 70 33211 59295
72 70 6162 6721
72 70 34411 74436
72 70 44755 80404
70 77 55505 69534
70 77 25645 25240
70 77 81478 82657
70 77 27422 59435
70 77 63140 77466
70 77 568 15461
70 77 26808 57440
70 77 30811 66421
70 77 21806 18607
77 61 76647 77751
77 61 33778 30112
77 61 24310 20738
77 61 62180 66609
77 61 4533 16740
77 61 52362 46768
77 61 98308 89305
77 61 25474 27069
77 61 97988 85072
77 61 2706 4980
77 61 40634 34122
77 61 28017 27388
77 61 46524 34201
77 61 81089 78857
61 3 33966 46846
61 3 29546 43258
61 3 44094 47252
61 3 58819 53543
61 3 26380 28606
61 3 60164 54792
61 3 36012 47166
61 3 62672 55234
61 3 23848 21503
61 3 9977 577
61 3 90043 74102
61 3 65311 64592
61 3 14925 17327
61 3 97565 83142
3 13 84604 93752
3 13 87174 99569
3 13 86491 94968
3 13 44193 28399
3 13 86934 98966
3 13 79024 77061
3 13 82552 83993
3 13 60198 35409
3 13 65385 52980
3 13 11749 24408
3 13 4857 24198
3 13 74555 72429
3 13 4048 18471
13 27 87455 67063
13 27 96403 84309
13 27 71197 47130
13 27 13655 15833
13 27 96738 92173
13 27 32475 31020
13 27 73225 51369
13 27 42459 32814
13 27 64298 40533
13 27 5137 11346
13 27 89914 84047
27 58 96360 74941
27 58 43422 37152
27 58 4439 27988
27 58 1781 25908
27 58 88299 54496
27 58 52352 39583
27 58 69422 47526
27 58 79513 49237
58 11 13397 25482
58 11 71794 65790
58 11 28445 31122
58 11 53798 64251
58 11 81341 80075
58 11 81619 83207
58 11 77827 78739
58 11 46859 32634
58 11 6772 7249
58 11 86588 87113
58 11 65237 64996
58 11 16273 27686
11 71 11576 43884
11 71 60857 81474
11 71 36132 72071
11 71 15005 61162
11 71 22962 61541
11 71 96859 86527
11 71 27208 68122
11 71 26212 65481
71 52 77284 51110
71 52 44778 9092
71 52 83269 64766
71 52 94664 72355
71 52 75271 34407
71 52 94815 84281
71 52 40916 8721
71 52 39650 6331
71 52 58035 13627
71 52 73733 31137
71 52 86366 72203
71 52 70057 17772
71 52 83055 55401
71 52 29070 3808
71 52 77176 44456
52 51 59556 69234
52 51 75539 78953
52 51 16039 29131
52 51 46874 64267
52 51 63634 70355
52 51 42162 47785
52 51 66590 78617
52 51 20804 34706
52 51 26714 43381
52 51 98574 94396
52 51 3398 14703
52 51 63893 77425
52 51 13150 22106
52 51 79931 87991
52 51 59492 67240
51 82 21822 7692
51 82 44263 21380
51 82 2446 1110
51 82 79252 82572
51 82 44186 11766
51 82 49150 41557
51 82 93580 98398
51 82 50715 42007
51 82 42433 11538
51 82 83465 96879
51 82 76899 72361
51 82 4640 7463
51 82 73670 55656
51 82 54761 54784
51 82 47619 35039
82 21 6750 7677
82 21 57098 44454
82 21 4139 695
82 21 76473 73587
82 21 44918 40379
82 21 49750 42267
82 21 23363 19123
82 21 13347 15427
82 21 78026 83334
82 21 11785 9043
82 21 64490 60790
82 21 43929 32537
21 48 40179 93713
21 48 14276 89414
21 48 73173 96854
21 48 76104 96874
48 49 18824 64455
48 49 37696 76751
48 49 15517 39594
48 49 18372 49646
48 49 60734 96873
48 49 31584 72628
48 49 3922 2459
48 49 24800 69823
48 49 41772 85353
48 49 9509 27189
49 75 24938 49636
49 75 7715 21322
49 75 6564 19255
49 75 39681 56427
49 75 65457 89412
49 75 82996 90402
49 75 92442 93375
49 75 8882 23877
49 75 4374 8881
49 75 15961 36515
75 74 55557 29876
75 74 506 4398
75 74 25564 5393
75 74 70426 77812
75 74 72153 92448
75 74 55186 26441
75 74 81000 95650
75 74 70389 50822
75 74 80409 92965
75 74 49389 10296
74 63 14631 19289
74 63 49609 30409
74 63 53119 40951
74 63 52019 40550
74 63 84234 65518
74 63 81008 65211
74 63 61066 52374
63 40 10405 7534
63 40 36356 43449
63 40 3530 37
63 40 49721 45606
63 40 81141 66674
63 40 72349 57801
63 40 72952 65163
63 40 86203 78368
63 40 18984 10030
63 40 5346 3562
63 40 32427 35319
63 40 91547 90718
63 40 21826 24826
63 40 43209 44473
63 40 9929 4820
63 40 21422 11208
40 16 25862 9928
40 16 99540 93819
40 16 67111 85144
40 16 16595 3058
40 16 26760 44693
40 16 26474 43473
40 16 35704 61495
40 16 45336 64975
40 16 28273 45956
40 16 63633 74728
16 60 82531 83667
16 60 69489 29878
16 60 46667 29067
16 60 11134 13504
16 60 92295 98564
16 60 83227 83741
60 38 18364 9539
60 38 33932 27080
60 38 68033 38253
60 38 67332 35454
60 38 77296 51765
60 38 38252 32414
60 38 96708 72752
60 38 71410 43291
60 38 28414 20810
60 38 85031 58736
60 38 86643 59357
38 85 95984 88710
38 85 97219 95556
38 85 27006 17245
38 85 1887 7298
38 85 60007 56406
38 85 22551 11846
38 85 39933 35870
38 85 36447 23762
38 85 67489 85262
38 85 96629 92107
38 85 106 1243
85 57 29512 16166
85 57 85267 82929
85 57 63540 55920
85 57 85468 84266
85 57 72262 63605
85 57 14599 9975
85 57 41843 40173
85 57 52598 49022
85 57 28601 12871
85 57 20985 11680
85 57 67954 61007
85 57 49883 45794
85 57 62605 54531
57 92 78938 59357
57 92 12249 16790
57 92 49353 30742
57 92 81568 61640
57 92 85681 70876
57 92 18766 17265
57 92 52415 39164
57 92 94743 78721
57 92 89660 75374
57 92 68792 43552
57 92 41175 29495
57 92 7851 10930
57 92 26856 17403
57 92 95334 95332
92 46 84824 89352
92 46 15784 6519
92 46 70064 78085
92 46 46315 43662
92 46 86130 97144
92 46 16218 17455
92 46 22578 28846
92 46 20324 19652
92 46 68381 72082
92 46 58606 53185
92 46 6123 6093
92 46 53873 46226
92 46 72944 84628
92 46 66111 62963
46 34 98004 90758
46 34 43733 74583
46 34 47772 76523
46 34 43291 60479
46 34 15949 18104
46 34 96386 80297
46 34 21614 46384
46 34 87325 77670
46 34 82015 77380
46 34 42391 49616
46 34 17112 36116
34 7 79461 83369
34 7 94587 98793
34 7 80465 94082
34 7 53642 16923
34 7 95236 99924
34 7 60317 40685
34 7 683 13745
34 7 30409 13997
7 14 89153 90279
7 14 23461 8280
7 14 83567 84931
7 14 72478 78346
7 14 65289 43370
7 14 53224 35798
7 14 94628 98655
7 14 24783 21689
7 14 90416 97812
7 14 51218 31913
7 14 71297 77015
7 14 11025 1662
7 14 67578 48279
14 23 66140 79067
14 23 98987 94684
14 23 35259 65438
14 23 47416 71237
14 23 25605 52122
14 23 30098 62733
14 23 5946 28781
14 23 81060 93906
14 23 51941 76376
14 23 2819 25681
14 23 66922 87883
14 23 8961 30846
14 23 70574 93838
14 23 55038 77274
14 23 21966 51942
14 23 19530 31203
23 30 80709 89893
23 30 8941 2714
23 30 39962 58006
23 30 81522 90490
23 30 10353 34463
23 30 67380 77771
23 30 12066 34997
23 30 9120 14454
23 30 9074 4586
23 30 20445 36244
23 30 99124 95906
23 30 27443 51087
30 95 14267 6772
30 95 51046 50593
30 95 48787 39043
30 95 69156 52076
30 95 30198 25844
30 95 9797 3893
30 95 86507 84341
30 95 83683 72090
30 95 25277 16170
95 33 72001 42644
95 33 15176 6683
95 33 23532 14789
95 33 93843 81899
95 33 85422 70337
95 33 40662 39351
95 33 76589 43458
95 33 44777 40823
33 5 96879 91563
33 5 4173 33479
33 5 48467 47611
33 5 65889 76424
33 5 9133 39205
33 5 1692 15121
33 5 11148 44605
5 47 8659 252
5 47 67399 43056
5 47 84911 60544
5 47 21388 31129
5 47 93361 76043
5 47 72559 56508
5 47 72642 59455
5 47 12359 20969
5 47 35940 32896
47 10 4732 24805
47 10 16081 28070
47 10 64328 99538
47 10 47091 76291
47 10 461 7356
47 10 18818 43396
47 10 3562 16114
47 10 34417 45576
47 10 1184 13175
47 10 41903 60151
47 10 59226 96581
47 10 42704 72751
47 10 50083 87084
10 59 4365 2316
10 59 53201 28032
10 59 72727 54076
10 59 7008 14238
10 59 98781 90975
10 59 21093 23750
10 59 19667 19813
10 59 95870 86260
10 59 55353 35561
10 59 60525 41218
10 59 74893 62413
10 59 88975 65095
59 53 91347 70834
59 53 89023 55336
59 53 98702 88345
59 53 50697 46522
59 53 23879 5111
59 53 19671 2805
53 26 15081 1135
53 26 42339 14646
53 26 69864 57683
53 26 43469 30135
53 26 20364 4152
53 26 64440 49373
53 26 32214 5034
53 26 16721 3355
53 26 86871 93175
53 26 55663 37685
53 26 70844 91791
53 26 61637 47121
26 78 6519 8516
26 78 35700 19855
26 78 61054 58996
26 78 36071 30637
26 78 53576 48327
26 78 91071 87856
26 78 79502 81538
26 78 66360 77854
26 78 13402 10440
26 78 63563 62681
26 78 73067 79779
26 78 42203 31083
26 78 45965 40484
26 78 34446 15937
78 8 10269 28128
78 8 63425 69539
78 8 82147 80457
78 8 49401 54712
78 8 7969 20848
78 8 43690 30558
78 8 47461 50375
78 8 35932 28985
78 8 93157 93226
78 8 96225 95388
78 8 64292 78513
78 8 45799 48132
8 68 66082 60386
8 68 73121 61711
8 68 45217 19786
8 68 49714 38472
8 68 64329 57271
8 68 86025 95423
8 68 57740 51553
8 68 79165 77390
8 68 4714 7227
8 68 82288 87282
8 68 99673 96849
8 68 35287 16908
8 68 62490 56986
8 68 52947 50748
8 68 24181 16784
68 35 11773 3811
68 35 62147 78646
68 35 8284 2501
68 35 35126 78319
68 35 66888 99716
68 35 23139 33402
35 83 3715 3494
35 83 72605 80974
35 83 67360 78322
35 83 23450 39545
35 83 31463 55305
35 83 76051 88543
35 83 32915 74140
35 83 14360 17519
35 83 14094 8936
83 66 68167 75886
83 66 36320 21965
83 66 77429 76339
83 66 21311 7612
83 66 91275 87287
83 66 65271 68254
83 66 10724 3601
83 66 59830 28224
83 66 33867 12933
83 66 36125 14728
83 66 63347 46368
83 66 89931 79609
66 65 90328 56853
66 65 97525 78905
66 65 34682 13015
66 65 23661 2401
66 65 73106 55604
66 65 54034 25399
65 73 82775 69558
65 73 37916 12874
65 73 67195 40317
65 73 42960 14598
65 73 44787 30133
65 73 79008 48589
65 73 22716 3915
73 96 92027 96269
73 96 11140 8649
73 96 72810 46899
73 96 81536 66357
73 96 84336 77336
73 96 84308 74305
73 96 56298 43298
73 96 12265 12021
73 96 88782 93685
73 96 77359 58801
73 96 69701 46349
73 96 66525 43542
73 96 16966 32240
73 96 87383 93437
73 96 1895 4670
73 96 12599 12990
96 55 22368 24101
96 55 53109 37246
96 55 45194 35781
96 55 33182 29469
96 55 99437 96651
96 55 25801 28262
96 55 97149 96153
96 55 91005 81345
96 55 92836 93667
96 55 41860 32351
96 55 1110 154
96 55 92063 91470
96 55 14760 11915
96 55 63704 59640
96 55 56592 43322
96 55 1642 3275
55 18 1598 19896
55 18 54686 37010
55 18 43258 22726
55 18 68774 51929
55 18 76946 84089
55 18 10625 21337
55 18 34154 22255
55 18 44206 25125
55 18 65124 49295
55 18 91088 91017
55 18 64536 44455
55 18 73745 52264
55 18 51103 26466
18 62 41256 84669
18 62 94008 89251
18 62 98485 95317
18 62 32882 58938
18 62 24408 58647
18 62 22708 53019
18 62 9956 6782
18 62 32922 83214
18 62 81807 86740
18 62 12597 46059
62 69 90683 90424
62 69 83950 62372
62 69 86078 75772
62 69 68002 60167
62 69 9072 4779
62 69 50854 42916
62 69 27634 13916
62 69 99554 99986
62 69 85203 73770
62 69 37096 39683
62 69 291 4078
69 2 72053 36420
69 2 88169 66904
69 2 75821 42720
69 2 67180 34634
69 2 90419 92007
69 2 41404 18831
69 2 85165 49547
69 2 29757 15817
69 2 221 5231
2 97 95589 87080
2 97 51054 27871
2 97 87067 73676
2 97 16565 12969
2 97 86310 64981
2 97 51082 46322
2 97 25957 18383
2 97 85831 63977
2 97 14135 5043
2 97 94954 76792
2 97 92301 76144
2 97 57157 48218
2 97 97131 97633
97 17 18563 23478
97 17 9570 13343
97 17 78833 87507
97 17 32977 62334
97 17 9200 12590
97 17 30607 61376
97 17 9829 15044
97 17 78017 81513
97 17 63462 78642
97 17 3227 2186
17 15 64407 80788
17 15 59973 79100
17 15 34401 59987
17 15 3796 1637
17 15 78703 83800
17 15 27549 30707
17 15 54725 74886
17 15 23247 11566
17 15 26670 24792
17 15 36212 67921
17 15 52637 73477
17 15 29318 32952
17 15 23599 23636
17 15 36519 71031
15 67 34347 7803
15 67 86612 53318
15 67 77156 18771
15 67 96522 91652
15 67 89079 87096
15 67 66273 8261
15 67 49 2077
67 19 56486 72876
67 19 35876 42167
67 19 13608 6116
67 19 78832 99500
67 19 19505 39040
67 19 68655 96454
67 19 15525 30300
67 19 63277 95680
67 19 49286 51279
67 19 28999 40121
67 19 51744 63224
67 19 64919 95820
67 19 57338 76696
19 28 18454 24623
19 28 67904 77367
19 28 18701 28633
19 28 40105 36936
19 28 3258 21231
19 28 44049 54047
19 28 85311 81285
19 28 87999 95207
19 28 32556 29457
19 28 51837 59256
19 28 55306 65017
19 28 78436 79272
19 28 37883 30301
19 28 92524 95835
19 28 87194 92304
19 28 86775 85195
19 28 70572 79164
28 50 79155 73711
28 50 48252 39809
28 50 6386 9760
28 50 4242 2545
28 50 66678 58574
28 50 45356 18945
28 50 11939 11414
28 50 50342 43217
28 50 85696 74603
28 50 44126 17529
28 50 94010 96036
28 50 72097 69036
50 86 2549 7399
50 86 21038 36768
50 86 17655 22172
50 86 24702 41348
50 86 51161 50586
50 86 58368 52042
50 86 19436 30221
50 86 13604 18828
50 86 87883 88126
50 86 66653 81295
86 31 30831 58431
86 31 33658 83727
86 31 1644 3014
86 31 8535 4260
86 31 89568 97830
86 31 2325 3897
86 31 20460 5458
86 31 31215 62638
86 31 26002 47764
86 31 25625 46714
86 31 77246 86619
86 31 23910 24207
86 31 29849 53835
86 31 72606 85136
86 31 25033 28671
86 31 22849 16788
31 89 93854 94900
31 89 93203 74674
31 89 53754 51196
31 89 31895 28413
31 89 89856 68108
31 89 27466 18743
31 89 12386 4007
31 89 45502 41194
31 89 35699 40083
31 89 65770 62134
31 89 55054 56947
31 89 23262 4814
89 94 4059 29844
89 94 96617 73316
89 94 42413 46115
89 94 84430 65024
89 94 116 1838
89 94 59500 52880
89 94 70784 54089
94 93 54349 22331
94 93 62683 79390
94 93 72414 83521
94 93 11071 9496
94 93 59522 33743
94 93 60368 40191
94 93 15460 11935
94 93 90246 99177
94 93 7160 8325
94 93 35686 20755
94 93 54656 25462
94 93 84673 92352
94 93 62416 43900
94 93 67374 81119
93 29 16004 27066
93 29 21418 45194
93 29 44379 63033
93 29 12285 9912
93 29 33914 61494
93 29 45331 63091
93 29 26864 52170
93 29 55317 76229
93 29 16567 30226
93 29 47706 75718
93 29 62236 80090
93 29 65190 99950
93 29 64113 80709
29 84 89503 88910
29 84 52375 78592
29 84 12758 25540
29 84 92533 96500
29 84 45324 57384
29 84 30104 48910
29 84 14964 36509
29 84 66940 81590
29 84 9242 24827
29 84 7102 23760
29 84 42699 49582
29 84 4924 2074
29 84 13647 34781
84 24 16118 11424
84 24 27458 13184
84 24 43259 44067
84 24 74907 87048
84 24 3026 1590
84 24 83937 93814
84 24 82001 87798
84 24 44421 46927
84 24 74500 86678
84 24 51956 48100
84 24 46945 47897
84 24 89538 98545
24 4 97741 85585
24 4 26426 31471
24 4 400 28404
24 4 89088 78638
24 4 25115 29402
24 4 86045 53358
24 4 61951 47051
24 4 36575 39820
4 37 2613 4662
4 37 83981 55073
4 37 55477 19214
4 37 86925 62816
4 37 2310 1479
4 37 68399 42221
4 37 21787 18633
4 37 17016 14288
4 37 88694 66888
4 37 97731 71755
4 37 19087 17855
4 37 78416 50638
37 44 8232 17769
37 44 46313 32460
37 44 64712 56524
37 44 76497 92410
37 44 8286 24588
37 44 44964 31676
37 44 93477 93925
37 44 18268 28077
37 44 66445 61637
37 44 8091 2691
37 44 21962 28364
37 44 65263 57435
37 44 52219 36914
44 25 36997 44843
44 25 25774 8182
44 25 63063 93629
44 25 38857 45799
44 25 62528 92420
44 25 48689 53537
44 25 74179 99716
44 25 32411 23458
44 25 20209 740
44 25 61830 81196
44 25 57625 70700
25 32 61540 78437
25 32 74289 95572
25 32 60557 66910
25 32 979 18192
25 32 13923 31903
25 32 33489 59225
25 32 9048 31301
25 32 74630 99197
25 32 55921 62184
25 32 19552 44847
32 99 78088 71675
32 99 48458 41552
32 99 26278 1161
32 99 52308 44884
32 99 82906 76922
32 99 41404 18201
32 99 86905 90809
32 99 68701 53952
32 99 37945 16566
32 99 97978 99269
32 99 75307 56572
32 99 35842 3187
99 56 78523 71604
99 56 94222 73852
99 56 11648 34881
99 56 11508 16795
99 56 71930 51426
99 56 32673 38565
56 79 76173 51996
56 79 52685 15340
56 79 33039 438
56 79 55606 21993
56 79 89972 90250
56 79 91449 95553
56 79 78727 64021
56 79 74125 33721
56 79 46031 12463
79 100 32061 25989
79 100 98302 79413
79 100 18998 20945
79 100 82227 65120
79 100 49368 55783
79 100 49060 48696
79 100 91293 70265
79 100 1545 9310
79 100 6205 17651
79 100 41416 36576
79 100 26042 22227
11 57 7584 66
42 9 38338 74
35 86 50490 14
4 18 55980 98
56 29 56760 51
60 5 54647 54
18 80 86245 82
88 49 77860 12
34 58 72570 86
99 40 84077 2
73 16 39505 43
95 18 98068 43
2 18 28297 5
34 55 46063 20
49 17 57902 41
14 43 81062 74
59 64 80795 87
11 38 55572 1
40 10 6959 67
59 49 47143 2
69 7 86131 38
84 36 90976 30
24 38 71763 78
78 5 77938 34
95 31 23971 33
54 62 30962 29
49 74 3349 73
100 27 31625 25
43 72 93332 63
79 87 78080 60
88 92 49701 22
51 24 70081 91
87 42 66011 11
67 72 53191 51
13 23 8796 29
79 76 68651 83
83 70 71170 16
65 66 29410 28
70 89 85460 17
42 77 94152 15
97 58 15362 98
95 34 13168 31
53 50 62830 79
96 63 60463 96
43 65 79517 11
97 51 27678 88
78 34 45649 7
44 97 52883 60
16 59 83418 24
33 89 22917 70
4 55 72926 100
47 99 68685 7
13 78 71298 41
32 48 94165 89
16 85 94165 55
6 56 59297 99
73 70 77713 50
61 66 41348 22
26 56 22788 85
59 43 84340 38
72 83 8145 32
31 57 26230 59
59 63 11948 17
8 90 36461 99
7 29 88874 15
10 65 26029 47
21 54 14258 60
57 24 37136 20
37 88 88833 50
77 46 45423 45
72 88 27198 7
17 66 40733 33
51 67 93345 98
83 98 34728 49
49 21 70516 97
26 83 56350 65
20 51 7408 83
96 97 74082 12
91 96 55661 3
8 45 16724 14
97 77 54038 4
59 90 93378 43
2 36 18952 60
55 43 22310 68
73 91 82169 51
87 35 63852 49
45 13 83871 57
41 92 5945 64
67 64 44455 6
55 88 96777 80
39 82 44756 14
32 37 63664 31
36 20 50933 6
23 42 6318 22
12 64 22615 98
27 71 59486 14
10 63 12149 65
45 10 84923 62
1 4 49432 54
29 92 71254 83
99 72 38661 84
33 2 78547 67
86 63 39232 12
22 16 40448 69
42 87 43350 99
87 20 32748 11
73 86 25291 78
91 17 75618 90
9 87 64886 87
95 9 79497 23
88 90 23010 53
99 7 22888 49
42 76 74495 81
58 23 72538 4
12 91 61850 100
59 95 47790 21
67 74 97538 83
85 92 46136 66
82 7 79982 38
79 82 56190 71
50 97 75166 57
28 67 8930 18
17 68 19588 100
58 23 69447 8
18 6 21093 51
34 53 79784 100
84 72 79250 51
65 11 28402 25
3 84 80473 36
78 68 47558 36
57 100 39896 77
34 62 73262 87
5 95 82211 97
41 62 27661 99
38 76 26527 52
6 99 18208 11
79 72 34140 39
90 57 83771 48
17 12 29229 18
96 47 15667 76
96 15 46411 92
15 73 67795 84
88 39 72383 48
60 71 90117 73
99 1 88987 14
41 28 85069 96
43 79 60084 29
64 11 24863 71
11 88 42017 9
1 54 13939 47
97 96 28307 96
23 1 59804 93
94 54 59551 81
83 54 24906 25
62 64 36632 77
79 16 60248 33
17 41 30549 84
93 48 39468 42
14 79 2268 83
42 12 54741 36
29 84 30437 60
61 19 75627 53
85 64 30912 93
37 51 19671 97
21 79 2432 24
4 49 47471 73
25 89 36340 54
27 100 97978 10
14 99 78231 9
44 65 41866 7
70 13 96922 41
28 73 42826 20
60 13 65203 43
37 93 54814 84
59 37 65608 50
93 13 46906 36
16 3 73121 47
84 64 24244 60
70 34 69979 62
7 32 19220 98
65 60 15007 7
69 99 22282 90
20 52 72469 46
87 27 82005 11
86 53 5425 39
68 52 85721 42
76 89 34452 60
53 97 26703 24
64 54 97046 90
37 75 98814 16
1 3 70694 58
16 93 40285 39
7 100 46366 50
94 59 50166 60
16 69 32630 97
61 2 61957 21
87 45 5280 46
11 85 6607 30
62 66 80937 67
77 3 60515 34
90 9 96909 19
4 30 65447 58
49 89 42234 67
94 69 68641 77
53 42 91700 24
25 96 89268 19
65 21 95889 4
94 78 95614 37
81 76 23148 50
89 10 85003 15
88 74 60265 95
25 57 7902 7
67 42 24895 58
8 20 2466 32
45 67 84391 40
40 3 4599 36
91 38 31895 87
22 77 51563 7
86 63 62262 44
78 17 58549 62
10 14 27189 41
62 95 73002 57
36 64 1871 39
17 46 33992 90
5 22 72632 37
2 4 50638 31
62 49 82274 23
16 28 31638 88
88 65 72631 31
23 96 39484 29
39 92 55696 29
88 42 20975 38
80 20 93790 10
47 29 50342 5
28 17 74543 52
12 100 47654 5
61 2 83494 14
76 16 47592 85
88 74 36170 3
71 16 27510 39
45 31 10199 49
36 51 1595 59
31 47 98034 29
89 54 22467 96
8 62 50022 99
41 68 44752 54
63 25 65162 83
83 41 68367 86
60 54 50696 83
34 96 52907 27
60 26 20428 90
61 35 74474 15
40 74 62831 56
67 92 32103 71
76 93 66679 37
73 13 8028 93
72 33 99208 46
67 19 28613 51
22 10 22198 85
72 14 27372 18
17 44 76369 50
86 71 82633 19
32 21 66106 74
97 90 36328 71
85 100 49553 32
83 59 73365 59
70 31 30316 69
60 83 13682 60
37 50 8517 11
54 47 69284 100
7 36 6600 77
3 21 52836 71
84 13 71777 93
46 75 22422 100
4 15 72797 100
39 46 8236 25
29 97 36509 71
52 63 94253 5
28 47 46471 58
25 29 87665 38
35 64 12897 58
65 37 54252 37
41 47 86560 6
89 70 64709 39
37 23 85206 56
70 79 53392 62
40 37 94617 43
4 70 54625 8
38 46 55558 32
6 95 39261 86
80 74 83016 49
22 95 65227 85
85 5 81381 4
91 29 33833 60
56 14 23264 1
19 72 35533 58
5 39 18008 4
40 24 3918 52
96 58 19508 70
31 5 37218 52
93 71 14270 6
48 66 2863 5
75 40 26279 10
49 28 81816 58
27 1 23466 2
80 12 46574 84
64 8 95590 75
90 59 27190 50
99 22 51301 40
71 96 71522 31
86 78 74277 68
14 45 22216 13
75 14 41207 92
89 98 8610 42
77 26 6901 41
18 3 43431 45
86 67 33387 35
90 10 80202 44
84 63 92050 2
50 65 5661 27
58 89 25496 57
7 73 19855 20
32 82 46817 57
61 45 5826 3
57 71 77533 38
11 21 77591 40
54 11 79512 4
8 25 20733 17
6 70 63958 94
68 15 13343 64
45 78 84623 34
24 53 84523 10
27 47 33839 82
86 22 37961 57
96 18 13015 35
46 8 20301 92
45 87 76964 55
64 83 29368 91
64 78 55123 7
63 8 79706 16
49 83 4134 79
39 90 62009 79
90 12 21747 55
24 21 31645 72
2 77 41075 65
52 87 29973 52
4 92 85812 41
18 79 26526 66
4 5 79050 42
35 25 51314 81
16 96 25441 15
87 18 45987 79
54 60 77763 41
52 93 51310 86
58 81 13890 8
14 39 48886 49
89 10 65456 23
28 47 81463 30
68 79 62006 75
73 52 67096 74
93 2 73266 25
65 55 26981 5
35 90 63306 1
46 73 25003 76
42 37 14972 56
26 48 16524 94
81 4 56019 11
42 19 12742 98
55 75 78559 24
98 42 60957 77
96 76 65041 76
47 12 47105 64
28 77 85599 25
100 63 90668 82
76 42 32762 25
34 44 79507 19
66 64 50744 72
55 6 56168 98
30 41 57042 56
6 25 23304 13
36 75 49831 85
33 23 92312 4
96 35 65499 70
77 91 79405 59
26 4 50832 75
16 3 15658 36
43 53 40868 82
29 48 2487 1
100 97 7303 27
14 10 14558 61
66 82 21338 94
72 8 48375 86
41 20 17560 76
59 23 38372 92
44 66 33184 25
76 28 92175 48
62 18 83680 31
90 1 40740 48
50 27 97017 51
21 39 99418 81
26 88 94049 54
58 95 51065 24
8 55 21415 100
61 50 22885 21
74 25 29037 66
16 65 84404 77
15 79 59539 73
34 30 84780 61
12 58 62611 25
89 7 52481 51
33 39 20583 50
33 7 69406 12
35 75 22931 25
76 48 81899 25
41 55 56264 37
10 3 93399 38
15 44 83756 99
16 36 11341 75
16 66 49151 51
95 73 29434 62
97 18 85491 14
35 78 62739 10
39 55 62185 70
85 68 66878 39
13 87 47785 23
2 29 33908 34
42 50 59827 48
54 1 61558 21
6 33 66045 26
34 70 45824 4
41 50 12217 99
59 73 73634 41
56 3 2215 62
1 83 88286 49
62 45 8841 44
32 55 72129 93
74 71 88610 37
17 22 90177 66
57 99 82459 47
61 56 58435 43
1 97 35110 89
1 36 57082 21
54 71 69362 29
25 28 4133 14
75 63 8207 77
93 19 77125 9
58 50 34786 32
40 25 72783 97
16 99 84476 8
75 91 32155 74
61 53 50680 81
65 78 40536 16
36 54 21131 87
98 51 68667 44
26 24 65283 19
49 10 20812 33
27 9 88797 79
88 25 93233 68
29 61 27615 60
31 88 38636 38
49 40 80415 44
1 97 76363 13
27 56 16316 97
51 97 3448 88
82 50 6099 31
6 57 3903 9
46 36 95080 77
6 90 84949 95
19 51 34341 4
14 50 21387 43
82 63 44704 77
92 61 15251 2
47 45 28219 91
23 37 24600 67
48 96 69297 96
82 85 63442 52
35 40 27782 12
2 28 21263 38
57 59 97149 86
80 39 76769 44
38 10 79526 90
31 79 12645 14
62 39 70351 96
65 50 16273 89
89 46 33829 46
11 53 92995 47
16 87 75212 60
93 65 9599 37
24 55 32617 39
7 8 47676 37
57 5 34762 7
99 92 78771 68
50 36 1139 52
86 42 16089 100
74 28 48347 27
12 24 49101 38
90 50 84924 15
66 68 34842 53
95 17 13183 58
43 74 1953 62
12 59 54723 95
79 37 59643 13
12 43 54092 87
36 21 68710 61
68 60 55544 7
77 39 74389 98
90 38 53592 96
87 31 37497 46
77 65 64761 57
100 27 6475 61
67 30 94791 31
52 55 36089 80
100 30 40948 19
99 89 4951 6
43 81 33664 44
98 1 84330 16
75 65 37345 90
28 79 32027 42
7 36 4412 41
16 90 48684 58
8 100 74012 91
40 1 24300 32
40 3 3172 88
10 85 41081 66
78 87 34326 79
21 88 67886 84
43 54 64812 23
44 20 19443 86
30 90 6300 60
29 68 83870 15
17 70 65136 75
82 27 9743 10
5 60 24599 66
33 61 51212 70
43 8 90700 100
72 59 29877 99
6 60 69672 70
93 46 71147 5
92 98 98254 83
66 30 62182 3
66 86 73257 87
5 45 75672 7
68 54 40356 64
92 86 17883 50
64 34 90829 39
95 58 59368 56
7 20 2321 27
28 59 88649 8
75 98 46064 92
27 63 20473 70
67 26 37327 88
37 97 98597 20
6 76 28914 41
23 26 62376 50
65 3 94982 70
11 48 30786 52
11 53 16229 48
52 76 28593 70
18 56 2176 22
54 16 47763 10
98 42 3920 63
80 74 84390 90
56 59 9706 47
7 93 30552 5
1 100 44690 24
36 37 12299 69
41 76 20740 85
40 1 3387 3
79 61 81529 77
22 100 7464 78
64 43 12440 13
36 38 35091 34
92 98 87982 75
3 48 28630 95
43 94 35727 29
84 49 8613 54
12 80 22787 92
34 44 17420 20
7 66 22655 92
74 85 73045 68
53 22 33861 50
29 80 74263 89
93 77 89758 48
13 33 56243 67
18 32 38219 61
57 3 24927 21
41 56 45910 3
21 60 62219 28
73 10 12918 1
7 76 45112 61
37 55 15414 25
58 60 85362 76
1 17 76153 71
55 8 83494 77
82 32 55287 22
79 97 46036 61
6 9 19869 18
47 4 65654 12
64 40 74292 65
58 41 24068 86
45 44 39561 5
38 72 32669 83
47 92 88646 13
87 68 24451 76
56 57 56643 32
60 12 96192 36
32 72 11031 15
89 47 33468 83
72 74 64067 26
93 17 75456 37
84 40 46781 52
27 96 56618 40
51 93 39739 89
52 66 6179 63
56 72 27604 73
10 41 70955 38
90 25 37567 86
51 26 89264 58
39 15 18901 57
86 26 90278 6
52 65 96268 60
13 24 61209 78
24 89 71732 80
74 90 83985 68
41 46 91666 73
14 9 38824 60
96 81 76233 19
68 10 33103 18
55 70 62920 81
91 16 24321 23
86 3 92027 80
86 13 59905 59
54 17 63637 61
89 1 89524 40
43 80 89806 98
83 94 58511 50
26 33 83914 62
98 78 94857 8
51 33 50830 54
81 29 57886 93
98 2 35600 59
89 5 36968 30
32 2 96169 12
1 67 86909 66
92 24 14081 1
47 60 54178 9
31 79 12883 81
67 21 53412 7
44 89 88845 94
44 57 65275 58
36 79 11558 44
58 50 28167 30
72 75 86236 59
90 70 70086 13
47 44 8937 35
28 96 70440 31
7 19 34368 9
29 11 62085 17
66 15 21464 12
42 7 16902 61
100 52 2869 19
78 61 65552 60
38 100 75332 39
19 10 71557 82
86 82 19125 57
90 18 27588 63
72 94 8913 6
23 52 12609 35
69 62 84199 49
71 6 19013 81
95 54 70623 50
85 54 56102 62
83 52 31251 77
22 93 23450 78
100 99 69519 13
100 71 24144 35
65 71 42559 67
74 51 8075 46
1 63 17894 14
40 5 72252 1
79 3 79149 14
82 26 87453 13
58 50 33279 41
21 65 84850 95
90 86 56429 53
56 50 43648 17
55 73 8765 53
88 55 63120 30
93 2 20123 71
28 82 52155 5
4 34 89889 31
40 38 41553 4
72 32 90453 37
34 98 15291 82
6 50 28359 91
30 13 28382 25
97 99 2108 36
3 78 2128 100
67 43 80679 68
23 36 59597 46
65 54 43446 36
15 70 5398 100
95 43 44359 27
71 19 24671 45
36 63 20156 45
29 28 16292 12
59 26 50890 94
2 46 86205 21
73 78 27577 75
87 14 31421 50
66 37 61561 26
8 49 28284 72
4 54 10162 52
79 96 16346 8
59 62 37010 23
29 13 51300 1
40 37 53030 37
77 70 79053 82
29 94 19641 4
5 74 91972 99
98 3 77501 42
39 55 38652 4
94 42 48962 86
93 81 87218 21
14 81 29144 31
47 28 94926 92
27 2 1717 50
31 51 92068 16
30 26 75340 59
98 66 38342 86
56 7 6434 16
72 3 17172 11
23 32 11145 77
63 5 88190 88
70 40 21216 96
23 44 60682 19
21 19 98814 40
71 77 21841 53
94 73 42274 18
11 94 14087 61
82 36 32167 8
26 17 54794 60
82 39 79245 17
4 34 45349 77
4 91 1664 78
43 33 73564 44
35 16 10360 57
30 79 10915 74
99 49 81607 61
1 14 4700 28
16 40 12925 14
62 79 48111 91
78 38 77392 75
57 44 50237 44
57 2 16901 51
73 49 47971 21
57 55 77611 30
59 92 82798 25
77 41 10823 9
49 73 98411 39
55 98 38142 84
64 82 98016 69
65 42 32555 11
76 56 45975 94
99 31 53997 89
69 45 87208 26
69 80 3448 37
71 69 41061 34
49 67 75480 17
66 40 5202 77
57 54 22769 47
100 50 39903 63
45 90 43135 75
19 12 52079 3
64 54 43231 38
9 81 31473 91
88 95 33229 41
27 35 22422 60
46 16 12509 87
9 97 13269 27
7 69 25921 55
87 61 73545 71
50 46 36944 34
48 11 8127 31
74 88 86096 87
81 88 92066 11
65 80 20583 9
1 38 25575 27
19 38 60079 98
52 4 54802 80
23 85 74451 10
26 50 11640 65
90 3 69851 86
57 70 35942 17
10 8 96288 12
66 100 77094 57
75 78 68841 18
56 99 61398 78
2 85 14592 1
38 75 93611 59
29 73 9959 41
25 86 3161 9
14 76 73485 88
49 54 43887 45
93 63 41685 49
28 53 14336 49
17 30 3790 17
97 89 12614 6
58 40 22431 40
3 67 40845 8
51 38 70535 5
2 1 99353 58
36 33 43186 96
23 81 21627 71
23 13 7282 90
29 65 76365 20
29 65 42000 69
64 28 1913 25
69 49 94141 54
50 7 2000 98
8 19 18068 83
37 100 27899 83
16 98 5674 16
92 94 32834 30
64 94 34416 79
74 51 76284 55
99 69 7491 71
66 73 9570 27
49 40 35546 94
55 20 60290 1
15 74 8719 90
28 70 91955 2
77 8 24828 5
77 48 56040 21
95 59 30335 2
93 31 67921 62
41 12 22501 54
22 25 43697 53
82 48 65161 34
74 73 39456 94
82 30 33228 71
3 92 62868 92
1 86 83484 89
14 85 41699 71
93 9 85740 12
57 79 18075 98
7 89 12057 57
66 94 35226 14
2 98 28316 53
70 41 36998 66
43 20 12897 83
82 34 40097 30
80 74 9141 80
57 37 23057 30
57 37 71906 59
13 80 20333 51
34 69 45530 28
99 84 11478 58
83 17 32019 5
74 41 87239 7
99 10 74950 65
14 48 86583 92
55 5 11717 55
89 46 11749 22
40 17 20305 88
9 75 37417 41
22 90 67225 37
18 19 25328 82
28 40 83951 86
98 51 14957 72
49 86 99116 93
34 19 29955 32
96 58 95726 19
60 40 82479 14
76 63 21869 89
85 58 40566 87
5 38 62808 4
9 38 51066 36
91 26 65022 86
25 90 56806 87
67 16 85631 47
83 86 72725 89
50 95 59080 92
88 64 39062 23
94 7 5394 98
93 85 65259 82
83 4 83983 76
88 52 94579 8
56 42 49927 82
38 33 51716 57
74 92 62249 99
69 47 37666 23
65 42 7944 61
25 59 77505 34
12 51 46448 19
79 49 96381 14
64 50 66100 70
35 23 73239 98
20 84 47630 17
16 69 5877 53
49 17 23217 47
78 41 1707 87
54 17 78864 17
22 69 57254 5
17 73 55481 61
73 59 67170 32
88 47 12169 24
57 35 50353 72
29 44 57114 79
61 50 84581 32
83 87 3681 52
38 86 66175 30
98 14 14631 87
26 91 22207 36
66 34 46060 98
20 52 33932 35
34 10 18818 78
96 42 39051 54
18 91 30276 11
25 10 84115 92
30 61 57997 76
40 53 55510 48
89 12 99683 66
32 99 3355 62
36 100 59308 72
55 73 64563 94
55 10 30723 96
9 43 5960 6
37 87 58615 72
63 96 79252 56
73 11 93216 97
43 79 61323 38
14 91 62878 79
64 46 50914 1
17 54 45025 53
32 6 42685 90
100 67 73820 93
99 29 93934 8
82 92 21583 79
26 82 66336 44
44 45 26220 85
13 16 81346 20
47 9 51494 46
3 79 26301 61
94 91 42653 5
96 60 33018 41
83 56 33379 47
13 15 77902 13
38 27 98338 45
38 52 89411 98
21 73 70468 69
19 46 41834 48
63 27 60524 13
10 42 21111 57
78 4 72729 88
81 21 36166 10
44 14 90821 60
93 41 40637 93
34 9 75335 3
62 3 89232 10
8 89 35829 36
54 84 81105 76
24 54 19882 33
64 55 16403 45
33 35 11581 73
14 10 58149 80
49 17 34593 71
26 43 69034 93
50 26 86834 87
11 98 40186 43
80 85 67606 12
42 90 64253 54
45 75 33073 90
23 35 31640 57
56 95 68483 40
44 45 72928 74
69 10 55786 37
54 80 69184 42
25 68 70583 83
21 9 18753 35
4 67 37675 29
53 86 11038 88
97 60 93646 75
33 67 33629 6
93 56 60418 95
29 47 27868 89
45 46 50980 77
58 96 2938 57
26 96 15124 73
93 5 24630 55
82 80 3472 23
62 56 46490 40
18 47 51085 19
73 5 19569 29
75 10 18970 95
50 26 7393 35
21 37 71224 38
51 95 81486 63
8 16 98483 41
58 59 20118 26
