100 299 1000
1 54 48373 36628
1 54 96272 92933
54 29 30636 16610
54 29 37852 73963
29 68 7799 27177
68 77 46217 78572
68 77 1232 14397
77 75 38423 5575
77 75 83887 81601
77 75 48867 59333
75 18 75424 45827
18 95 45987 61679
18 95 38886 7146
18 95 50352 85996
95 62 99115 42182
95 62 87113 34347
62 99 75996 95971
62 99 40353 32504
99 31 8183 33396
99 31 59901 47987
31 65 77077 25418
31 65 69900 17161
31 65 81845 45125
65 92 8941 36931
65 92 82032 87075
92 26 35597 14440
92 26 67098 26654
92 26 88315 39816
92 26 76260 38425
26 43 61458 84859
43 63 62512 18277
43 63 71009 85405
63 39 42560 83265
39 78 81867 73155
39 78 79323 6166
78 76 45948 92310
78 76 35130 21979
76 2 98459 35432
2 70 71062 4678
2 70 84711 5288
70 3 32323 28850
70 3 14500 26328
3 48 51932 40760
48 51 96435 85677
51 94 91108 89305
51 94 13956 26627
94 79 89635 80557
94 79 78883 9554
79 44 85625 75344
79 44 47593 49960
79 44 90050 77793
79 44 38595 32115
44 9 85852 26393
44 9 24359 21666
9 49 40197 64089
9 49 98455 80544
9 49 1594 48707
9 49 32668 56184
49 42 61227 92806
42 53 99300 24056
42 53 38673 5004
53 71 5224 87401
71 13 3904 32728
71 13 18417 42680
71 13 93409 66658
13 38 14946 26217
38 25 99070 67232
25 86 89569 75161
25 86 75054 62270
25 86 709 11262
25 86 67373 58845
25 86 54951 47326
86 64 50611 98634
86 64 30960 48244
64 35 36444 731
64 35 83020 88552
64 35 66976 8982
35 56 72367 56853
35 56 85775 68120
56 19 17531 6427
56 19 25875 21073
19 84 86812 26509
84 36 93281 25534
36 82 7928 3884
36 82 70105 69003
82 90 29781 5221
82 90 52683 76619
90 58 61226 68878
58 23 68180 17476
23 87 75377 34287
23 87 17623 12551
87 50 90061 66365
87 50 44229 33495
87 50 1600 27539
87 50 68972 53776
50 21 47440 71140
50 21 64097 78435
50 21 73890 79472
50 21 24284 57917
21 22 60283 70948
21 22 74620 94006
22 7 81752 42963
22 7 82939 72685
22 7 53730 5264
22 7 62510 37879
22 7 68583 39634
7 4 41028 18256
4 20 69764 13636
4 20 97220 87940
4 20 88368 57821
20 8 24441 15291
8 55 43772 14882
55 60 94624 32106
60 14 82839 32055
60 14 76898 30470
60 14 84799 56256
14 80 45590 42653
80 34 75063 50723
80 34 1867 4030
80 34 99937 56508
34 37 27116 575
34 37 63489 91550
34 37 54105 64867
37 98 47111 45445
37 98 36617 26123
37 98 4272 9484
98 11 99286 58222
98 11 15427 51051
11 41 11044 21833
11 41 80442 24606
41 61 38387 13666
61 10 8004 8240
61 10 74658 20256
10 81 86831 33929
81 52 26511 23461
52 83 10679 78397
52 83 30728 85079
83 88 44414 44484
83 88 86356 94855
88 27 86042 4356
27 74 4235 55405
74 47 32456 12348
74 47 86852 40579
47 73 79666 554
73 28 38129 48089
28 5 56508 27202
28 5 42178 5857
28 5 73579 43283
5 72 65028 30889
5 72 36352 8922
5 72 91837 94940
72 59 18751 59308
59 40 9316 69035
40 24 70540 58594
24 96 39334 29707
96 89 39423 21322
96 89 49159 26559
89 57 84171 53902
89 57 90985 69088
89 57 7838 35047
57 16 43507 90802
16 33 95178 18756
16 33 92831 13714
16 33 97786 42864
33 85 70115 39289
85 45 71136 78824
85 45 18700 10730
85 45 49785 57538
85 45 46536 39615
45 66 60942 38862
45 66 48716 16642
66 69 13400 22035
66 69 63861 63818
69 91 54689 46998
91 6 42460 29160
91 6 66235 85639
6 46 52966 4745
6 46 62917 46523
46 97 74506 57178
46 97 9924 21651
46 97 20650 51461
97 67 58373 13420
97 67 68887 90810
67 30 61842 39726
67 30 9864 17409
30 93 92820 84968
30 93 38448 59572
30 93 74106 71256
93 32 69948 55222
93 32 81298 96735
32 12 44737 92845
12 15 28209 46787
15 17 32507 42103
15 17 77854 49210
15 17 1914 2801
17 100 9249 21939
17 100 62782 59541
17 100 90819 92906
17 100 51969 47035
20 41 21583 81
46 72 13198 21
65 21 50441 96
90 7 13793 21
47 31 35808 96
63 44 56622 97
46 76 51882 86
68 67 96119 78
79 62 44089 97
74 68 25587 56
38 13 28140 17
47 50 44949 39
29 28 6635 30
75 37 17771 54
75 26 2022 24
11 33 35366 48
26 78 48616 32
70 50 68893 13
99 67 66285 8
39 90 57737 34
17 89 88469 25
49 87 67860 22
18 58 55782 1
38 58 49898 42
64 57 30380 73
8 25 27156 33
70 69 78415 47
76 42 99351 81
19 20 9220 41
6 30 22087 34
27 66 12187 48
30 32 87256 37
80 73 37817 74
86 61 45557 8
11 73 41760 75
45 60 43535 29
91 68 59118 75
16 86 59900 9
6 87 56842 52
60 82 11922 50
61 95 45184 73
4 8 75644 66
68 88 43523 93
81 62 23560 52
4 100 85808 79
49 26 21995 2
59 32 10339 16
53 83 29350 22
50 82 48401 44
30 32 26287 14
32 33 61983 47
27 58 96568 64
49 25 85851 56
60 99 1343 18
9 98 24002 97
41 66 38661 91
54 22 4282 23
67 33 58296 86
63 22 56614 74
3 43 58849 57
24 54 29493 72
70 5 5295 36
84 91 93582 9
57 92 90338 47
40 90 32722 83
52 32 48118 64
29 77 79343 99
19 100 10614 44
24 70 86460 42
58 15 38069 6
6 69 61586 36
13 26 75681 29
8 4 4927 95
16 97 44944 88
43 57 62233 84
27 11 41343 61
42 16 59328 98
61 18 37028 95
88 27 63706 9
64 16 84430 22
3 53 80670 49
75 40 26828 51
26 2 22574 50
54 34 57491 67
54 67 3550 13
79 25 98750 67
30 83 62948 71
58 11 24225 93
42 9 51200 92
83 69 88968 3
5 6 7474 58
87 20 39803 97
92 69 83965 67
90 96 47129 13
44 5 32656 2
74 64 45199 68
54 30 93832 100
4 97 27293 31
30 63 72572 8
15 49 22387 6
