100 2099 1000
1 11 55480 70704
1 11 71006 71331
1 11 10860 6198
1 11 81444 84854
1 11 72988 81069
1 11 23915 18346
1 11 39468 29449
1 11 40889 57145
1 11 78034 81378
1 11 37839 19846
1 11 53961 57757
1 11 40635 34376
1 11 19862 12088
11 59 82875 92936
11 59 41897 29364
11 59 18057 25749
11 59 95725 97589
11 59 19958 25986
11 59 68678 68865
11 59 44984 36967
11 59 55093 66775
11 59 1616 12665
11 59 17041 18152
11 59 74602 90706
11 59 26047 27826
59 7 21083 2580
59 7 17306 541
59 7 90980 86795
59 7 28040 19961
59 7 71064 29430
59 7 72050 32862
59 7 49442 23289
59 7 43125 21560
59 7 91630 88210
59 7 86063 76772
7 16 44042 49054
7 16 3325 20342
7 16 81319 89069
7 16 52108 74406
7 16 25892 46030
7 16 47630 56064
7 16 23544 33686
7 16 10681 23299
7 16 85446 90645
7 16 9306 22439
16 92 88428 52291
16 92 89614 57038
16 92 81422 52051
16 92 22786 34432
16 92 50557 51675
92 95 46659 92626
92 95 11895 48358
92 95 65473 95227
92 95 35672 66382
92 95 36101 87731
92 95 20685 65792
92 95 64831 95024
92 95 6770 30912
92 95 13233 61377
92 95 2862 18020
95 97 88468 94161
95 97 5761 21458
95 97 78456 94146
95 97 40822 36628
95 97 9419 22517
95 97 694 19257
95 97 88490 99017
95 97 21525 31043
95 97 20130 22796
97 6 5984 5626
97 6 21595 42520
97 6 25613 57674
97 6 95523 88681
97 6 6170 15838
97 6 87131 66739
97 6 78338 65432
97 6 11806 31923
97 6 90388 80889
97 6 74203 64532
6 89 27679 31071
6 89 24981 31067
6 89 19195 11005
6 89 87536 92233
6 89 72203 76567
6 89 30663 38070
6 89 62813 57067
6 89 36465 41441
6 89 60537 53158
6 89 46972 50837
89 80 89404 89480
89 80 92485 96196
89 80 98186 97003
89 80 79777 83060
89 80 27016 61427
89 80 8528 31419
89 80 65388 80647
89 80 60568 75508
89 80 23849 51799
89 80 190 9778
89 80 20131 49455
89 80 33092 65422
80 42 60073 63927
80 42 74861 98195
80 42 8596 4368
80 42 17640 10209
80 42 39362 25666
80 42 11641 8604
80 42 49776 28370
80 42 74580 65944
80 42 69463 65286
80 42 9070 5710
80 42 92946 98785
80 42 33724 14051
80 42 36623 25526
80 42 54850 32820
42 31 10504 8394
42 31 56720 56561
42 31 53703 52271
42 31 64407 72995
42 31 75886 77390
42 31 48597 31807
42 31 91704 83318
42 31 72340 75840
42 31 95540 85082
42 31 57539 59243
42 31 48831 47163
31 36 14269 8529
31 36 47693 36580
31 36 98473 89824
31 36 21678 10623
31 36 72001 82769
31 36 32248 30115
31 36 54728 52422
31 36 69923 68535
31 36 52477 51208
31 36 59087 53832
31 36 67565 54802
36 67 61346 44271
36 67 65140 57735
36 67 84586 83591
36 67 55172 40317
36 67 63763 45538
36 67 75279 78725
36 67 17644 11039
36 67 32855 17279
36 67 31088 16963
36 67 81305 81858
36 67 4224 8732
67 18 42831 39211
67 18 22857 23446
67 18 21337 19384
67 18 52894 43496
67 18 84557 99417
67 18 32061 37409
67 18 66040 84496
67 18 16955 5829
67 18 31991 36953
67 18 55127 56682
67 18 75547 86098
18 82 91086 93352
18 82 55283 62650
18 82 6208 12436
18 82 21734 39887
18 82 88202 83333
18 82 91187 94635
18 82 20955 36181
18 82 66906 78159
18 82 64286 64959
18 82 23400 51981
18 82 66112 73156
18 82 94633 98034
18 82 3842 8502
18 82 18420 33118
18 82 65109 68722
82 46 89317 64834
82 46 74537 40642
82 46 68791 38850
82 46 8243 2889
82 46 40321 36231
82 46 96142 99423
82 46 36428 35680
82 46 10651 24824
82 46 28207 29787
82 46 4154 1415
82 46 89850 83959
82 46 87834 59840
82 46 22293 26014
82 46 79853 58578
82 46 28505 31370
82 46 64529 38368
82 46 8174 1486
46 49 94569 93087
46 49 23513 43723
46 49 16753 43092
46 49 17772 43541
46 49 41703 55648
46 49 58112 69947
46 49 16041 18440
46 49 91476 92968
46 49 9061 2493
46 49 51127 59255
46 49 53679 60378
46 49 56870 68007
46 49 77053 88477
46 49 43196 57553
46 49 24842 49988
46 49 75961 72204
49 9 35810 49092
49 9 6667 36810
49 9 6538 31560
49 9 71611 70334
49 9 49891 57450
49 9 99386 77076
49 9 70904 67514
49 9 68603 61035
49 9 95787 71770
49 9 20465 37912
49 9 99438 82131
49 9 38323 56500
49 9 28230 46835
9 10 35757 5299
9 10 56458 17787
9 10 80067 25879
9 10 32738 2713
9 10 95072 36171
10 43 81965 69154
10 43 7493 1470
10 43 90404 98587
10 43 64973 42465
10 43 20145 22015
10 43 63382 30547
10 43 30617 27308
43 41 31406 58158
43 41 5435 8191
43 41 61684 73627
43 41 82441 90447
43 41 64795 82646
43 41 30347 31075
43 41 8715 26057
43 41 40159 61203
43 41 58077 69973
43 41 93406 91225
41 68 57040 47030
41 68 52956 41893
41 68 61718 48039
41 68 66554 77455
41 68 88610 92702
41 68 14930 12399
41 68 32206 30454
68 85 74176 55788
68 85 74851 70906
68 85 92537 89242
68 85 15897 35372
68 85 4129 28168
68 85 42682 47262
68 85 99158 94480
68 85 86954 74806
68 85 71016 49805
85 83 45774 48562
85 83 77026 86912
85 83 35949 43180
85 83 33630 25485
85 83 13130 9952
85 83 11569 8258
85 83 59890 86877
85 83 49945 52212
85 83 52295 53804
85 83 33489 21175
85 83 33662 40839
85 83 39635 47561
83 35 74341 36815
83 35 94557 59670
83 35 43318 8570
83 35 99515 79853
83 35 74924 41568
83 35 9858 1075
83 35 79035 50338
83 35 9132 363
83 35 64365 36622
35 79 79931 65812
35 79 79654 24706
35 79 14402 1991
35 79 62994 24045
35 79 14850 22165
35 79 94781 67990
35 79 53593 22578
79 50 54935 59348
79 50 54213 55942
79 50 23724 20646
79 50 73631 88428
79 50 51069 50237
79 50 3475 3318
79 50 73319 81856
79 50 27109 31136
79 50 6415 9620
79 50 99759 98064
79 50 13509 18987
79 50 84376 98012
79 50 70530 72034
50 26 97672 89516
50 26 59925 41631
50 26 20739 11775
50 26 95812 84919
50 26 65489 44236
50 26 34646 26223
50 26 12329 8488
50 26 77849 67646
50 26 90371 75411
50 26 49378 29328
26 44 97609 92130
26 44 32185 14888
26 44 47483 27622
26 44 79410 69921
26 44 6304 9330
26 44 71182 60336
26 44 55066 29941
26 44 5651 8802
26 44 91369 70686
44 86 75241 42383
44 86 24950 27566
44 86 87274 71905
44 86 29670 31043
44 86 38334 35099
44 86 18803 23695
44 86 90876 73979
44 86 93895 87696
44 86 91246 84317
44 86 17639 13822
44 86 39675 39830
44 86 73752 41076
86 94 36096 29923
86 94 61158 48707
86 94 26229 19745
86 94 43787 31096
86 94 86479 74897
86 94 24645 9460
86 94 93925 93721
86 94 58877 38655
94 5 33372 21401
94 5 61769 86030
94 5 54324 66577
94 5 82238 96296
94 5 43961 56578
94 5 43590 44543
94 5 60499 80839
94 5 86074 96625
94 5 73674 86341
5 55 57306 58585
5 55 8016 3307
5 55 68535 74760
5 55 46989 30015
5 55 9823 28414
5 55 44896 28571
5 55 81694 89262
5 55 92941 93289
5 55 67721 73170
5 55 96354 99215
5 55 87072 89752
5 55 52725 32847
55 71 14202 24420
55 71 76484 66934
55 71 95361 84940
55 71 62646 41193
55 71 3238 11633
55 71 41195 33089
55 71 6591 12247
55 71 24811 30143
55 71 18145 28623
55 71 89368 67091
55 71 7308 16413
55 71 98949 99057
71 69 8705 15295
71 69 5780 5806
71 69 3609 1490
71 69 54960 53662
71 69 82563 75928
71 69 81649 75766
71 69 42072 34207
71 69 42445 35518
71 69 72415 62871
69 4 58268 36834
69 4 22149 21042
69 4 35068 25462
69 4 30715 22791
69 4 19339 16744
69 4 61043 48894
69 4 93380 79478
69 4 37155 33675
69 4 49735 36478
69 4 63728 59725
69 4 60155 41819
69 4 82896 61476
69 4 16919 234
4 24 11008 31754
4 24 30684 35226
4 24 34925 41932
4 24 63956 95011
4 24 8799 9001
4 24 42967 63850
4 24 22173 33864
4 24 46728 78335
4 24 50306 86898
4 24 36904 50324
4 24 60067 93081
24 66 10385 30266
24 66 79879 71795
24 66 939 13357
24 66 11100 58088
24 66 22721 58465
24 66 4516 26925
24 66 83890 94753
24 66 61125 63214
66 2 63773 47866
66 2 10873 20091
66 2 88387 81325
66 2 52325 35635
66 2 47162 34160
66 2 31639 25748
66 2 76888 49834
66 2 10788 15685
66 2 8640 9668
66 2 21873 23538
66 2 87579 63622
66 2 89100 92008
66 2 46202 32199
66 2 80749 52353
2 63 39427 60914
2 63 13920 36021
2 63 33278 54190
2 63 6953 17565
2 63 18951 49239
2 63 97475 92177
2 63 2839 13786
2 63 59248 83253
2 63 94526 90709
2 63 7508 29690
63 51 35810 51301
63 51 17765 46130
63 51 84192 80693
63 51 93841 90329
63 51 58781 73701
63 51 70530 80387
63 51 1771 24699
63 51 58540 63276
63 51 58509 62803
63 51 54507 52840
63 51 9833 28044
63 51 27927 47920
51 40 28330 36250
51 40 49431 43662
51 40 80684 95672
51 40 55434 63372
51 40 18538 5840
51 40 29483 36297
40 76 42800 27168
40 76 48257 30009
40 76 8198 5588
40 76 99883 94949
40 76 4334 874
40 76 98228 78037
40 76 4500 3734
40 76 79037 67519
40 76 31702 16243
40 76 84083 68745
40 76 51476 51557
40 76 51150 38094
40 76 30881 5821
76 57 38263 17776
76 57 87816 67813
76 57 44421 26408
76 57 45939 35413
76 57 89380 94422
76 57 67803 54765
76 57 88564 76931
57 13 32289 38056
57 13 13023 332
57 13 90992 96705
57 13 58792 52619
57 13 39096 38864
57 13 19506 14505
57 13 58580 49730
57 13 93623 97297
57 13 29229 35164
57 13 17327 814
57 13 71160 65763
57 13 63283 62476
13 15 46336 63126
13 15 42432 63008
13 15 40451 46822
13 15 27505 5119
13 15 35429 26707
13 15 82801 76354
13 15 54579 72759
13 15 27965 22385
13 15 38188 45636
13 15 86575 85525
15 39 28013 16216
15 39 72388 93672
15 39 30482 28673
15 39 37741 31834
15 39 60844 61750
15 39 41557 38390
15 39 22244 15549
15 39 2572 10056
15 39 55200 59512
15 39 57014 61655
15 39 79788 94697
15 39 64550 68584
39 38 16061 52874
39 38 66492 95315
39 38 46325 88910
39 38 79435 99581
39 38 13084 52313
39 38 57876 92311
39 38 5170 12067
39 38 9230 48252
39 38 66300 94939
38 19 73326 48711
38 19 80299 76889
38 19 20738 8936
38 19 80021 58714
38 19 69752 39870
38 19 1052 4012
38 19 48441 11605
38 19 61211 13710
38 19 91077 96967
19 47 20304 18752
19 47 22094 21621
19 47 75577 82680
19 47 29090 55274
19 47 5201 3089
19 47 8393 18060
19 47 60956 65804
19 47 85283 88518
19 47 26104 42807
19 47 22318 22684
19 47 66604 80197
47 25 57685 18606
47 25 85627 75134
47 25 73591 70773
47 25 9250 635
47 25 65319 41542
47 25 64664 31781
47 25 97868 98539
47 25 91557 82839
47 25 93518 88084
47 25 43355 14278
47 25 44779 14506
47 25 67599 54736
47 25 48015 17964
25 93 87302 66134
25 93 15785 5081
25 93 17028 11218
25 93 23676 20013
25 93 45804 27176
25 93 92529 78242
25 93 78261 43502
25 93 90162 66520
25 93 97585 90092
25 93 62609 29055
25 93 40363 27010
25 93 7660 3013
93 45 72647 53379
93 45 5629 5785
93 45 96801 97147
93 45 25024 31735
93 45 22926 18496
93 45 2243 1022
93 45 89889 89852
93 45 98947 98415
93 45 19773 13843
93 45 58014 38448
93 45 16603 7410
93 45 74460 58845
93 45 75189 76936
93 45 57519 33918
93 45 10331 6277
45 17 59768 33306
45 17 79168 42183
45 17 50114 4786
45 17 92128 70409
45 17 59201 27063
17 60 51061 56413
17 60 27805 39054
17 60 46436 52254
17 60 22730 22159
17 60 9624 16673
17 60 5005 3015
17 60 31743 40628
17 60 10926 19437
17 60 78018 79228
17 60 93781 90114
17 60 59191 61720
17 60 63369 73477
17 60 61053 64790
17 60 86722 87103
17 60 6967 13983
17 60 47694 55659
60 34 67390 67224
60 34 47658 61062
60 34 78520 92110
60 34 49894 62240
60 34 29017 28378
60 34 30803 41814
60 34 83067 96383
60 34 34292 57332
60 34 18922 10261
34 70 79483 51961
34 70 39026 40494
34 70 99506 83222
34 70 32938 12283
34 70 90530 66841
34 70 6418 6842
34 70 64091 46164
70 81 65332 67180
70 81 9014 30468
70 81 6456 25321
70 81 31029 45214
70 81 46556 62755
70 81 47915 65331
70 81 78860 79751
70 81 19205 36476
70 81 92319 93287
70 81 34261 59124
70 81 42171 62441
70 81 61566 66052
70 81 16857 34935
70 81 79878 80571
70 81 29261 41301
70 81 73889 79301
81 52 36526 1744
81 52 86234 85691
81 52 77440 69034
81 52 51737 47958
81 52 91030 88844
81 52 96368 90013
81 52 48576 40451
81 52 37765 11698
81 52 50840 44553
81 52 69205 50024
81 52 40695 24643
52 90 47963 36345
52 90 49494 51767
52 90 59856 75628
52 90 54787 56840
52 90 65051 85401
52 90 90455 92407
52 90 55143 71742
52 90 96257 98689
52 90 41455 34629
52 90 43403 35047
52 90 30492 1050
52 90 80356 89126
52 90 32681 5669
90 54 60415 59277
90 54 37469 33249
90 54 65876 71811
90 54 61367 70046
90 54 80819 87465
90 54 34458 26630
90 54 82591 94205
90 54 47350 37329
90 54 71918 78889
90 54 30324 20164
90 54 22288 6275
90 54 76437 78984
90 54 13858 4789
54 12 37024 31531
54 12 43455 46814
54 12 92552 97355
54 12 37341 39192
54 12 64001 48552
54 12 7272 15142
54 12 65002 82313
54 12 2130 2844
54 12 10071 25632
54 12 1792 211
54 12 98350 99790
54 12 79042 94870
12 88 77993 65249
12 88 33541 18859
12 88 38771 36530
12 88 13605 7193
12 88 49044 49974
12 88 8677 5674
88 37 22287 40674
88 37 50091 84840
88 37 48462 77036
88 37 10102 15376
88 37 6983 7791
88 37 31515 63136
88 37 83657 97919
88 37 45863 71635
88 37 25293 54282
88 37 39689 64146
88 37 55920 94602
88 37 74332 96136
88 37 9814 11495
88 37 55085 88538
88 37 20529 36555
88 37 40615 71419
88 37 52148 85858
88 37 22769 47262
88 37 98326 98910
88 37 28853 54300
37 21 88650 85873
37 21 77338 85155
37 21 8942 2447
37 21 16252 10402
37 21 89430 90057
37 21 36521 37251
37 21 90085 94516
37 21 53338 70949
37 21 39290 48070
37 21 70858 75094
37 21 32610 23704
37 21 39414 50285
37 21 70321 74800
37 21 13750 6219
37 21 76266 76449
37 21 15666 9732
21 27 18625 61594
21 27 10194 31755
21 27 35748 63757
21 27 46222 75082
21 27 98048 98101
21 27 9544 22647
21 27 30597 62980
21 27 92886 96709
21 27 83104 90342
21 27 10942 59044
21 27 38559 71490
27 84 8841 5532
27 84 83476 71677
27 84 62513 54097
27 84 19363 14938
27 84 86721 75900
27 84 88955 92455
27 84 40274 30700
27 84 89529 97981
27 84 38444 30252
27 84 2744 432
27 84 25839 21889
27 84 54589 34591
27 84 71495 56887
27 84 77506 60270
27 84 25484 20103
84 14 10363 4961
84 14 70264 28852
84 14 80776 75742
84 14 71693 44804
84 14 60321 24584
84 14 22277 8502
84 14 22448 18204
84 14 73823 66349
84 14 79918 67848
84 14 72828 50576
84 14 89953 79183
84 14 27014 21188
84 14 85461 78293
14 22 49027 66298
14 22 96499 98232
14 22 81191 87068
14 22 87345 93379
14 22 37494 64316
14 22 4774 18452
14 22 6237 22530
14 22 55799 76295
14 22 9205 27417
14 22 59023 79117
14 22 36572 29956
14 22 16433 29066
22 56 50062 60834
22 56 34954 50635
22 56 96294 96503
22 56 78519 89505
22 56 24715 42602
22 56 18593 12300
22 56 33074 48564
22 56 72442 71764
22 56 48542 57460
22 56 15128 9748
22 56 28711 47674
22 56 62785 66096
22 56 32880 48292
22 56 39070 52082
22 56 77804 84417
56 96 23766 21798
56 96 52201 75733
56 96 20563 16368
56 96 96448 93464
56 96 45939 67268
56 96 32318 52225
56 96 21656 16389
56 96 40383 54685
56 96 92691 90099
56 96 2465 3131
56 96 44849 60817
56 96 5790 9177
56 96 61983 89365
56 96 62599 89402
96 30 28622 25512
96 30 65529 72968
96 30 92947 96118
96 30 62187 64083
96 30 43058 30317
96 30 4025 6296
96 30 92824 90716
96 30 54314 47328
96 30 79380 82110
96 30 61840 60557
96 30 56123 56503
96 30 32842 29481
96 30 251 4636
96 30 15767 22629
96 30 47192 39126
96 30 52319 42802
96 30 90270 89401
30 29 40011 21056
30 29 82202 62599
30 29 88886 88424
30 29 13899 16353
30 29 87849 88336
30 29 70119 54553
30 29 155 6437
30 29 30317 17756
29 62 32012 47863
29 62 63175 66817
29 62 17892 14856
29 62 80796 82040
29 62 1957 6312
29 62 55517 65977
29 62 19678 33723
29 62 92809 83788
29 62 71366 81729
29 62 24751 37914
29 62 35594 56757
29 62 98596 90288
29 62 96452 84271
29 62 46456 63323
29 62 23208 35836
29 62 35086 47891
29 62 44149 61538
29 62 11814 12119
62 78 49564 8438
62 78 58979 8487
62 78 93998 79796
62 78 99393 94620
62 78 96345 87114
62 78 65516 31661
62 78 72560 46355
62 78 13377 6641
62 78 62508 20380
62 78 92422 68053
78 23 40317 52720
78 23 12958 15445
78 23 72154 66043
78 23 81505 70301
78 23 89151 86197
78 23 15030 38206
78 23 24729 38771
78 23 22433 38493
78 23 94059 95198
78 23 44037 58408
78 23 33301 50294
78 23 22733 38540
78 23 13281 30720
23 91 79712 89206
23 91 27919 38587
23 91 5302 1347
23 91 30444 40864
23 91 11177 14739
23 91 92122 92476
23 91 6851 12361
23 91 69331 68355
23 91 66971 61217
23 91 42652 53146
23 91 59028 53279
23 91 15811 27830
23 91 34735 51230
23 91 25880 34527
23 91 99092 92695
91 73 51430 58632
91 73 50076 46617
91 73 80932 82986
91 73 33387 33373
91 73 27610 26256
91 73 75390 69469
91 73 93516 98016
91 73 75554 77689
91 73 89123 95693
91 73 10688 12544
91 73 75132 61352
91 73 3638 7491
91 73 94974 98536
91 73 50318 57305
91 73 57812 59754
91 73 50120 56529
91 73 33508 44998
91 73 54155 58830
73 77 59789 41849
73 77 56488 33867
73 77 51686 12808
73 77 54309 23925
73 77 69145 98494
73 77 59504 41378
73 77 23862 12612
73 77 23391 9506
77 75 5377 5003
77 75 16865 6694
77 75 74633 42298
77 75 27462 18162
77 75 30932 24442
77 75 96625 85315
77 75 73533 41496
77 75 27055 17365
77 75 57920 38594
77 75 32268 26061
77 75 27032 10417
77 75 84654 72963
75 58 65643 40161
75 58 98874 95604
75 58 17738 3832
75 58 73143 53492
75 58 76956 54993
75 58 77135 73938
75 58 59074 24468
75 58 5237 2938
75 58 87599 81210
75 58 38624 12161
58 20 21778 27101
58 20 51254 34646
58 20 70396 96626
58 20 52747 47045
58 20 10548 12563
58 20 59676 58191
58 20 69575 94312
20 72 4498 8292
20 72 84294 35581
20 72 9328 15586
20 72 11411 21848
20 72 90498 65492
20 72 98113 83241
20 72 33975 32476
72 87 76084 56056
72 87 36105 18491
72 87 94125 74479
72 87 77859 70089
72 87 53596 18832
72 87 54077 19647
72 87 69027 45463
72 87 75434 46103
72 87 2968 7246
72 87 9827 10354
72 87 99355 84815
72 87 92547 74363
87 65 82432 89555
87 65 14476 54043
87 65 7804 4900
87 65 80220 76663
87 65 24008 61697
87 65 72735 62087
87 65 11159 36647
87 65 73199 65292
87 65 9116 23379
87 65 77548 72947
87 65 92988 95409
65 99 49994 66883
65 99 68782 77774
65 99 35799 66219
65 99 14177 26931
65 99 33353 55067
65 99 85489 95174
65 99 31395 53968
65 99 50969 74318
65 99 26609 31688
65 99 26649 40971
65 99 2646 18427
65 99 73581 80275
65 99 9958 21146
99 61 23571 5510
99 61 73215 91385
99 61 57339 23833
99 61 29166 5622
99 61 86015 99969
99 61 68180 75405
99 61 66339 59150
99 61 46786 18788
61 48 82458 93567
61 48 4738 8050
61 48 77434 77772
61 48 57352 50285
61 48 9065 25884
61 48 57488 54031
61 48 47034 35251
61 48 13924 29139
61 48 58384 69139
61 48 2074 1570
61 48 18772 29927
48 28 7235 8726
48 28 45270 38637
48 28 41638 32134
48 28 65933 63170
48 28 21747 17105
48 28 29672 21419
48 28 64155 59965
48 28 94530 94073
48 28 93203 87204
48 28 18417 10558
48 28 76264 69662
48 28 76433 75640
28 32 71478 85386
28 32 52747 71430
28 32 43393 47451
28 32 97739 86117
28 32 37249 46489
28 32 47418 57427
28 32 3469 23859
28 32 64056 82536
28 32 3667 42421
32 74 95496 95329
32 74 6514 322
32 74 24867 36742
32 74 49802 40194
32 74 73829 63876
32 74 11583 7283
32 74 77386 73543
32 74 52734 42958
32 74 16427 32790
32 74 83582 91387
32 74 87819 94698
32 74 50011 41603
74 8 19149 272
74 8 36093 16804
74 8 40461 61548
74 8 35397 11234
74 8 70611 83877
74 8 87616 93981
74 8 68147 72133
74 8 35392 6324
8 53 90509 81008
8 53 35511 25143
8 53 59772 71501
8 53 44710 60507
8 53 17744 14898
8 53 42209 55453
8 53 18878 15793
8 53 41575 48107
8 53 60989 77248
8 53 99797 93560
8 53 60133 74844
8 53 4373 9346
53 64 19648 6508
53 64 72504 30768
53 64 47997 24701
53 64 45429 20475
53 64 91697 63610
53 64 28152 9088
53 64 80302 36101
53 64 98329 83511
53 64 28224 14955
64 3 12886 16898
64 3 85509 76748
64 3 12656 15645
64 3 39345 17029
64 3 51474 38255
64 3 4433 1980
64 3 51101 26502
64 3 12540 6928
64 3 56228 59308
3 33 16491 45984
3 33 9189 38072
3 33 2124 386
3 33 61428 63118
3 33 74399 63842
3 33 77241 64589
3 33 19354 51034
3 33 2520 36278
3 33 79807 65755
3 33 94006 88827
3 33 78861 65351
3 33 16952 46950
3 33 99907 93776
3 33 38196 51656
33 98 54559 92782
33 98 46454 32260
33 98 83170 96655
33 98 9108 27876
33 98 64024 94833
33 98 53138 36648
33 98 47597 33247
33 98 54418 89267
33 98 3081 23420
98 100 60838 65358
98 100 21906 31874
98 100 91668 95189
98 100 28955 46013
98 100 28857 38324
98 100 19338 12913
85 16 70616 99
83 5 44136 59
57 32 16852 89
29 91 9980 56
47 50 96811 52
19 88 45419 11
52 97 82186 31
25 15 68806 43
62 65 42728 40
15 4 48274 66
90 80 21027 23
92 34 28861 96
61 46 59083 69
99 91 55739 80
75 23 52966 29
49 57 28420 63
32 68 39504 54
47 87 16988 72
75 99 80252 64
97 56 20236 89
45 6 34855 78
1 29 17695 88
25 34 21587 71
32 82 56628 69
53 60 42837 58
98 63 75545 19
98 43 80906 6
29 62 11238 95
19 73 97444 90
98 70 28083 22
83 89 40400 99
25 74 9263 19
87 23 14041 34
25 39 99720 57
100 72 75682 3
64 84 22529 25
1 17 90475 76
12 54 62380 39
45 26 61535 4
88 74 4189 82
96 58 17164 21
48 62 13390 47
30 82 29548 63
44 49 32273 79
4 91 88879 63
45 49 53520 39
32 17 77335 60
52 83 29681 37
66 23 69808 47
44 29 59178 11
85 32 95936 89
74 85 55848 30
19 79 61709 7
91 95 34005 40
91 31 45314 55
12 26 92896 48
57 30 56968 77
31 62 41363 40
78 19 75037 73
86 91 40373 19
2 76 12714 51
69 8 39034 51
82 66 34040 54
8 92 14793 29
60 52 17984 88
45 77 23863 19
23 56 51880 44
67 46 93561 87
47 40 64798 97
94 10 17239 35
92 35 41499 66
73 91 42536 91
96 48 20551 87
26 6 95861 97
37 82 43201 20
47 34 14139 21
71 17 75022 96
8 91 98785 8
87 95 79109 45
56 19 33926 61
57 97 34296 51
69 68 60872 99
59 8 48912 24
83 49 33200 84
59 46 85878 28
30 49 14415 54
2 100 76519 67
52 47 99586 88
96 7 41440 68
38 76 83672 7
29 78 5413 36
84 89 85649 6
66 95 81210 17
99 63 25686 38
35 92 24934 60
64 45 78668 22
28 68 88829 66
6 37 37789 73
56 48 21379 30
86 87 4896 75
23 55 59603 86
14 17 33094 41
37 42 65128 60
58 31 55121 17
73 81 27575 32
33 5 49482 76
88 2 19431 58
76 94 72001 98
88 68 67925 15
88 38 28056 46
33 12 31914 40
81 47 65885 98
70 81 32834 49
92 12 70517 77
21 43 85195 84
73 94 61471 22
62 16 37603 45
64 10 54054 39
47 31 65026 48
39 60 72914 38
76 69 54841 11
93 67 12870 19
10 2 64816 23
70 66 97211 85
79 18 23730 88
57 62 98146 86
78 64 14148 56
28 12 74748 83
99 70 6996 40
89 84 72511 41
70 29 22671 81
15 61 78829 96
37 51 96531 67
65 12 42359 66
77 16 45072 28
96 79 55625 1
69 36 26044 92
16 15 52645 55
33 73 54724 34
89 21 74439 16
68 98 87637 71
12 75 43325 62
69 49 48392 89
27 8 13159 71
70 99 72285 75
98 73 82504 47
72 54 43029 44
48 22 23164 53
54 40 59696 35
80 95 41726 47
4 77 96989 22
24 100 79431 9
74 85 19703 65
96 18 93671 41
53 96 8870 21
4 54 46509 54
26 52 55088 23
97 67 67330 19
78 30 60658 8
81 34 1936 4
15 3 41702 85
31 14 91362 59
25 45 76570 89
57 53 37549 92
57 2 43363 46
31 98 61743 2
83 32 39714 34
8 2 65001 40
66 23 80921 70
75 4 21555 48
12 89 38361 57
39 91 63817 90
42 58 75552 41
39 60 9798 76
67 77 14550 58
37 11 93891 1
43 49 84290 57
14 41 34811 52
46 77 83709 96
72 29 51334 49
39 72 22718 79
50 53 97399 34
72 70 51955 16
4 62 30180 38
88 25 67203 55
56 29 97373 29
52 28 58345 63
27 1 99308 88
65 25 26451 47
72 26 96363 56
61 16 97284 49
33 84 2226 53
89 94 8481 1
23 42 91216 36
83 89 28050 10
69 58 24914 58
14 56 29057 80
35 29 48981 61
79 97 72061 55
55 98 83760 2
98 80 25698 85
4 82 72360 49
31 74 30457 26
16 46 69162 59
51 76 35043 75
53 14 35592 77
8 71 21107 37
7 87 34595 92
1 6 19878 10
78 19 10917 6
19 91 66245 88
87 54 85164 82
42 13 59091 41
82 56 48595 43
74 90 62463 68
78 9 41830 54
61 81 98762 54
88 9 78992 92
80 70 44111 70
92 94 27387 34
36 79 87769 72
44 39 84444 79
99 34 81013 12
61 66 16347 72
17 37 99986 28
51 43 51464 57
12 81 22864 67
97 20 13510 67
29 69 89555 7
1 33 35994 17
16 56 6010 41
84 43 58176 65
97 65 5449 53
11 29 71381 23
10 66 4505 9
57 23 99460 64
98 72 24324 98
9 41 72226 61
59 15 57546 10
45 1 99565 10
95 54 7205 75
73 11 80218 41
89 12 9347 48
17 64 54816 69
96 66 77311 8
44 4 28649 49
45 48 56065 27
27 56 11793 84
2 3 48489 81
31 27 95835 89
71 57 46573 64
48 99 80354 20
64 67 26537 15
20 41 17246 47
39 92 50257 96
40 87 63153 79
95 25 3064 49
89 69 5763 35
14 30 49024 31
91 54 79433 75
63 16 20903 69
48 19 48207 29
90 59 61949 2
95 35 21219 88
12 100 45630 41
71 1 12362 92
7 85 81126 20
46 35 8181 77
75 57 25028 39
71 81 20413 56
47 77 50882 16
57 2 71357 4
2 98 89352 67
6 52 63222 57
94 93 48359 37
44 80 70736 47
68 48 37425 15
16 58 44196 85
79 92 69792 56
38 44 96812 38
8 41 25279 15
15 4 31328 19
12 21 48848 56
75 90 68284 59
53 87 52955 13
10 13 11674 87
4 28 38933 81
73 70 21072 56
97 35 4804 44
67 94 71706 33
85 39 96361 1
83 13 7285 13
87 70 95372 73
6 78 94585 60
65 31 34450 43
47 24 29956 56
53 36 70897 2
20 67 70244 72
52 72 47121 61
2 85 17556 67
37 73 39133 60
88 55 33334 75
98 83 31775 5
93 54 30581 46
41 33 8958 92
69 49 30522 83
55 85 97691 3
55 24 98188 72
6 74 18378 97
74 27 73372 41
21 37 69222 84
44 25 51203 59
67 61 90293 89
35 36 95546 75
90 38 69647 33
86 87 96318 30
98 83 41600 88
32 13 42454 45
23 36 36938 18
40 54 23459 62
24 94 4700 58
45 20 62114 26
30 60 26004 11
31 69 72743 4
61 65 66247 55
86 57 68838 26
34 6 18244 96
55 46 34861 44
41 73 46281 66
23 21 52716 79
55 88 51999 66
64 75 43957 25
54 81 39441 33
19 65 37248 80
53 26 99531 91
50 90 65381 77
72 47 77526 27
32 4 31145 86
33 12 32431 27
11 3 79819 75
52 8 16109 35
90 31 16297 68
92 15 10904 14
87 20 3212 34
28 88 97232 33
69 71 3236 4
61 38 74996 40
49 62 2505 5
91 28 65578 96
22 64 7317 41
42 47 99901 89
18 79 58834 24
89 37 88642 69
93 68 68159 17
45 61 40301 1
7 30 51495 71
49 15 62033 2
4 92 81343 27
38 10 91829 33
35 42 91768 43
90 7 42311 77
81 28 93755 11
60 73 19909 67
59 76 38086 71
81 72 16940 35
65 61 28917 21
6 71 95322 97
30 63 74772 72
81 31 11310 57
42 80 80022 95
54 53 46316 58
46 2 25198 47
53 49 89361 88
97 16 24907 32
93 57 56597 48
53 26 49699 99
51 14 61731 38
25 89 73476 40
72 84 21869 78
43 21 8358 34
75 43 16610 95
12 54 23309 3
78 20 67929 86
34 46 34841 85
74 29 76584 23
10 25 88420 13
48 4 20469 96
31 48 57878 77
95 94 98960 34
20 4 77450 7
4 23 29181 6
55 18 11050 95
54 47 9857 68
95 10 72190 60
98 72 5551 51
16 62 58765 24
3 73 21284 70
34 80 46158 4
42 53 10853 39
53 65 46943 17
8 63 81000 64
2 45 25984 98
44 67 93515 18
32 5 10837 53
16 87 35157 98
16 63 5318 22
74 59 37160 10
72 48 81912 43
57 82 87700 19
59 70 61712 53
26 19 67315 32
14 13 39694 66
67 30 30091 84
16 33 66321 88
27 16 27575 26
5 41 11465 24
31 11 84384 97
62 57 64910 10
48 95 66626 22
56 11 46922 80
60 85 12791 89
99 54 93152 13
26 3 39407 4
45 10 93856 38
61 70 24603 54
71 93 47954 83
62 63 46130 36
25 80 82914 76
83 10 54812 76
66 24 28192 36
52 47 39440 83
13 51 89710 34
6 75 80485 100
50 94 99500 90
36 85 25347 23
79 68 81841 88
63 69 57335 49
100 62 14197 74
18 79 24821 96
48 59 77157 19
56 57 92613 26
80 68 70197 78
45 74 79791 6
88 60 39951 80
72 81 23572 84
27 87 94861 13
18 78 19131 66
31 91 67840 57
98 80 14175 27
44 90 99506 5
95 14 97073 49
66 61 39145 68
35 4 1110 38
2 66 98927 7
20 44 16225 33
77 90 55328 56
51 42 3604 39
5 56 3714 29
94 31 96478 13
5 95 93737 48
15 19 2450 42
68 35 95539 1
30 82 66293 36
19 3 37766 56
36 63 61820 29
20 16 54614 23
87 93 3570 100
98 45 15915 86
21 6 57018 23
83 29 87987 86
58 19 72199 83
60 89 64984 13
25 32 99074 52
77 3 92886 74
46 57 33173 93
24 70 3664 51
33 49 78476 37
84 81 75959 59
69 6 32935 57
50 13 39059 4
82 33 39602 1
66 18 80412 63
44 100 25982 50
23 54 9248 54
35 33 37848 3
87 20 92381 87
31 37 41342 50
94 61 55905 27
56 15 48829 60
57 58 26353 71
66 97 91574 58
59 29 59845 73
65 46 15626 75
23 26 96741 22
22 98 92323 4
62 44 71286 17
19 56 96230 90
45 64 94911 72
70 62 56848 20
41 23 61392 29
4 12 25146 41
65 85 6719 42
52 22 88282 7
56 79 71848 7
16 4 38209 31
83 33 44500 34
40 88 78632 50
46 51 56310 51
18 19 98080 89
35 73 56574 83
99 81 12416 3
38 29 60368 7
2 17 15711 14
21 97 50923 99
57 88 45910 30
34 92 27673 75
95 65 81847 33
51 69 7625 69
44 16 51247 83
89 85 84239 78
32 58 62752 25
49 54 13564 50
15 67 70589 72
50 33 99106 17
8 52 53594 68
52 44 93149 73
91 89 31244 42
16 11 19796 15
43 8 88986 74
3 92 97704 11
17 100 18938 54
16 69 36060 83
22 55 68132 25
56 93 84012 71
94 96 94935 89
92 25 27385 97
100 30 43035 59
63 25 32620 23
65 92 59369 42
31 72 33155 24
84 61 28571 66
75 86 19332 54
28 17 62994 77
95 21 21954 75
87 17 51909 35
25 86 39475 90
19 30 69451 78
94 38 65830 95
18 83 99374 82
75 24 20179 69
12 4 22922 51
69 8 98536 57
57 84 84197 80
39 82 95159 26
44 67 48967 92
44 84 11765 62
3 56 81855 82
44 67 4653 60
90 34 71885 27
78 61 73155 9
52 55 92644 55
83 15 6565 65
70 46 30425 71
89 35 9872 38
15 96 79406 44
49 35 82131 14
46 42 72107 71
50 45 91061 38
71 31 44843 48
56 99 70667 46
89 35 55618 53
35 87 4046 44
73 100 19452 56
4 22 36825 51
60 57 83586 19
11 42 54088 3
88 52 61578 81
90 17 31622 46
14 52 20464 86
67 11 83052 39
72 22 42773 93
85 10 34464 21
29 30 53366 91
39 11 22281 11
63 75 29626 16
19 55 73505 31
8 43 88284 48
11 91 38002 40
90 4 61490 89
71 91 97367 33
42 12 44102 13
81 100 87125 96
65 66 10253 68
36 100 87405 79
68 67 77225 69
2 80 82483 51
62 98 97261 75
73 36 92332 21
46 47 40613 80
38 50 55442 100
6 37 44334 89
13 97 30348 32
59 24 20373 67
86 23 24638 60
63 18 92872 50
76 44 49674 95
43 31 40592 2
5 32 19922 20
42 36 79210 58
52 67 90810 88
75 72 29664 79
75 32 99403 26
77 73 46717 65
93 80 51201 54
68 96 28922 45
16 66 20056 16
13 21 94794 34
83 87 77364 14
30 15 40842 88
77 17 86068 22
49 59 64222 37
9 67 44666 3
63 80 79363 69
11 69 7962 84
35 99 5976 17
83 56 12211 35
97 7 31377 29
2 5 61482 60
64 46 57390 9
62 61 11604 72
22 35 63528 83
43 62 92362 35
73 88 68406 31
40 15 62524 90
70 39 92035 98
93 84 39080 41
89 83 19236 100
26 33 93782 48
17 95 15988 85
27 34 95051 76
15 91 53179 70
57 97 70301 26
41 46 10850 39
48 51 14279 13
78 11 74862 28
85 67 87497 93
1 48 21902 7
92 74 68472 3
80 57 86626 2
86 74 98138 45
35 20 21070 66
86 8 9105 99
92 16 17025 9
60 81 86970 94
14 17 36653 69
39 37 82598 68
61 34 26110 12
62 41 71415 79
84 28 56434 24
22 32 80546 58
3 34 29264 40
79 50 7041 28
37 76 3658 37
73 33 61585 9
79 2 32574 42
89 64 9538 34
40 35 98328 12
28 13 75017 13
64 40 50321 39
58 68 72750 77
10 13 98694 5
68 43 13803 53
44 51 94145 3
58 43 27265 28
66 91 47351 70
26 3 71523 85
74 18 40240 46
66 82 2638 24
10 74 43950 90
52 36 55488 33
42 31 46526 55
23 7 3154 68
46 12 26307 79
48 47 72473 58
76 21 50205 85
86 28 38784 31
15 89 10374 28
67 97 42426 58
12 20 52901 40
19 54 7187 36
53 38 91131 79
22 42 73762 85
25 78 65628 88
84 61 2020 2
72 57 64418 77
53 10 92461 94
17 75 75409 54
99 60 50324 35
13 22 12551 59
68 31 34058 42
59 87 74844 36
36 44 69321 73
82 65 51021 58
57 2 66448 8
44 46 58905 18
49 93 94849 51
96 26 27319 59
15 92 68208 42
90 52 73352 5
42 32 3824 20
36 2 20830 47
78 24 28280 25
100 52 81232 4
59 23 37991 90
57 42 78546 72
38 96 64134 35
57 63 35187 100
95 22 76312 25
80 23 57617 18
56 89 6164 79
58 37 62911 90
58 43 71386 86
78 44 17791 14
21 53 23394 95
17 68 52090 42
86 98 17019 87
23 19 99714 98
4 40 5881 9
59 38 91366 84
82 26 76592 39
65 67 84476 30
55 48 28888 30
41 65 69687 24
82 95 40244 80
15 61 70677 44
17 22 45535 82
11 17 55690 31
60 52 43474 52
11 81 32956 84
22 40 80661 16
89 98 29643 31
17 6 22666 69
1 8 66046 42
54 2 22899 13
96 7 97884 17
23 57 89771 13
29 46 64770 5
36 68 89125 42
45 25 12549 23
79 12 39768 59
21 69 13091 24
100 16 49847 32
56 53 7197 4
42 53 13317 6
10 20 93525 56
38 17 91409 73
93 57 34426 73
26 51 52617 21
86 1 51954 25
21 28 92897 38
100 87 97142 77
20 55 44908 88
41 77 72288 72
27 83 84090 26
30 53 87499 65
72 37 47778 66
37 18 22907 47
13 55 50472 32
64 79 65063 29
44 35 85512 73
73 21 8417 42
25 85 19614 67
93 48 3863 62
45 24 71646 40
10 79 78398 78
70 15 62794 43
85 7 28077 13
72 97 54666 58
22 2 92171 23
2 66 1956 1
48 26 4399 76
94 9 55790 38
93 50 17376 84
67 12 24914 62
67 95 16422 92
10 31 32148 14
60 29 59555 85
82 93 11555 91
47 33 3513 99
55 40 15340 20
47 65 54951 20
58 31 60226 34
95 19 35928 73
99 1 38367 50
88 42 10196 52
98 10 24329 7
79 11 25877 93
97 49 2403 97
18 82 50679 48
17 79 44366 99
86 21 34534 46
35 45 9473 22
89 98 63645 57
59 4 97067 43
57 18 83849 52
82 27 69614 57
62 74 42576 50
19 35 78030 56
52 89 91250 70
2 59 64732 80
46 78 6690 48
62 19 83054 81
29 58 12519 71
2 67 77678 16
56 58 65768 21
73 98 59751 69
21 89 83288 50
65 59 79771 32
33 28 93318 38
68 88 34440 93
91 27 50312 87
47 28 81591 33
25 2 52717 45
38 57 83465 73
79 56 68927 35
57 2 94193 64
99 45 27754 19
35 33 37678 20
100 15 59046 89
82 24 8562 40
14 34 57904 65
8 75 96530 24
52 75 40979 42
85 58 28250 44
70 28 33471 5
72 39 13002 21
73 63 7741 90
63 3 31578 28
91 74 98048 83
49 7 34349 82
95 61 93111 73
4 13 90911 52
57 51 92454 98
33 41 33154 41
66 81 12870 31
93 34 48215 23
16 81 96383 96
76 64 66633 21
88 79 10106 19
31 25 39264 69
70 34 71574 44
85 8 23335 5
91 88 16110 27
17 40 73593 35
57 85 35898 54
5 66 13317 69
11 3 32794 39
50 64 42038 65
96 10 31473 72
70 81 59623 41
83 18 97042 5
7 67 37860 62
40 24 46177 99
23 68 70430 68
83 18 12689 92
84 46 35700 57
52 89 10282 60
89 91 48301 64
33 1 35463 34
23 42 69023 95
94 92 12555 41
52 72 78025 19
18 98 74929 57
67 26 66842 80
48 73 47169 31
42 89 53178 2
64 54 22728 10
35 39 73935 42
76 8 66732 21
96 61 66160 27
13 11 60332 93
29 25 78700 69
19 89 8660 86
10 72 51873 59
86 49 33714 36
93 62 21267 55
73 9 17788 13
27 94 45108 65
82 80 53050 33
42 97 13544 59
86 90 38683 37
58 25 73339 41
79 90 55880 32
57 48 24455 75
93 53 83758 24
99 14 65578 94
41 90 13258 63
71 96 60276 97
50 17 25153 2
89 82 62226 28
72 53 11839 72
87 21 79664 73
97 72 28928 71
9 79 12279 54
68 47 35923 42
93 65 48859 91
49 3 42552 89
83 58 39590 90
33 69 22950 83
82 35 98446 16
58 65 96153 1
86 61 36723 23
100 3 25847 99
70 49 91208 73
83 64 84507 27
94 54 69377 97
64 72 85339 49
83 52 77991 65
89 60 39391 19
20 92 36649 43
80 23 40722 32
22 78 36700 3
15 96 63113 95
88 12 75861 68
92 85 43715 23
31 39 42270 52
66 3 8804 58
49 81 31413 32
33 94 11190 48
17 55 48828 78
90 78 21296 6
67 88 83278 48
19 84 13726 43
30 48 19619 9
30 72 99853 69
16 50 44632 70
14 11 58099 76
87 30 12243 20
19 3 46174 88
72 55 52125 42
2 81 95864 71
64 34 86356 70
57 5 53006 18
48 46 78022 34
56 35 37286 87
78 50 41168 79
13 15 11675 49
21 82 69335 31
92 100 44376 78
12 6 75021 26
56 37 50711 67
30 36 6949 57
1 67 25690 27
81 86 84646 23
79 17 43419 64
19 17 29947 69
74 93 61170 43
3 33 67247 17
26 32 47156 50
60 72 76304 30
51 41 87900 72
72 24 58104 61
9 20 19170 93
6 74 97509 18
63 22 45650 59
27 37 3933 36
69 99 70703 98
53 25 7670 62
24 5 14762 23
98 78 78591 22
76 7 73050 97
56 30 33794 40
18 51 60660 25
81 95 50649 46
42 24 88103 48
91 43 93372 32
71 86 49382 81
47 56 53371 74
9 23 7390 82
62 35 83431 85
70 44 46881 50
47 82 86524 94
6 61 68052 11
82 53 55241 89
87 17 11524 91
54 89 3345 72
68 63 22302 99
87 39 12603 88
41 76 75679 90
11 30 87376 21
20 41 47113 10
3 65 87817 93
59 79 47104 97
39 22 26395 3
97 82 71450 100
76 41 89990 80
88 82 99599 56
91 85 13945 18
24 26 99460 35
99 9 14484 32
