100 299 10000
1 17 55822 98180
1 17 45024 31896
1 17 50414 52825
17 79 346 25317
79 3 16970 9000
79 3 21538 11136
79 3 23449 27834
79 3 11573 5427
79 3 71299 74059
79 3 31468 67559
3 27 1804 64503
3 27 68686 97712
27 95 29345 52797
27 95 51736 96080
95 83 36637 17656
83 35 87720 86417
35 72 12138 40968
72 22 9509 36570
72 22 91010 66221
22 32 220 71795
22 32 95910 88931
32 62 95631 26185
62 74 9911 20825
62 74 21994 42992
74 26 77867 74413
74 26 61314 72224
26 84 11918 28220
84 75 37388 94817
84 75 31816 90987
84 75 26278 39927
75 63 71388 89020
63 20 52633 54032
20 9 2529 49154
9 45 45435 8982
9 45 99724 61624
9 45 85554 41908
45 31 23748 36035
45 31 60002 76223
31 76 39688 14238
31 76 74248 28052
31 76 71690 20723
76 64 96588 51920
64 54 14361 31668
54 15 54352 94327
54 15 82665 94908
15 30 40208 75368
30 23 5052 8453
23 12 41242 58180
23 12 85522 59195
23 12 21753 27500
12 29 40647 2774
29 39 71138 66756
39 92 29816 83760
39 92 22053 37426
92 67 22702 3892
92 67 97132 84455
92 67 63838 29240
92 67 54690 23184
67 82 86250 44884
82 44 88968 87795
44 97 69287 98869
44 97 45840 92793
44 97 36983 83355
97 88 15884 80538
97 88 12539 55466
88 10 45180 4178
88 10 51171 69087
88 10 72722 74217
10 18 29242 47301
10 18 28487 13459
18 43 56312 62044
18 43 17161 38128
43 42 58396 24681
43 42 80022 84998
43 42 76675 54471
42 89 62777 26163
42 89 12931 10293
89 24 51086 73524
24 65 25714 78935
24 65 1532 15345
65 6 30925 12684
65 6 81587 83341
6 69 17316 13613
69 70 9271 8762
69 70 91500 18509
70 47 84080 77164
70 47 69234 55002
47 7 47466 35477
7 73 69874 90316
73 14 55648 4847
14 58 91346 6173
58 98 25838 69424
98 40 41056 32048
98 40 84342 71420
98 40 55624 50959
98 40 77328 58450
40 66 32381 6401
40 66 77004 85280
66 25 31854 27201
66 25 45315 58259
66 25 97652 89170
25 8 10051 22769
8 13 51424 67441
8 13 85314 75319
8 13 36318 35857
8 13 56295 68147
13 55 45659 46836
55 38 78436 61673
55 38 74387 56230
55 38 1575 503
55 38 40977 25729
55 38 91974 90782
38 99 5553 4060
38 99 75247 54741
38 99 26624 8796
99 53 51273 6020
53 48 64054 80513
48 59 116 7577
48 59 60513 38708
59 96 65796 62116
59 96 98362 62675
96 61 49774 74161
96 61 40296 66361
61 49 63484 77591
49 85 61974 80926
49 85 77809 95843
49 85 21365 28189
49 85 11912 877
49 85 49343 63123
85 41 63732 38516
85 41 68571 65019
41 90 34044 13017
90 94 77110 69852
90 94 32763 27103
94 19 56038 26801
94 19 30477 9452
19 77 50521 41103
19 77 86973 78763
77 21 39907 90808
21 81 32722 16078
21 81 81541 79854
81 11 16204 83688
11 2 67919 13920
11 2 75079 52428
2 51 6290 26432
51 46 77623 99547
51 46 66348 65786
46 5 45253 63698
46 5 28256 41642
46 5 7538 34899
46 5 84790 66160
5 93 66386 31543
93 57 77500 29510
93 57 7893 26590
57 4 56001 83733
57 4 68265 94355
57 4 4797 6945
57 4 46164 65083
57 4 20892 8798
4 16 92677 79425
16 34 2236 20912
16 34 4859 37689
16 34 43884 54087
16 34 57543 97607
16 34 31692 53175
34 37 19468 69620
34 37 15237 53164
37 28 63720 75496
37 28 7404 21106
37 28 53984 58443
37 28 8076 38035
28 50 24221 64902
28 50 62764 85116
50 91 63218 76118
50 91 42842 33284
91 60 56634 43984
91 60 65009 72540
60 52 6132 62641
52 68 9745 18583
52 68 77750 93246
68 87 3819 96717
87 86 24916 55761
87 86 60176 57469
86 33 49177 41383
33 36 46548 56855
33 36 53004 71421
33 36 27021 13156
36 56 3805 23373
36 56 28808 42607
36 56 74484 44925
56 71 95475 54038
56 71 88793 8087
71 78 54667 94222
71 78 27969 93231
78 80 72208 52650
78 80 78994 85942
78 80 30571 47988
80 100 54568 46025
80 100 74123 76791
31 78 26543 82
33 15 31657 77
58 55 93810 86
5 70 29832 6
22 48 22195 84
39 65 25743 100
36 41 29886 25
58 10 10175 91
18 14 71383 42
49 14 15928 22
74 97 36335 86
21 64 48097 3
39 97 49703 13
5 99 17820 89
96 9 77477 43
58 2 37851 67
98 33 39329 95
65 26 11629 78
37 27 83966 33
53 16 37606 7
51 49 72354 8
19 85 30129 58
96 12 53001 82
93 100 74731 11
100 23 32792 25
34 49 34397 32
36 96 33912 28
4 21 19205 44
83 78 88988 34
59 72 17967 80
67 52 8854 65
31 23 78472 17
72 2 7254 3
98 78 6188 86
34 5 78505 86
62 39 23791 43
73 17 67685 46
84 89 30724 69
2 21 76964 11
26 12 34850 79
46 33 54123 56
81 45 83285 44
54 17 72899 74
64 93 56584 6
30 2 3884 48
45 18 78278 62
58 17 35499 42
7 6 71175 93
22 38 79565 2
36 2 94331 100
52 21 12190 68
100 51 15759 18
72 2 42949 86
51 64 61310 21
67 99 49066 23
66 36 64695 27
86 78 63739 7
56 75 95567 2
37 10 31187 56
43 36 28485 32
67 13 23721 27
76 87 96424 34
66 33 58537 76
66 26 81422 7
57 76 81890 3
21 26 61475 66
67 90 86672 15
81 96 51388 95
19 45 38096 31
98 19 9032 84
91 81 58180 38
98 23 49273 18
4 63 17655 16
4 22 52084 48
87 80 15552 92
14 34 50120 21
51 55 52261 4
79 72 53943 89
72 82 58379 25
68 67 25500 41
12 99 40128 8
23 41 53614 56
15 9 62596 56
29 77 40120 99
39 60 25483 36
97 96 88758 84
32 95 94374 56
74 33 49318 71
2 33 67942 74
33 86 34040 93
61 75 52669 55
28 22 2806 28
54 89 16607 77
85 90 2167 18
28 87 37049 66
38 97 49303 85
77 89 57114 42
32 1 43616 48
57 69 22987 92
13 77 39042 4
