100 2099 10000
1 82 64597 84413
1 82 64103 66862
1 82 10918 21003
1 82 1480 9012
1 82 47620 28875
1 82 53348 64662
1 82 1356 2638
1 82 70148 92567
1 82 52252 59931
82 34 37758 27148
82 34 73660 70166
82 34 913 18825
82 34 85818 91458
82 34 44822 34012
82 34 1438 25752
82 34 85865 97827
82 34 74718 85206
82 34 63922 54193
82 34 56475 54145
82 34 55396 40306
34 29 39548 50822
34 29 16684 3491
34 29 60282 69318
34 29 21887 23481
34 29 7426 1689
34 29 47500 60365
34 29 25019 26382
34 29 35514 35091
34 29 72674 72665
34 29 48056 60371
34 29 91984 98649
34 29 98642 99306
34 29 48337 63891
34 29 88119 82691
29 63 75128 53509
29 63 33883 30974
29 63 49591 37219
29 63 32469 20734
29 63 97408 83637
29 63 87775 80712
29 63 78711 63066
63 4 87042 95470
63 4 65346 55214
63 4 71306 77669
63 4 18693 10675
63 4 37910 24908
63 4 59044 48947
63 4 44119 31668
63 4 92444 96646
4 68 52022 87311
4 68 29651 35086
4 68 26386 31932
4 68 42635 40910
4 68 90142 88915
4 68 10981 17396
68 44 62975 50118
68 44 57372 22343
68 44 82114 61692
68 44 87770 77068
68 44 73736 51472
68 44 1297 8385
68 44 36867 20990
68 44 34658 20935
68 44 59560 25550
68 44 89295 85211
68 44 79026 51856
68 44 90045 92809
68 44 24232 13403
44 91 96758 79412
44 91 475 13312
44 91 38453 29912
44 91 5726 17468
44 91 64188 51322
44 91 43916 45439
44 91 82151 68686
44 91 81816 59706
91 87 99844 98365
91 87 5743 5380
91 87 44279 16095
91 87 75072 72165
91 87 59254 51429
91 87 99749 97726
91 87 89358 88187
91 87 53388 22976
91 87 55607 30904
91 87 1182 2677
91 87 65383 63025
91 87 56771 36312
91 87 54452 28696
87 17 50066 67030
87 17 15961 5231
87 17 61924 82475
87 17 51055 77553
87 17 13857 3899
87 17 78196 83841
87 17 50865 67684
87 17 42325 40397
87 17 40714 37429
87 17 30017 35990
17 41 65795 44973
17 41 23442 3187
17 41 33838 27943
17 41 29757 16696
17 41 61214 43224
17 41 77138 83209
17 41 51543 42114
17 41 73900 60092
17 41 33353 20363
17 41 91006 99081
17 41 2680 1510
17 41 5349 3024
17 41 47878 28640
17 41 68078 53101
41 89 4923 126
41 89 35267 12522
41 89 57216 19810
41 89 76730 68718
41 89 88188 99346
41 89 58530 45619
41 89 72868 52150
41 89 85679 93587
41 89 9536 11926
89 65 86981 84525
89 65 75041 76145
89 65 49639 48319
89 65 84267 81534
89 65 49779 48659
89 65 36631 11550
89 65 69114 63796
89 65 98841 99061
89 65 90575 97081
89 65 60705 55729
89 65 22623 9276
89 65 43558 31611
89 65 3077 4996
89 65 70009 73480
89 65 39585 29506
89 65 44686 42737
89 65 551 741
89 65 67632 60175
65 3 88552 81114
65 3 3713 15815
65 3 34967 50030
65 3 77804 64299
65 3 98029 82758
65 3 20842 22819
65 3 7729 20993
65 3 56132 61973
65 3 50577 50223
65 3 98606 85366
3 46 64383 58360
3 46 65058 73237
3 46 95528 88207
3 46 2406 13460
3 46 41621 43768
3 46 62861 45435
3 46 11326 14032
3 46 64805 67356
3 46 17710 34469
3 46 68572 80176
3 46 74544 83972
3 46 62882 58246
46 43 79303 58596
46 43 91015 71050
46 43 95985 74563
46 43 47695 26658
46 43 5891 6878
46 43 38825 16267
46 43 64911 35003
46 43 98092 84177
46 43 84690 60259
46 43 10150 9076
46 43 43938 24809
46 43 65359 37286
46 43 35089 13955
46 43 79023 50184
46 43 97557 75306
46 43 88094 68905
43 92 5706 13685
43 92 1286 10996
43 92 6813 15636
43 92 8469 23162
43 92 82612 85946
43 92 29573 49328
43 92 751 3827
43 92 9011 25804
43 92 41549 53667
43 92 1104 6269
43 92 58251 78104
43 92 82798 88220
92 70 36142 42528
92 70 92209 72721
92 70 9852 1160
92 70 95305 78928
92 70 62197 55670
92 70 78636 71012
92 70 31726 24124
92 70 41379 44668
92 70 67605 57092
92 70 11827 16798
92 70 95823 86072
92 70 42190 51030
92 70 27735 19408
70 73 73625 88299
70 73 40362 34070
70 73 55071 60445
70 73 70571 82959
70 73 93 1437
70 73 15905 21606
70 73 48333 57320
70 73 67419 66440
70 73 5567 7355
70 73 42197 37605
70 73 91809 97215
70 73 77359 91110
70 73 25619 33946
70 73 76901 90757
70 73 13739 21228
73 94 14216 7436
73 94 37913 24962
73 94 45641 65220
73 94 61243 71871
73 94 44549 52283
94 60 72795 80289
94 60 50220 61928
94 60 24932 41665
94 60 62354 76036
94 60 11805 30549
94 60 60554 74311
94 60 68160 77792
94 60 55518 63458
94 60 14357 38595
94 60 47953 48962
94 60 48899 57156
94 60 6129 26123
60 81 12218 6930
60 81 27975 57444
60 81 20857 7517
60 81 27548 13081
60 81 92387 71290
60 81 98431 90628
81 6 49821 35253
81 6 83362 86338
81 6 35647 28431
81 6 43491 30780
81 6 57794 40749
81 6 1413 13616
81 6 88001 87003
81 6 82365 83486
81 6 59916 43827
81 6 60192 80993
81 6 29777 19744
81 6 15593 17933
6 88 92961 88998
6 88 88228 66045
6 88 91258 79213
6 88 25246 27685
88 67 40158 40224
88 67 42491 65007
88 67 49377 80120
88 67 51970 81189
88 67 34221 12278
88 67 44465 67385
88 67 14013 5848
88 67 3361 592
88 67 47290 71732
88 67 34797 26990
88 67 68448 93305
88 67 82401 98542
67 98 27786 39034
67 98 83415 72712
67 98 92722 96882
67 98 25994 15832
67 98 81298 69056
67 98 24664 15149
67 98 53006 59136
67 98 91333 96288
67 98 87607 88861
67 98 27330 20359
67 98 55576 60202
67 98 32793 43619
67 98 85828 75949
67 98 76561 61654
67 98 46543 50963
98 16 80918 60972
98 16 95362 81490
98 16 93873 68335
98 16 18954 945
98 16 34442 20696
98 16 52853 41045
16 20 5046 38490
16 20 12497 65132
16 20 21114 70365
16 20 26656 72775
16 20 51496 98424
16 20 3053 1270
16 20 37457 76792
16 20 47119 92302
16 20 8125 40659
16 20 60090 99023
16 20 39358 77304
20 59 20151 61873
20 59 23964 68159
20 59 96906 98152
20 59 63314 93922
20 59 46494 85106
20 59 39536 83463
20 59 18247 59870
59 74 67651 79857
59 74 2013 8490
59 74 8727 72442
59 74 10187 73930
59 74 8450 71703
59 74 99770 95232
59 74 17690 76716
59 74 7688 56256
74 7 45249 39278
74 7 2774 17521
74 7 58093 65330
74 7 66957 66415
74 7 18008 38112
74 7 52755 59530
74 7 72721 70858
74 7 50594 45387
74 7 45294 44437
74 7 90516 97699
74 7 85658 90294
7 55 33709 82753
7 55 68888 98761
7 55 66411 98688
7 55 51867 96211
7 55 11432 19297
7 55 16002 24848
7 55 1211 3992
7 55 28515 43776
7 55 29700 67395
7 55 39989 89165
55 35 69888 56009
55 35 51376 37338
55 35 71682 62536
55 35 84489 81094
55 35 91994 92727
55 35 64634 49744
55 35 65167 52490
55 35 89130 83350
55 35 73299 69755
55 35 13161 7589
55 35 54896 42354
55 35 43520 36749
55 35 38699 28166
55 35 52513 41700
35 76 54285 35475
35 76 1091 10160
35 76 44827 21359
35 76 1949 17424
35 76 60391 47311
35 76 4629 20068
35 76 77147 47563
35 76 53306 27397
35 76 77495 76089
35 76 87653 99141
35 76 83466 81014
76 21 5566 28640
76 21 26946 47151
76 21 74835 69411
76 21 3080 4423
76 21 99654 97711
76 21 55690 63157
76 21 23165 41162
76 21 63027 65788
76 21 99464 92350
76 21 19300 34594
76 21 86929 90700
76 21 80409 83216
76 21 20284 34899
21 69 77323 57197
21 69 90774 73211
21 69 51473 27178
21 69 16257 4316
21 69 44792 24198
21 69 52695 32768
21 69 40882 19188
21 69 71874 54699
21 69 32795 10397
21 69 64269 44901
21 69 11552 3035
21 69 34677 16151
69 10 4413 8321
69 10 95092 82432
69 10 86946 71747
69 10 93586 81452
69 10 5726 20991
69 10 71368 39652
69 10 73749 41610
69 10 73836 52424
69 10 35857 33978
10 95 47421 73573
10 95 10819 7967
10 95 9564 7936
10 95 33507 27074
10 95 42789 65940
10 95 37279 37649
10 95 90651 88583
10 95 41161 62914
10 95 61839 75685
10 95 27117 10637
10 95 76592 84012
10 95 5284 2682
10 95 27471 23816
10 95 75367 77631
95 32 46058 34664
95 32 32276 33803
95 32 96685 86909
95 32 21473 13025
95 32 58616 53322
95 32 50555 49946
95 32 26739 23958
95 32 18580 11589
95 32 13182 6071
95 32 50106 40413
95 32 81349 79176
95 32 72674 76194
95 32 96123 83517
95 32 69533 60521
95 32 3775 3381
32 39 79799 89277
32 39 74132 69264
32 39 39310 44149
32 39 40060 45174
32 39 65106 60185
32 39 6015 3674
32 39 55349 59245
32 39 26858 39839
32 39 76739 75504
32 39 22442 34522
32 39 13965 16912
32 39 1505 631
39 52 68868 75603
39 52 17615 17472
39 52 53564 30218
39 52 75248 83940
39 52 61221 65515
39 52 53748 63779
39 52 3863 5652
39 52 27249 25827
52 49 72889 67043
52 49 96759 93180
52 49 19228 19473
52 49 75193 82665
52 49 27744 27526
52 49 77794 83433
52 49 71159 32723
52 49 3329 51
52 49 72040 47457
49 85 26372 52261
49 85 70814 82942
49 85 46625 63782
49 85 33369 53911
49 85 60034 76935
49 85 90523 94622
49 85 87170 86770
49 85 13463 34669
85 79 96322 82227
85 79 14534 15715
85 79 89819 48983
85 79 73136 31206
85 79 36955 25119
85 79 4034 12116
85 79 93840 78619
85 79 89004 46765
85 79 98126 86982
85 79 92646 77150
79 11 82352 96726
79 11 81275 93218
79 11 75174 59040
79 11 52351 37543
79 11 79852 70770
79 11 66624 42384
79 11 16924 13964
79 11 67877 47267
79 11 70159 58676
11 18 7048 19614
11 18 21988 75859
11 18 20828 55257
11 18 13706 23945
11 18 33606 81799
11 18 69712 88974
11 18 40918 82634
11 18 64621 87406
11 18 88450 92773
11 18 3011 447
11 18 14512 33955
11 18 88368 88999
11 18 18990 38485
18 24 41374 25268
18 24 56381 70203
18 24 48904 51807
18 24 81699 79609
18 24 25272 13140
18 24 85900 87336
18 24 47181 30694
18 24 16929 5221
18 24 81358 78164
18 24 8343 2543
18 24 76095 71552
18 24 41867 30411
18 24 47576 46572
18 24 92450 95391
18 24 89787 93488
18 24 34481 15822
18 24 52186 55320
18 24 83872 87137
24 22 80369 78830
24 22 94484 89294
24 22 67690 69634
24 22 81437 81687
24 22 66520 59198
24 22 36336 37295
24 22 12503 5333
22 37 75884 97357
22 37 8627 9399
22 37 22108 28921
22 37 30741 41945
22 37 13375 23660
22 37 5617 9014
22 37 22365 29634
22 37 8707 15776
22 37 23328 35284
22 37 75870 77727
22 37 53719 52856
22 37 5343 8924
22 37 70595 65209
37 12 74673 71692
37 12 49380 52861
37 12 30661 37569
37 12 33785 42808
37 12 97328 79893
37 12 18201 30204
37 12 59118 68296
37 12 8474 8620
37 12 53907 62847
37 12 92728 76434
37 12 4754 1408
12 40 27162 38694
12 40 5944 19703
12 40 82462 69804
12 40 27711 51542
12 40 50289 58348
12 40 913 3928
12 40 20627 29286
12 40 60301 64309
12 40 95172 79688
12 40 98131 97436
12 40 66969 68024
12 40 23377 30350
12 40 11435 29239
12 40 96394 89719
40 47 20033 26471
40 47 39329 67169
40 47 13263 17522
40 47 73153 77459
40 47 75302 81506
40 47 62911 76543
40 47 83916 89884
40 47 80623 89056
40 47 79119 85786
40 47 33501 58571
40 47 87772 93663
40 47 50952 75739
40 47 24495 54889
40 47 37261 62830
40 47 13956 23116
40 47 24951 56747
47 77 83183 98102
47 77 45597 51870
47 77 72771 97567
47 77 36471 41545
47 77 23382 27849
47 77 51987 54025
47 77 33043 34687
47 77 72300 65703
77 36 75795 61889
77 36 55588 38173
77 36 14378 15765
77 36 94417 89269
77 36 86308 88534
77 36 26313 35107
36 86 52148 65435
36 86 79643 95440
36 86 74155 82430
36 86 953 18630
36 86 34836 53851
36 86 75847 90158
36 86 45296 60670
36 86 9410 27352
36 86 41237 57883
36 86 30994 45560
36 86 46131 64149
36 86 67014 74718
36 86 72298 79374
36 86 26300 41352
36 86 65352 67188
36 86 13672 31833
36 86 98622 99180
36 86 36553 55842
36 86 70572 74789
86 13 38863 38280
86 13 66706 41858
86 13 71598 70347
86 13 1729 22328
86 13 3289 27596
86 13 87424 87314
86 13 94242 87610
13 8 52824 51556
13 8 99421 97982
13 8 15593 12412
13 8 18752 38740
13 8 52436 49167
13 8 10190 6123
13 8 54793 51908
13 8 95599 84948
13 8 74103 67776
8 80 68213 64612
8 80 56611 44684
8 80 8352 26331
8 80 68205 64325
8 80 47976 42726
8 80 1078 17290
8 80 67361 62392
8 80 33073 40238
8 80 54469 44613
8 80 66427 62318
8 80 64685 60543
8 80 94106 95074
8 80 74661 93578
8 80 71678 84013
8 80 30590 29065
80 96 78794 53217
80 96 46224 29149
80 96 34356 13172
80 96 4952 10065
80 96 93941 81685
80 96 90127 68254
80 96 43691 27322
80 96 81790 56266
80 96 72269 32279
96 28 13504 11305
96 28 73533 91279
96 28 56031 78368
96 28 13003 7172
96 28 3798 133
96 28 58805 86710
96 28 82011 97917
96 28 45496 34422
96 28 44122 15387
96 28 60439 90698
96 28 55314 37812
28 93 52590 83984
28 93 65832 84740
28 93 80955 92631
28 93 3092 12064
28 93 18336 57218
28 93 16705 41375
28 93 56557 84506
28 93 992 4133
28 93 19437 76784
28 93 22831 83585
28 93 86357 94726
28 93 4715 33147
28 93 3980 30091
93 42 41715 30657
93 42 68142 48104
93 42 9047 11742
93 42 73454 53325
93 42 69273 52677
93 42 78249 63163
93 42 98121 99798
93 42 17901 20010
93 42 65603 47381
93 42 76179 62418
93 42 18296 21330
93 42 87741 86338
93 42 83095 79743
93 42 27524 22636
93 42 10572 16078
93 42 32424 27491
42 83 14314 48651
42 83 4913 11068
42 83 17644 49135
42 83 10302 16884
42 83 56828 75813
42 83 24023 64677
42 83 99264 99896
42 83 83111 83220
42 83 27457 69940
42 83 20118 51957
42 83 88080 84655
83 23 15809 1726
83 23 30207 27998
83 23 17509 14652
83 23 85553 73123
83 23 15967 3794
83 23 19866 24884
83 23 64709 60583
83 23 55235 59944
83 23 72004 63018
83 23 99387 89508
83 23 81267 72061
83 23 33865 39434
83 23 74382 65486
83 23 94180 76741
83 23 94461 87678
83 23 45349 42134
23 38 11529 25689
23 38 59572 63454
23 38 58776 36034
23 38 83425 69359
23 38 1747 2090
23 38 85105 69796
23 38 51627 34476
23 38 4874 20994
23 38 89694 88592
38 50 16142 42670
38 50 53268 78293
38 50 87629 88735
38 50 70963 80372
38 50 88957 96049
38 50 1416 35784
38 50 4094 42430
38 50 37124 73940
38 50 26000 49174
38 50 49923 75130
50 5 46361 37849
50 5 5634 4714
50 5 85125 81951
50 5 40645 36445
50 5 59291 46629
50 5 14654 8059
50 5 18366 17740
50 5 50507 43310
50 5 1731 823
50 5 65177 67273
50 5 30498 23579
50 5 95201 93700
50 5 39612 34320
50 5 59807 49248
50 5 86205 90044
50 5 24339 21848
50 5 63864 57059
50 5 46430 41162
5 54 23925 3834
5 54 91549 38183
5 54 59202 34921
5 54 9739 671
5 54 97715 69805
5 54 49210 16077
5 54 62773 35211
54 2 80083 41264
54 2 86481 51122
54 2 96660 93747
54 2 80183 43611
54 2 22747 30355
54 2 5131 14700
54 2 27841 32679
54 2 35007 33698
54 2 91209 58333
2 57 47982 76694
2 57 7371 6594
2 57 31034 64855
2 57 18707 47813
2 57 54339 91180
57 66 26550 55588
57 66 7451 23153
57 66 55114 78212
57 66 21943 32294
57 66 25324 47181
57 66 99511 95565
57 66 41641 65262
57 66 62920 92254
57 66 11181 30395
66 15 20362 55616
66 15 13746 23242
66 15 61270 79148
66 15 38262 72646
66 15 96965 95304
66 15 94466 92510
66 15 31498 65228
66 15 81319 86017
66 15 27598 58089
66 15 18965 26070
66 15 76920 80130
66 15 32701 68608
66 15 789 8942
66 15 8985 11586
66 15 6075 9255
66 15 93728 89553
15 58 38193 19696
15 58 91428 94773
15 58 64785 81903
15 58 44278 44116
15 58 28013 5881
15 58 38467 29857
15 58 32469 14158
15 58 57624 70142
15 58 54703 57467
15 58 59282 73576
15 58 67586 87297
15 58 76773 90819
58 27 43474 43989
58 27 98075 94991
58 27 93850 86704
58 27 74802 55372
58 27 53662 52063
58 27 25357 12681
58 27 82853 64200
27 19 24469 18838
27 19 76593 82506
27 19 33235 30977
27 19 49508 59998
27 19 587 6329
27 19 7273 16470
27 19 37137 37689
27 19 92319 93379
27 19 86728 87440
27 19 47874 41597
27 19 70817 70039
27 19 29562 30298
27 19 33320 33702
27 19 28629 22485
27 19 71240 81911
27 19 7787 17636
19 25 65787 31821
19 25 77354 52505
19 25 95183 71786
19 25 99857 96360
19 25 59190 30371
19 25 64817 30458
19 25 83379 55116
19 25 84102 58676
19 25 24667 14145
19 25 37790 26437
19 25 53674 29836
19 25 88810 59571
25 9 22645 20408
25 9 59632 27701
25 9 59491 26857
25 9 65347 29797
25 9 22085 19408
25 9 89092 63743
25 9 83661 37500
25 9 88668 42025
25 9 48641 23309
25 9 11777 14788
25 9 4512 13691
25 9 91836 91585
25 9 91256 88804
9 75 53507 64804
9 75 44626 59039
9 75 58266 69306
9 75 14915 11949
9 75 61589 70336
9 75 28612 43166
9 75 24671 36299
9 75 70750 77426
9 75 76562 83197
9 75 33927 43846
9 75 20173 32041
9 75 11746 6892
75 64 65366 52632
75 64 84475 72459
75 64 13000 8987
75 64 28053 22915
75 64 26982 17350
75 64 85075 80752
75 64 59443 52196
75 64 83276 69089
75 64 65751 62962
75 64 24327 16266
75 64 39578 39962
75 64 92835 91949
75 64 43398 41760
75 64 37570 28307
75 64 69662 65138
64 45 73630 75649
64 45 63861 36308
64 45 12388 7348
64 45 9401 6766
64 45 62359 32664
64 45 36647 28745
64 45 92838 86146
64 45 69990 73608
64 45 38837 29766
64 45 28182 22102
64 45 68617 53207
64 45 56268 30441
45 33 62334 49111
45 33 17698 5248
45 33 71099 65828
45 33 62867 55361
45 33 26789 12578
45 33 44567 34901
45 33 29735 17247
45 33 51006 47541
45 33 67952 56255
45 33 72136 99849
45 33 14095 179
45 33 59741 48434
33 72 40523 52796
33 72 7593 14213
33 72 10685 25926
33 72 43294 58427
33 72 26553 26699
33 72 73854 76325
33 72 98566 95604
33 72 9936 16499
33 72 71216 60822
33 72 97741 79747
72 26 91824 82823
72 26 54464 53842
72 26 38325 34230
72 26 66275 54326
72 26 798 5220
72 26 30731 31279
72 26 93472 89338
72 26 28572 20842
72 26 48293 50619
72 26 30410 26651
72 26 18051 7934
72 26 88350 59845
26 53 12798 14682
26 53 96060 83070
26 53 74052 82791
26 53 46252 69954
26 53 43412 61715
26 53 18986 33565
26 53 6408 8574
53 61 44657 62926
53 61 82137 75637
53 61 18765 28244
53 61 8545 8621
53 61 80111 75535
53 61 99933 87299
61 14 96489 97806
61 14 94651 95998
61 14 60349 76730
61 14 80511 94067
61 14 29188 40981
61 14 56523 54247
61 14 35333 46660
61 14 30078 46265
61 14 18924 21108
61 14 70223 83191
14 97 28499 32070
14 97 35098 64700
14 97 47984 74611
14 97 39970 73231
14 97 2120 1875
14 97 98974 97471
14 97 14206 10245
14 97 16658 27211
14 97 80247 92824
14 97 30373 32894
14 97 59953 75667
14 97 23320 28006
97 31 30894 14244
97 31 26019 7507
97 31 77338 68766
97 31 92618 73653
97 31 46897 54752
97 31 57864 68687
97 31 10110 3699
97 31 95405 74336
97 31 44512 37457
31 71 14674 17464
31 71 25018 30915
31 71 89217 81271
31 71 5138 13902
31 71 24932 25858
31 71 71061 68264
31 71 60903 63090
31 71 45395 46453
31 71 1840 6571
31 71 45877 62864
31 71 42949 45254
31 71 82703 77189
31 71 29144 42066
71 99 28303 56954
71 99 5412 12192
71 99 52444 81548
71 99 13558 51659
71 99 272 1894
71 99 8603 38690
71 99 9515 50195
71 99 91746 97671
71 99 18182 53687
71 99 7306 32440
71 99 34645 61795
71 99 63624 88074
71 99 41951 70915
99 78 1723 1022
99 78 83625 87424
99 78 75374 66304
99 78 68136 56822
99 78 32706 27063
99 78 55209 49467
99 78 55218 54037
99 78 56867 56286
99 78 7449 2552
99 78 83761 91125
99 78 56056 54839
99 78 81604 68911
78 48 5977 4952
78 48 2220 2571
78 48 70578 51580
78 48 12968 4992
78 48 71768 58043
78 48 46428 44455
78 48 39890 8763
78 48 39225 8067
78 48 50474 48923
78 48 84449 75581
78 48 97930 79994
78 48 76162 59099
78 48 40840 36392
48 51 40925 30706
48 51 99616 94812
48 51 59411 39721
48 51 90079 40716
48 51 20991 28967
51 90 59901 90317
51 90 5288 12533
51 90 16807 22765
51 90 57435 62780
51 90 2557 10996
51 90 94964 94639
51 90 17718 28786
51 90 43009 51807
51 90 25712 40725
51 90 20638 36970
51 90 94174 94166
51 90 61789 91000
51 90 20292 32293
90 30 18542 5294
90 30 33787 43995
90 30 35368 61625
90 30 39950 63507
90 30 19886 19728
90 30 75130 74199
90 30 57622 70513
90 30 76281 77674
90 30 30521 23636
90 30 19327 6301
90 30 86224 90368
90 30 5893 664
30 56 35795 19921
30 56 28642 2124
30 56 39970 41691
30 56 99042 95384
30 56 86190 67571
30 56 45282 44756
30 56 46924 44757
30 56 93410 74250
30 56 32990 9910
56 62 14395 34793
56 62 49408 54665
56 62 88597 94098
56 62 7891 18327
56 62 59405 60098
56 62 74341 73936
56 62 59868 64826
56 62 63265 69043
56 62 57985 57838
56 62 2097 14874
56 62 86099 87427
56 62 20862 50682
56 62 1097 1918
62 84 95948 90368
62 84 64797 79765
62 84 54323 39240
62 84 84323 90083
62 84 17552 31766
62 84 16930 11357
62 84 79121 81537
62 84 55096 67724
62 84 99205 93326
62 84 62074 68508
62 84 64581 79246
62 84 40856 37149
62 84 12223 2924
84 100 74018 40857
84 100 659 19925
84 100 65832 38715
84 100 74741 60435
84 100 38416 22680
84 100 95582 92873
84 100 95499 79670
84 100 88616 61487
84 100 4574 20593
84 100 57179 27375
60 93 39819 45
10 77 37814 74
34 13 52459 39
48 47 6424 92
96 94 29493 29
23 96 93232 31
16 72 48789 54
50 71 25857 43
74 75 37126 3
41 50 6607 58
73 51 98456 99
98 28 62573 89
22 59 58363 45
99 32 48482 27
28 32 85658 74
58 9 1323 73
20 41 47631 50
80 17 69610 49
99 37 30209 36
58 26 23598 30
57 67 81623 85
12 10 26393 29
75 70 61342 93
74 72 5639 71
93 19 87548 5
65 73 27889 90
33 30 39190 88
53 5 45747 33
70 6 45196 30
36 42 40611 46
61 53 18443 72
64 78 51368 75
82 68 45115 90
10 90 84161 69
89 28 7607 88
83 53 8183 17
66 97 17000 31
69 30 76180 26
86 26 14719 82
65 21 29936 52
100 44 35254 71
73 21 90725 19
86 45 95560 51
99 3 15694 3
32 11 63823 16
45 24 97743 44
90 11 1852 45
20 32 87055 35
42 77 63132 14
66 75 52341 7
39 64 69456 81
100 48 53468 95
45 67 82571 42
44 86 89675 61
70 92 35777 14
27 44 92992 14
89 63 48696 94
56 83 34807 55
71 47 89765 41
12 88 29027 71
3 33 54619 4
37 24 4699 33
95 65 42235 63
79 52 76832 3
89 21 80452 66
57 11 2453 68
83 50 52084 20
22 62 51359 88
91 84 15471 22
69 57 52244 52
48 26 50774 74
84 69 92705 83
69 46 39551 83
47 71 89931 95
14 59 35311 74
83 44 73347 68
61 34 79019 25
17 39 58529 14
53 59 37403 92
49 52 23432 56
40 3 65268 12
35 69 20744 7
30 13 28270 28
48 80 41814 28
77 41 6741 86
21 76 62060 67
66 74 94722 14
91 15 63200 56
39 69 54933 31
79 59 21470 71
53 8 96431 82
43 67 81905 79
17 74 84073 39
43 23 71542 33
75 72 12638 30
39 53 26147 53
69 56 26193 77
95 49 40278 57
31 74 40988 61
41 65 30555 58
25 6 29089 13
15 51 41385 71
3 26 11310 14
93 62 72314 47
78 47 70301 22
71 82 53098 95
33 5 40892 67
98 43 90405 94
32 68 38452 15
53 52 25883 93
57 73 45975 13
35 92 89924 99
96 23 61212 4
62 46 68182 25
100 27 63680 74
4 10 13411 22
6 82 68610 65
86 18 7425 66
55 61 4239 86
23 57 12173 14
37 89 52080 52
50 9 81699 52
88 26 29846 93
50 74 37638 25
84 17 46775 33
22 76 6212 8
67 39 43700 92
18 29 87305 59
95 89 19931 27
21 83 42921 51
55 58 32875 16
25 80 12214 43
32 37 61923 73
47 43 56757 34
43 9 4228 65
26 45 35832 96
74 16 64573 13
38 73 35445 88
9 29 86022 30
43 29 78789 89
99 88 21829 54
83 64 2430 29
26 5 91484 1
6 100 25143 18
80 56 76683 8
78 22 69148 20
15 29 21034 68
55 87 19399 35
42 59 80446 81
54 58 46443 75
26 75 74443 31
12 68 15426 93
80 13 66347 4
62 75 65278 91
45 17 22204 12
61 7 38361 40
52 39 75342 71
67 79 23924 98
38 93 42234 53
89 74 27410 39
11 75 53452 33
86 36 72809 56
71 4 7838 73
9 27 54695 55
73 36 54430 74
52 28 84430 2
72 29 95741 20
25 4 16845 32
60 22 11724 46
47 87 2586 76
92 37 34155 69
27 15 73951 73
19 40 60146 23
43 64 83647 69
7 92 10080 15
89 90 21930 7
83 100 9389 89
53 24 31991 96
34 33 91261 46
5 60 36114 29
7 86 62483 19
34 63 12675 46
61 30 74640 93
13 10 26114 97
50 27 57385 70
44 70 45222 69
43 33 36770 7
75 83 14248 34
74 91 11889 35
87 83 48958 70
42 1 50400 19
56 54 51837 43
6 88 34860 89
9 82 65310 81
96 26 94633 92
33 27 9406 96
11 20 68336 59
33 54 63302 10
53 27 98544 11
54 80 98114 12
17 9 99226 82
45 11 3875 10
74 46 35035 12
24 96 63969 17
58 96 6273 44
60 44 9249 73
62 68 70077 66
35 93 39912 79
10 35 66819 35
29 90 50476 62
84 7 22533 79
27 15 79335 37
47 50 53812 39
15 92 25226 99
68 1 10405 55
96 79 3993 3
47 98 57899 55
80 57 22588 45
27 36 74164 27
88 39 27680 88
75 13 73352 96
27 7 56221 1
60 24 98996 87
6 63 17249 16
55 2 49657 74
34 94 69123 46
7 33 17337 39
74 4 60777 81
7 88 29449 13
30 100 3860 59
45 55 63042 4
77 61 83646 78
78 44 34858 20
2 27 31544 91
31 40 46146 12
35 48 13516 74
46 19 4961 36
98 44 83783 8
6 46 42028 44
75 100 98053 96
13 32 66093 48
32 50 99104 5
71 42 16570 53
34 30 45051 49
19 82 44044 24
55 90 51304 87
47 37 11171 62
93 33 7818 86
12 27 23296 74
39 33 57988 90
16 28 2519 90
53 47 37866 85
17 53 56562 48
46 27 31130 90
45 19 76177 81
4 18 62656 93
6 5 66536 5
67 93 57487 67
98 25 36431 44
83 57 58254 76
57 72 44891 7
55 18 4480 18
36 47 18689 35
34 73 26190 61
42 46 44388 48
27 12 25544 56
6 99 8676 91
37 92 55163 8
23 84 66608 66
29 52 74338 65
35 87 17250 57
99 86 28026 71
98 70 9590 90
38 8 79638 96
38 33 86240 19
29 53 25560 55
83 69 76307 26
30 43 78354 1
66 76 30454 26
29 15 11486 76
83 15 8989 51
85 20 27868 40
65 20 27970 12
98 68 85540 71
73 81 75476 22
3 92 69491 98
85 57 68637 64
47 67 20137 27
19 5 15817 8
4 31 48170 90
76 66 49304 93
66 78 63523 87
42 89 72582 98
9 84 26325 38
22 41 80701 25
51 90 36177 76
55 13 23673 73
3 56 98151 81
14 20 42442 48
52 29 12602 18
6 5 97764 37
78 19 80500 72
51 64 47816 63
34 9 26086 47
98 45 64364 6
36 88 19703 76
21 31 90346 90
47 45 62898 68
47 2 67137 66
54 40 66051 71
63 6 5060 19
4 79 22217 48
78 6 86661 30
47 34 84954 88
37 78 13167 69
23 9 67430 60
45 38 92865 3
54 43 59028 92
37 96 81659 51
98 27 34390 96
63 71 27579 42
92 66 91317 63
98 87 25310 93
56 100 15868 10
13 6 38567 12
18 84 9426 43
28 58 43828 18
19 30 10207 53
52 80 38897 19
39 58 6550 17
35 93 75876 82
34 8 15106 78
94 72 53303 56
14 12 53085 25
51 44 99157 99
40 16 29940 80
65 52 2681 74
96 59 29509 58
4 34 62141 72
78 87 85465 50
58 88 47417 96
63 94 20535 12
27 79 77112 37
21 18 35334 31
83 43 18590 55
35 63 39513 59
99 59 77483 42
84 48 50525 23
73 53 7544 67
81 23 60291 60
76 56 16984 85
19 71 27989 70
7 80 13759 8
65 29 52814 7
70 5 37224 69
2 97 96150 89
92 66 16144 72
57 62 14078 49
72 90 41892 28
94 65 60649 5
46 39 67083 72
83 11 94312 47
39 18 29414 47
18 92 93032 58
73 72 49159 24
46 63 46587 7
36 63 37447 9
25 80 16696 45
12 32 6615 80
2 15 89793 62
84 56 22064 36
6 64 8638 68
24 67 21706 27
48 13 31733 36
52 80 76799 10
24 14 81897 30
56 44 37611 81
75 32 55265 55
60 12 47209 9
1 49 67298 45
67 93 96571 22
27 84 45367 26
43 42 96094 57
100 11 17699 43
38 58 57961 81
32 97 84718 87
23 92 42188 50
1 53 17625 47
41 56 15722 62
62 16 94521 32
57 20 26713 5
24 39 32009 20
79 80 49743 54
72 71 73480 72
63 91 78259 2
44 96 32024 74
81 23 63815 65
85 41 10969 82
21 47 85248 43
59 56 84892 38
80 75 58133 65
4 99 12910 80
21 46 48554 53
51 84 73886 58
8 14 76043 43
70 72 7136 67
34 75 60896 94
85 28 55647 61
20 1 1543 46
38 1 57463 64
39 72 2545 66
27 14 52517 79
92 60 74709 83
79 85 53219 82
19 83 66897 55
93 26 57766 46
18 67 93943 41
86 28 4126 10
85 36 42362 21
73 21 14630 65
35 90 97852 7
66 82 96204 80
30 21 32006 47
90 67 65379 13
79 85 89388 42
67 23 73826 99
59 9 90436 99
25 42 85299 37
62 71 65895 32
38 92 64049 76
52 57 55329 97
20 87 97889 33
57 84 55481 72
80 88 80689 20
11 87 16117 87
65 86 60551 98
57 3 17936 81
14 2 37880 13
100 16 69625 33
50 2 61482 94
68 81 56642 48
6 59 38097 25
4 29 7442 42
43 51 52288 17
93 65 4326 3
86 73 67834 39
32 13 40764 49
96 77 30464 17
75 41 74995 95
6 60 89873 57
64 17 72345 92
19 28 16460 3
67 48 99277 4
43 57 63600 54
95 43 1085 27
63 67 38321 71
92 11 93602 74
25 32 21114 17
30 25 86821 85
30 46 89610 15
49 51 47150 58
64 48 55591 57
94 46 72018 50
87 19 6429 71
26 45 50434 100
43 69 94831 93
70 93 31025 91
1 66 78936 17
79 12 85281 37
63 94 15564 43
10 72 27250 88
85 4 35261 74
76 52 56573 38
50 48 15672 73
28 81 69902 48
92 9 12651 77
3 2 83836 81
15 61 25206 43
96 35 21932 76
14 49 52058 75
20 16 82079 65
42 51 4384 48
100 40 33685 49
66 88 44873 67
89 71 43437 35
20 87 76329 15
79 2 31708 61
25 16 53243 22
73 40 94205 62
35 31 38047 78
30 34 13047 88
90 29 29577 47
57 62 68500 47
79 73 22464 33
35 7 40949 79
63 3 81140 27
2 65 65940 69
99 61 10899 3
24 65 12988 49
17 5 79211 85
63 55 41390 55
74 9 26906 77
73 82 11991 4
45 99 3806 64
27 78 81436 6
4 73 57072 17
51 23 94476 66
15 10 47856 42
77 97 55779 79
46 63 23836 19
66 20 68368 7
37 58 20193 18
34 71 16976 24
91 17 48949 35
8 17 89205 32
34 40 84371 87
96 13 62066 52
33 72 96446 11
95 23 99178 42
6 24 94689 78
70 18 41234 61
69 5 53377 1
75 25 71431 44
73 19 6290 78
32 29 91242 9
38 77 13842 82
29 88 50776 87
87 17 13509 21
26 12 58786 35
61 22 40591 88
3 58 54747 19
39 49 65619 88
73 30 24163 86
43 70 88503 39
41 31 27662 39
82 23 42620 78
98 27 44447 54
31 30 41508 70
33 19 18829 60
83 42 37495 42
20 99 24954 79
19 77 80536 30
35 4 26749 85
79 33 93647 56
65 77 62764 54
19 60 58509 87
39 53 10970 92
42 45 42883 5
55 77 19693 82
49 53 20239 37
6 94 24870 10
9 51 18860 85
49 62 7961 50
1 20 91554 23
33 30 1704 94
44 28 40607 5
73 66 35662 73
34 38 33327 22
34 70 73491 15
90 43 87334 85
46 58 62280 81
83 25 61581 86
57 23 41183 11
1 71 88513 2
81 78 87026 97
74 25 54322 18
75 2 56063 5
55 29 17468 65
91 5 80948 14
98 87 83707 88
74 30 87922 26
76 72 7415 50
77 85 94364 25
99 27 70622 75
45 97 49167 6
47 95 17076 90
8 2 42755 5
17 69 35437 37
74 77 83943 82
81 69 5686 82
39 20 53133 55
29 64 99468 90
82 14 20094 9
64 73 98426 36
22 1 6378 75
90 4 14534 56
83 5 96027 18
22 14 25136 80
99 7 31949 89
95 30 44899 2
52 91 38111 34
58 77 44691 9
47 4 3633 66
72 57 26539 3
34 29 7089 6
96 36 46908 48
82 80 18563 90
93 10 12918 15
14 34 69653 18
79 1 55096 86
80 24 48986 91
44 86 89034 15
61 14 66092 99
65 12 35973 39
62 14 54819 42
37 44 61997 15
40 55 38924 72
66 85 18139 95
57 87 1549 87
72 90 65592 20
74 14 70646 5
96 53 56969 100
79 28 53302 77
45 15 83294 93
35 33 91429 5
60 44 76205 81
88 47 69759 39
51 86 19622 93
40 69 90657 15
13 77 74960 84
48 10 87119 4
37 100 83126 33
69 45 3175 24
62 26 14242 18
61 29 4586 5
70 59 60524 72
60 92 58533 19
83 75 85212 33
13 88 14745 59
1 62 58459 30
52 84 83355 86
85 64 25901 97
59 44 10229 7
18 9 4531 38
9 10 57130 40
37 62 25358 36
91 3 21447 38
45 49 29293 87
80 75 2517 48
77 91 65206 54
14 41 60725 93
94 90 20284 78
35 76 1822 96
30 96 62183 91
32 67 48737 15
37 94 71926 41
21 98 76256 70
68 48 31321 25
40 26 99824 91
24 41 44032 2
77 87 42482 12
49 68 7106 92
90 91 69515 91
30 99 40498 97
27 96 57248 16
39 44 25958 60
93 15 50867 49
70 16 38810 5
72 6 48744 53
30 19 63176 21
17 84 75443 35
51 5 7088 99
92 75 53351 94
33 71 21301 93
94 51 95580 98
45 17 97105 2
65 47 15291 9
37 34 36220 90
39 34 94757 53
83 54 7421 81
75 31 64391 64
49 61 92714 76
76 59 10196 31
67 16 8749 78
51 58 57162 63
53 87 37459 33
89 5 7325 28
5 98 6854 62
86 95 67283 72
30 81 85243 23
33 42 81495 4
63 23 74239 40
22 79 4785 22
65 1 97414 41
88 9 73943 84
44 78 6209 94
82 88 75912 20
67 72 53366 78
34 88 28315 39
36 78 11069 78
80 98 52553 44
85 23 96168 97
96 26 48410 68
95 33 11012 44
5 6 30869 95
5 43 57473 7
98 37 29456 67
56 96 97853 82
7 40 52939 94
91 14 51877 83
84 47 94133 77
28 41 14026 74
44 88 77550 3
31 45 32493 51
86 81 74971 64
29 32 35504 70
97 83 35975 23
78 56 94834 23
88 29 53536 46
52 14 74962 31
47 58 6074 89
98 50 31292 60
64 65 79984 100
67 12 66965 53
17 14 87068 78
28 93 18171 35
98 87 37065 36
36 78 90878 17
50 90 31027 100
42 64 61209 86
72 73 3725 24
10 62 91256 4
80 27 86067 24
83 75 16830 92
30 95 64945 39
11 33 56087 23
61 47 76982 81
6 18 52320 83
27 91 29987 7
24 51 49142 84
22 38 79509 65
67 99 62253 63
64 54 58091 89
70 30 16658 33
97 82 63101 84
99 44 31620 4
62 96 42059 65
11 72 20502 51
42 13 88092 40
77 62 31316 94
6 24 75145 44
75 85 12345 30
44 78 61597 85
8 38 34622 62
51 79 42522 88
44 73 99310 9
12 66 87306 54
31 57 5226 32
50 78 93126 98
61 85 75014 51
55 34 58203 29
95 47 61434 47
44 99 31547 54
96 14 48391 45
94 65 1733 48
67 100 17552 39
30 61 60207 49
96 59 70837 58
64 83 20087 36
62 32 3440 36
74 65 47230 52
46 97 47940 33
79 14 48489 18
83 64 51722 80
31 84 3292 47
89 63 41800 96
74 14 66337 39
85 96 53484 61
53 34 82243 64
17 2 7215 61
79 87 89501 48
72 87 82674 95
5 61 98598 37
62 36 81034 64
57 31 79225 4
53 57 81035 30
90 100 21173 78
73 17 57496 49
13 99 11022 17
68 8 12145 52
89 51 68643 43
17 3 52446 18
48 57 41536 29
69 83 62973 52
63 8 34877 79
85 77 88163 12
99 9 71605 53
83 34 81138 73
64 53 35082 64
100 14 43150 82
40 30 42571 21
69 74 14517 30
84 20 27106 28
25 44 86465 78
7 88 92320 83
20 43 55336 78
52 60 46473 75
4 60 69229 90
61 60 39285 91
50 91 69600 18
72 29 35497 52
36 34 66132 6
55 71 73302 24
71 59 48554 30
61 33 3439 31
76 37 55494 23
53 77 31385 12
64 33 80093 63
50 40 41128 51
3 47 3677 18
61 93 43555 40
96 22 55046 99
66 32 67366 4
47 81 51959 13
100 12 28629 12
26 52 60932 28
40 42 95916 88
89 98 79449 61
1 98 76781 93
24 77 25686 4
62 54 75181 58
45 87 29216 28
64 89 44419 16
20 46 12631 2
35 51 89422 63
27 6 31774 59
20 94 17340 25
51 19 46051 48
34 71 63200 83
31 87 53693 53
78 68 73587 71
99 87 13402 78
72 3 12818 67
49 2 8828 8
81 92 22157 53
96 13 64116 35
29 43 95150 17
100 94 20242 78
90 19 43500 55
95 47 8657 74
61 51 25162 59
59 7 97656 35
12 8 36872 68
57 84 42064 55
26 68 47287 80
58 34 8747 10
87 25 5980 31
94 30 60111 68
10 61 19723 3
90 80 61801 77
22 39 92120 84
61 67 5223 92
37 61 79552 83
96 13 12602 93
96 18 24934 65
23 83 17337 38
9 94 12267 67
76 79 25894 20
17 34 26450 65
45 82 37521 87
2 90 39738 19
17 18 43388 69
78 51 63842 65
17 40 29219 70
24 74 2918 31
27 96 28825 36
83 51 51180 9
48 43 37979 3
89 34 67419 20
4 17 15828 16
61 40 53330 85
75 30 73961 65
94 86 75695 10
53 6 57033 49
55 27 34046 79
23 2 98670 93
35 95 40893 90
71 13 24649 92
34 62 51345 49
30 73 83827 3
69 42 80863 56
97 11 35692 12
92 8 56107 68
27 75 93844 47
34 36 51004 57
58 6 34097 85
2 37 60621 97
36 95 91084 47
85 95 25732 79
85 57 45513 98
7 68 43215 38
87 96 74106 35
87 36 13263 93
85 40 4955 23
70 10 49786 68
56 84 20342 88
82 63 54128 32
47 3 80065 72
19 41 5396 4
78 29 43190 21
87 74 87800 67
86 6 28842 94
62 91 16395 42
66 88 6828 67
87 25 48114 15
12 54 2766 84
15 67 17523 5
58 22 41820 78
50 62 11937 45
46 29 48852 51
28 47 33359 57
84 99 17378 46
30 39 46080 71
45 60 37952 55
96 93 83359 69
37 13 10642 65
77 28 68544 42
88 9 64988 33
62 9 80682 82
71 57 88111 83
49 72 56128 65
76 33 99116 51
29 59 14803 42
22 75 12593 6
2 99 13063 24
15 6 7715 31
64 33 84579 83
45 13 68259 95
31 27 49594 3
91 14 33884 70
62 54 31336 30
68 28 32062 21
27 85 22224 43
16 40 15902 35
77 12 24781 34
64 16 28733 81
84 16 26135 65
38 16 67313 90
83 2 94124 96
42 64 44400 93
11 70 81201 32
10 48 50914 27
37 20 98503 6
24 70 47083 1
10 19 33100 18
67 22 72044 35
92 11 25133 95
35 26 77233 31
55 1 23972 85
76 82 72084 24
44 89 52083 22
77 88 65548 21
79 58 34765 96
57 42 35981 43
52 41 69394 58
91 69 88532 28
5 42 32897 26
37 61 19338 49
12 1 77780 68
36 100 97760 76
50 76 44904 33
28 42 31606 40
90 34 8705 41
59 4 80987 2
67 46 98170 11
82 80 24328 11
2 28 15601 56
78 37 66008 5
68 76 36181 46
90 9 62657 35
38 57 52100 91
93 89 65063 46
21 47 74549 65
84 82 19617 14
90 5 6872 6
69 59 84018 54
38 30 39846 6
90 98 42268 27
66 72 94815 17
82 92 85501 46
55 1 97584 57
96 43 27018 10
55 44 83842 22
23 60 59017 75
93 11 31672 5
88 15 87413 2
5 95 79332 14
36 10 95893 70
46 1 66579 58
36 3 38831 75
10 94 69028 75
39 61 56549 91
89 11 74978 81
13 79 69779 13
17 20 55197 50
89 5 93250 60
29 46 78962 82
13 84 29348 71
50 10 13458 30
11 77 19300 20
