2 13
3 15
4 26
11 29
10 41
6 38
1 37
18 39
24 40
22 45
16 48
13 52
15 61
7 59
5 68
9 83
8 86
12 81
21 82
19 87
20 90
17 98
37 94
39 91
45 96
52 99
62 92
64 84
55 80
57 73
54 69
43 71
46 75
47 76
33 74
30 77
25 79
27 62
32 58
35 54
38 49
41 44
48 55
51 56
53 50
59 43
60 36
58 35
49 34
50 31
44 27
40 22
34 23
28 21
31 14
36 16
42 7
26 9
23 12
14 19
29 51
66 57
65 66
63 65
70 63
79 67
77 70
82 60
88 64
96 72
97 78
95 85
91 88
92 89
84 95
78 93
73 97
72 100
74 53
93 46
94 42
99 47
87 33
83 32
89 24
85 17
80 11
81 3
86 2
75 1
76 5
71 4
68 6
69 8
90 10
98 20
100 18
67 30
61 28
56 25
