9 5
14 1
18 6
4 14
30 18
32 23
27 29
20 34
19 38
17 44
13 41
6 45
1 47
8 54
10 56
21 55
22 53
25 60
31 62
34 59
38 57
35 51
36 35
39 32
43 36
53 37
56 39
54 49
62 48
67 43
73 46
84 40
80 31
82 26
83 20
88 25
89 28
96 22
98 15
91 9
85 2
63 4
60 8
65 10
70 12
71 19
75 16
69 30
64 33
57 27
58 24
52 21
47 17
41 13
40 11
46 7
45 3
24 42
15 65
12 69
11 81
7 78
3 79
2 73
5 96
16 94
26 93
23 88
28 82
29 74
33 72
37 84
42 83
51 86
55 77
61 80
66 70
77 76
78 63
79 64
86 61
87 71
97 75
99 85
90 87
93 90
94 98
100 100
76 97
72 92
74 89
81 91
68 95
44 99
48 67
49 66
50 68
59 58
92 50
95 52
