6 6
8 12
3 16
2 21
4 26
14 25
16 23
12 20
11 18
25 17
26 22
23 24
22 10
17 5
38 4
37 9
49 7
54 11
52 15
58 13
63 19
67 27
68 31
66 33
74 28
81 29
88 35
92 38
96 34
94 50
83 48
85 45
84 42
77 40
78 56
86 58
91 61
98 60
82 64
70 63
69 65
71 68
73 72
76 76
80 80
89 83
90 78
87 73
99 88
97 97
75 94
65 99
50 98
44 96
42 87
41 85
40 82
39 81
46 79
47 77
43 70
45 67
34 62
27 66
28 75
21 74
13 69
15 59
18 51
20 46
24 55
32 44
33 39
29 37
35 30
36 47
48 36
53 32
61 43
60 49
59 53
56 54
62 57
64 52
57 71
51 86
55 91
31 93
30 84
19 89
9 90
10 92
7 100
1 95
5 41
72 8
79 3
93 2
100 1
95 14
