9 6
3 32
60 31
61 30
57 38
46 77
40 76
24 103
25 133
22 160
23 168
37 164
59 175
48 194
21 185
31 225
17 232
87 226
96 237
107 255
89 273
72 268
62 280
51 276
43 290
34 294
29 323
30 344
33 345
20 341
8 343
52 348
49 352
44 378
32 392
54 411
53 444
56 455
81 454
83 470
84 476
100 463
116 458
136 462
145 459
147 457
148 461
146 471
139 489
141 450
142 437
176 440
166 422
123 412
118 399
131 379
127 342
150 338
152 335
186 328
201 329
200 312
179 298
178 288
169 283
167 305
128 307
76 331
77 386
94 373
101 418
5 420
4 506
12 509
38 505
36 526
26 540
28 562
19 566
78 547
88 536
112 539
120 523
126 552
113 583
117 603
133 598
140 605
159 634
182 628
199 648
217 658
240 654
255 657
266 667
280 688
290 714
308 701
323 704
314 725
313 738
305 759
304 790
292 800
272 793
274 829
254 817
234 843
212 805
194 807
195 809
198 818
180 826
168 839
175 854
165 868
164 918
189 912
208 910
246 896
252 892
285 919
300 934
321 924
328 908
348 938
361 943
373 926
371 915
378 917
395 893
441 886
452 877
451 901
472 885
497 895
499 894
503 891
502 876
515 898
516 916
514 951
490 958
437 959
438 948
450 974
432 983
419 982
413 964
457 997
544 990
534 978
551 947
573 941
581 933
605 932
609 914
616 944
625 965
629 972
634 967
643 980
652 975
662 988
675 977
683 962
673 949
657 940
679 923
716 939
718 906
709 897
701 890
694 871
710 855
703 840
689 823
663 834
644 803
626 798
628 814
595 830
587 841
575 836
564 852
550 856
537 846
532 845
512 838
491 822
485 782
475 788
454 786
440 794
430 804
422 806
418 819
445 827
424 851
380 853
377 833
358 849
350 860
297 869
295 981
271 960
229 950
231 946
202 976
185 998
153 993
130 985
99 996
70 989
71 956
68 953
85 963
91 907
55 904
50 902
58 922
65 875
64 850
102 847
109 837
105 865
90 820
104 797
63 796
69 785
39 791
35 824
10 812
2 857
15 862
16 866
18 874
13 883
14 935
6 991
125 928
138 925
158 816
144 784
132 778
119 766
114 755
137 757
97 744
80 722
79 712
66 698
47 702
41 711
42 727
11 715
7 691
1 686
27 697
45 647
67 630
86 611
75 595
98 569
74 503
177 533
205 537
206 522
230 516
243 530
239 567
251 577
273 578
276 596
301 594
330 600
363 601
366 638
367 639
360 646
340 659
333 676
332 682
357 679
399 677
411 675
425 651
426 641
442 618
435 604
443 589
444 564
397 565
400 570
396 574
394 555
392 538
408 544
372 535
376 531
384 513
388 492
383 485
402 481
410 490
436 498
470 502
498 501
523 487
546 465
552 434
559 430
567 407
557 383
562 358
558 346
527 365
526 367
519 366
520 385
505 374
478 356
469 350
496 333
481 316
455 306
458 302
447 277
466 256
474 245
486 249
489 220
510 216
507 205
524 183
545 171
568 125
569 93
574 89
618 96
627 83
645 87
639 94
661 90
671 67
665 51
692 61
717 95
737 131
754 134
765 163
771 157
735 158
720 159
729 173
733 206
719 209
722 238
739 244
744 265
734 284
723 304
728 318
731 319
708 297
693 278
690 272
691 271
680 275
670 270
653 260
631 266
601 274
590 263
577 234
596 219
554 248
555 254
549 259
525 246
522 240
495 281
501 295
540 303
589 321
607 317
640 322
651 320
656 309
684 314
624 340
647 368
630 398
646 421
659 408
674 409
687 414
695 397
704 396
711 389
752 384
768 382
766 426
732 431
727 438
736 445
706 453
697 436
676 432
635 439
613 443
593 449
606 417
594 377
591 376
620 479
622 496
637 491
672 493
699 507
702 477
725 472
724 495
747 527
764 518
760 549
753 554
741 556
746 561
740 591
721 616
713 626
686 631
681 625
667 614
660 599
638 608
614 629
602 645
588 643
579 673
560 656
528 668
530 709
536 721
547 708
578 741
603 731
619 719
641 707
668 703
664 690
666 736
658 740
688 737
698 750
714 753
715 754
712 789
726 815
743 808
751 811
749 832
774 835
785 842
777 858
792 887
798 882
775 905
772 921
782 929
748 930
730 900
705 970
759 984
788 973
807 945
822 952
837 927
819 909
861 903
875 899
876 867
882 859
857 864
868 828
844 813
809 825
808 801
791 792
810 765
803 752
783 746
800 729
802 720
815 716
831 717
853 735
854 734
856 739
848 763
842 762
867 761
901 777
910 795
906 802
895 810
914 831
945 848
943 889
947 913
954 911
964 931
978 937
995 955
959 966
950 969
944 942
912 954
913 961
916 971
917 995
874 1000
881 968
896 936
923 879
983 880
985 844
991 787
976 775
997 747
1000 745
994 710
996 705
968 662
963 653
973 650
967 637
927 636
919 642
938 623
922 590
920 559
932 550
930 542
924 529
939 528
953 525
965 514
975 504
979 482
977 460
956 446
940 433
908 429
911 401
899 395
883 394
852 393
855 413
838 415
829 424
806 466
805 500
824 484
843 499
845 520
835 519
827 521
793 524
797 602
790 607
794 624
799 621
814 644
836 640
826 610
833 584
841 582
847 587
862 622
891 619
888 571
871 553
858 543
860 508
878 494
873 486
885 475
894 497
904 488
926 473
921 464
889 532
948 579
992 592
998 588
999 441
990 427
980 416
986 410
958 388
955 381
952 354
970 355
971 315
989 293
982 269
984 258
974 229
981 221
935 222
941 228
925 208
918 193
951 181
928 151
929 146
937 123
946 110
949 109
961 117
966 112
988 128
969 62
960 58
962 27
987 26
993 33
942 39
902 53
898 56
886 68
890 75
877 63
859 46
839 71
801 74
784 80
787 98
789 114
816 119
825 140
828 152
864 154
900 153
897 148
905 101
849 102
846 200
851 202
869 196
866 212
893 217
830 233
832 242
840 250
817 253
818 291
811 311
795 301
779 299
780 310
770 287
773 230
758 223
781 211
812 191
696 184
677 201
655 188
678 145
685 143
682 124
612 139
600 141
604 55
597 41
582 34
563 23
553 18
539 15
506 21
483 43
480 47
487 57
468 64
453 85
456 92
433 73
405 81
406 115
429 113
423 132
381 142
359 147
351 138
352 136
346 118
362 122
370 111
369 88
389 54
398 25
459 29
467 3
446 7
326 10
315 42
311 48
316 69
307 91
306 100
317 120
299 127
287 121
278 126
275 156
281 169
284 190
289 195
309 207
312 204
325 214
329 213
319 231
294 236
288 264
260 262
269 247
249 239
244 235
241 252
221 243
220 282
215 285
250 326
236 359
247 371
279 370
291 372
293 442
302 435
296 456
298 478
310 483
322 480
341 468
349 448
356 425
365 405
393 400
409 403
420 404
431 402
428 390
421 391
404 361
385 362
368 364
355 360
342 337
345 330
318 325
324 313
327 289
339 286
338 296
344 267
382 251
401 224
417 210
416 182
403 179
390 170
375 176
379 189
387 192
354 165
336 172
335 150
334 108
248 106
245 99
235 105
225 97
204 86
197 82
196 79
174 78
173 40
190 44
203 22
227 20
233 35
253 50
264 28
282 19
267 2
157 16
129 17
134 8
135 36
108 45
93 60
95 72
92 84
143 65
151 59
149 116
124 129
121 130
106 162
111 167
122 187
160 186
156 174
155 161
184 149
213 144
228 137
232 135
211 178
224 197
258 215
265 180
263 177
163 199
161 241
154 257
188 227
192 339
183 369
216 375
219 380
223 387
242 406
226 423
218 469
181 467
262 474
259 560
222 558
210 568
237 615
286 627
303 665
283 743
270 748
268 756
257 751
256 742
261 730
238 749
207 768
209 776
214 780
193 771
191 769
172 781
187 733
171 694
170 693
162 680
115 681
110 689
103 669
73 672
364 724
391 699
415 732
427 723
461 728
462 706
460 696
449 692
448 670
500 684
494 649
517 620
543 617
548 613
531 597
508 593
509 563
513 545
504 541
482 534
484 573
479 586
476 609
463 606
386 633
320 575
343 510
353 511
434 428
464 419
471 447
492 451
511 452
542 517
556 515
580 512
576 548
585 551
584 585
571 580
566 581
599 572
608 576
669 546
700 557
707 655
738 683
767 695
804 700
813 687
820 674
823 671
834 678
786 660
776 661
761 635
757 632
769 612
649 652
632 663
621 664
617 666
583 773
570 774
538 783
533 799
541 821
529 767
518 770
488 726
407 772
414 779
337 764
347 979
331 999
610 987
623 986
642 994
592 957
561 920
565 888
572 878
598 881
615 873
611 863
586 861
636 870
648 872
535 884
915 758
936 760
933 718
934 685
880 713
872 363
870 349
850 347
821 353
865 324
863 308
879 292
884 336
909 327
907 357
931 261
957 279
745 351
763 70
762 52
750 37
755 12
756 11
742 4
778 5
796 49
887 24
892 13
903 1
654 9
650 14
633 66
521 107
493 104
473 155
477 166
465 203
439 218
412 332
374 334
277 300
82 198
972 992
