9 79
34 76
53 60
69 53
63 38
114 39
110 46
117 68
122 77
136 105
129 117
86 116
79 110
88 90
104 138
106 155
108 168
103 169
91 160
80 163
73 173
76 188
89 213
124 209
141 214
126 231
131 239
105 256
74 258
78 249
48 237
45 223
29 236
4 225
19 263
16 337
31 346
33 379
30 390
8 415
11 465
1 484
6 511
15 505
38 513
35 531
46 555
57 560
61 580
32 573
17 559
82 561
102 572
115 568
118 552
113 544
98 545
93 528
70 538
62 509
37 455
84 442
85 432
90 427
96 419
101 393
97 374
87 364
92 339
99 334
100 291
125 313
140 307
152 276
162 284
179 262
196 255
211 220
215 215
229 212
223 175
210 162
177 166
181 177
180 180
189 178
172 194
171 218
123 186
137 172
148 161
167 73
178 65
208 71
206 52
213 36
203 15
149 8
144 22
127 10
279 13
287 1
303 14
306 24
288 43
253 57
281 98
300 120
332 118
343 109
357 115
377 114
371 84
386 64
363 49
358 34
348 37
341 18
364 21
359 4
404 26
402 35
434 29
456 25
457 58
459 85
436 88
441 101
413 119
421 148
432 149
418 171
410 179
396 176
395 156
393 139
388 141
339 144
334 150
293 153
258 159
266 129
227 113
205 95
316 87
321 78
417 74
490 81
498 75
524 72
546 69
553 67
567 80
565 103
560 108
566 131
570 134
569 152
599 151
600 167
588 132
594 107
620 127
647 137
669 121
681 126
678 130
699 136
705 122
729 133
739 125
727 106
725 97
715 86
717 59
722 48
697 51
695 63
673 40
655 47
643 32
645 11
659 2
696 12
701 19
736 28
747 9
782 3
792 6
783 31
801 41
809 61
793 62
779 70
789 92
802 89
845 83
854 96
881 91
871 124
870 128
835 135
820 140
778 143
759 183
760 197
735 211
723 222
714 233
718 238
694 247
671 259
680 268
656 267
639 250
630 234
616 204
651 200
668 224
691 206
702 203
690 181
670 157
713 158
751 102
742 82
761 42
836 30
852 54
909 45
917 17
942 27
956 23
957 55
969 66
981 50
997 44
993 33
990 5
992 100
985 104
964 112
963 147
940 146
955 165
959 198
927 192
903 184
904 170
893 193
880 202
863 217
860 232
848 242
837 252
838 280
818 269
804 270
799 290
785 292
770 301
741 302
745 344
755 347
764 386
784 376
810 366
812 342
807 305
828 309
858 319
890 330
887 303
914 304
913 297
907 316
910 358
876 359
864 387
846 391
847 408
839 434
830 462
773 459
774 489
775 491
766 486
749 468
744 452
740 437
721 446
704 448
686 439
675 483
663 495
679 506
685 503
726 499
730 492
750 534
769 550
781 527
800 532
822 533
825 518
795 510
819 567
826 576
842 579
840 591
867 597
872 602
869 586
888 585
891 590
883 570
884 548
879 539
906 523
905 494
895 481
918 476
924 457
944 478
926 500
932 547
962 566
973 577
980 581
984 564
987 562
968 592
934 612
921 623
946 638
953 645
952 686
954 717
970 746
1000 751
951 775
939 770
930 760
915 759
919 752
920 738
896 704
886 713
859 712
844 702
823 700
821 680
814 669
817 666
798 691
805 714
786 724
787 729
780 719
754 723
762 693
753 650
746 625
724 599
732 584
720 556
707 540
700 571
689 611
677 608
672 603
661 607
650 606
654 621
629 629
622 617
607 605
543 614
537 615
552 627
556 648
521 634
499 630
475 624
474 587
479 578
470 569
461 554
478 553
472 535
514 536
511 520
519 508
545 522
576 525
581 551
608 514
610 512
618 524
626 502
613 480
615 474
652 473
623 441
611 423
606 416
598 413
596 411
593 428
591 444
568 420
571 412
577 407
612 406
617 372
619 371
601 373
605 332
578 328
563 357
539 351
530 345
513 329
503 322
493 321
500 311
507 312
515 288
526 293
492 285
471 287
466 266
429 271
437 296
423 314
420 324
422 341
424 350
416 348
414 356
448 362
442 389
453 401
454 443
446 461
447 466
455 477
469 482
481 467
482 435
486 414
497 447
520 463
527 433
525 430
533 402
547 400
544 377
564 281
582 275
586 283
590 241
580 230
579 219
562 227
550 201
542 195
538 208
534 185
506 187
509 221
483 207
450 210
440 229
378 216
367 240
369 248
375 257
365 279
389 294
399 286
397 308
379 343
385 369
381 384
380 399
368 429
353 436
356 445
398 453
400 471
405 515
392 519
394 541
346 537
337 529
328 521
331 517
305 526
308 546
286 582
273 595
262 594
289 609
280 620
285 654
265 649
255 635
249 663
245 690
218 675
198 684
184 671
191 658
195 660
201 647
207 641
204 633
219 628
232 613
226 574
250 558
248 543
221 530
228 516
233 504
237 501
239 498
231 488
187 493
193 458
192 440
156 438
153 451
146 469
133 475
135 460
119 464
121 450
120 385
134 354
151 352
165 355
160 333
185 340
209 335
212 367
247 365
238 383
246 397
254 404
259 425
244 422
235 417
222 409
216 424
176 394
261 349
268 317
296 306
284 282
282 274
267 273
240 272
243 264
234 295
311 278
304 265
294 254
340 253
338 196
347 182
322 205
298 189
329 315
315 378
307 395
352 370
409 426
372 496
295 490
290 487
269 470
270 454
313 472
351 610
376 619
373 626
384 639
383 678
382 683
354 674
350 673
345 703
342 711
318 733
314 742
320 753
323 757
327 786
336 781
309 780
297 771
276 754
260 736
264 728
224 730
217 721
173 725
175 756
159 764
161 772
142 777
111 776
116 732
130 734
145 737
154 748
150 710
155 698
164 688
169 692
174 656
147 644
128 622
112 589
81 596
77 636
65 661
55 685
54 697
71 699
83 716
94 689
39 677
36 708
26 727
20 694
7 682
13 657
24 655
28 652
41 631
40 758
52 762
68 755
67 783
72 796
18 798
21 788
14 768
5 750
2 840
44 837
27 864
22 870
25 890
42 900
66 901
58 925
75 926
47 936
43 965
50 969
60 962
56 990
23 977
10 980
12 968
132 945
166 950
183 924
199 915
220 904
225 899
252 898
283 895
291 877
275 862
256 861
251 852
271 815
292 806
263 792
344 804
355 821
360 842
366 873
326 883
325 888
317 894
312 914
324 913
333 910
349 920
387 919
412 930
408 939
403 958
427 956
433 935
439 972
460 951
484 942
489 933
495 946
505 944
541 931
555 932
572 957
584 952
583 975
597 964
621 979
634 960
625 922
632 903
638 902
631 881
646 880
657 866
658 847
624 865
603 869
604 884
609 893
585 885
574 889
540 886
517 872
508 876
485 879
476 846
458 839
464 826
463 803
451 810
443 787
473 773
491 784
496 767
518 769
510 800
536 799
548 795
561 807
575 797
592 805
595 789
589 778
587 745
641 739
637 709
635 696
614 681
633 653
688 662
692 643
731 667
791 642
843 646
851 651
868 637
875 632
877 616
874 670
894 668
975 676
996 640
991 507
995 456
988 449
982 431
979 380
989 382
971 363
943 353
937 336
929 375
933 381
938 405
941 410
912 396
902 403
899 388
808 421
777 418
664 392
644 398
653 368
660 361
662 331
682 326
693 320
676 299
642 300
636 289
628 323
640 327
743 246
824 199
849 191
856 190
866 174
862 164
873 243
889 251
901 228
928 226
949 235
947 244
967 245
978 260
986 261
983 298
976 310
931 277
911 123
922 93
999 154
674 99
649 94
602 56
532 16
535 7
504 20
487 111
522 145
465 338
559 479
554 485
557 497
523 601
502 593
488 598
435 604
430 583
425 563
411 600
426 679
419 707
438 706
445 718
444 720
452 695
468 705
467 672
480 659
494 664
501 665
529 687
549 701
531 735
512 722
462 740
428 741
401 731
390 715
362 747
370 765
406 761
391 785
407 822
415 836
449 857
431 892
299 905
302 949
277 955
274 959
272 941
278 976
257 983
242 973
230 978
236 995
241 998
214 966
194 974
190 874
200 875
202 838
197 829
186 812
163 819
158 833
170 834
157 859
107 856
109 844
95 891
64 871
138 906
310 853
319 845
330 830
335 947
361 987
374 989
301 999
477 993
528 992
551 1000
573 996
665 985
683 963
708 970
711 954
728 953
734 982
737 986
716 984
703 991
698 940
738 927
752 907
763 911
767 908
772 918
797 921
790 937
794 948
788 981
765 997
815 929
816 897
813 858
853 860
855 868
861 878
882 887
865 909
892 938
908 928
916 943
900 961
885 971
936 994
974 967
998 988
960 934
950 923
966 916
972 917
977 912
958 896
945 867
923 863
897 854
857 848
850 843
841 835
829 825
827 811
803 824
796 831
757 818
756 816
768 793
771 782
776 774
733 763
719 801
706 827
709 841
710 849
712 850
748 855
758 882
684 814
687 790
666 802
627 813
648 766
558 851
516 828
832 779
833 749
834 744
831 726
811 743
878 794
898 791
925 817
935 823
948 820
961 808
965 809
994 832
806 588
667 549
182 565
168 542
139 557
143 575
188 618
59 325
51 318
3 360
49 142
