29 18
46 34
52 54
35 55
33 74
47 83
62 73
84 92
95 117
75 145
81 161
88 164
80 180
92 204
104 202
125 201
116 187
117 226
143 239
160 237
165 231
171 230
156 223
162 270
161 280
155 318
148 316
105 329
100 330
89 344
87 376
67 375
39 366
44 361
21 351
20 323
36 306
42 300
45 302
40 294
43 286
57 295
79 290
10 293
14 236
8 232
5 213
37 196
56 234
51 151
23 109
24 101
26 99
27 104
169 108
172 115
188 113
198 114
207 118
211 125
223 120
229 146
219 166
212 172
228 179
234 176
247 185
243 197
291 194
285 183
288 150
281 126
263 142
200 141
185 138
180 163
149 156
144 45
154 38
175 52
177 12
250 5
256 41
236 60
237 71
230 85
226 53
322 66
320 80
321 94
314 91
353 89
355 123
373 130
377 105
387 97
411 82
424 51
442 29
447 13
434 9
420 6
393 27
381 26
388 40
328 44
324 32
332 31
334 2
486 28
484 42
485 75
454 63
450 88
472 121
474 128
478 148
467 157
460 159
449 171
443 147
427 154
396 152
418 182
403 207
369 208
372 222
359 228
350 225
337 235
357 247
366 289
374 297
379 282
383 314
395 340
386 356
410 358
435 374
453 369
458 372
464 399
490 385
492 367
493 341
511 352
530 347
528 360
532 371
541 382
527 392
517 401
529 448
494 445
482 461
470 473
439 498
429 512
436 520
441 527
451 546
426 556
425 584
407 583
392 626
394 629
400 649
398 668
385 695
371 651
341 656
343 667
347 619
310 622
308 628
313 603
300 587
287 563
283 562
295 555
271 551
253 559
246 522
259 511
255 501
240 475
221 471
181 502
173 508
167 529
146 516
141 474
137 470
132 462
133 460
135 450
152 459
159 442
163 404
178 397
151 386
128 383
121 389
124 395
109 393
120 362
127 364
126 353
187 354
182 339
194 370
215 328
235 322
227 299
201 296
204 283
191 260
265 274
275 272
282 273
304 267
301 263
302 327
286 332
284 335
268 338
254 346
258 359
262 365
279 377
292 380
293 373
296 403
290 416
273 432
251 423
241 414
261 402
280 457
299 456
325 437
336 440
339 422
345 390
344 379
338 349
318 336
333 309
340 303
267 313
252 304
257 287
327 206
408 244
432 262
468 265
463 253
481 256
489 275
522 266
515 292
508 310
466 320
445 321
428 391
431 424
414 419
415 431
406 408
384 415
376 417
360 447
346 497
352 517
329 515
303 518
305 504
319 550
363 552
364 558
365 533
382 493
397 496
401 489
483 521
487 557
488 589
499 591
495 623
497 625
512 621
521 636
506 658
549 661
561 670
585 677
601 659
595 652
587 620
564 611
574 588
594 590
621 582
618 560
612 526
592 510
590 506
591 481
604 480
613 483
614 476
608 466
619 434
617 412
589 413
573 421
569 438
568 443
566 454
560 467
516 487
537 509
538 534
572 548
559 580
643 544
641 541
652 524
665 507
663 494
642 488
635 426
658 420
691 428
699 429
703 430
732 449
736 469
746 492
751 514
719 499
716 485
713 536
728 540
786 539
803 535
819 530
829 531
852 549
861 553
856 571
862 596
874 594
869 608
831 599
821 566
791 573
787 613
781 641
783 660
801 674
818 689
837 690
835 703
841 718
828 726
865 720
875 699
896 704
915 715
921 719
950 710
978 713
980 698
991 688
1000 696
986 669
976 653
987 633
962 618
954 593
960 576
957 570
985 578
990 581
999 586
946 538
911 554
913 513
897 519
928 505
938 479
968 478
981 500
998 468
979 433
969 425
965 409
952 398
992 405
997 407
925 435
912 439
903 436
895 455
887 452
898 465
917 464
908 394
858 406
838 411
809 400
824 451
785 444
776 477
795 503
808 491
815 490
840 484
832 654
850 675
851 686
859 684
882 665
907 682
902 759
891 769
873 751
855 747
847 796
820 775
802 785
780 790
771 781
777 768
744 784
725 802
727 811
742 825
724 839
729 850
712 859
694 856
670 864
656 876
668 898
687 891
688 942
711 952
735 943
739 928
765 929
773 922
770 905
764 904
758 909
772 886
794 882
806 889
804 861
807 854
796 834
800 829
827 870
849 867
860 848
866 845
871 846
880 875
884 878
877 881
878 893
864 908
830 901
814 923
810 937
812 968
811 986
816 993
754 992
666 970
660 950
655 925
598 921
615 951
622 955
623 977
629 978
580 988
556 987
553 991
548 967
547 961
546 960
565 954
543 934
554 916
533 907
504 914
518 939
479 973
448 976
457 985
422 980
423 997
412 994
405 982
399 974
409 971
419 959
413 935
416 912
389 919
390 957
378 948
370 965
380 983
375 999
309 963
312 933
330 927
326 903
342 910
358 899
362 880
349 832
335 804
331 800
348 783
356 788
367 782
368 795
361 772
354 754
351 735
315 736
317 752
297 738
269 742
264 750
244 731
224 721
233 708
202 717
195 722
197 732
209 737
153 741
139 725
130 729
106 733
94 714
83 723
69 692
48 693
34 709
16 702
22 676
25 657
13 662
55 646
59 635
54 624
68 617
53 598
41 605
28 597
18 606
11 561
6 537
1 495
4 472
2 441
19 418
15 381
32 387
30 453
38 458
71 427
110 446
107 463
98 482
82 486
85 523
103 525
111 532
108 542
73 545
65 547
50 528
77 574
70 585
90 644
91 672
101 691
112 683
140 685
147 681
150 663
179 671
206 680
208 642
210 607
225 612
238 601
222 575
203 572
205 564
192 569
186 579
176 592
190 600
174 565
142 567
136 634
248 637
249 643
245 655
274 610
278 724
316 711
404 734
421 744
430 749
438 789
455 815
452 826
473 803
475 761
480 746
501 756
496 763
520 762
542 773
551 777
545 791
536 818
525 820
519 814
510 828
491 837
505 858
552 885
570 874
582 843
599 844
616 830
620 831
627 799
625 765
632 767
648 780
646 816
685 806
681 794
692 771
715 774
723 758
700 743
677 745
657 740
649 705
626 700
609 694
588 727
578 728
555 707
531 739
513 730
507 716
469 701
477 679
461 666
465 650
462 640
456 627
476 631
444 648
440 615
446 602
391 760
402 819
417 851
433 855
437 895
306 913
294 924
272 920
270 906
266 868
277 857
289 877
298 879
311 865
307 853
323 849
260 841
231 835
239 821
216 827
213 842
214 866
193 860
184 840
170 852
166 892
189 897
196 902
218 896
220 810
242 776
157 817
131 833
118 838
115 807
123 805
129 797
99 786
97 770
61 766
63 757
17 801
7 798
9 808
12 822
60 862
72 869
74 872
78 894
76 911
58 915
49 884
31 900
102 890
119 887
122 873
113 926
134 938
138 944
168 946
183 956
199 984
232 972
276 989
164 995
158 979
114 969
96 1000
86 998
64 981
66 962
3 990
217 543
145 410
93 8
523 22
526 23
535 33
540 36
544 24
562 19
584 48
596 61
611 62
624 56
607 43
605 3
644 7
654 21
662 65
679 50
709 30
717 11
760 4
762 59
779 58
774 70
784 77
797 69
813 47
817 25
826 20
854 16
857 37
889 46
883 14
900 15
899 10
870 1
932 17
941 49
939 57
943 64
972 67
989 68
996 72
984 39
973 35
919 78
906 90
904 112
922 107
923 103
933 124
942 119
945 137
953 132
963 127
931 139
961 175
947 203
951 229
937 238
909 240
888 242
885 255
886 277
893 276
867 269
845 252
836 257
833 261
822 249
823 245
843 218
863 217
868 190
901 192
892 178
853 165
825 143
793 134
792 122
775 95
752 106
738 102
733 84
720 149
722 160
701 168
674 162
675 177
661 174
628 173
634 144
669 140
682 153
697 136
667 100
647 98
651 93
638 86
597 81
576 76
567 96
571 129
581 133
563 155
593 189
602 191
636 211
637 246
633 254
639 259
659 271
672 251
689 264
705 279
707 281
710 305
704 312
680 337
702 368
731 363
726 350
741 324
740 284
737 278
750 291
749 248
756 243
759 224
757 210
767 198
763 184
769 181
768 170
766 167
753 158
755 188
721 200
708 216
706 215
693 209
690 219
696 227
698 241
798 221
799 199
788 301
782 308
789 331
790 345
748 388
743 384
640 396
630 378
600 357
610 342
586 343
583 334
603 317
631 298
577 285
557 319
550 250
498 233
503 193
500 186
502 169
509 131
514 135
524 116
539 79
534 195
471 212
459 214
846 288
848 307
872 315
879 311
890 348
936 355
929 333
944 326
949 325
918 268
916 258
995 220
993 205
881 87
839 111
834 110
805 632
745 630
747 616
718 638
730 664
734 673
761 687
778 697
683 712
676 706
684 678
671 645
650 639
645 647
653 614
664 609
673 604
695 595
678 577
686 568
606 748
579 787
575 824
558 836
714 917
842 932
844 953
876 941
910 940
920 930
905 958
934 966
956 964
955 975
959 949
966 947
967 936
964 931
982 945
983 918
974 888
970 871
948 863
940 847
935 812
924 809
930 792
958 793
971 779
994 778
988 753
977 755
927 764
914 823
975 813
926 883
894 996
