52 31
94 16
98 62
162 53
231 74
257 80
263 43
335 157
411 227
465 231
446 197
439 115
480 81
469 15
570 26
637 50
745 129
733 183
700 220
603 211
541 315
386 312
340 383
321 374
320 413
371 473
379 559
401 547
412 542
420 532
356 593
476 660
444 738
509 798
497 946
518 951
417 978
395 966
389 1025
405 1141
407 1153
372 1163
409 1253
297 1258
290 1273
283 1247
246 1295
301 1338
315 1336
353 1323
369 1361
413 1372
334 1441
365 1556
421 1564
414 1605
336 1638
310 1630
295 1631
130 1658
45 1672
8 1673
54 1607
127 1472
169 1383
158 1329
194 1342
82 1359
95 1171
48 1179
47 1122
56 1074
215 1043
212 865
298 933
307 940
352 803
168 717
142 582
149 543
148 468
160 463
225 472
229 434
175 373
171 270
206 185
120 188
22 172
5 330
259 310
43 635
14 873
159 1222
482 1196
583 1168
592 1158
612 1259
593 1291
581 1332
669 1343
764 1335
806 1418
880 1399
868 1310
959 1298
996 1223
1069 1189
1079 1133
1117 1033
1052 1015
1023 953
983 960
1037 880
1028 834
1071 844
1058 799
1047 790
977 764
930 788
863 837
775 877
777 883
810 920
803 1014
829 1002
801 1064
835 1197
845 1209
741 1211
721 1229
725 1187
654 985
641 888
690 700
680 581
710 575
742 617
813 643
842 540
881 501
918 527
963 511
964 491
913 465
899 405
943 369
942 321
958 272
1015 240
974 186
847 175
825 234
808 255
872 257
875 313
840 290
979 401
1014 366
1133 345
1177 329
1167 390
1218 403
1268 414
1304 415
1396 467
1486 509
1568 517
1609 508
1572 446
1525 447
1529 458
1452 386
1554 333
1582 334
1546 112
1533 60
1548 36
1377 49
1301 103
1239 24
1210 159
1141 181
1119 187
1170 239
1285 241
1290 614
1213 553
1092 535
1036 577
999 587
1000 597
1106 707
1116 752
1169 780
1201 822
1199 840
1159 903
1267 896
1277 914
1300 923
1346 984
1299 1052
1357 1100
1453 1116
1465 1132
1579 1118
1599 1084
1573 1053
1650 1051
1679 1050
1741 1098
1806 1056
1906 1032
1910 974
1883 937
1860 930
1940 881
1976 845
2012 821
2014 719
2035 690
1980 677
2009 646
1898 653
1819 627
1851 580
1869 519
1918 549
1791 525
1742 510
1772 712
1757 740
1764 895
1571 910
1536 875
1500 874
1409 887
1423 731
1484 725
1462 659
1535 645
1561 683
1625 675
1600 805
1562 981
1576 1216
1521 1280
1540 1318
1629 1357
1638 1396
1623 1407
1595 1417
1646 1525
1636 1662
1697 1706
1715 1748
1792 1726
1919 1736
1970 1774
1982 1796
1925 1830
1863 1820
1701 1839
1616 1818
1558 1875
1523 1857
1552 1941
1584 2009
1604 2100
1622 2150
1607 2215
1566 2244
1545 2252
1474 2227
1493 2202
1483 2127
1485 2072
1441 2084
1366 2136
1384 2211
1372 2236
1344 2328
1274 2434
1286 2479
1257 2486
1136 2520
1149 2395
1022 2369
1048 2305
998 2149
970 2080
948 2027
944 2003
884 2006
866 2167
768 2172
754 2169
726 2192
661 2195
623 2163
578 2216
610 2293
713 2287
704 2268
739 2354
780 2361
753 2416
716 2404
662 2383
678 2550
673 2595
711 2749
749 2769
747 2713
802 2675
853 2714
883 2710
874 2743
886 2765
809 2761
826 2876
855 2959
896 2946
923 2956
986 2896
1054 2750
1135 2782
1189 2689
1245 2659
1250 2817
1310 2780
1322 2746
1361 2768
1466 2719
1492 2642
1532 2634
1520 2663
1518 2586
1469 2539
1426 2528
1429 2569
1538 2508
1503 2456
1490 2448
1570 2436
1642 2408
1733 2417
1815 2440
1846 2378
1887 2382
1892 2502
1894 2523
1891 2565
1969 2558
1949 2532
1928 2476
2040 2402
2102 2403
2129 2374
2204 2384
2238 2407
2322 2350
2440 2330
2471 2306
2455 2191
2502 2128
2483 2068
2495 2045
2606 2044
2636 2091
2624 1975
2759 1939
2815 1817
2872 1758
2830 1665
2792 1617
2640 1616
2641 1489
2661 1443
2790 1419
2764 1385
2855 1433
2854 1466
2893 1413
2937 1509
3025 1576
3067 1574
3093 1586
3155 1569
3170 1589
3217 1587
3290 1618
3320 1668
3318 1730
3247 1737
3161 1773
3127 1727
3104 1743
3077 1696
2922 1660
3010 1869
2999 1892
3043 1910
3001 1974
3009 1987
2988 2000
2953 1988
2908 2023
2878 2071
2839 2038
2805 2089
2841 2184
2925 2161
2938 2166
2982 2144
2977 2099
3088 2139
3103 2129
3120 2132
3131 2156
3164 2083
3117 2029
3199 2014
3209 1889
3195 1853
3198 1824
3335 1841
3451 1827
3459 1816
3445 1704
3374 1690
3354 1595
3401 1573
3377 1462
3253 1500
3174 1513
3184 1376
3256 1314
3387 1263
3479 1303
3646 1347
3726 1348
3736 1292
3717 1155
3753 1075
3739 1029
3799 1004
3790 983
3807 932
3803 859
3738 868
3704 945
3626 1047
3585 1144
3539 1129
3530 1128
3461 921
3477 894
3342 872
3308 832
3214 854
3207 968
3270 975
3375 971
3243 1105
3175 1111
3177 1055
3110 1081
3040 1102
2991 1143
2985 1210
2948 1181
2877 1207
2876 1028
2883 998
2967 982
3059 1008
3097 931
3125 942
3018 839
3016 776
3026 701
3065 639
2949 612
2917 652
2889 737
2904 811
2942 819
2850 876
2785 957
2697 1030
2630 996
2558 991
2533 962
2526 964
2464 963
2498 904
2511 884
2560 866
2556 830
2583 841
2555 789
2616 762
2665 733
2647 857
2627 619
2698 606
2716 605
2713 616
2766 594
2758 654
2662 563
2706 506
2584 520
2451 546
2433 588
2445 623
2389 628
2390 638
2380 631
2417 663
2378 761
2349 778
2276 817
2286 838
2253 754
2288 641
2304 578
2177 545
2152 552
2134 440
2074 419
2058 455
2052 457
2039 441
2099 279
2116 277
2182 251
2192 242
2172 317
2264 387
2369 482
2468 354
2477 297
2427 305
2391 179
2351 176
2348 114
2446 142
2575 78
2591 209
2609 267
2653 246
2659 243
2658 235
2654 177
2734 130
2817 45
2914 73
2936 4
2960 8
3149 41
3087 104
3090 230
3036 232
3046 298
3105 275
3169 269
3194 237
3226 205
3237 203
3272 190
3281 274
3239 262
3283 344
3286 398
3291 486
3329 481
3338 528
3306 541
3298 648
3311 686
3433 610
3475 573
3468 556
3481 544
3482 454
3480 442
3470 423
3476 324
3443 323
3494 280
3524 225
3515 39
3436 86
3267 89
3310 32
3305 7
3630 65
3774 152
3796 247
3765 288
3759 311
3734 341
3795 370
3810 306
3844 206
3869 117
3966 77
4100 113
4145 71
4123 2
4335 93
4437 83
4500 135
4488 221
4448 226
4413 219
4311 208
4242 245
4216 233
4260 284
4334 377
4443 402
4476 388
4479 391
4478 496
4471 521
4495 538
4416 537
4383 484
4511 471
4589 522
4579 604
4493 624
4474 655
4457 795
4385 756
4248 782
4231 810
4271 809
4298 897
4203 886
4199 855
4193 849
4170 902
4156 943
4154 958
4099 1022
4023 997
3994 995
3988 1016
3898 986
3871 994
3829 1013
3824 1101
3907 1166
3963 1154
3950 1139
4027 1249
4025 1313
4105 1353
4103 1423
4084 1406
4239 1390
4235 1312
4187 1270
4222 1232
4258 1159
4151 1078
4368 1077
4372 1031
4446 938
4541 901
4568 850
4553 741
4686 801
4769 775
4779 783
4821 721
4805 658
4752 630
4733 704
4712 697
4799 583
4879 603
4905 607
4933 609
4936 651
4965 637
4997 685
5024 745
5104 735
5128 828
5146 827
5171 814
5243 870
5183 965
5125 1039
5076 1018
5034 1042
5037 893
5077 900
5085 911
4940 909
4913 976
4865 956
4841 890
4774 1058
4706 1112
4628 1113
4639 1095
4643 1079
4525 1097
4468 1172
4436 1176
4456 1220
4445 1239
4398 1234
4366 1331
4369 1387
4382 1427
4409 1437
4400 1452
4326 1436
4362 1516
4333 1547
4350 1621
4365 1647
4426 1645
4423 1565
4565 1582
4561 1684
4559 1780
4489 1835
4469 1917
4586 1928
4640 1911
4726 1825
4732 1717
4729 1640
4765 1663
4789 1687
4812 1716
4791 1767
4884 1915
4871 1977
4857 2037
4914 2095
4946 2104
4994 2242
4930 2276
4923 2367
4849 2387
4819 2352
4804 2340
4801 2327
4835 2331
4701 2322
4666 2339
4685 2283
4663 2248
4768 2222
4749 2193
4731 2111
4597 2042
4521 2233
4348 2209
4316 2269
4297 2307
4323 2323
4331 2363
4412 2358
4388 2409
4454 2454
4430 2597
4517 2629
4600 2626
4584 2665
4619 2668
4635 2697
4609 2755
4504 2744
4496 2870
4450 2970
4502 3025
4497 3040
4535 3011
4573 3015
4678 2990
4713 3003
4742 3010
4780 2999
4784 3029
4740 3095
4767 3160
4797 3161
4873 3155
4874 3145
4891 3280
4906 3272
4859 3312
4876 3368
4875 3427
4889 3457
4886 3555
4939 3544
4995 3606
5044 3613
5039 3571
5114 3558
5108 3612
5116 3657
5049 3687
4973 3698
4963 3674
4951 3660
4842 3611
4810 3735
4758 3703
4642 3654
4638 3630
4629 3574
4677 3549
4676 3382
4684 3380
4660 3336
4689 3282
4569 3265
4587 3211
4562 3195
4656 3171
4675 3146
4473 3103
4432 3222
4501 3320
4543 3404
4458 3455
4434 3502
4427 3597
4393 3619
4336 3601
4272 3624
4274 3498
4197 3538
4094 3554
4070 3590
4074 3595
4076 3620
4026 3592
3989 3605
3965 3614
3960 3534
3961 3425
3915 3435
3870 3391
3876 3345
3849 3355
3924 3334
3943 3339
4003 3450
4017 3439
4128 3483
4118 3210
4090 3208
4057 3202
4021 3207
4054 3129
3975 3141
3936 3122
3921 3153
3885 3191
3833 3157
3721 3229
3707 3216
3683 3198
3662 3193
3667 3066
3714 3008
3712 3004
3762 3027
3913 3041
3983 3000
3940 2938
3905 2930
3941 2862
4006 2910
4037 2899
4040 2937
4149 2940
4138 3012
4153 3071
4157 3100
4175 3134
4312 3124
4313 3154
4295 3182
4349 3046
4357 3005
4275 2954
4352 2850
4160 2857
4125 2856
4038 2729
3911 2725
3884 2677
3859 2700
3908 2587
3891 2492
3895 2488
3962 2478
4016 2545
4051 2551
4134 2484
4146 2443
4172 2412
4163 2380
4202 2400
4229 2357
4262 2343
4165 2304
4061 2329
3984 2302
3927 2360
3912 2348
3881 2373
3867 2292
3787 2270
3758 2219
3724 2179
3686 2123
3674 2134
3578 2112
3559 2147
3556 2221
3605 2203
3561 2290
3628 2353
3693 2364
3773 2372
3572 2441
3591 2481
3422 2470
3402 2564
3397 2655
3430 2636
3419 2748
3403 2777
3417 2825
3486 2822
3542 2820
3610 2816
3587 2877
3565 2992
3469 2995
3448 2989
3457 3023
3437 3080
3424 3131
3358 3088
3323 3091
3292 3128
3304 3143
3367 3197
3465 3289
3527 3307
3536 3316
3525 3413
3512 3403
3513 3476
3509 3575
3540 3652
3485 3673
3449 3680
3372 3731
3313 3697
3326 3627
3284 3629
3271 3622
3219 3587
3196 3596
3191 3511
3202 3500
3203 3463
3240 3475
3235 3392
3213 3389
3190 3381
3260 3400
3331 3562
3390 3583
3618 3577
3645 3604
3666 3648
3685 3651
3697 3576
3749 3626
3732 3727
3841 3713
3850 3740
3860 3780
3831 3905
3793 3899
3743 3949
3727 3963
3819 4003
3815 4112
3830 4149
3872 4135
3931 4048
3928 4025
3946 3977
3873 3932
4013 3845
4041 3850
4029 3779
4112 3806
4148 3928
4184 3954
4270 3920
4268 3911
4319 3906
4339 3916
4351 3926
4374 3924
4449 3894
4552 3896
4614 3829
4604 3804
4577 3782
4664 3870
4645 4040
4662 4064
4659 4143
4557 4161
4524 4204
4612 4217
4603 4229
4625 4298
4592 4351
4601 4360
4591 4434
4503 4428
4392 4411
4428 4367
4411 4486
4451 4504
4373 4511
4361 4461
4296 4518
4205 4554
4144 4566
4181 4615
4180 4669
4191 4663
4189 4678
4168 4695
4062 4716
4072 4631
3973 4646
3834 4655
3837 4591
3823 4567
3766 4584
3644 4588
3641 4612
3664 4620
3648 4637
3655 4547
3663 4468
3688 4473
3690 4442
3678 4402
3794 4384
3778 4323
3896 4344
3957 4405
3945 4453
4050 4426
4044 4491
4015 4385
4136 4388
4200 4466
4174 4268
4127 4207
4052 4233
3958 4221
4093 4063
4107 4026
4147 4089
4201 4142
4210 4133
4252 4165
4276 4151
4347 4092
4470 4153
4532 4031
4566 4019
4751 4086
4811 4045
4794 4173
4806 4258
4822 4273
4852 4294
4860 4295
4858 4248
4848 4343
4711 4357
4777 4580
4762 4671
4730 4675
4633 4681
4545 4725
4508 4731
4440 4668
4418 4779
4367 4888
4310 4908
4278 4834
4247 4831
4224 4781
4055 4812
3922 4850
3890 4849
3937 4925
4008 4966
4049 4985
4088 5017
4086 5077
4058 5108
4018 5164
4010 5211
3987 5216
3998 5285
3952 5324
3882 5332
3851 5290
3828 5383
3767 5434
3730 5400
3700 5334
3706 5301
3654 5364
3689 5507
3720 5492
3665 5540
3563 5519
3545 5474
3440 5395
3364 5368
3360 5241
3312 5254
3319 5107
3369 5114
3442 5153
3473 5132
3483 5206
3462 5228
3541 5277
3640 5191
3760 5173
3797 5182
3811 5210
3788 5231
3769 5019
3818 5028
3853 4970
3874 4975
3653 4945
3460 4934
3446 4871
3463 4824
3466 4750
3589 4765
3668 4747
3781 4753
3434 4581
3399 4512
3349 4544
3293 4575
3301 4643
3328 4661
3252 4638
3187 4614
3096 4627
3058 4636
3061 4557
3052 4514
2989 4553
2984 4610
2959 4476
2940 4392
2979 4328
3039 4372
3056 4391
3037 4419
3132 4346
3176 4247
3189 4178
3204 4127
3276 4123
3255 4156
3279 4227
3423 4309
3414 4326
3441 4363
3392 4395
3411 4437
3467 4483
3489 4492
3497 4333
3577 4285
3617 4237
3634 4214
3659 4199
3537 4203
3521 4108
3601 4109
3590 4130
3582 4014
3554 3893
3492 3880
3355 3876
3275 3909
3262 3957
3321 3997
3395 4012
3450 4055
3136 4023
3135 3908
3181 3743
3166 3681
3152 3541
2945 3527
2887 3470
2931 3419
2898 3384
2863 3358
2884 3323
2788 3286
2700 3241
2686 3236
2668 3260
2628 3246
2521 3283
2479 3291
2501 3408
2460 3431
2428 3421
2416 3508
2420 3569
2484 3522
2542 3582
2564 3633
2577 3665
2649 3672
2741 3635
2784 3679
2813 3734
2868 3728
2934 3691
2971 3664
2972 3763
2946 3838
2930 3854
2913 3834
2885 3821
2840 3891
2836 4028
2778 4010
2765 4102
2870 4091
2891 4082
2976 4039
2968 4183
2916 4223
2866 4308
2807 4322
2797 4277
2777 4290
2742 4352
2708 4376
2687 4374
2680 4436
2693 4455
2696 4520
2728 4531
2670 4586
2623 4578
2587 4597
2546 4503
2473 4456
2450 4449
2408 4495
2438 4555
2388 4594
2402 4664
2512 4670
2516 4674
2506 4746
2510 4787
2576 4778
2614 4839
2625 4870
2638 4860
2574 4889
2593 4923
2650 4974
2673 4973
2712 4981
2802 5013
2862 5020
2852 5033
2843 5147
2773 5128
2724 5097
2663 5096
2635 5105
2666 5212
2737 5218
2860 5222
2861 5433
2923 5431
2911 5517
2963 5536
3054 5548
3062 5562
3111 5589
3071 5658
3005 5730
2983 5718
2909 5702
2873 5681
2915 5633
2828 5614
2809 5652
2760 5570
2812 5509
2643 5565
2582 5572
2530 5597
2549 5669
2570 5685
2626 5651
2447 5677
2357 5653
2232 5635
2236 5551
2287 5542
2335 5435
2345 5440
2262 5390
2258 5392
2235 5408
2079 5377
1904 5388
1908 5393
1759 5423
1714 5454
1702 5456
1704 5485
1719 5505
1761 5514
1746 5552
1727 5594
1710 5625
1739 5704
1775 5691
1786 5575
1901 5591
1920 5637
1950 5612
1944 5687
1916 5712
1914 5844
1973 5836
2002 5813
2032 5845
2034 5885
2033 5912
2042 5940
1988 5886
1983 5888
1889 5970
1804 5992
1795 6018
1838 6061
1767 6095
1766 6241
1783 6237
1826 6277
1753 6298
1765 6383
1731 6388
1696 6445
1618 6473
1593 6422
1610 6363
1476 6407
1431 6401
1419 6441
1374 6418
1367 6374
1324 6373
1376 6334
1364 6245
1258 6246
1220 6190
1139 6132
1114 6124
1089 6225
1003 6261
973 6313
939 6394
869 6369
793 6365
771 6346
751 6348
722 6343
695 6364
698 6319
646 6353
658 6426
602 6440
576 6436
538 6442
487 6433
493 6485
428 6524
373 6491
339 6459
201 6465
199 6367
196 6309
228 6335
291 6287
266 6196
245 6159
287 6143
345 6171
367 6049
425 6028
453 6003
452 5942
404 5841
388 5852
382 5816
445 5750
472 5745
512 5809
566 5782
607 5707
648 5734
717 5720
760 5682
846 5666
862 5700
815 5733
804 5802
736 5807
724 5840
643 5850
619 5897
705 5977
691 6006
701 6059
677 6070
587 6054
552 6067
536 6077
535 6051
524 6021
498 6140
529 6165
547 6175
562 6247
564 6342
451 6300
450 6212
728 6218
735 6239
814 6099
834 6080
901 6074
889 6012
873 5982
797 5921
865 5830
922 5725
878 5627
822 5587
811 5521
838 5482
748 5459
762 5442
746 5428
696 5436
699 5412
601 5421
577 5471
560 5527
671 5523
744 5529
794 5399
785 5331
703 5256
688 5161
551 5181
504 5149
399 5139
366 5124
358 5118
319 5140
286 5127
234 5135
260 5172
276 5349
312 5353
279 5426
285 5441
440 5472
400 5580
214 5621
79 5632
96 5663
16 5665
10 5622
34 5539
57 5481
68 5476
156 5512
119 5341
88 5350
91 5286
40 5257
35 5229
17 5221
75 5185
90 5144
89 5094
60 5049
69 5001
84 5006
167 4991
210 4930
242 4946
224 4859
204 4857
190 4796
192 4707
195 4672
208 4665
256 4676
311 4607
302 4560
288 4505
241 4535
186 4513
176 4559
172 4602
124 4628
103 4609
72 4623
83 4650
32 4640
137 4684
44 4784
6 4872
360 4874
442 4909
492 4876
520 4956
595 4971
614 4949
642 4929
667 4862
727 4853
657 4798
653 4724
663 4673
740 4713
827 4749
850 4801
1010 4799
995 4748
992 4869
1060 4912
1146 4880
1138 4785
1144 4772
1181 4777
1166 4742
1108 4727
1194 4667
1270 4744
1272 4743
1382 4608
1362 4509
1440 4542
1506 4475
1614 4462
1624 4485
1691 4497
1711 4508
1720 4548
1740 4630
1749 4647
1805 4652
1836 4691
1862 4579
1813 4571
1787 4499
1803 4366
1842 4330
1929 4300
2016 4321
2057 4338
2077 4349
2029 4263
2047 4188
2023 4138
2066 4105
2085 4110
2136 4073
2141 4036
2108 3979
2081 3913
2083 3800
2024 3776
2045 3741
2064 3710
2101 3646
2118 3533
2207 3520
2220 3414
2187 3416
2211 3385
2254 3415
2317 3412
2311 3458
2313 3340
2315 3341
2251 3253
2269 3194
2331 3188
2316 3127
2284 3077
2268 3092
2291 3002
2250 2974
2197 2960
2135 2935
2082 2893
1974 2885
1915 2984
1912 2998
1938 3093
1924 3227
1877 3218
2004 3220
2025 3183
2120 3164
2171 3224
2159 3311
2054 3348
2053 3349
2028 3464
2031 3494
1902 3591
1867 3618
1855 3634
1820 3600
1779 3506
1744 3478
1673 3515
1657 3617
1682 3632
1615 3714
1628 3746
1677 3787
1684 3808
1723 3844
1773 3943
1800 3947
1873 3934
1886 3864
1927 3859
1922 3819
1963 3718
1945 3641
1828 3769
1849 4104
1735 4132
1755 4242
1643 4251
1635 4286
1652 4320
1653 4370
1557 4361
1574 4332
1504 4303
1508 4274
1473 4340
1460 4345
1455 4368
1397 4406
1394 4307
1327 4280
1263 4266
1278 4164
1215 4159
1087 4144
1128 4076
1160 4071
1173 4054
1237 4034
1289 4007
1353 4006
1386 4057
1380 4085
1314 4061
1205 3972
1185 3874
1137 3869
1004 3889
1016 3967
966 3955
1061 4038
1063 4282
1012 4244
994 4319
972 4417
975 4459
935 4552
828 4540
852 4604
800 4641
783 4446
709 4438
731 4394
895 4378
867 4287
860 4289
851 4275
841 4106
786 4118
750 4184
672 4168
633 4166
627 4146
605 4170
655 4228
626 4053
606 4042
569 3978
519 3953
449 3922
419 3903
344 3887
318 3753
346 3677
326 3649
331 3546
305 3492
277 3454
239 3426
154 3447
61 3518
50 3553
25 3539
39 3708
74 3700
100 3742
134 3692
191 3682
202 3662
244 3540
394 3499
384 3401
454 3318
495 3356
580 3394
553 3485
571 3512
618 3487
686 3495
719 3524
755 3568
854 3565
877 3479
820 3420
757 3430
656 3443
584 3628
621 3668
534 3696
486 3686
429 3688
438 3608
447 3765
477 3792
496 3837
548 3832
546 3820
545 3810
572 3738
670 3897
812 3982
887 3841
1006 3757
1025 3748
1148 3645
1176 3594
1171 3488
1212 3490
1241 3460
1195 3434
1110 3469
1039 3521
978 3436
1035 3362
1068 3314
1094 3303
1232 3309
1226 3204
1317 3255
1337 3245
1365 3370
1511 3361
1507 3330
1589 3231
1620 3168
1645 3116
1639 2955
1687 2944
1722 2904
1796 2950
1789 2740
1686 2664
1665 2596
1634 2610
1725 2602
1693 2567
1655 2311
1700 2277
1840 2297
1799 2174
1770 2138
1732 2054
1699 2019
1713 1958
1748 1961
1683 1949
1680 2085
1839 2078
1829 1994
1896 2022
1977 2092
2069 2064
2059 1971
2119 1996
2190 1991
2157 1947
2126 1883
2221 1828
2275 1842
2306 1861
2318 1902
2395 1884
2411 1862
2434 1879
2436 1834
2431 1775
2490 1765
2548 1790
2585 1757
2672 1749
2541 1652
2514 1581
2418 1594
2363 1527
2367 1496
2263 1479
2273 1563
2199 1602
2186 1786
2242 1772
2301 1707
2384 1804
2342 2073
2307 2115
2267 2126
2281 2189
2325 2159
2358 2160
2381 2260
2229 2262
2166 2234
2107 2288
2112 2141
2122 2133
2247 2058
2259 2039
2072 1785
2062 1678
2027 1532
1992 1484
1951 1438
1948 1420
1959 1401
1960 1379
1946 1351
1998 1327
2001 1267
2005 1261
2007 1203
1996 1204
1981 1167
1935 1119
1942 1092
1989 969
2036 993
2132 1024
2326 1020
2297 979
2328 941
2398 926
2425 1036
2426 1072
2467 1135
2465 1218
2500 1299
2562 1252
2586 1199
2578 1182
2559 1087
2656 1109
2669 1287
2396 1293
2409 1388
2323 1389
2343 1200
2337 1164
2294 1178
2303 1096
2375 1140
2140 1241
2155 1276
2078 1309
1911 1286
1897 1288
1878 1301
1859 1394
1893 1405
1833 1429
1858 1468
1798 1504
1844 1637
1890 1654
1943 1539
1747 1368
1738 1350
1678 1308
1676 1254
1412 1284
1295 1317
1287 1319
1262 1285
1242 1283
1204 1302
1211 1370
1216 1460
1253 1478
1297 1490
1308 1517
1338 1480
1255 1422
1145 1434
1046 1455
1029 1448
984 1430
924 1495
937 1577
929 1651
909 1689
911 1705
904 1768
919 1802
730 1803
674 1766
652 1747
629 1812
608 1813
616 1903
586 1954
558 2066
508 2081
424 2105
380 2057
408 2241
430 2230
484 2325
332 2341
262 2316
220 2254
270 2162
80 2165
76 2176
64 2125
155 2074
145 2035
203 2012
187 1913
131 1936
102 1836
150 1769
222 1814
217 1840
258 1844
355 1854
506 1720
511 1649
516 1552
568 1562
582 1518
604 1501
660 1487
650 1474
702 1456
737 1622
776 1729
791 1899
782 2122
689 2061
833 2250
848 2281
823 2538
916 2525
957 2580
985 2648
1030 2632
503 2630
490 2554
471 2522
342 2513
284 2521
271 2518
264 2549
226 2459
129 2455
133 2605
121 2683
85 2702
118 2764
107 2891
136 2951
173 2952
185 2927
227 2934
251 2884
247 2803
268 2781
393 2786
436 2834
489 2789
522 2819
537 2839
589 2858
632 2894
597 2981
666 3038
769 3059
856 3073
849 3137
941 3118
936 3081
976 3167
1017 3172
1098 3112
1243 3064
1342 3052
1375 3043
1408 3009
1418 2977
1370 2943
1527 2925
1522 2866
1608 2889
1583 2945
1530 3170
1435 3136
1654 3278
1712 3298
1726 3317
1750 3264
1737 3223
1797 3296
1818 3335
1847 3390
1487 3528
1447 3545
1411 3588
1356 3609
1349 3615
1321 3607
1305 3666
1309 3805
1392 3788
1391 3745
1470 3758
1446 3785
1430 3852
1496 3860
1463 3895
1472 3914
1444 3917
1495 3937
1526 3919
1416 3962
1651 3973
1612 4020
1596 4095
1564 4080
1606 4225
1449 4222
1417 4226
1233 4389
1180 4359
1099 4356
1073 4375
1129 4445
1161 4487
1280 4472
1519 4626
1580 4649
1613 4635
1567 4686
1565 4758
1660 4688
1675 4692
1771 4780
1724 4830
1848 4907
1830 4984
1802 5009
1778 5016
1734 5062
1698 5059
1706 5165
1718 5238
1647 5223
1553 5250
1590 5330
1666 5343
1692 5302
1703 5402
1667 5410
1592 5439
1445 5336
1438 5292
1414 5226
1427 5125
1398 5116
1345 5085
1351 5079
1439 5044
1502 5051
1480 5109
1556 5123
1601 4914
1481 4886
1442 4916
1459 4953
1434 4828
1298 5188
1231 5163
1163 5150
1154 5177
1132 5158
1109 5239
1126 5263
1175 5262
1207 5253
1222 5320
1279 5345
1294 5348
1333 5365
1339 5378
1383 5356
1406 5362
1360 5458
1197 5495
1085 5493
1077 5499
1072 5600
1057 5602
1102 5619
1191 5626
1249 5710
1225 5737
1206 5787
1125 5774
1041 5785
1088 5853
1103 5894
1209 5906
1254 5974
1252 6031
1235 6056
1303 6066
1302 6016
1320 6000
1347 6002
1410 6014
1390 6118
1456 6122
1505 6106
1524 6103
1550 6172
1512 6221
1694 6191
1611 5998
1575 5999
1528 5941
1517 5904
1404 5871
1336 5819
1350 5692
1458 5690
1514 5650
1619 5667
1617 5695
1603 5697
1591 5776
1641 5775
2020 5660
2065 5656
2050 5593
2100 5821
2133 5834
2165 5831
2151 5909
2156 5930
2261 5956
2240 5986
2200 6022
2295 6053
2361 6011
2462 5958
2547 6037
2540 6055
2532 6073
2505 6184
2503 6193
2478 6234
2439 6235
2421 6259
2364 6271
2379 6226
2413 6382
2305 6381
2228 6352
2174 6354
2175 6483
2245 6434
2260 6581
2285 6613
2393 6656
2401 6716
2454 6632
2475 6643
2519 6676
2524 6579
2504 6556
2581 6481
2554 6404
2544 6356
2550 6331
2531 6305
2652 6238
2709 6200
2714 6202
2731 6194
2704 6286
2685 6366
2674 6386
2715 6472
2747 6533
2818 6545
2833 6608
2846 6595
2811 6625
2781 6686
2770 6741
2763 6860
2799 6958
2690 6938
2637 6939
2597 6967
2611 7064
2565 7100
2472 7121
2481 7194
2497 7267
2557 7346
2612 7332
2634 7320
2664 7294
2691 7348
2705 7371
2744 7393
2730 7419
2787 7367
2844 7333
2823 7279
2814 7266
2771 7241
2752 7238
2858 7233
2900 7227
2975 7123
3068 7054
3031 7001
3020 6981
2996 6899
3014 6782
2992 6668
2969 6587
2957 6591
3034 6547
3060 6474
3050 6451
3064 6425
2993 6412
2994 6390
2958 6415
2981 6492
2919 6484
2881 6522
2905 6753
2899 6853
3126 6916
3130 6969
3138 6983
3205 6949
3171 6891
3258 6816
3246 6720
3232 6681
3230 6627
3261 6653
3180 6637
3115 6700
3119 6750
3147 6452
3266 6501
3345 6508
3347 6515
3357 6467
3363 6558
3412 6622
3425 6620
3406 6679
3474 6685
3505 6790
3508 6806
3552 6825
3573 6786
3600 6812
3619 6775
3631 6725
3695 6739
3740 6792
3832 6777
3854 6746
3835 6645
3761 6614
3888 6555
3990 6503
4024 6420
4031 6355
4071 6340
4167 6350
4214 6345
4317 6427
4376 6431
4396 6410
4465 6448
4455 6530
4477 6569
4518 6597
4539 6651
4520 6678
4540 6704
4546 6711
4564 6692
4475 6673
4422 6684
4397 6667
4370 6740
4421 6788
4395 6864
4402 6990
4415 7046
4419 7113
4410 7196
4431 7198
4466 7181
4492 7235
4510 7126
4616 7154
4670 7169
4646 7248
4715 7245
4725 7314
4747 7301
4654 7335
4688 7391
4692 7481
4655 7477
4671 7508
4630 7585
4653 7640
4665 7701
4714 7752
4632 7780
4613 7788
4602 7797
4585 7795
4578 7824
4576 7879
4536 7842
4459 7837
4467 7917
4533 7958
4530 7967
4593 7948
4581 8013
4583 8076
4595 8133
4575 8209
4464 8192
4484 8140
4491 8126
4394 8120
4405 8096
4337 8112
4342 8225
4424 8276
4460 8304
4403 8386
4309 8354
4265 8439
4232 8473
4288 8512
4290 8568
4293 8610
4305 8664
4256 8661
4273 8756
4364 8770
4438 8767
4574 8745
4610 8744
4622 8785
4672 8702
4716 8642
4755 8603
4808 8626
4856 8611
4863 8601
4796 8539
4763 8503
4788 8474
4916 8469
4945 8435
4972 8422
5002 8419
4988 8396
4950 8342
4902 8310
4869 8332
4834 8336
4862 8250
4814 8193
4761 8165
4719 8179
4703 8160
4723 8107
4697 8027
4786 8043
4836 8035
4825 8119
4770 8280
4624 8341
4608 8380
4556 8413
4550 8542
4571 8621
4554 8640
4375 8581
4378 8559
4343 8588
4338 8699
4137 8685
4108 8687
4142 8644
4140 8580
4132 8571
4188 8563
4182 8520
4195 8395
4129 8425
4039 8479
4046 8614
4042 8713
4014 8761
4045 8812
3969 8838
3968 8929
3986 8966
4066 8975
4033 9060
4000 9075
4011 9097
3956 9043
3955 9187
3944 9240
3900 9161
3763 9173
3723 9180
3694 9235
3657 9268
3643 9275
3581 9277
3599 9236
3627 9328
3622 9444
3593 9491
3604 9532
3553 9550
3520 9490
3533 9391
3511 9355
3484 9330
3464 9373
3447 9421
3427 9539
3289 9565
3212 9574
3141 9513
3162 9466
3124 9411
3095 9325
3150 9310
3140 9194
3092 9163
3094 9149
3080 9125
3102 9081
3083 9000
3075 8924
3123 8936
3173 8923
3188 8952
3182 8970
3244 8977
3225 9017
3274 9038
3285 9112
3343 9004
3348 8951
3400 8928
3324 8834
3234 8866
3134 8856
3007 8857
3033 8773
2990 8743
2932 8710
2865 8668
2851 8651
2791 8673
2853 8550
2869 8491
2921 8487
2918 8448
2803 8399
2838 8348
2892 8284
2895 8238
2847 8213
2962 8173
3030 8141
3047 8272
3073 8271
3106 8301
3112 8320
3002 8338
3265 8337
3224 8244
3216 8217
3322 8175
3415 8162
3458 8161
3523 8186
3557 8134
3555 8124
3546 8099
3567 8047
3583 8033
3496 8000
3454 8041
3380 8123
3296 8039
3229 8063
3251 7893
3299 7881
3344 7904
3384 7905
3381 7911
3407 7900
3391 7863
3379 7860
3404 7848
3418 7832
3393 7770
3366 7746
3315 7782
3333 7827
3332 7970
3109 7945
3099 7935
3029 7888
3042 7873
2980 7921
2998 7991
2864 8012
2875 8046
2897 8070
2804 8094
2774 8083
2751 7983
2754 7942
2798 7923
2848 7949
2827 7816
2857 7804
2952 7822
2935 7763
3113 7769
3139 7762
3089 7801
3192 7704
3178 7668
3183 7650
3142 7614
3223 7573
3287 7589
3300 7602
3334 7581
3341 7502
3268 7476
3273 7441
3376 7426
3361 7408
3456 7363
3452 7355
3416 7296
3388 7273
3365 7263
3257 7317
3167 7336
3157 7368
3101 7380
3114 7237
3159 7246
3185 7205
3069 7191
3032 7493
2939 7479
2927 7519
2779 7518
2755 7537
2703 7572
2602 7534
2561 7532
2469 7513
2422 7550
2387 7560
2355 7517
2213 7525
2208 7558
2163 7626
2180 7689
2123 7671
2011 7712
1952 7627
1958 7597
1986 7587
1834 7591
1843 7522
1807 7521
1768 7457
1907 7448
1932 7401
1882 7378
2003 7375
2092 7330
2121 7242
2225 7218
2218 7130
2219 7090
2153 7132
2056 7089
1987 7069
2013 6996
2049 6987
2000 6962
1993 6874
2010 6870
1962 6894
1884 6907
1871 6808
1841 6779
1885 6729
1866 6672
1788 6702
1762 6642
1763 6566
1707 6617
1632 6571
1585 6633
1539 6621
1478 6618
1425 6688
1335 6744
1282 6879
1275 6893
1152 6932
1095 6872
1051 6798
1032 6747
971 6703
950 6706
953 6596
903 6534
905 6458
836 6471
789 6567
743 6623
729 6629
644 6649
649 6548
659 6521
679 6509
613 6513
599 6480
555 6611
554 6669
464 6665
460 6719
461 6799
527 6917
549 6971
574 7031
507 7141
443 7086
385 7092
323 7093
273 7079
249 7091
232 7099
183 7084
110 7017
139 6896
141 6852
46 6849
86 6690
218 6762
238 6593
391 6612
374 6937
390 6965
350 7004
364 7203
432 7286
530 7281
523 7359
499 7409
485 7461
475 7530
458 7515
370 7505
363 7455
398 7453
427 7427
585 7449
539 7536
542 7654
600 7685
640 7661
685 7670
720 7702
765 7724
781 7760
824 7716
859 7744
955 7761
954 7682
900 7653
914 7512
864 7511
890 7362
969 7390
980 7311
945 7303
906 7212
891 7176
951 7162
1021 7166
1008 7117
988 7000
946 6976
968 6952
1001 6933
870 6935
857 6926
807 6921
758 6966
818 7038
787 7071
871 7050
876 7027
892 7057
784 7187
779 7201
752 7249
714 7252
708 7195
559 7213
772 7307
715 7548
734 7644
622 7617
456 7611
337 7633
281 7634
275 7529
213 7373
193 7376
177 7353
125 7394
97 7459
21 7439
65 7350
92 7327
99 7290
66 7287
71 7658
29 7641
117 7734
151 7750
28 7823
55 7897
115 7926
78 8049
178 8058
207 8040
254 8050
267 8088
333 8073
343 8132
328 8156
248 8152
243 8005
274 7931
265 7913
314 7871
327 7810
362 7918
359 7932
378 7984
383 7979
457 7947
528 7986
573 8037
565 8075
561 8100
467 8089
491 8148
521 8223
533 8214
590 8256
628 8297
625 8352
594 8374
630 8446
687 8458
707 8443
795 8492
799 8493
839 8531
843 8607
931 8669
926 8714
861 8782
763 8740
676 8760
738 8823
770 8861
778 8934
788 9008
732 9032
636 9050
544 9070
481 9042
431 9056
435 9015
422 8938
392 8955
354 8949
316 8898
216 8894
140 8939
109 8873
93 8880
62 8850
105 8831
108 8810
67 8691
180 8646
280 8632
306 8579
292 8504
221 8495
237 8450
189 8445
235 8384
322 8346
347 8358
397 8357
381 8232
308 8298
157 8286
116 8361
81 8456
13 8434
27 8295
63 8189
240 8708
272 8722
377 8730
361 8637
426 8575
515 8500
531 8482
550 8522
617 8639
505 8683
488 8724
575 8878
598 8906
639 8912
563 8953
470 8948
479 9129
357 9169
303 9151
289 9150
296 9197
300 9253
317 9237
250 9223
233 9219
163 9215
143 9214
59 9213
23 9298
24 9396
58 9400
70 9484
114 9448
146 9434
197 9420
205 9408
188 9458
253 9459
304 9473
324 9504
329 9583
299 9635
252 9564
153 9671
132 9775
104 9791
211 9753
219 9884
209 9916
223 9923
184 9918
164 9913
166 9943
77 9924
3 9837
26 9689
37 9586
9 9534
144 9366
152 9365
126 9318
255 9342
309 9352
348 9362
410 9356
416 9276
468 9302
543 9303
611 9322
609 9383
668 9399
684 9425
761 9467
638 9518
635 9569
694 9589
683 9616
675 9677
774 9684
756 9737
798 9788
766 9860
792 9937
693 9973
631 9999
647 9883
596 9805
712 9807
893 9863
920 9742
917 9723
902 9710
907 9628
898 9597
894 9553
921 9567
949 9592
961 9438
990 9464
1118 9527
1192 9593
1158 9636
1081 9648
1122 9732
1115 9743
1101 9790
1111 9864
1090 9869
1049 9974
1007 9977
965 9942
1002 9785
1234 9754
1228 9824
1296 9839
1238 9915
1236 9949
1348 9946
1389 9967
1488 9932
1467 9861
1428 9752
1405 9709
1379 9728
1399 9659
1420 9668
1464 9615
1454 9526
1415 9511
1424 9480
1421 9554
1401 9555
1378 9577
1355 9437
1354 9390
1323 9403
1292 9280
1312 9256
1433 9269
1510 9264
1516 9346
1577 9344
1605 9360
1648 9436
1664 9499
1672 9503
1661 9510
1736 9492
1745 9493
1752 9486
1816 9424
1785 9337
1780 9296
1756 9152
1817 9141
1810 9022
1809 8907
1832 8897
1870 8824
1923 8791
1926 8718
1936 8694
1971 8653
1997 8594
1939 8574
1899 8596
1777 8622
1793 8549
1845 8478
1900 8428
1978 8436
2091 8437
2131 8385
2150 8382
2158 8402
2193 8365
2209 8279
2257 8230
2350 8226
2359 8216
2373 8204
2368 8274
2312 8163
2321 7985
2383 7933
2457 7840
2489 7793
2449 7767
2370 7742
2299 7799
2176 7773
2205 7956
2198 8016
2196 8077
2138 8093
2113 8109
2096 8108
2139 8139
2109 8170
2144 8210
2137 8240
1956 8261
1955 8322
1975 8312
1934 8303
1864 8287
1801 8281
1730 8359
1637 8409
1586 8350
1541 8371
1537 8387
1515 8415
1497 8557
1479 8692
1381 8682
1363 8794
1343 8805
1284 8967
1330 9031
1318 9102
1291 9120
1214 9182
1188 9233
1172 9221
1198 9281
1044 9263
960 9216
910 9228
915 9284
928 9304
837 9248
832 9140
858 9093
934 9092
1045 9094
1038 9119
1086 9074
1097 9005
1040 8995
1011 8922
1024 8902
1055 8814
1027 8765
1033 8648
1083 8613
1142 8627
1178 8709
1229 8564
1183 8485
1151 8498
1134 8464
1156 8452
1074 8461
1031 8497
989 8524
956 8515
993 8421
967 8314
938 8292
885 8296
981 8270
1020 8245
1105 8248
1182 8282
1208 8299
1260 8294
1187 8347
1155 8345
1143 8122
1157 8081
1130 8056
1113 8059
1070 8101
1009 8111
1043 8019
1076 7909
1165 7862
1186 7768
1251 7718
1271 7719
1328 7703
1325 7638
1371 7675
1403 7681
1407 7664
1422 7677
1450 7714
1443 7757
1482 7660
1498 7649
1534 7615
1587 7621
1602 7636
1705 7698
1881 7687
1909 7802
1933 7812
1917 7864
1861 7865
1872 7880
1812 7887
1811 7836
1754 7847
1662 7912
1597 7954
1543 7977
1477 8091
1400 8036
1368 7910
1369 7891
1246 7922
1259 8007
1261 8117
1293 8105
1307 8164
1332 8166
1319 8181
1316 8224
1334 8228
1331 8215
1509 8241
1627 8266
1688 8242
1681 8197
1659 8171
1674 8098
1621 8102
1769 8115
1758 8151
1814 8082
2021 7870
1994 7841
2061 7903
2115 7963
2507 8026
2493 8057
2568 8092
2571 7849
2579 7725
2642 7756
2780 7674
2995 7606
2492 7603
2536 7425
2639 7396
2430 7384
2412 7413
2290 7432
2347 7310
2400 7175
2406 7012
2482 6889
2520 6814
2572 6819
2620 6713
2599 6654
2352 6809
2327 6840
2270 6826
2173 6768
2094 6751
2076 6677
2043 6526
1954 6538
1852 6536
1865 6514
1868 6561
1875 6443
1824 6429
1821 6402
1822 6464
1930 6249
2015 6273
2037 6308
2095 6116
2111 6090
2067 6048
2230 5866
2272 5889
2283 5810
2320 5780
2435 5569
2448 5401
2476 5370
2429 5284
2470 5235
2466 5202
2432 5183
2339 5176
2255 5138
2280 5261
2539 5266
2534 5194
2517 5200
2613 5240
2655 5312
2651 5337
2681 5371
2677 5291
2610 5391
2589 5480
2617 5872
2694 5887
2689 5991
2621 5967
2645 6146
2769 6093
2775 6092
2890 6105
2903 6173
2902 6209
3041 6214
3066 6206
3072 6220
3079 6174
3163 6199
3200 6145
3206 6136
3242 6170
3317 6163
3351 6166
3307 6204
3413 6252
3405 6296
3386 6332
3408 6384
3439 6444
3453 6488
3551 6392
3576 6291
3569 6161
3444 6180
3383 6107
3352 6063
3269 6069
3220 6072
3129 5995
3078 5932
3051 5936
3048 5864
2987 5814
2842 5874
2789 5848
2829 5966
2907 5946
3295 5952
3378 5949
3382 5945
3394 5965
3435 5948
3455 6038
3471 6042
3500 6007
3531 5911
3670 5905
3747 5878
3733 5795
3679 5796
3635 5763
3550 5762
3595 5825
3586 5647
3421 5541
3356 5555
3337 5478
3278 5515
3241 5526
3228 5615
3227 5724
3327 5760
3325 5794
3368 5757
3371 5854
3277 5839
3186 5389
3153 5246
3137 5198
3145 5170
3146 5160
3107 5215
3222 5184
3248 5133
3254 5065
3210 5057
3121 5075
3100 5045
3098 4986
3128 4983
3154 4898
3263 4931
3259 4936
3264 4808
3070 4773
3076 4762
3084 4751
2822 4807
2743 4782
2746 4682
2800 4656
2825 4660
2796 4595
2756 4444
2849 4409
2632 4348
2679 4291
2608 4157
2600 4160
2529 4201
2535 4111
2543 4066
2569 3976
2646 3985
2596 3898
2594 3843
2682 3863
2732 3766
2795 3602
2719 3531
2699 3503
2684 3484
2707 3444
2605 3410
2573 3428
2603 3517
2508 3818
2523 3892
2377 3846
2338 3849
2336 3902
2329 3986
2346 4001
2362 4004
2302 4009
2333 4052
2340 4079
2415 4099
2442 4139
2407 4176
2353 4257
2266 4246
2256 4350
2183 4400
2170 4463
2142 4464
2143 4613
2202 4565
2293 4510
2330 4530
2309 4457
2509 4369
2528 4371
2566 4396
2226 4152
2217 4093
2224 4044
2246 3940
2239 3825
2191 3798
2195 3719
2282 3658
2344 3685
2385 3704
2397 3791
2019 3995
2103 4208
2051 4549
1953 4574
1903 4545
1921 4424
1937 4653
2006 4705
2070 4701
2073 4657
2127 4729
2130 4732
2098 4759
2084 4805
2105 4858
2017 4825
1990 4767
2008 4927
1961 4935
1931 5021
1876 5032
1874 5004
1823 5086
1825 5195
2041 5224
2018 5120
2030 5058
1999 5063
2161 5080
2145 5029
2160 4967
2222 4941
2231 4842
2382 4851
2392 4852
2491 4988
2757 4901
2901 4903
2954 4948
2974 5103
3245 4533
3218 4470
3085 4107
3006 3396
3004 3205
2970 3199
2950 3235
2966 3138
3027 3105
3013 3054
3055 3056
3108 3079
3118 3140
3143 3133
3201 3061
3211 2957
3168 2933
3193 2864
3160 2833
3158 2776
3221 2785
3233 2726
3208 2693
3236 2576
3238 2531
3231 2483
3309 2530
3302 2620
3339 2734
3316 2792
3282 2967
3340 2986
3133 2872
3116 2810
3011 2818
2933 2845
2824 2830
2808 2772
2748 2770
2736 2723
2725 2692
2761 2695
2894 2676
3028 2684
3057 2573
2965 2536
2947 2480
3000 2464
3012 2435
2943 2393
2928 2371
2896 2401
2835 2399
2762 2422
2735 2317
2683 2324
2676 2275
2644 2246
2598 2214
2604 2198
2671 2185
2717 2237
2740 2220
2920 2218
2944 2295
2978 2282
2886 2291
2906 2512
2688 2482
2619 2449
2592 2425
2629 2600
2622 2647
2496 2654
2486 2611
2499 2561
2480 2547
2414 2534
2399 2552
2354 2546
2296 2497
2289 2635
2249 2614
2210 2641
2248 2682
2237 2715
2216 2724
2265 2808
2366 2953
2459 2920
2458 3086
2721 3107
2727 3033
2816 3063
2782 3150
2826 3189
2867 3196
2929 3078
2772 2879
2733 2855
3165 3256
3687 3432
3783 3461
3800 3504
3547 3750
3624 3836
4228 3747
4223 3736
4267 3767
4314 3715
4371 3712
4414 3725
4389 3801
4404 3830
4299 3858
4514 3640
4358 3359
4975 3328
5043 3288
5086 3372
5147 3338
5178 3292
5240 3275
5248 3364
5225 3387
5184 3433
5229 3547
5269 3516
5295 3603
5404 3585
5531 3563
5560 3598
5593 3643
5600 3644
5590 3693
5598 3754
5518 3732
5483 3671
5469 3809
5471 3822
5519 3868
5574 3930
5522 3994
5489 3983
5530 4077
5507 4181
5495 4200
5543 4197
5564 4243
5433 4231
5422 4131
5415 4117
5410 4067
5293 4059
5245 4069
5145 4070
5156 4087
5139 4096
5138 4047
5159 4027
5129 3915
5115 3885
5113 3855
5131 3802
5091 3797
5087 3796
5014 3815
4885 3826
4996 3974
5075 3952
5219 3918
5266 3890
5280 3839
5343 3861
5347 3689
5199 3694
5189 3706
5200 3724
5211 3749
5165 3756
5256 4209
5290 4245
5324 4267
5339 4412
5440 4397
5451 4469
5542 4479
5587 4407
5515 4365
5708 4358
5779 4353
5767 4262
5765 4249
5723 4235
5748 4189
5747 4074
5725 3998
5704 4013
5676 4032
5652 4037
5660 4046
5829 4049
5907 3942
5931 3950
6089 3960
6093 4024
6078 4041
6147 3999
6176 3965
6238 3956
6214 3877
6194 3875
6135 3873
6072 3879
6088 3812
6027 3831
6029 3707
6171 3722
6197 3699
6358 3729
6387 3676
6436 3759
6619 3768
6624 3717
6656 3793
6705 3811
6714 3771
6741 3760
6847 3803
6901 3824
6910 3790
6912 3752
6902 3726
6876 3631
6817 3584
6894 3532
6919 3526
6925 3536
7021 3543
7056 3535
7069 3551
7125 3552
7158 3566
7154 3642
7186 3701
7114 3755
7092 3761
7053 3690
7047 3625
6987 3655
7012 3794
6970 3853
6921 3886
7013 3904
6960 4000
6875 4002
6805 4008
6758 4097
6796 4172
6830 4155
6831 4193
6928 4220
6944 4213
6952 4177
7005 4190
7078 4195
7128 4185
7214 4192
7234 4212
7249 4250
7324 4232
7328 4174
7422 4167
7458 4150
7438 4119
7439 4115
7403 4103
7383 4050
7470 4056
7491 3944
7498 3912
7551 3938
7565 3933
7653 3946
7596 4011
7659 4186
7722 4137
7792 4140
7791 4269
7811 4255
7783 4312
7835 4327
7851 4390
7919 4430
7927 4526
7934 4522
8049 4551
8114 4568
8204 4680
8232 4761
8185 4783
8195 4847
8207 4905
8075 4891
8018 4893
7936 4896
7881 4865
7830 4881
7804 4878
7806 4875
7767 4866
7649 4835
7646 4906
7608 4917
7547 4940
7536 4887
7521 4899
7482 4867
7465 4877
7441 4854
7410 4902
7353 4954
7326 4990
7280 5007
7210 5036
7151 4955
7101 4892
7017 4894
7002 4809
6981 4763
6989 4693
6949 4677
6988 4590
7038 4556
7106 4539
7118 4573
7160 4515
7201 4398
7238 4415
7404 4401
7436 4460
7425 4524
7379 4536
7341 4616
7309 4651
7278 4648
7276 4587
7296 4698
7290 4752
7301 4775
7337 4739
7352 4685
7430 4697
7485 4585
7570 4632
7571 4474
7624 4458
7614 4416
7665 4541
7706 4527
7740 4489
7741 4238
7598 4253
7493 4264
7483 4230
7256 4094
7225 3984
7300 3969
7167 3951
7188 3927
7255 3816
7311 3764
7315 3720
7342 3784
7466 3783
7490 3683
7601 3661
7610 3656
7591 3637
7578 3507
7542 3496
7590 3451
7726 3445
7719 3407
7770 3374
7737 3322
7736 3254
7746 3258
7647 3232
7628 3268
7643 3333
7476 3357
7362 3373
7336 3399
7268 3386
7229 3424
7185 3429
7179 3305
7190 3301
7243 3281
7308 3277
7340 3109
7343 2987
7332 2978
7355 2869
7391 2860
7369 2823
7385 2787
7440 2791
7429 2888
7503 2966
7557 2988
7637 2982
7640 2931
7669 2905
7729 2916
7780 3020
7808 3039
7662 3042
7687 3085
7603 3097
7605 3104
7566 3201
7505 3062
7543 2848
7593 2846
7581 2688
7588 2637
7434 2662
7390 2616
7378 2559
7345 2542
7325 2588
7264 2577
7266 2541
7235 2515
7189 2477
7138 2490
7095 2447
7022 2429
6977 2509
6979 2640
6939 2646
6935 2733
6888 2754
6892 2778
6882 2799
6887 2806
6872 2890
6790 2923
6746 2997
6663 2980
6574 3006
6543 3047
6502 3019
6447 3017
6454 2976
6485 2936
6514 2947
6529 2972
6508 2840
6465 2826
6466 2814
6450 2796
6437 2827
6442 2847
6432 2868
6323 2878
6291 2912
6299 2964
6310 2979
6348 3014
6413 3114
6377 3173
6306 3163
6196 3165
6185 3221
6182 3267
6281 3310
6296 3302
6304 3351
6312 3365
6336 3477
6223 3482
6212 3411
6179 3441
6110 3402
6105 3360
5962 3354
5911 3263
5895 3174
5879 3166
5870 3113
5885 3070
5925 2969
5847 2949
5817 2918
5770 2898
5664 2861
5533 2914
5496 2993
5482 3016
5460 3065
5437 3069
5399 3021
5332 3049
5322 3084
5307 3101
5262 3132
5264 3051
5230 3068
5141 3111
5110 3148
5038 3098
5123 3018
5177 2922
5190 2913
5223 2895
5132 2821
5122 2667
5105 2653
5053 2673
4993 2657
5019 2618
5008 2762
4976 2760
4911 2738
4882 2843
4872 2882
4895 2881
4954 2842
4978 2902
4986 2915
4855 2983
4844 2828
4813 2841
4717 2812
4737 2908
4652 2887
4708 2672
4795 2696
4753 2544
4721 2491
4644 2560
4598 2516
4281 2499
4246 2494
4315 2612
4171 2627
4212 2671
4243 2187
4190 2173
4194 2096
4219 2041
4121 2015
4119 1953
4135 1925
4169 1932
4173 1951
4179 1870
4244 1898
4306 1843
4344 1855
4379 1761
4453 1740
4332 1692
4183 1642
4185 1575
4035 1558
3894 1542
3887 1611
3764 1583
3729 1598
3658 1531
3677 1481
3607 1560
3507 1530
3549 1741
3636 1734
3629 1718
3647 1680
3649 1809
3777 1819
3801 1896
3814 1930
3827 1935
3903 1963
3935 1982
3999 1938
3879 1831
3820 1742
3806 1503
3812 1411
3883 1458
3886 1345
3840 1240
3910 856
3845 769
3836 729
3748 705
3713 678
3682 672
3656 715
3623 615
3544 684
3650 478
3681 479
3691 513
3718 515
3791 490
3878 461
3967 300
4036 295
4048 365
4063 392
4101 364
4117 474
4178 426
4213 626
4277 662
4226 722
4133 674
4079 666
4089 647
4104 744
3997 682
4032 560
3612 411
3673 281
3144 347
3215 437
3151 514
3122 533
3074 475
3082 464
3038 469
2973 483
2956 507
2859 566
2924 328
2786 322
2874 198
2882 154
2234 133
2223 108
2168 111
2117 136
2038 140
2022 106
2055 95
1985 75
1967 193
1947 218
1995 215
1853 261
1827 287
1856 375
1716 178
1695 109
1794 68
1879 19
1880 20
1895 784
2097 786
1266 797
1247 763
1202 687
1224 1235
1283 1208
1093 1325
1066 1339
1084 1511
1082 1548
1121 1608
1124 1676
1120 1694
1196 1669
1221 1625
1219 1585
1244 1567
1227 1529
1223 1514
1387 1610
1385 1615
1436 1657
1451 1566
1461 1447
1547 1691
1494 1755
1475 1781
1276 1791
1288 1881
1326 1940
1359 1989
1273 2007
1264 2021
1230 2031
1203 2121
1184 2183
1281 2170
1019 2053
1062 1990
1190 1873
1026 1682
615 1695
513 1435
620 572
38 2243
51 2315
1 2406
18 2506
42 2578
325 2703
473 2732
494 2907
510 2917
525 2921
349 3024
341 3083
423 3110
579 3217
796 3248
888 3326
313 3315
20 3261
49 3094
123 3096
113 3058
7 2958
73 3851
181 3823
179 4017
174 4058
198 4068
200 4129
182 4154
135 4134
12 4100
36 3988
33 4259
31 4310
111 4317
165 4305
112 4452
330 4441
376 4425
293 4387
294 4206
517 4126
591 4477
455 4537
351 4538
375 4633
502 4645
483 4721
557 4776
706 5003
819 5034
805 5061
790 5076
844 5134
987 5141
962 5046
925 4942
1127 5054
927 5264
908 5278
997 5447
932 5530
1005 5969
1075 6015
991 6079
982 6083
952 6216
1080 6360
1053 6396
1064 6428
1100 6435
1104 6546
1042 6562
1034 6504
1018 6478
1131 6339
1174 6329
1150 6290
1248 6406
1313 6477
1352 6457
1531 6520
1594 6687
1588 6769
1581 6783
1640 6929
1598 6977
1626 7041
1751 7039
1760 7049
1808 7024
1784 7108
1790 7206
1728 7163
1658 7159
1549 7134
1471 7096
1437 7156
1457 7211
1358 7239
1341 7145
1240 7164
1265 7199
1164 7192
1123 7228
1096 7258
1078 7392
1067 7404
1059 7495
1065 7569
1050 7610
1013 7552
1147 7570
1140 7526
1306 7542
1393 7524
1432 7507
1388 7437
1311 7403
1315 7352
1340 7351
1269 7318
1168 7366
1179 7077
1200 7028
1193 7020
1112 7025
1091 6993
1256 7098
1402 7037
1489 6988
1448 6914
1542 7280
1559 7445
2089 7498
1857 7155
2106 6906
2184 6975
2710 7011
2745 7107
2750 7112
2767 7105
2810 7081
3330 7036
3385 7056
3495 7044
3558 7068
3588 7124
3671 7114
3672 7058
3731 6959
3741 6903
3804 6960
3914 6974
3906 7035
3976 7078
3982 7087
3977 7180
3979 7288
3932 7298
3866 7275
3825 7256
3838 7143
3852 7127
3784 7135
3754 7146
3735 7173
3742 7193
3728 7207
3692 7257
3606 7247
3532 7240
3498 7232
3518 7152
3529 7431
3603 7415
3611 7420
3642 7442
3698 7417
3660 7329
3560 7499
3571 7528
3566 7622
3526 7620
3519 7588
3487 7579
3516 7673
3613 7679
3637 7699
3715 7708
3708 7630
3746 7652
3858 7590
3902 7600
3995 7596
3970 7639
3974 7696
4085 7688
4126 7747
4206 7772
4238 7792
4255 7794
4250 7805
4269 7852
4192 7861
4067 7876
4068 7831
4047 7943
3978 7882
3964 8003
3971 8025
3953 8097
3992 8137
4056 8199
4124 8188
4166 8247
4245 8269
4218 8147
4345 7965
4377 7961
4381 7874
4318 7915
4304 7766
4253 7736
4286 7647
4241 7593
4328 7584
4363 7695
4486 7735
4515 7667
4531 7488
4567 7430
4599 7418
4417 7421
4408 7475
4264 7452
4280 7402
4225 7414
4102 7423
4004 7454
3951 7434
3925 7446
3865 7504
3776 7487
3620 7578
3574 7730
3562 7732
3504 7817
3488 7814
3669 7920
3699 7896
3816 7939
3809 7993
3789 8125
3751 8116
3826 8158
3843 8196
3821 8277
3725 8262
3598 8257
3575 8259
3614 8178
3596 8471
3570 8541
3503 8501
3429 8527
3396 8467
3303 8470
3362 8566
3353 8706
3389 8719
3250 8737
3197 8689
3008 8657
2961 8605
3063 8584
2726 8548
2722 8532
2753 8518
2720 8440
2718 8431
2701 8411
2711 8311
2692 8260
2633 8308
2618 8331
2525 8398
2453 8405
2419 8410
2424 8463
2488 8451
2463 8535
2456 8585
2410 8595
2372 8587
2365 8526
2292 8502
2278 8454
2203 8468
2148 8509
2178 8565
2114 8658
2048 8641
2104 8758
2169 8746
2233 8733
2324 8741
2374 8764
2423 8792
2444 8716
2494 8742
2552 8799
2527 8888
2537 8921
2485 8968
2487 8865
2443 8870
2371 8997
2404 9078
2452 9064
2595 9012
2831 8992
2806 8909
2856 8875
2880 8820
2912 8815
2888 8935
2955 9054
3021 9024
3019 9249
2997 9266
3024 9354
2964 9369
3022 9450
3023 9495
3015 9540
3049 9556
3017 9600
2910 9590
2926 9544
2834 9551
2776 9537
2749 9572
2793 9594
2821 9667
2832 9746
2871 9778
2879 9706
2768 9731
2738 9705
2729 9704
2631 9713
2601 9725
2607 9768
2551 9698
2615 9623
2588 9578
2518 9545
2515 9516
2474 9525
2461 9536
2441 9571
2332 9591
2310 9601
2300 9563
2271 9558
2215 9561
2214 9585
2212 9637
2164 9614
2147 9674
2087 9673
2063 9641
2060 9598
2046 9696
1979 9712
1965 9766
1941 9758
1905 9750
1888 9702
1782 9708
1774 9662
1729 9701
1743 9761
1633 9720
1569 9692
1669 9664
1837 9631
1964 9575
1913 9520
1984 9392
2110 9381
2162 9407
2167 9443
2244 9441
2356 9418
2386 9387
2437 9363
2522 9332
2580 9291
2590 9265
2405 9244
2376 9300
2314 9343
2252 9278
2189 9270
2154 9148
2179 9106
2185 9051
2194 9048
2125 9025
2090 9083
1957 9118
1968 9198
2044 9243
2068 9468
2088 9461
2146 9765
2149 9762
2201 9772
2188 9817
2124 9825
2128 9928
2206 9879
2360 9798
2334 9670
2553 9851
2567 9912
2667 9907
2702 9903
2723 9814
2783 9802
2820 9873
2837 9888
2951 9891
2941 9978
3044 9996
3081 9945
3086 9741
3053 9724
2986 9776
3156 9652
3297 9770
3294 9810
3280 9898
3288 9931
3370 9919
3502 9910
3514 9917
3499 9871
3493 9870
3510 9844
3506 9827
3491 9795
3472 9811
3615 9796
3602 9843
3592 9947
3638 9951
3543 9963
3534 9983
3770 9972
3805 9958
3822 9930
3846 9929
3862 9985
3985 9998
4002 9831
4009 9799
3954 9813
3899 9812
3889 9781
3785 9792
3752 9835
3709 9852
3705 9777
3651 9760
3633 9649
3597 9627
3750 9650
3808 9621
3696 9502
3661 9489
3676 9401
3737 9316
3757 9326
3782 9348
3864 9336
3904 9404
3880 9442
3948 9457
3972 9431
4020 9410
4075 9430
4053 9546
4073 9633
4177 9611
4330 9610
4320 9658
4353 9666
4435 9687
4483 9645
4542 9655
4528 9699
4537 9711
4634 9774
4691 9744
4735 9820
4766 9894
4839 9950
4921 9854
5009 9818
5018 9691
5004 9679
4941 9682
4944 9608
4935 9557
4991 9530
4981 9432
4938 9417
4929 9393
4823 9385
4807 9299
4775 9320
4781 9258
4647 9218
4623 9338
4596 9350
4548 9327
4555 9319
4551 9301
4526 9323
4494 9247
4407 9217
4384 9104
4308 9110
4283 9082
4303 9179
4322 9329
4321 9415
4211 9428
4150 9357
3993 9331
3980 9339
3775 9220
3786 9073
3710 9088
3621 9099
3522 9061
3501 9029
3616 8895
3579 8827
3568 8779
3652 8787
3609 8721
3584 8659
3680 8696
3756 8690
3755 8731
3771 8726
3847 8749
3863 8757
3920 8717
3901 8681
3923 8660
3933 8612
3798 8553
3802 8511
3779 8514
3772 8516
3745 8442
3722 8459
3675 8499
3478 8416
3398 8330
3350 8288
3938 8229
3792 7787
3991 7347
4019 7324
4060 7291
4109 7299
4098 7229
4030 7260
4209 7274
4220 7222
4254 7171
4294 7186
4287 7142
4291 7133
4324 7052
4257 6992
4301 6925
4261 6800
4162 6763
4131 6695
4064 6728
4043 6732
4001 6807
3947 6817
3897 6877
3918 6898
4007 6902
4034 6928
4082 6918
4065 6886
4078 6851
4114 6855
4139 6963
4161 6602
4116 6590
4095 6560
4059 6230
3996 6219
3917 6188
3868 6149
3817 6134
3701 6192
3703 6240
3716 6236
3719 6380
3711 6400
3856 6376
3916 6337
3942 6338
3909 6315
3877 6270
3855 5987
3768 5971
3934 5957
3949 5823
3981 5772
4005 5778
3919 5739
3929 5716
3842 5676
3839 5765
3959 5617
3939 5583
3893 5464
3857 5477
3926 5403
4143 5417
4186 5406
4259 5425
4302 5487
4340 5547
4237 5598
4227 5599
4234 5607
4263 5631
4204 5664
4155 5581
4083 5606
4087 5508
4069 5516
4096 5465
4130 5309
4097 5244
4081 5252
4215 5174
4266 5145
4390 5129
4360 5281
4406 5298
4544 5303
4538 5313
4615 5319
4673 5307
4709 5275
4720 5251
4785 5219
4776 5155
4757 5064
4722 5092
4687 5110
4667 5053
4626 5037
4668 4993
4661 4968
4648 4961
4718 4950
4741 4884
4750 4829
4705 4823
4840 4855
4815 4918
4861 4951
4900 5025
4826 5083
5031 5093
5050 5121
5072 5060
5068 5012
5048 4994
5041 4963
5136 4969
5169 4939
5196 4836
5251 4856
5270 4821
5237 4736
5224 4735
5227 4719
5213 4708
5172 4723
5064 4728
5117 4662
5042 4618
4959 4700
4928 4679
4838 4694
4888 4756
4920 4843
4927 4845
4977 4846
5093 4841
5344 4873
5311 4910
5341 5011
5338 5035
5374 5043
5369 5119
5334 5131
5350 5201
5346 5255
5426 5259
5409 5419
5438 5506
5457 5560
5465 5564
5436 5579
5355 5571
5276 5582
5194 5586
5221 5620
5247 5749
5306 5703
5294 5828
5239 5856
5208 5913
5130 5870
5069 5882
5067 5884
5054 5943
4968 5976
4949 6008
4890 6019
4853 5985
4924 5962
4961 5900
5001 5862
4878 5838
4830 5833
4837 5803
4851 5713
4901 5679
4943 5701
5007 5680
5089 5675
5106 5573
5095 5494
5148 5490
5210 5475
5260 5501
5207 5366
5164 5317
5062 5247
4979 5203
4932 5274
4987 5382
5027 5418
4918 5449
4880 5429
4868 5469
4827 5467
4764 5473
4746 5559
4756 5642
4778 5686
4690 5696
4637 5649
4516 5601
4490 5466
4425 5457
4401 5728
4472 5773
4391 5859
4307 5849
4249 5893
4221 5895
4198 5855
4110 5892
4080 5951
4106 5984
4176 6023
4022 6025
4028 5901
4122 5752
4159 5769
4115 6152
4164 6195
4300 6156
4327 6213
4356 6289
4461 6265
4507 6285
4527 6266
4513 6336
4480 6217
4452 6114
4512 6113
4505 6094
4498 5968
4485 5954
4442 5964
4386 5975
4399 6030
4627 5929
4620 5896
4607 5832
4682 5877
4707 5944
4710 5979
4759 6029
4694 6075
4669 6091
4649 6151
4621 6201
4651 6229
4683 6248
4606 6254
4738 6325
4831 6307
4881 6303
4800 6263
4820 6168
4897 6176
4903 6133
4910 6130
4919 6098
4970 6057
4992 6058
5015 6117
5055 6142
5112 6076
5133 6096
5167 6119
5195 6138
5185 6153
5277 6101
5292 6046
5282 5972
5362 5902
5455 5919
5528 5907
5523 5827
5462 5790
5475 5742
5521 5688
5512 5638
5541 5578
5626 5576
5607 5655
5596 5678
5678 5764
5713 5759
5745 5818
5806 5829
5830 5826
5958 5786
5951 5722
5939 5729
5943 5604
6020 5608
6045 5503
6071 5491
6076 5462
6120 5497
6123 5534
6148 5397
6166 5405
6195 5347
6164 5272
6245 5282
6355 5314
6390 5346
6526 5367
6520 5380
6575 5363
6589 5372
6597 5359
6594 5355
6643 5342
6691 5361
6668 5394
6684 5437
6732 5488
6808 5504
6869 5528
7015 5522
7080 5496
7119 5500
7139 5479
7155 5415
7211 5511
7230 5545
7365 5531
7287 5452
7407 5404
7413 5384
7400 5293
7248 5304
7252 5192
7176 5190
7184 5180
7150 5232
7030 5111
6986 5071
6950 5056
6941 5104
6908 5090
6857 5026
6865 5018
6864 4915
6893 4924
6917 4864
6862 4722
6739 4738
6725 4793
6642 4790
6588 4769
6614 4740
6653 4625
6761 4644
6842 4582
6728 4523
6694 4435
6632 4431
6635 4490
6528 4484
6533 4427
6559 4383
6490 4318
6460 4421
6411 4386
6337 4432
6322 4440
6351 4493
6349 4498
6276 4496
6361 4561
6321 4642
6356 4709
6380 4703
6370 4760
6329 4814
6165 4827
6058 4838
6017 4868
6053 4976
5989 5000
5982 5068
5938 5072
5928 5137
5933 5220
6048 5230
6057 5227
6055 5186
6192 5168
6311 5082
6418 5100
6544 5126
6539 5159
6583 5187
6602 5101
6678 5038
6753 5030
6729 4999
6704 4978
6717 4952
6706 4913
6727 4882
6673 4863
6552 4879
6517 4921
6519 5015
6363 5002
6345 5233
6557 5289
6606 5287
6627 5279
6681 5297
6737 5335
6793 5267
6743 5142
6713 5146
6795 4943
7044 4987
7077 5055
7299 5117
7381 5095
7366 5156
7442 5069
7420 5031
7363 4826
7501 4818
7518 4792
7192 4815
7120 4804
7062 4770
7070 4689
7059 4381
7081 4380
7061 4325
7074 4260
6978 4270
6985 4306
6907 4276
6897 4364
6788 4316
6700 4342
6674 4362
6639 4252
6599 4187
6585 4121
6498 4113
6484 4116
6506 4158
6505 4018
6433 4051
6335 4148
6130 4136
6152 4182
6079 4196
6067 4205
6091 4210
6041 4261
6021 4314
6012 4313
5955 4293
5941 4281
5890 4341
6036 4439
6087 4404
6115 4480
6073 4546
6103 4601
6101 4658
6137 4639
6163 4696
6188 4570
6175 4283
6126 4329
5693 4288
5706 4521
5757 4529
5775 4690
5749 4714
5730 4710
5665 4745
5609 4717
5555 4730
5554 4774
5616 4813
5601 4617
5653 4621
5509 4589
5511 4702
5479 4904
5540 5014
5644 4996
5742 5008
5756 5098
5728 5193
5711 5196
5690 5217
5764 5214
5640 5269
5599 5243
5568 5171
5557 5157
5569 5333
5666 5344
5656 5369
5529 5407
5532 5450
5566 5498
5675 5518
5774 5554
5888 5550
5942 5502
5921 5432
5876 5427
5909 5351
5987 5416
6001 5420
5994 5453
5978 5438
5840 5641
6104 5698
6124 5783
6150 5767
6168 5777
6174 5808
6149 5861
6128 5916
6097 5920
6066 5898
6063 5876
6022 5857
6003 5868
5984 5842
5964 5928
5970 6131
5960 6141
5886 6111
5878 6060
5826 6088
5789 6243
5737 6267
5705 6268
5702 6341
5633 6344
5659 6424
5668 6532
5712 6576
5794 6583
5838 6582
5839 6575
5927 6592
5945 6652
5936 6693
5975 6680
6081 6699
6099 6727
6065 6787
6056 6911
6030 6947
6143 6941
6129 6972
6184 6936
6193 6875
6244 6912
6262 6838
6294 6803
6274 6752
6200 6793
6407 6759
6449 6770
6510 6818
6511 6854
6534 6871
6545 6923
6553 6919
6604 7002
6587 7047
6707 7042
6781 7003
6783 6945
6845 6942
6863 6901
6886 6830
6946 6829
7001 6867
7007 6943
7036 6922
7084 6991
7147 6964
7213 6836
7247 6776
7286 6785
7251 6710
7220 6624
7141 6600
7048 6628
7028 6670
7025 6784
7068 6815
7121 6789
7131 6758
7161 6754
7194 6496
7232 6371
7274 6370
7323 6368
7398 6375
7419 6372
7415 6398
7387 6411
7380 6408
7401 6516
7348 6537
7358 6630
7313 6606
7477 6589
7479 6574
7495 6697
7433 6708
7428 6721
7449 6801
7523 6833
7492 6868
7508 6905
7453 6924
7456 6934
7467 7034
7474 7076
7409 7070
7389 7088
7548 7102
7577 7110
7592 7094
7612 7013
7560 6980
7561 6953
7604 6882
7657 6873
7721 6866
7727 6850
7690 6749
7677 6701
7661 6712
7732 6717
7739 6664
7764 6550
7840 6543
7975 6551
7999 6568
8059 6615
8045 6726
8042 6822
8058 6856
8034 6900
7990 6892
7972 6881
7920 6810
7929 6791
7923 6694
7884 6663
7893 6639
7925 6470
8010 6357
8160 6349
8171 6421
8189 6450
8197 6523
8215 6564
8239 6599
8246 6644
8203 6648
8132 6549
8383 6553
8384 6552
8471 6605
8476 6502
8500 6362
8398 6326
8374 6333
8303 6321
8339 6244
8356 6224
8361 6198
8404 6210
8462 6233
8312 6207
8325 6155
8420 6085
8449 6040
8499 6033
8521 6017
8578 5988
8608 6034
8661 6065
8711 6100
8681 6147
8623 6150
8593 6112
8688 6211
8724 6251
8715 6499
8665 6527
8594 6565
8609 6660
8712 6601
8739 6585
8810 6559
8811 6479
8824 6482
8829 6423
8952 6462
8943 6519
8923 6507
9048 6469
9071 6455
9091 6475
9032 6437
9033 6403
8980 6361
9051 6310
9067 6284
9116 6304
9159 6320
9145 6264
9144 6182
9120 6167
9028 6242
8982 6110
8947 6086
9014 6044
8861 5983
8779 5947
8762 5937
8740 5891
8719 5873
8690 5918
8634 5867
8481 5847
8452 5835
8417 5843
8379 5865
8344 5869
8366 5931
8440 5933
8306 5789
8360 5711
8191 5719
8095 5714
8109 5646
8090 5623
8213 5596
8295 5544
8373 5524
8406 5561
8445 5616
8515 5533
8553 5532
8645 5510
8687 5546
8710 5558
8766 5567
8764 5537
8864 5557
8888 5538
8972 5588
8951 5629
8948 5648
8795 5645
8797 5668
8678 5684
8639 5673
8667 5611
8677 5609
8698 5748
8753 5781
8998 5801
9040 5820
9140 5955
9217 5923
9239 5771
9312 5837
9436 5788
9455 5792
9489 5735
9481 5699
9501 5671
9477 5584
9433 5525
9368 5585
9352 5624
9351 5634
9267 5605
9153 5603
9161 5543
9115 5549
9049 5590
9019 5446
9007 5358
8917 5386
8873 5379
8827 5360
8838 5321
8788 5376
8736 5375
8700 5381
8691 5413
8756 5414
8744 5306
8745 5295
8697 5329
8566 5325
8540 5294
8562 5237
8473 5245
8391 5310
8428 5463
8268 5448
8249 5461
8242 5409
8236 5234
8262 5225
8182 5271
8144 5199
8135 5178
8110 5166
8051 5213
8013 5208
8014 5204
7955 5209
7880 5205
7799 5207
7784 5175
7769 5136
7708 5099
7642 5087
7631 5088
7788 5048
7834 5078
7845 5106
7833 4979
7829 4726
7954 4795
8036 4788
8043 4800
8069 4734
8124 4995
8157 5024
8086 5066
8023 5130
8048 5411
7966 5451
7937 5373
7930 5566
7841 5577
7837 5610
7798 5574
7745 5592
7720 5535
7723 5430
7718 5354
7743 5352
7786 5311
7674 5318
7671 5300
7656 5280
7589 5328
7462 5444
7463 5613
7511 5628
7568 5644
7583 5654
7573 5670
7556 5694
7582 5706
7600 5755
7622 5736
7652 5746
7703 5743
7700 5824
7793 5851
7889 5881
7901 5899
7874 5939
7890 6027
7952 5981
7970 5994
8112 6036
8141 6041
8128 6064
8107 6125
8134 6177
8040 6181
7891 6178
7796 6071
7679 6078
7698 6097
7675 6137
7616 6160
7621 6050
7580 6032
7660 5935
7488 5924
7496 5908
7448 5822
7414 5766
7374 5779
7473 5751
7534 5758
7510 5784
7550 5806
7584 5812
7639 5643
7418 5639
7310 5693
7257 5723
7202 5689
7129 5618
7004 5630
6996 5661
6927 5708
6909 5747
6854 5717
6780 5727
6829 5791
6850 5798
6884 5875
6961 5915
7003 5917
7020 5938
7089 5934
7207 5910
7282 6010
7316 6104
7334 6203
7306 6232
7335 6293
7245 6316
7203 6231
7133 6164
7130 6123
7200 6087
7217 6084
7011 6089
7018 6158
7040 6187
7035 6347
6931 6262
6848 6279
6868 6322
6762 6260
6768 6228
6723 6215
6726 6295
6670 6317
6662 6255
6572 6276
6504 6257
6467 6179
6402 6189
6284 6154
6256 6120
6218 6115
6228 5978
6265 5890
6333 5914
6376 5925
6389 5926
6478 5903
6486 5883
6497 5950
6444 6009
6429 6035
6367 6024
6366 6068
6648 6052
6665 5997
6719 5953
6773 5990
6803 6039
6858 6026
6823 5960
6799 5922
6742 5815
6568 5797
6480 5770
6456 5738
6448 5741
6428 5793
6371 5768
6319 5672
6266 5715
6213 5636
6100 5817
6092 6297
6109 6306
6170 6327
6159 6399
6016 6416
5959 6414
5946 6413
5861 6489
6011 6510
6024 6588
6235 6542
6248 6554
6259 6535
6341 6578
6427 6572
6493 6541
6461 6449
6379 6389
6393 6359
6280 6324
6240 6301
6236 6269
6219 6274
6201 6253
6189 6250
5871 6278
5813 6302
5762 6323
5669 6227
5581 6223
5570 6135
5585 6082
5637 6013
5630 5996
5603 5963
5402 5811
5394 6197
5285 6222
5252 6256
5273 6395
5153 6387
5143 6351
5046 6358
5028 6318
5020 6446
4990 6453
4793 6460
4727 6518
4739 6573
4702 6674
4783 6691
4887 6661
4898 6647
5070 6689
5051 6735
5045 6764
5036 6804
4980 6844
4893 6927
4883 6940
4818 6876
4824 6796
4754 6841
4582 6834
4588 6910
4560 6957
4724 7066
4829 7189
4843 7197
4952 7354
4958 7374
5063 7383
5187 7398
5214 7440
5182 7473
5283 7468
5353 7470
5358 7464
5381 7520
5380 7599
5301 7631
5291 7720
5349 7722
5443 7741
5452 7776
5432 7796
5372 7835
5319 7857
5289 7834
5258 7890
5242 7902
5234 7784
5228 7781
5188 7789
5202 7709
5097 7809
5061 7820
5065 7843
5032 7854
5017 7889
5011 7957
5154 7973
5192 8069
5206 8150
5255 8219
5345 8211
5352 8231
5336 8159
5430 8145
5454 8265
5389 8323
5326 8325
5420 8366
5473 8427
5494 8418
5510 8394
5588 8364
5646 8333
5768 8373
5793 8383
5754 8430
5761 8457
5719 8480
5744 8629
5804 8600
5827 8592
5968 8604
5923 8652
5949 8680
5957 8700
5990 8676
5947 8762
5950 8854
5961 8843
5972 8868
6006 8946
6009 9041
6007 9058
5971 9091
5999 9158
5998 9267
6054 9402
6015 9482
5953 9524
5929 9588
5922 9665
5910 9663
6028 9676
6018 9639
6049 9634
6141 9647
6209 9693
6237 9686
6278 9733
6308 9787
6332 9868
6350 9902
6328 9981
6288 9971
6208 9965
6139 9892
5899 9893
5836 9855
5841 9836
5821 9780
5780 9749
5732 9740
5703 9748
5641 9801
5621 9845
5625 9882
5526 9895
5514 9941
5567 9944
5575 9956
5670 9952
5734 9853
5758 9816
5781 9877
5778 9897
5777 9660
5729 9618
5649 9604
5629 9625
5661 9661
5602 9488
5597 9398
5578 9397
5550 9345
5450 9305
5376 9262
5325 9334
5268 9375
5302 9413
5396 9427
5439 9535
5486 9515
5492 9596
5400 9644
5363 9612
5318 9685
5309 9745
5303 9823
5337 9886
5330 9980
5304 9994
5109 9934
5134 9866
5166 9786
5161 9626
5137 9559
5173 9533
5193 9377
5081 9347
5052 9341
5058 9181
5151 9238
5249 9290
5274 9183
5281 9143
5254 9144
5335 9160
5364 9100
5360 9009
5373 8984
5408 8983
5447 8996
5397 8930
5423 8816
5405 8755
5497 8728
5573 8821
5709 8839
5785 8860
5805 8908
5835 8825
5783 8711
5700 8732
5694 8982
5733 8994
5620 8976
5651 9138
5583 9206
5466 9199
5504 9115
5246 9020
5209 9044
5149 9080
5121 8886
5102 8871
5056 8885
4964 8877
4966 8849
4915 8893
4912 8925
4925 8959
4833 8972
4832 8889
4790 8903
4798 9028
4744 9019
4760 9095
4736 9117
4529 9111
4506 9127
4439 9063
4380 8988
4346 8973
4282 8950
4207 8900
4230 8832
4196 8795
4152 9076
4113 9142
3848 8917
3780 8911
3744 8965
3875 8852
3892 8863
4499 8978
4658 8941
4743 8753
4816 8780
5066 8739
5176 8715
5191 8675
5218 8615
5288 8624
5314 8633
5286 8705
5272 8769
5297 8774
5296 8790
5212 8916
4947 9052
4892 9033
5012 8623
5057 8528
5140 8543
5168 8519
5180 8530
5261 8551
5305 8484
5103 8444
5071 8321
5047 8344
5005 8239
4960 8218
5059 8177
5163 8237
5313 8023
5368 8010
5393 8017
5390 8038
5359 8061
5501 7966
5517 7960
5594 7916
5612 7994
5680 7974
5679 7895
5662 7829
5643 7808
5658 7694
5561 7690
5491 7646
5435 7692
5446 7884
5820 7898
5842 7901
5849 7941
5856 7964
5926 7978
5897 8008
6000 8015
5977 7962
6039 7971
6136 7997
6204 7996
6186 8062
6243 8071
6225 8110
6246 8176
6301 8187
6297 8207
6254 8254
6211 8329
6138 8356
6084 8343
6043 8368
5997 8362
5965 8466
5874 8447
5902 8305
5850 8246
5816 8234
5773 8283
5715 8221
5672 8142
5635 8169
5613 8114
5536 8208
5500 8554
5417 8618
6154 8697
6205 8747
6230 8736
6251 8636
6221 8590
6353 8552
6404 8538
6431 8533
6438 8569
6482 8567
6476 8475
6522 8372
6479 8326
6548 8300
6622 8268
6651 8275
6647 8327
6637 8340
6837 8309
6836 8198
6885 8104
6964 8051
6953 7987
6937 7851
6866 7815
6825 7825
6792 7850
6749 7791
6718 7883
6655 7821
6650 7738
6470 7697
6414 7745
6439 7790
6331 7728
6338 7711
6295 7710
6285 7733
6271 7775
6215 7739
6181 7676
6167 7624
6114 7601
6118 7478
6142 7429
6077 7372
6068 7344
6059 7328
5993 7253
5996 7216
6005 7101
6047 7115
6052 7072
6162 7063
6234 7065
6226 7165
6173 7226
6202 7361
6258 7395
6289 7406
6381 7424
6368 7480
6417 7469
6420 7472
6443 7465
6531 7490
6586 7531
6603 7527
6640 7456
6649 7422
6682 7364
6715 7334
6811 7339
6798 7200
6813 7125
6874 7138
6934 7157
6929 7183
6920 7224
6891 7219
6984 7174
6999 7136
7026 7185
6947 7111
6967 7023
6955 6968
6787 6847
6774 6811
6852 6724
6870 6598
6880 6594
6938 6563
6959 6529
6991 6528
6815 6495
6812 6497
6738 6544
6722 6461
6699 6463
6611 6447
6554 6391
6555 6603
6446 6655
6403 6658
6292 6635
6391 6888
6383 6970
6373 6982
6435 7018
6455 7053
6409 7116
6422 7179
6426 7254
6440 7316
6457 7340
6489 7343
6500 7319
6530 7289
6400 7325
6352 7153
6661 7177
6652 7204
6744 7147
6736 7128
7196 7119
7222 7214
7233 7265
7303 7272
7283 7160
7512 7182
7522 7144
7538 7045
7684 7103
7744 7118
7742 7067
7738 7032
7757 6997
7774 7014
7787 6978
7681 6946
7635 7184
7747 7231
7775 7210
7858 7261
7892 7285
7853 7331
7852 7407
7865 7467
7797 7482
7810 7509
7779 7586
7755 7613
7802 7629
7885 7655
7935 7727
7950 7726
7821 7749
7752 7721
7702 7771
7724 7800
7663 7866
7715 7927
7761 7944
7763 7981
7782 7972
7846 7952
7814 7875
7831 7853
7872 7813
7903 7872
7993 7930
8097 7975
8085 7988
8054 8028
8078 8121
8017 8157
8025 8174
8022 8202
7984 8154
7910 8135
7855 8153
7863 8168
7869 8201
7733 8183
7756 8143
7650 8194
7633 8182
7576 8074
7545 8024
7531 7955
7525 7951
7481 7968
7406 8004
7295 8068
7182 8085
7178 8034
7212 7976
7231 7953
7293 7928
7279 7859
7261 7845
7191 7855
7159 7892
7116 7919
7104 7856
7146 7811
7041 7764
7042 7743
6976 7705
6878 7672
6883 7623
6879 7605
6856 7567
6827 7582
6838 7510
6918 7559
6972 7544
6966 7533
6982 7484
7010 7489
7008 7492
7055 7435
7082 7360
7148 7337
7014 7338
6990 7345
6975 7369
7127 7466
7275 7494
7265 7412
7351 7462
7384 7592
7405 7656
7386 7686
7370 7779
7564 7844
7632 7715
7630 7700
7554 7556
7455 7543
7519 7443
7516 7381
7626 7370
7707 7356
7730 7447
7980 7389
8024 7388
8083 7485
7985 7506
8082 7612
8172 7535
8217 7483
8272 7497
8284 7500
8314 7545
8296 7632
8352 7729
8194 7758
8133 7807
8057 7818
8257 7878
8269 8055
8199 8042
8279 8149
8333 8251
8364 8253
8407 8335
8534 8328
8541 8414
8546 8417
8545 8423
8557 8477
8542 8513
8547 8529
8520 8534
8479 8510
8624 8523
8652 8547
8676 8608
8759 8662
8790 8678
8813 8704
8822 8734
8867 8772
8964 8777
9012 8788
9041 8800
9077 8751
9128 8723
9176 8789
9186 8807
9196 8883
9106 8830
8974 8851
8909 8840
8906 8896
8913 8999
8938 8974
8872 8987
8835 8971
8812 9001
8820 9059
8830 9079
8751 9062
8758 9030
8696 9066
8679 9134
8641 9133
8622 9011
8583 8958
8518 8892
8504 8876
8448 8904
8431 8891
8421 8798
8435 8786
8458 8813
8559 8796
8741 8841
8760 8828
8768 8872
8997 8931
9039 8979
9056 9035
9072 9034
8961 9036
8983 9195
9031 9193
8999 9231
9121 9261
9118 9162
9190 9136
9258 9130
9290 9145
9310 9232
9328 9255
9329 9317
9247 9335
9268 9361
9286 9446
9269 9472
9238 9456
9215 9475
9198 9479
9204 9528
9206 9695
9283 9694
9256 9657
9364 9646
9374 9595
9367 9471
9464 9519
9480 9620
9425 9729
9342 9718
9235 9769
9271 9901
9183 9896
9111 9906
9054 9847
9004 9841
8981 9832
8973 9826
8970 9815
8989 9793
8978 9738
9015 9751
8996 9880
8901 9881
8903 9842
8831 9849
8828 9800
8869 9784
8821 9727
8699 9734
8656 9669
8668 9549
8733 9607
8755 9606
8837 9573
8832 9523
8826 9505
8880 9617
8876 9632
8862 9905
8863 9964
8894 9938
8767 9890
8735 9992
8647 9921
8573 9969
8555 9850
8446 9900
8389 9846
8347 9833
8355 9735
8302 9681
8237 9688
8252 9707
8258 9629
8226 9581
8205 9514
8108 9494
8100 9496
8094 9487
8080 9521
8060 9507
7998 9465
7969 9474
7922 9439
7906 9501
7817 9500
7861 9587
7960 9568
7971 9675
7981 9736
7915 9779
8041 9803
8007 9838
8028 9966
7978 9959
7979 9995
8131 10000
8156 9911
8179 9899
8177 9840
8174 9771
8155 9703
8168 9638
8125 9605
8052 9678
8101 9739
8137 9874
8266 9922
8263 9970
8309 9961
8393 9656
8411 9609
8341 9541
8282 9449
8395 9440
8354 9386
8442 9376
8490 9374
8494 9372
8549 9412
8630 9422
8729 9306
8750 9321
8754 9324
8987 9394
8988 9406
9016 9429
9027 9380
9088 9351
9445 9358
9510 9378
9529 9388
9591 9379
9593 9476
9577 9483
9709 9481
9724 9547
9756 9643
9845 9726
9804 9819
9743 9926
9708 9935
9685 9984
9613 9955
9520 9962
9525 9858
9572 9856
9458 9848
9354 9960
9554 9716
9655 9423
9634 9283
9611 9293
9535 9289
9551 9208
9550 9200
9563 9122
9474 9126
9460 9072
9437 9068
9415 9086
9411 9098
9393 9132
9444 9174
9389 9246
9487 9037
9564 9023
9608 8981
9631 9071
9681 9090
9797 9046
9800 8998
9871 9089
9857 9105
9937 9114
9984 9225
9973 9314
9952 9447
9935 9509
9908 9570
9907 9619
9884 9395
9811 9405
9827 9242
9930 8932
9931 8869
10000 8826
9985 8783
9987 8766
9977 8666
9909 8677
9951 8525
9920 8488
9878 8460
9866 8404
9820 8377
9809 8351
9733 8324
9759 8233
9738 8155
9749 8087
9841 8060
9816 8032
9828 8011
9848 7929
9795 7908
9794 7833
9770 7798
9787 7759
9719 7778
9686 7740
9712 7665
9682 7594
9814 7625
9877 7659
9859 7568
9932 7491
9923 7399
9785 7397
9737 7436
9692 7382
9643 7411
9648 7458
9508 7460
9514 7410
9517 7292
9504 7271
9467 7304
9456 7342
9420 7309
9421 7444
9400 7438
9385 7516
9391 7575
9349 7563
9335 7643
9243 7657
9270 7751
9331 7803
9401 7785
9408 7846
9379 7946
9332 7992
9341 8009
9296 8072
9295 8106
9353 8131
9369 8146
9453 8129
9416 8065
9516 8078
9507 7940
9568 7959
9569 7894
9647 7877
9690 7936
9661 8048
9630 8184
9585 8255
9544 8249
9540 8397
9582 8367
9638 8379
9476 8388
9438 8407
9372 8353
9322 8420
9303 8453
9251 8449
9241 8481
9212 8517
9149 8546
9146 8609
9209 8620
9315 8649
9376 8583
9446 8635
9503 8586
9528 8598
9553 8725
9515 8793
9547 8864
9492 8879
9468 8963
9371 8882
9298 8985
9259 8754
9008 8735
8854 8667
8844 8631
8782 8573
8770 8490
8723 8496
8786 8426
8839 8408
8814 8349
8771 8355
8646 8381
8627 8391
8595 8363
8601 8291
8654 8263
8617 8206
8551 8136
8530 8090
8427 8118
8437 8185
8441 7925
8390 7950
8526 7885
8610 7906
8607 7999
8722 8045
8765 8014
8962 8021
8976 8086
9003 8067
9036 8095
9037 8001
9043 8006
9074 8031
9167 7995
9207 8052
9184 8285
9162 8267
9117 8222
9025 8307
9022 8403
9062 8429
9082 8505
9068 8544
8966 8507
8912 8472
8877 8302
8890 8264
8836 8220
8817 8195
8928 7938
8865 7839
8808 7691
8807 7651
8774 7549
8761 7463
8772 7450
8809 7428
8887 7379
8985 7416
9052 7400
9059 7305
9081 7250
9137 7244
9124 7225
9151 7283
9202 7209
9316 7188
9407 7150
9373 7104
9338 7051
9325 7016
9410 6994
9398 6913
9358 6915
9356 6805
9343 6757
9308 6733
9260 6734
9265 6709
9274 6641
9293 6570
9302 6500
9297 6476
9278 6490
9229 6493
9189 6512
9168 6755
9174 6823
9193 6827
9143 6828
9114 6723
9013 6813
9005 6846
9002 6890
8957 6885
8899 6883
8926 6931
8975 6961
9045 6948
9020 7033
9021 7055
9089 7085
9214 7074
9275 6869
9428 6858
9412 6781
9388 6736
9459 6707
9502 6742
9597 6715
9652 6705
9710 6698
9702 6666
9752 6657
9706 6743
9744 6837
9832 6843
9895 6824
9940 6794
9851 6774
9880 6696
9902 6659
9927 6610
9906 6557
9949 6540
9917 6498
9903 6466
9862 6405
9981 6393
9972 6377
9989 6487
9979 6675
9998 7022
9976 7080
9942 7158
9991 7202
9760 7168
9778 7131
9725 7217
9605 7223
9609 7259
9617 7302
9599 7308
9653 7321
9676 7315
9552 7190
9538 7062
9546 7040
9548 6950
9521 6909
9662 6857
9649 6984
9689 7005
9718 6954
9727 6951
9789 6986
9636 6631
9640 6609
9603 6539
9545 6580
9452 6584
9450 6636
9483 6517
9567 6417
9626 6385
9624 6314
9619 6183
9623 6157
9596 6126
9645 6047
9549 6005
9559 5980
9511 6001
9499 5879
9642 5880
9659 5860
9784 5858
9782 5744
9657 5721
9621 5754
9565 5800
9697 5659
9713 5520
9705 5483
9748 5486
9627 5468
9602 5283
9581 5260
9497 5323
9422 5357
9378 5396
9366 5316
9383 5242
9431 5248
9432 5236
9404 5189
9471 5197
9498 5169
9527 5102
9454 5113
9496 5022
9534 4980
9530 4964
9606 5005
9600 5027
9610 5047
9620 5084
9671 5039
9703 5050
9654 4977
9687 4938
9740 4947
9755 4897
9781 4833
9876 4803
9849 4764
9852 4704
9882 4699
9956 4712
9995 4754
9953 4802
9863 4895
9922 4960
9864 5070
9964 5143
9967 5148
9905 5249
9861 5258
9914 5299
9946 5315
9961 5305
9957 5445
9959 5460
9867 5443
9817 5326
9741 5340
9203 5338
9205 5273
9172 5265
9086 5270
9078 5276
9083 5308
9102 5167
9135 5112
9042 5115
8971 5052
8944 5042
8941 4959
8929 4890
8875 4883
8896 4816
8806 4817
8783 4811
8737 4806
8749 4755
8738 4706
8718 4687
8626 4666
8597 4634
8613 4605
8564 4599
8532 4603
8474 4572
8433 4624
8324 4564
8317 4569
8316 4558
8311 4532
8280 4448
8255 4355
8310 4354
8274 4284
8300 4254
8358 4239
8365 4215
8340 4169
8283 4101
8230 4147
8190 4128
8151 4114
8146 4075
8186 4062
8166 4163
8084 4234
8070 4299
8098 4336
8061 4377
8225 4311
8495 4324
8457 4241
8464 4218
8439 4216
8422 4081
8507 4083
8633 3990
8714 3966
8693 3925
8747 3872
8769 3993
8816 3989
8834 4015
8855 4005
8818 4043
8731 4078
8727 4202
8781 4179
8920 4198
9001 4122
9090 4124
9100 4191
9139 4175
9179 4219
9165 4256
9157 4337
9105 4304
9073 4271
9024 4339
9034 4403
9069 4410
9142 4433
9094 4482
9058 4502
9070 4543
9065 4596
9108 4598
9113 4622
9156 4683
9200 4771
9192 4919
9219 4933
9254 4962
9384 4958
9397 4900
9336 4819
9365 4766
9306 4659
9236 4563
9245 4506
9276 4516
9240 4451
9327 4382
9426 4373
9485 4413
9491 4272
9561 4194
9570 4162
9579 4120
9632 4211
9673 4292
9637 4335
9721 4418
9772 4447
9840 4393
9890 4408
9896 4331
9842 4302
9918 4224
9915 4171
9916 4084
9837 4072
9823 4088
9732 4098
9717 3992
9722 3941
9675 4029
9557 3958
9513 3970
9494 3991
9465 3980
9442 4016
9370 4125
9402 4180
9309 4240
9292 4090
9282 3981
9248 3923
9231 3901
9218 3833
9345 3813
9347 3730
9307 3705
9134 3716
9066 3659
9075 3467
9061 3406
9110 3393
9138 3438
9169 3523
9223 3489
9227 3465
9264 3456
9252 3542
9280 3366
9321 3329
9363 3299
9390 3242
9441 3270
9451 3294
9470 3346
9419 3376
9382 3417
9479 3514
9526 3529
9537 3580
9469 3675
9478 3775
9641 3744
9644 3835
9629 3871
9571 3882
9720 3789
9751 3817
9799 3827
9783 3848
9825 3799
9813 3778
9858 3733
9819 3667
9793 3616
9695 3638
9750 3695
9958 3709
9950 3883
9936 3888
9893 3878
9881 3961
9970 3968
9975 3929
9889 3586
9870 3468
9887 3383
9971 3352
9983 3350
9993 3367
9938 3313
9943 3276
9933 3186
9960 3185
9839 3190
9834 3178
9803 3179
9796 3203
9773 3228
9786 3285
9835 3308
9688 3337
9614 3304
9658 3251
9664 3152
9678 3149
9668 3126
9656 3082
9625 3026
9696 3028
9684 2994
9639 2919
9580 2911
9573 2932
9555 3031
9495 3037
9506 3067
9542 3156
9589 3209
9434 3151
9344 3125
9317 3257
9201 3269
9130 3262
9127 3144
9055 3147
9038 3121
8984 3076
8960 3048
8914 3074
8777 3045
8701 3001
8686 2941
8599 2961
8575 2929
8581 3060
8548 3075
8413 3053
8416 3035
8412 3108
8388 3106
8338 3102
8330 3130
8260 3119
8265 3158
8254 3169
8244 3214
8243 3237
8308 3250
8193 3180
8103 3139
8064 3162
7982 3177
7947 3213
8006 3239
8026 3233
8030 3230
8074 3293
7992 3327
7957 3472
7899 3448
7897 3446
7832 3480
7823 3513
7871 3589
7813 3647
7768 3653
7822 3723
7940 3737
7917 3781
7989 3762
8027 3684
8032 3663
8019 3593
7967 3621
8170 3669
8206 3579
8224 3550
8315 3525
8329 3561
8334 3556
8432 3510
8453 3497
8470 3493
8491 3462
8486 3388
8418 3422
8405 3343
8508 3284
8533 3240
8565 3244
8570 3249
8672 3279
8752 3325
8843 3405
8884 3409
8921 3459
8922 3509
8825 3578
8746 3537
8725 3501
8644 3557
8642 3573
8572 3599
8569 3650
8531 3702
8459 3739
8320 3774
8301 3772
8275 3777
8318 3807
8372 3884
8394 3931
8281 3964
8149 3856
7973 3881
7956 3935
7928 3939
7918 3907
7862 3842
7781 3865
7713 3814
7725 3786
7731 3770
7696 3581
7668 3567
7444 3564
7402 3559
7411 3530
7284 3505
7267 3639
7093 3473
7124 3319
7046 3287
7054 3234
7034 3225
6993 3271
6968 3371
6867 3452
6759 3363
6687 3353
6677 3324
6703 3395
6598 3398
6626 3449
6712 3519
6789 3290
6779 3252
6824 3259
6861 3226
6841 3200
6855 3090
6900 3089
6916 3036
6926 2971
7019 2883
7049 2824
7060 2832
7123 2835
7113 2805
7163 2798
7140 2766
7228 2844
7237 2863
7242 2906
7195 2985
7209 3030
7094 3057
7143 2942
7144 3219
6822 3072
6721 3135
6636 3176
6660 3206
6600 3300
6546 3306
6487 3266
6483 3215
6512 3397
6556 3840
6569 3828
6613 3948
6605 3996
6641 4021
6675 4035
6676 4141
6667 3910
6731 3945
6362 3900
6283 3866
6286 3857
5873 3795
5812 3847
5797 3751
5759 3721
5696 3711
5699 3623
5655 3636
5634 3570
5753 3572
5825 3560
5868 3453
5824 3297
5819 3187
5823 3181
5807 3142
5740 3238
5654 3273
5577 3295
5559 3321
5535 3342
5463 3332
5459 3375
5467 3466
5499 3491
5534 3481
5572 3423
5687 3378
5697 3347
5724 3369
5639 3159
5548 3212
5481 3175
5321 3184
5320 3243
5411 3442
5418 2892
5375 2767
5329 2728
5421 2711
5403 2674
5453 2660
5470 2771
5562 2599
5636 2581
5691 2537
5681 2463
5769 2504
5755 2619
5795 2709
5859 2731
5860 2775
5863 2788
5904 2718
5901 2687
5952 2666
5988 2628
6044 2644
6042 2571
6145 2585
6155 2615
6207 2623
6272 2590
6302 2519
6364 2498
6359 2553
6397 2540
6469 2556
6536 2592
6551 2535
6566 2529
6499 2457
6464 2413
6441 2390
6495 2272
6623 2310
6629 2226
6644 2235
6735 2274
6775 2261
6890 2300
6932 2312
6914 2381
7009 2273
7032 2120
7043 2079
7145 2051
7136 1976
7103 1992
7006 1980
6994 1866
7067 1845
7099 1868
7109 1858
7110 1808
7164 1849
7254 1888
7294 1970
7205 2004
7288 2088
7376 2056
7396 2119
7579 2107
7670 2016
7667 1944
7711 1957
7676 1860
7607 1891
7615 1807
7629 1783
7533 1778
7529 1733
7526 1711
7499 1702
7469 1677
7426 1643
7408 1629
7339 1580
7356 1524
7397 1494
7480 1536
7602 1526
7617 1400
7673 1382
7754 1358
7785 1444
7818 1424
7849 1425
7898 1398
8012 1354
8031 1264
7948 1271
7944 1150
7932 1160
7943 1127
7988 1110
7905 1076
7907 972
7847 955
7809 1023
7773 1045
7750 1006
7693 1054
7691 1080
7678 961
7658 980
7552 1001
7517 1067
7399 1057
7327 1085
7307 1134
7322 1212
7298 1268
7273 1375
7271 1410
7246 1408
7241 1404
7227 1378
7224 1337
7168 1432
7122 1457
7098 1439
7000 1475
6962 1463
6923 1502
6945 1535
6998 1601
7073 1620
7156 1591
7162 1681
7175 1679
7197 1697
7289 1722
7292 1723
7319 1754
7258 1590
7253 1555
7312 1450
7460 1311
7509 1242
7623 1324
7717 1269
7734 1231
7805 1257
7839 1233
7894 1188
7875 1165
8162 1156
8154 1206
8119 1237
8126 1377
8093 1416
8096 1515
8000 1477
7914 1545
7904 1613
7887 1667
7816 1724
7789 1805
7879 1797
7916 1837
7886 1871
7868 1995
7828 1998
7945 1986
7959 1973
8029 1921
8092 1878
8139 1865
8121 1950
8065 1999
8056 2005
8020 2130
7997 2108
8004 2182
7987 2188
7924 2175
7913 2077
7838 2146
7820 2223
7759 2204
7716 2228
7695 2263
7634 2240
7599 2299
7540 2321
7487 2386
7515 2462
7489 2526
7468 2570
7447 2501
7382 2460
7361 2450
7262 2430
7291 2398
7117 2376
7180 2259
7226 2151
6924 2135
6915 2026
6881 2046
6801 2018
6809 1972
6730 1922
6756 1872
6733 1821
6708 1806
6689 1745
6688 1721
6672 1714
6686 1648
6716 1596
6818 1600
6835 1655
6903 1709
6936 1753
6807 1756
6816 1799
6601 1794
6625 1763
6578 1728
6580 1712
6558 1738
6564 1619
6646 1557
6794 1549
6814 1473
6748 1461
6752 1392
6630 1305
6491 1306
6474 1227
6521 1170
6405 1162
6342 1195
6365 1219
6394 1262
6385 1322
6318 1300
6317 1355
6267 1330
6260 1449
6249 1465
6300 1428
6178 1507
6112 1551
6094 1570
6075 1544
6140 1584
5995 1492
6008 1469
6082 1363
6074 1215
6037 1090
6026 1083
6013 1037
5966 988
5935 1017
5877 1003
5814 1000
5752 1010
5739 1094
5714 1125
5727 1145
5686 1142
5701 1175
5638 1161
5614 1148
5611 1190
5553 1099
5413 1026
5387 999
5348 1005
5354 987
5379 898
5391 843
5464 831
5456 734
5388 714
5406 679
5382 664
5357 676
5342 670
5351 691
5278 706
5236 669
5267 561
5271 421
5144 385
5160 332
5079 342
4967 355
4955 351
4926 348
4931 299
4956 289
4962 213
5013 153
5023 147
5022 162
5010 99
4998 100
4999 85
5078 30
5100 184
5257 194
5232 148
5279 252
5383 294
5398 304
5371 350
5441 357
5478 361
5477 516
5449 558
5591 557
5608 600
5645 568
5683 470
5671 448
5688 438
5743 452
5788 477
5772 399
5750 363
5731 301
5718 216
5648 214
5623 174
5605 165
5513 146
5416 127
5431 94
5407 168
5571 254
5547 495
5552 699
5586 668
5556 858
5323 755
5124 608
4948 518
4937 418
4957 416
4985 435
4845 409
4803 412
4802 283
4792 285
4695 286
4699 180
4674 170
4618 191
4636 119
4641 61
4594 46
4487 11
4549 265
4590 371
4748 497
4866 622
4904 673
4867 1149
4922 1228
4982 1177
5026 1282
5000 1374
5033 1403
5074 1373
5084 1369
5096 1344
5142 1236
5170 1117
5263 1107
5284 1198
5356 1192
5476 1272
5610 1364
5622 1362
5632 1512
5628 1521
5565 1522
5558 1467
5545 1603
5505 1685
5442 1708
5425 1752
5378 1795
5412 1832
5485 1800
5549 1846
5617 1838
5647 1918
5674 1952
5726 1960
5786 1956
5809 1946
5845 1905
5858 1908
5799 1851
5800 1801
5776 1688
5766 1674
5677 1653
5624 1719
5584 1693
5579 1744
5551 1948
5468 1942
5480 1924
5395 1923
5392 1969
5424 2052
5506 2048
5537 2034
5627 2067
5615 2090
5682 2020
5810 2040
5815 2109
5855 2098
5844 2157
5918 2153
5934 2143
5979 2103
6040 2065
6023 1984
5893 2008
5741 2117
5801 2213
5796 2326
5798 2394
5857 2427
5932 2420
5944 2388
5974 2366
5914 2359
5920 2256
5854 2286
5689 2314
5595 2320
5582 2285
5563 2349
5544 2389
5498 2392
5487 2355
5434 2303
5503 2251
5493 2224
5490 2177
5484 2181
5448 2164
5328 2063
5298 2032
5253 2028
5235 1912
5226 1885
5331 1886
5315 1907
5186 1793
5175 1782
5220 1710
5181 1623
5126 1664
5118 1588
5035 1578
5021 1609
5003 1606
5016 1675
5030 1508
4969 1533
4847 1471
4809 1440
4704 1453
4700 1470
4696 1426
4728 1360
4631 1366
4547 1380
4523 1365
4482 1371
4444 1352
4522 1315
4519 1421
4611 1491
4650 1633
4657 1627
4772 1528
4817 1289
4782 1214
5287 1414
5333 1386
5250 1506
5215 1540
5312 1635
5365 1699
4983 1826
5082 2190
5099 2201
5094 2239
5080 2338
5040 2301
5073 2433
4989 2452
4917 2469
5101 2527
5155 2598
5205 2579
5201 2631
5222 2428
5316 2333
5367 2485
5472 2472
5631 2365
5976 2439
5991 2431
6095 2474
6144 2533
6198 2444
6222 2465
6157 2309
6108 2345
6090 2124
6151 2137
6133 2082
6217 2033
6239 2013
6253 1979
6227 1904
6233 1876
6229 1863
6275 1887
6279 1823
6273 1810
6277 1760
6250 1759
6210 1784
6061 1792
6080 1850
6032 1713
5919 1770
5869 1632
5738 1505
5695 1486
5722 1446
5846 1340
5852 1279
5894 1266
5896 1265
5889 1202
5808 1184
5900 1356
6134 1108
6156 1061
6119 954
6127 915
6113 908
6125 846
6085 848
6035 882
5948 806
5913 815
5940 728
5963 680
5992 656
5985 595
6086 598
6070 681
6117 739
6116 770
6172 710
6180 632
6334 650
6419 592
6458 591
6501 613
6507 629
6496 708
6477 771
6398 791
6287 766
6378 928
6415 1035
6459 1009
6538 1021
6592 1046
6610 1048
6683 950
6740 990
6765 989
6819 944
6810 885
6724 889
6757 825
6769 833
6764 800
6772 742
6930 718
6969 696
7016 694
6983 611
7126 634
7166 667
7172 711
7198 709
7171 759
7134 816
7064 853
7051 860
7063 892
7052 947
7079 952
6954 934
6971 916
6973 891
6899 922
6995 1131
7066 1124
7050 1201
7027 1245
6963 1278
6957 1341
6913 1251
6898 1250
6820 1248
6942 1193
6690 1180
6593 864
6562 867
6532 863
6525 861
6503 862
6542 847
6596 750
6628 601
6664 576
6576 565
6617 449
6658 408
6607 346
6579 327
6561 326
6541 307
6535 250
6395 238
6412 360
6434 422
6374 432
6347 337
6257 378
6203 428
6191 444
6183 410
6158 460
6107 502
6014 493
5981 494
5967 459
6010 420
6062 362
6038 302
5954 335
5887 339
5906 264
5912 253
5880 224
5881 210
5818 273
5884 466
5924 512
5875 585
5866 596
5792 758
5843 912
6269 1007
6424 504
6833 485
6846 431
6849 396
6844 336
6834 340
6904 314
6951 207
7023 166
7029 164
6992 102
7135 87
7152 91
7112 47
7269 33
7270 28
7318 110
7206 134
7240 368
7250 384
7360 389
7357 406
7346 436
7330 430
7329 480
7347 524
7338 590
7350 602
7321 574
7417 599
7445 529
7472 400
7524 397
7558 382
7627 319
7655 318
7625 268
7619 259
7537 260
7507 263
7423 248
7454 195
7530 171
7597 189
7609 156
7620 160
7606 6
7437 44
7446 79
7451 353
7753 372
7748 293
7836 358
7856 367
7873 429
7911 564
7921 579
8002 562
8015 489
8033 407
8016 359
8072 352
8150 381
8117 276
8188 258
8234 244
8233 161
8201 158
8161 141
8136 97
8113 92
8123 40
8145 48
8202 59
8198 3
8044 42
8009 70
7974 69
7909 57
7795 52
7800 132
7815 169
7850 202
7854 125
7912 266
7983 229
8063 145
8336 201
8291 278
8288 309
8326 393
8408 417
8505 379
8512 349
8467 338
8475 236
8523 212
8535 223
8503 167
8635 151
8662 143
8675 116
8705 121
8732 155
8684 204
8671 282
8706 316
8702 325
8596 394
8629 433
8651 548
8694 633
8757 642
8784 584
8847 503
8870 499
8895 505
8897 425
8956 424
9119 427
9131 443
9177 451
9232 453
9257 395
9305 439
9406 445
9430 404
9403 376
9314 331
9387 200
9418 149
9427 131
9424 120
9466 144
9475 105
9524 88
9519 23
9633 35
9663 63
9665 101
9601 98
9598 90
9615 292
9700 296
9699 456
9716 492
9780 487
9775 530
9776 589
9777 702
9753 781
9734 818
9801 842
9856 925
9901 1060
9934 1063
9885 1088
9853 1173
9910 1183
9992 1185
9999 1038
9805 1136
9802 1213
9757 1174
9729 1230
9704 1244
9674 1226
9650 1157
9578 1147
9594 1205
9500 1238
9490 1169
9449 1146
9395 1121
9394 1115
9439 1059
9541 1065
9595 1040
9707 1027
9731 1012
9694 899
9628 813
9607 736
9618 644
9672 692
9660 536
9592 476
9462 551
9346 621
9291 716
9287 724
9221 720
9244 804
9211 824
9301 826
9313 802
9136 760
9112 779
9050 787
9044 785
9006 836
8990 851
8963 829
8942 869
8798 852
8799 823
8801 773
8845 767
8898 671
8977 636
8994 723
9063 569
9092 539
9133 550
9093 343
9023 303
9010 249
9084 199
9182 84
9191 12
9323 25
9326 126
9330 124
9355 128
9396 66
9262 96
8882 107
8881 55
8866 34
8893 9
8803 58
8734 1
8577 18
8434 29
8402 56
8381 64
8369 570
8346 554
8321 523
8253 500
8219 450
8129 567
8173 730
8228 698
8261 747
8298 732
8307 640
8357 665
8401 688
8409 726
8396 765
8392 796
8367 777
8497 807
8510 794
8560 748
8579 905
8571 948
8516 913
8382 939
8362 1044
8375 1069
8385 1103
8359 1123
8259 1114
8214 1138
8180 1062
8127 1093
8159 967
8120 935
8130 919
8079 929
8055 959
8038 906
8001 879
7926 878
7965 793
7867 792
7790 772
7794 703
7666 713
7692 746
7705 753
7704 757
7689 871
7594 835
7559 689
7638 661
7709 488
7996 693
8104 808
8248 977
8456 1066
8556 1120
8649 1086
8637 1070
8663 1068
8674 1041
8659 970
8787 936
8852 1034
8856 1104
8860 1152
8885 1194
8931 1260
8908 1333
8902 1488
8857 1485
8879 1561
8946 1550
8965 1459
8992 1483
9095 1559
9101 1626
9194 1519
9228 1482
9180 1397
9181 1349
9087 1326
9046 1274
9122 1243
9178 1221
9237 1246
9266 1255
9261 1307
9284 1321
9381 1320
9380 1277
9359 1296
9357 1217
9320 1071
9230 1011
9173 927
9107 924
9079 973
8995 1049
8930 1019
8933 1091
8954 1130
9104 1151
8775 1225
8708 1191
8655 1186
8584 1224
8615 1256
8558 1281
8554 1328
8482 1346
8466 1367
8574 1402
8650 1523
8657 1546
8648 1579
8703 1592
8670 1666
8585 1700
8587 1735
8720 1751
8730 1771
8721 1787
8707 1880
8689 1914
8602 1929
8620 1962
8550 1933
8480 1937
8485 1945
8436 1934
8386 1897
8353 1877
8350 1927
8397 2036
8424 2047
8377 2059
8454 2140
8496 2238
8576 2247
8616 2271
8653 2284
8716 2229
8763 2296
8858 2410
8937 2426
8939 2335
9030 2308
9026 2294
9076 2278
9053 2212
9057 2152
9103 2116
9154 2101
9011 2106
8925 2148
8891 2131
8883 2094
8833 2102
8868 2043
8791 2002
8886 1943
8905 1811
8874 1777
8853 1731
8800 1686
8780 1636
8849 1628
8900 1624
8940 1779
9000 1746
8959 1859
9085 1822
9158 1798
9197 1788
9199 1789
9208 1856
9234 1894
9294 1874
9263 1829
9360 1833
9348 1906
9413 1895
9423 1955
9386 2024
9318 2017
9250 1985
9123 1965
9164 1916
9029 1978
8991 1993
8823 1815
8773 1554
8460 1537
8444 1597
8403 1568
8376 1572
8292 1538
8240 1571
8238 1599
8209 1543
8184 1715
8167 1732
8270 1739
8304 1683
8450 1762
8229 1852
8221 1966
8218 2110
8220 2178
8196 2225
8210 2266
8175 2298
8290 2337
8250 2379
8247 2432
8305 2437
8332 2415
8370 2356
8349 2258
8267 2154
8143 2118
8099 2217
8066 2346
7995 2351
7939 2344
7908 2318
7933 2461
7931 2510
7876 2487
7844 2500
7683 2503
7595 2411
7749 2661
7751 2745
7771 2756
7777 2752
7688 2741
7819 2694
7827 2811
7842 2853
7883 2849
7961 2903
7964 2963
8005 2975
8035 2973
8011 3007
8003 3044
7968 3032
8122 3013
8142 2880
8241 2837
8235 2801
8216 2797
8322 2763
8343 2722
8387 2774
8368 2804
8484 2795
8538 2783
8582 2779
8589 2751
8519 2753
8451 2739
8468 2685
8501 2651
8536 2650
8568 2603
8604 2589
8525 2517
8472 2524
8469 2555
8399 2658
8293 2548
8278 2507
8169 2511
8118 2493
8091 2473
8071 2453
8053 2445
8067 2566
8008 2591
7977 2562
7938 2679
8046 2712
8153 2584
8187 2575
8297 2886
8289 2901
8415 2924
8461 3192
8231 3087
8158 3379
8111 3418
8081 3474
8567 3486
8598 3471
8552 3440
8539 3548
8742 3670
8802 3678
8804 3773
8950 3921
8958 3936
9009 3867
8949 4334
8892 4347
8851 4443
8841 4454
8871 4478
8878 4500
8934 4507
8935 4525
8967 4550
8969 4488
8815 4494
8709 4467
8728 4414
8704 4379
8614 4399
8632 4471
8537 4517
8463 4422
8621 4296
8685 4279
8904 4583
8840 4715
8993 4718
9060 4720
9017 4810
9018 4844
9125 4861
9099 4965
9225 5152
9253 5288
9242 5398
9195 5455
9141 5424
9299 5489
9334 5091
9532 4791
9584 4619
9590 4562
9562 4576
9583 4481
9666 4534
9792 4577
9874 4528
9939 4629
9735 4654
8590 4737
8605 4768
8628 4837
8643 4822
8606 4937
8600 4957
8588 4926
8528 4932
8502 4928
8477 4911
8414 4922
8351 4944
8380 4840
8371 4794
8328 4820
8489 4797
8487 5081
8612 5073
8603 5041
8611 5023
8618 4989
8669 5151
8805 5162
8776 5067
8342 5122
8524 5732
8102 5804
8037 5863
8021 5705
7949 5657
7888 5709
7895 5761
7699 6208
7712 6330
7618 6419
7636 6438
7587 6430
7563 6409
7532 6272
7450 6109
6889 6139
6776 6129
6750 6128
6785 6108
6693 6127
6582 6185
6615 5662
6666 5640
6679 5674
6657 5563
6577 5568
6571 5556
6518 5513
6523 5484
6445 5470
6896 5385
6956 5422
6494 4600
6492 4592
6452 4501
6019 4711
5872 4757
5833 4741
5822 4733
5828 4789
5832 4786
5834 4832
5862 4848
5915 4920
5265 5089
5150 5154
4679 5179
4698 5374
4942 5553
4974 5595
4251 5327
4233 5339
4217 4992
4158 5010
4141 4997
4420 4972
4463 4982
4558 4998
4509 4885
4355 4301
4285 4297
4289 4315
4907 4450
4971 4465
5006 4420
5111 4429
5162 4423
5203 4519
5259 4606
5299 4611
5300 4593
5127 4265
5088 4278
4953 4145
5746 3034
5983 2874
5986 2859
6004 2773
6033 2794
6153 2851
6261 2873
6252 2793
6224 2705
6131 2701
6122 2699
6339 2721
6357 2708
6369 2720
6382 2638
6423 2625
6680 2583
6685 2717
6755 2730
6696 2815
6591 2802
6616 2757
6832 2633
6760 2489
6734 2466
6745 2451
6840 2171
6710 2049
6468 2030
6330 2060
6303 2075
6206 2168
6392 2205
6573 1909
6584 1848
6425 1750
6399 1604
6537 1497
7058 1764
7432 1900
7443 1901
7457 1882
7459 1967
7478 1964
7486 1981
7555 1703
7651 1646
7645 1634
7714 1671
7762 1650
7772 1614
7758 1476
8077 1776
8222 1316
8273 1290
8335 1395
8717 1089
8692 812
8726 727
8492 526
8443 571
8425 555
7367 695
7377 768
7421 820
7416 949
7297 907
7277 917
7218 918
7170 1073
7173 1082
7165 1106
7193 1126
7216 1137
7281 751
7236 625
7239 618
7199 620
7221 534
7097 498
7072 462
6860 531
6804 586
6771 380
6697 271
6778 163
6843 182
6806 17
6770 13
6633 27
6560 67
6581 118
6590 123
6608 139
6298 137
6282 196
6199 228
6102 217
6064 122
6046 76
6034 51
6096 54
6270 72
6320 82
6372 21
5721 38
5685 5
4734 150
4092 1659
4120 2142
4091 2200
4012 2180
3930 2196
3861 2070
3594 2062
3548 2076
3528 2055
3490 2093
3432 2050
3409 2069
3426 1959
3438 1926
3373 1968
3517 1890
3608 1919
3428 2210
3431 2232
3346 2279
3314 2186
3179 2267
3148 2264
3035 2194
3336 2421
3535 2686
3639 2656
3632 2622
3684 2574
3702 2809
2181 2563
2086 2649
2075 2643
1501 3610
463 5074
415 5040
437 5268
514 5296
532 5387
526 5683
230 5753
161 5805
101 5756
87 5846
147 5959
128 6062
106 6081
170 6148
41 6169
30 6281
15 6379
4 6486
138 6292
278 6045
269 5993
282 5973
19 5961
11 5322
821 6671
817 6748
831 6802
723 6771
681 6839
933 6848
1107 6683
1056 7713
940 7838
947 7886
879 7858
897 7990
816 8029
830 8130
718 8079
692 8053
697 8002
651 8018
624 8022
634 7998
567 7914
474 7830
433 7765
773 8236
767 8290
1153 7980
1373 8393
1395 8476
1329 8597
1644 8606
1649 8578
1663 8521
1708 8670
1721 8688
1689 8695
1668 8727
1631 8775
1563 8784
1671 8853
1690 8943
1709 9003
1670 9010
1717 9069
1685 9186
1656 9184
1630 9207
1555 9156
1551 9101
1544 9077
1560 9057
1578 9113
1413 9171
1468 8956
1499 8915
1491 8899
1217 8918
912 8962
882 9170
759 9128
682 9124
664 9155
588 9201
645 9282
665 9288
500 9445
441 9497
434 9531
478 9542
466 9599
459 9653
462 9714
418 9717
387 9773
368 9797
402 9857
403 9908
448 9829
540 9914
501 9990
338 9976
236 9982
406 9469
396 9454
261 9271
122 9040
53 9047
2 9139
556 9613
1162 9997
1831 9993
1850 9957
1854 9867
1781 9878
1991 9988
1513 9485
1966 8940
1972 8933
2026 8954
2093 8910
2080 8847
2071 8803
2279 8822
2243 8881
2241 8980
2227 8989
2277 8969
2274 8960
2308 9123
2319 9168
2341 9177
2298 9196
2739 9164
2801 9188
2794 9308
2845 9294
2819 9426
2657 9409
2660 9452
2675 9508
2538 9462
2513 8628
2545 8602
2563 8589
2648 8570
2678 8593
2403 8647
2394 8679
1835 8729
1776 8748
2695 7934
3420 6835
3580 6859
3564 6878
3625 6884
3813 6831
3538 6604
3249 6378
3172 6283
3045 6328
3003 6312
4580 6456
4570 6511
4563 6505
5216 6494
5217 6468
5174 6616
5204 6714
5198 6772
5244 6845
5275 6861
5340 6842
5427 6862
5458 6820
5414 6773
5361 6718
5310 6761
5317 6646
5377 6607
5444 6619
5428 6640
5461 6577
5488 6586
5576 6531
5619 6638
5592 6682
5667 6737
5698 6730
5735 6767
5802 6760
5803 6795
5882 6797
5864 6765
5784 6863
5707 6865
5673 6821
5650 6778
5516 6738
5539 6897
5657 6956
5663 7009
5716 6989
5692 7060
5736 7082
5717 7129
5618 7120
5606 7230
5520 7215
5508 7140
5419 7167
5445 7075
5327 7029
5241 7043
5179 7097
5152 7149
5157 7172
5197 7161
5092 7178
5083 7122
5098 7255
5107 7269
5120 7293
5231 7268
5308 7243
5385 7387
5429 7433
5524 7386
5580 7365
5589 7405
5642 7358
5525 7300
5604 7523
5546 7583
5684 7574
5710 7551
5720 7553
5763 7546
5791 7514
5883 7501
5851 7451
5837 7306
5891 7284
5898 7106
5853 7015
5811 7030
5937 6908
5366 6944
5233 6904
5158 6920
5119 7006
5060 6955
5029 6979
4984 7026
4908 7554
4909 7557
4864 7555
4877 7595
4854 7663
4850 7666
4828 7680
4787 7637
4896 7753
4899 7786
4934 7754
4846 7828
4617 7806
4680 7924
4693 8432
4681 9389
4605 9419
4534 9512
4441 9543
4433 9548
4429 9865
4447 9936
4481 9933
4572 9872
4354 9887
4325 9794
4240 9767
4279 9722
4077 9764
4111 9875
4208 9925
4236 9948
4771 9640
4870 9630
4894 9622
5025 9624
5238 9651
5401 9719
5384 9756
5386 9806
5502 9757
5969 9989
6232 9582
6216 9498
6187 9453
6146 9451
6160 9307
6220 9257
6255 9279
6268 9210
6264 9165
6315 9222
6360 9190
6388 9226
6453 9250
6516 9251
6515 9159
6472 9087
6416 9137
6344 9096
6325 9084
6326 9027
6263 9045
6241 8990
6231 8957
6293 8961
6324 8867
6340 8811
6375 8829
6488 8914
6549 8926
6540 8945
6509 8986
6698 8964
6702 9053
6695 9131
6701 9178
6754 9259
6828 9295
6800 9353
6747 9433
6906 9382
6922 9367
6974 9529
6980 9552
6895 9602
6873 9730
6871 9809
6948 9782
6958 9940
6911 9939
6933 9979
7045 9975
7057 9987
7033 9927
7111 9789
7149 9804
7244 9783
7305 9828
7304 9834
7320 9889
7371 9909
7317 9986
7263 9954
7500 9953
7513 9991
7585 9920
7672 9876
7682 9862
7641 9830
7648 9755
7778 9763
7877 9904
7946 9349
7942 9292
7900 9274
7882 9212
7878 9154
7826 9146
7803 9272
7765 9287
7710 9313
7701 9368
7680 9384
7574 9364
7539 9312
7527 9309
7528 9227
7475 9224
7471 9191
7544 9176
7562 9203
7685 9241
7728 9202
7812 9333
8050 9297
8047 9230
8106 9189
8165 9192
8181 9175
8164 9116
8062 9135
7962 9107
7870 9026
7902 8913
7976 8920
8087 8944
8068 8858
8076 8817
8073 8781
7994 8771
8039 8837
8138 8848
8208 8855
8211 8919
8337 8993
8419 9021
8483 9007
8529 9039
8429 9109
8426 9254
8447 9252
8465 9273
8323 9211
8285 9205
8294 9229
8313 9167
8256 9147
8212 9286
8227 9359
8276 9311
8147 9416
8544 9576
8498 9715
8345 8842
8378 8701
8423 8674
8410 8634
8277 8703
8223 8576
8140 8558
8088 8672
7848 8693
7825 8720
7735 8778
7760 8819
7697 8844
7694 8901
7686 9002
7644 9065
7572 9049
7586 8884
7549 8862
7504 8846
7464 8808
7452 8809
7506 8768
7535 8686
7575 8684
7567 8665
7611 8619
7613 8616
7484 8572
7424 8560
7373 8591
7344 8655
7204 8638
7174 8643
7137 8599
7108 8561
7086 8441
7087 8401
7071 8339
7102 8258
7177 8313
7208 8317
7392 8316
7388 8392
7435 8424
7461 8462
7497 8455
7546 8489
7569 8412
7553 8315
7541 8273
7514 8278
7494 8212
7372 8180
7115 8064
6802 8030
6692 8080
6709 8113
6527 8084
6406 8128
6396 8200
6401 8205
6421 8227
6343 8319
6327 8306
6313 8334
6025 8252
6051 8191
6098 8172
6132 8127
6069 8066
5865 8103
5905 8190
5903 7899
5980 7777
6031 7717
6060 7731
6050 7819
5908 7684
5848 7678
5782 7706
5790 7635
5751 7598
5930 7604
5956 7618
6002 7561
5973 7503
6242 7607
6290 7648
6309 7564
6354 7565
6346 7541
6473 7580
6547 7608
6481 7937
6314 7868
6247 7907
5760 7989
5771 8020
5135 7540
5090 7571
4462 7341
4359 7349
4387 7297
4329 7282
4341 7270
4284 7264
4292 7251
5370 6506
5474 6439
5527 6397
5538 6288
6711 6626
6609 6731
7331 6887
7412 7357
7260 7619
7169 7669
7091 7642
7075 7609
7142 8438
7259 8562
7183 8806
7088 8802
6965 8801
7024 8738
6943 8650
6905 8645
6859 8537
6766 8555
6782 8494
6797 8465
6720 8663
6654 8698
6659 8712
6618 8752
6565 8776
6563 8630
6595 8625
6570 8582
6567 8536
6524 8654
6471 8656
6462 8671
6410 8617
6631 8887
6638 8890
6763 8836
6791 8797
6784 8759
6786 8750
6853 8763
6839 8845
6851 8874
6821 8927
6777 8937
6940 9016
7031 9014
7065 8942
7105 9067
7076 9108
7096 9172
7039 9204
7083 9285
7153 9245
7187 9185
7302 9239
7219 9340
7215 9414
7132 9435
7100 9477
7085 9584
7181 9603
7037 9680
6751 9700
6669 9683
6671 9579
6645 9580
6621 9759
6634 9859
6612 9885
6620 9968
6513 9821
6475 9808
6408 9747
6451 9672
6550 9690
6430 9566
6384 9522
6386 9478
6307 9506
6316 9654
6305 9315
6463 9371
6161 9157
6190 9121
6106 9055
6121 9006
5917 8991
5892 9166
5831 9153
5787 9260
6826 9209
6877 9085
7157 9018
7223 9013
7368 8905
7314 8835
7427 9103
7364 9370
7349 9460
7272 9470
7393 9517
7431 9538
7502 9562
7520 9560
7375 9642
7395 9697
6767 9822
7776 8947
7766 8508
7860 8545
7866 8433
7859 8400
7807 8390
8089 8375
8152 8376
8176 8360
8264 8370
8251 8318
8105 8293
8286 8506
7951 8044
7664 7982
7941 7208
7857 7059
7991 6998
8178 6985
8287 6999
8271 7048
8331 7061
8327 6973
8363 6930
8400 6880
8522 6895
8625 7008
8660 7021
8695 7007
8713 6995
8796 7010
8792 7083
8778 7109
8789 7148
8819 7220
8846 7236
8889 7221
8915 7019
8907 6722
8936 6662
8968 6650
8848 6634
8794 6745
8785 6756
8743 6832
8348 6766
8245 6780
8183 7139
8148 7151
8115 7137
8116 7276
8163 7322
8200 7377
8319 7385
8299 7262
8192 7234
8430 7170
8455 7073
8493 7095
8478 7277
8488 7323
8511 7326
8517 7312
8682 7313
8683 7278
8640 7471
8638 7538
8666 7547
8673 7576
8658 7707
8636 7723
8563 7755
8509 7693
8506 7616
8438 7496
8919 7566
8911 7577
8953 7562
8932 7628
9126 7645
9222 7539
9249 7486
9273 7474
9285 7295
9435 7662
9463 7737
9604 7683
9897 7748
9891 7783
9965 7826
9994 7869
9969 7969
9926 8054
9868 8138
9855 8144
9846 8167
9886 8243
9962 8203
9944 8406
9824 8486
9711 8556
9714 8577
9693 8540
9736 8707
9821 8804
9850 8818
9806 8833
9669 8859
9339 8483
9220 8389
9166 8369
9155 8378
9304 8289
9337 8235
9047 7774
8680 7867
8619 6454
9311 6275
9340 6294
9361 6282
9461 6258
9405 6102
9281 6144
9288 6205
9822 6162
9830 6280
9798 6299
9904 6311
9974 6186
9921 6121
9966 6043
9988 5927
9954 5799
9982 5740
9986 5731
9912 5726
9847 6020
9815 6004
9745 5989
9739 6432
7654 6525
7963 4236
7958 4065
7953 4022
7896 4030
7864 3987
7824 3959
7801 3971
7843 4060
7986 3975
7394 3862
7090 4033
6997 2707
7107 2593
7333 2669
7359 2737
7354 2747
7285 2736
6177 2991
6169 3120
6111 3117
6083 3123
5916 2609
5867 2601
8514 2377
8527 2370
8513 2313
8591 2362
8580 2391
8586 2424
8592 2446
8631 2414
8561 2197
8543 2010
8664 2704
8748 2621
8850 2742
8842 2790
8793 2813
8916 2807
8918 2867
8859 2897
8979 2836
9097 2871
9132 2854
9171 2831
9152 2758
9175 2727
9148 2681
9064 2680
9035 2606
9129 2604
9160 2514
9185 2495
9147 2458
9098 2468
9096 2405
9187 2418
9216 2368
9213 2334
9233 2347
9163 2336
9226 2255
9333 2231
9399 2245
9417 2332
9375 2396
9472 2419
9575 2442
9560 2471
9667 2505
9646 2607
9679 2617
9746 2624
9763 2639
9754 2691
9766 2735
9833 2759
9854 2652
9831 2594
9838 2582
9829 2568
9765 2572
9769 2467
9779 2475
9808 2438
9764 2423
9728 2385
9683 2397
9622 2342
9635 2319
9586 2207
9556 2206
9539 2199
9473 2208
9482 2280
9362 2158
9350 2087
9488 1997
9523 1931
9533 1920
9543 1864
9505 1847
9616 1893
9651 2001
9587 2011
9768 2025
9742 2086
9730 2097
9836 2113
9807 2145
9894 2155
9883 2253
9911 2257
9913 2249
9997 2265
9978 2114
9996 1983
9790 1867
9826 1656
9726 1639
9691 1593
9698 1498
9680 1431
9701 1415
9677 1381
9762 1384
9791 1393
9767 1297
9723 1294
9875 1275
9873 1445
9899 1442
9919 1412
9945 1454
9869 1499
9818 1520
9774 1541
9929 1641
9968 1644
9924 1725
9588 1661
9512 1670
9457 1701
9429 1698
9443 1612
9440 1510
9493 1534
9558 1493
9574 1451
9576 1409
9536 1304
9448 1391
9392 1464
9377 1553
9484 992
9522 774
9879 749
9947 743
9941 657
9892 649
9872 356
9888 320
9928 308
9925 291
9948 256
9860 222
9761 192
9747 173
9812 138
9843 37
9788 14
9771 22
9990 10
9844 2289
9810 2375
9531 2613
9518 2678
9414 2698
9319 2716
9277 2645
9224 2670
9324 2608
9279 2543
9409 2496
9486 2800
9509 2852
9612 2838
9670 2784
9758 2865
9865 2965
9898 2962
9955 2928
9963 2875
9980 3055
9900 3099
9715 3115
9447 2996
9289 2948
9255 2926
9246 2909
9300 2900
9272 2829
9109 2939
9080 2968
9150 3022
9170 3050
9188 3344
9210 3377
8955 3331
8986 3274
8910 3247
8927 2706
8945 2690
8924 2557
9566 3437
3091 1334
3410 9234
3359 9721
4745 9455
4773 9463
