20 2
86 14
126 66
95 150
202 125
235 152
266 109
309 195
379 188
386 327
385 352
423 339
451 388
410 442
348 441
303 443
297 376
291 378
259 359
222 387
136 358
108 411
48 506
22 588
65 603
88 683
122 698
166 769
43 799
10 811
29 883
37 911
9 981
70 991
68 1020
94 980
130 1044
196 1037
250 1068
332 1089
302 994
377 973
437 942
448 950
469 939
453 1022
460 1142
511 1140
606 1190
721 1194
789 1087
850 1074
854 1104
894 1177
911 1176
1001 1204
1000 1241
987 1282
1032 1215
1121 1267
1093 1305
1173 1319
1174 1330
1281 1324
1319 1334
1440 1322
1443 1397
1509 1403
1552 1316
1559 1308
1631 1386
1710 1314
1799 1279
1862 1335
1852 1356
1873 1422
1850 1526
1816 1577
1810 1578
1807 1574
1794 1556
1747 1583
1745 1619
1757 1630
1750 1740
1796 1811
1832 1782
1878 1766
2001 1761
2008 1786
1992 1808
2027 1880
2090 1876
2230 1873
2224 1923
2322 1908
2413 1912
2411 1986
2431 2013
2460 1956
2478 1960
2539 1962
2572 1961
2627 1878
2724 1902
2777 1883
2870 1896
2821 1950
2849 2014
2885 2030
2875 2044
2935 2010
3037 2003
3132 2004
3156 1985
3174 2005
3209 2049
3231 1974
3271 2009
3317 1993
3358 1964
3419 1983
3380 2039
3349 2138
3440 2152
3475 2104
3540 2040
3555 2028
3605 2101
3655 2185
3705 2302
3668 2385
3620 2392
3624 2342
3761 2370
3836 2401
3859 2396
3860 2279
3830 2292
3833 2121
3822 2102
3796 2148
3749 2078
3776 1970
3715 1913
3857 1920
3955 1926
3950 1805
3901 1807
3920 1754
3806 1696
3823 1653
3772 1531
3728 1553
3685 1603
3622 1627
3593 1582
3571 1586
3513 1623
3437 1626
3350 1614
3333 1636
3311 1602
3302 1549
3255 1592
3202 1569
3178 1610
3148 1639
3119 1735
3101 1521
3084 1502
3188 1499
3261 1408
3278 1381
3326 1375
3301 1315
3244 1300
3125 1291
3164 1206
3135 1172
3124 1001
3150 917
3268 993
3312 955
3418 843
3481 862
3484 805
3529 807
3632 833
3643 791
3695 873
3718 978
3709 1032
3677 1075
3750 1095
3779 1116
3768 1173
3778 1221
3748 1331
3719 1321
3707 1312
3703 1353
3865 1359
3922 1339
3899 1313
3975 1288
4019 1261
4024 1247
4051 1185
3929 1182
3946 1162
3934 1088
3885 1066
3927 1013
3886 965
3887 930
3819 998
4023 967
4011 946
4113 940
4159 921
4201 884
4305 872
4337 852
4283 830
4229 744
4250 706
4191 669
4181 758
4106 792
4052 699
4032 687
3982 747
3932 757
3914 679
3926 622
3866 586
3841 554
3894 500
3763 511
3759 421
3851 400
3863 329
3870 303
3921 379
4065 372
4127 363
4121 392
4134 466
4214 447
4207 412
4228 419
4218 297
4172 331
4163 154
4119 142
4100 149
4064 132
4009 101
3967 95
3917 94
3949 138
3952 45
4025 16
3998 248
3979 285
4042 430
4046 565
4165 568
4345 529
4386 591
4409 581
4466 655
4485 820
4478 850
4523 818
4537 915
4498 918
4587 867
4686 859
4715 838
4797 866
4817 880
4847 836
4870 810
4824 767
4799 726
4921 730
4968 715
5021 812
4950 928
4944 945
4922 953
5072 976
5080 1007
5116 956
5217 977
5176 1062
5194 1121
5090 1165
5015 1153
4914 1238
4906 1323
4837 1377
4834 1489
4883 1474
4857 1546
4772 1522
4718 1506
4660 1463
4645 1540
4661 1771
4701 1831
4703 1840
4795 1830
4821 1918
4849 1919
4850 1938
4800 1953
4810 2073
4753 2082
4754 2123
4731 2220
4626 2293
4634 2311
4623 2362
4604 2376
4526 2382
4512 2336
4592 2287
4524 2175
4525 2156
4447 2124
4467 2067
4437 2033
4395 2056
4342 2034
4289 2076
4227 2146
4319 2184
4325 2366
4286 2468
4249 2493
4173 2475
4179 2526
4187 2527
4195 2567
4231 2578
4211 2600
4274 2684
4296 2718
4334 2753
4393 2720
4412 2730
4410 2769
4455 2728
4450 2622
4496 2644
4541 2642
4542 2647
4575 2649
4631 2596
4679 2505
4714 2476
4737 2464
4621 2450
4530 2513
4394 2544
4321 2561
4369 2694
4302 2868
4364 2949
4398 2999
4415 2910
4506 2935
4521 2813
4632 2816
4683 2837
4699 2855
4707 2926
4840 2883
4854 2895
4912 2919
4907 3012
4928 3010
5004 2985
5026 2964
5020 3059
5098 3055
5119 3062
5093 3159
5213 3147
5252 3200
5286 3128
5296 2951
5336 2977
5408 3043
5437 3172
5434 3209
5427 3316
5350 3288
5353 3283
5378 3394
5362 3472
5395 3480
5368 3536
5486 3478
5478 3408
5552 3454
5551 3497
5589 3492
5629 3559
5677 3547
5748 3601
5779 3589
5766 3630
5814 3688
5866 3757
5967 3750
5998 3766
6072 3764
6116 3828
6022 3830
6058 3872
6060 3933
6081 3979
6117 3983
6109 3998
6135 4065
6122 4146
6119 4199
6064 4207
6080 4246
6131 4270
6032 4318
6010 4297
5964 4265
5918 4220
5854 4227
5798 4221
5715 4247
5681 4261
5730 4283
5772 4353
5849 4286
5886 4180
5941 4117
5895 4031
5864 4034
5902 3918
5943 3936
5988 3910
5922 3859
5926 3847
5733 3862
5736 3813
5683 3802
5674 3794
5615 3907
5533 3957
5517 3988
5512 4085
5537 4070
5603 4139
5610 4259
5577 4391
5495 4411
5461 4437
5421 4442
5452 4492
5439 4547
5369 4534
5358 4487
5314 4550
5333 4608
5359 4686
5342 4749
5328 4813
5220 4797
5173 4791
5142 4837
5204 4878
5242 4943
5234 4976
5181 5015
5137 5093
5165 5131
5083 5116
5037 5157
5025 5147
4916 5161
4911 4985
4982 4966
4947 4905
4814 4847
4830 4807
4744 4872
4684 4879
4682 4844
4659 4761
4722 4754
4619 4656
4562 4620
4571 4580
4539 4585
4473 4576
4470 4532
4440 4527
4401 4542
4417 4573
4426 4567
4427 4651
4472 4716
4479 4764
4505 4793
4552 4792
4520 4839
4465 4890
4528 4956
4490 5017
4413 5000
4400 5097
4358 5216
4328 5254
4277 5246
4243 5219
4148 5151
4136 5117
4088 5150
4087 5229
4080 5227
4054 5223
3992 5228
4004 5266
3997 5330
3993 5389
3933 5350
3880 5326
3891 5207
3798 5141
3722 5140
3747 5183
3679 5243
3648 5221
3551 5292
3511 5278
3496 5381
3550 5370
3563 5364
3438 5371
3407 5240
3355 5261
3339 5304
3298 5282
3250 5317
3186 5354
3175 5260
3200 5259
3208 5145
3251 5170
3095 5184
3059 5178
3017 5084
2965 5068
3034 5025
2977 4942
3097 4945
3114 4937
3141 4990
3300 5003
3378 5019
3371 5028
3379 5085
3526 5089
3556 5115
3584 5054
3689 5039
3698 5021
3694 5076
3745 4999
3828 4980
3875 4936
3869 4919
3856 4864
3912 4877
3909 4881
3900 4824
3740 4825
3724 4812
3712 4832
3713 4834
3658 4842
3681 4899
3767 4886
3966 4933
3996 4952
3981 5001
3883 5040
4047 4895
4095 4814
4039 4770
4157 4751
4162 4714
4208 4750
4230 4760
4242 4786
4317 4810
4346 4902
4241 4981
4237 5038
4276 4711
4279 4650
4299 4636
4327 4528
4275 4474
4272 4358
4233 4329
4189 4302
4176 4292
4166 4324
4170 4233
4185 4217
4154 4121
4142 4081
4063 4041
4010 3960
3970 3955
3994 3865
4069 3855
4149 3846
4267 3798
4332 3833
4326 3678
4360 3619
4224 3636
4245 3574
4251 3569
4273 3529
4260 3457
4178 3444
4022 3423
4033 3350
4067 3331
4034 3276
4018 3239
4005 3210
3995 3213
3965 3289
3969 3329
3878 3305
3936 3130
3834 3073
3758 3040
3675 3058
3667 3186
3729 3191
3613 3262
3507 3214
3476 3231
3459 3220
3415 3268
3396 3367
3295 3335
3297 3330
3276 3299
3253 3267
3240 3333
3168 3322
3162 3312
3147 3237
3183 3175
3257 3174
3290 3202
3279 3133
3264 3057
3273 3025
3289 2918
3348 2944
3386 2922
3390 2754
3356 2706
3323 2667
3403 2646
3494 2659
3483 2575
3559 2508
3587 2486
3642 2541
3727 2565
3813 2576
3849 2650
3815 2735
3769 2750
3743 2732
3730 2760
3733 2772
3725 2695
3654 2717
3600 2677
3514 2783
3473 2796
3501 2848
3687 2931
3944 2965
3986 2942
4000 3002
4094 2990
4150 2921
4238 2970
4202 3014
4194 3074
4234 3105
4268 3149
4123 3096
4197 3280
4418 3247
4449 3300
4500 3245
4494 3140
4553 3084
4603 3090
4633 3094
4629 3080
4640 3171
4593 3310
4677 3400
4759 3373
4770 3378
4757 3433
4794 3422
4895 3434
4943 3424
5016 3467
5063 3484
5071 3415
5108 3343
5038 3325
5023 3317
5029 3244
4929 3291
4784 3311
4836 3512
4844 3524
4788 3583
4750 3604
4690 3620
4650 3567
4598 3586
4580 3573
4554 3545
4510 3542
4501 3588
4570 3705
4493 3780
4463 3899
4431 3901
4482 3967
4444 4022
4385 4094
4333 4091
4320 4155
4318 4177
4314 4224
4469 4211
4543 4208
4502 4158
4503 4112
4583 4010
4588 3968
4628 3980
4638 4009
4733 4029
4749 4062
4779 4181
4807 4172
4672 4161
4678 4152
4726 4248
4740 4366
4816 4370
4845 4410
4940 4422
4908 4496
4905 4521
4875 4503
4851 4522
4871 4575
4913 4577
4918 4633
4938 4537
5030 4520
5096 4598
5144 4599
5129 4666
5160 4680
5092 4758
5077 4768
5073 4798
5046 4811
4997 4752
4829 4597
4764 4483
4724 4469
4642 4419
4665 4388
4597 4431
4546 4424
4488 4387
4507 4295
4379 4400
4111 4386
4130 4459
4169 4488
4168 4607
4129 4612
4107 4621
3987 4531
3903 4536
3918 4672
3884 4677
3720 4589
3662 4604
3652 4561
3650 4346
3646 4347
3697 4357
3824 4399
3820 4443
3812 4447
3916 4328
3959 4277
3877 4272
3890 4240
3892 4148
3889 4106
3935 4156
3771 4197
3636 4215
3669 4131
3688 4017
3711 3963
3583 3954
3558 3959
3553 4033
3544 4055
3574 4061
3560 4086
3541 4153
3434 4133
3445 4223
3477 4225
3497 4262
3447 4303
3455 4350
3416 4362
3408 4355
3345 4340
3332 4389
3307 4372
3223 4409
3195 4428
3190 4467
3229 4530
3242 4605
3172 4613
3092 4609
3061 4669
3071 4728
3182 4747
3256 4742
3296 4748
3405 4727
3431 4699
3410 4665
3467 4652
3468 4600
3482 4511
3340 4584
3217 4670
2963 4673
2926 4681
2924 4757
2899 4735
2878 4782
2805 4795
2836 4851
2891 4856
3011 4836
3013 4568
3066 4477
3062 4425
2929 4339
2918 4337
2820 4280
2773 4242
2756 4309
2668 4294
2649 4278
2651 4253
2598 4174
2684 4122
2729 4136
2763 4090
2818 4087
2683 4060
2670 3868
2639 3851
2654 3771
2681 3722
2716 3741
2750 3727
2753 3700
2755 3778
2809 3777
2857 3760
2882 3788
2946 3785
3015 3736
3005 3693
3064 3682
3177 3684
3241 3618
3304 3570
3395 3575
3381 3526
3453 3541
3448 3491
3495 3466
3618 3504
3628 3571
3612 3595
3589 3597
3586 3564
3607 3632
3659 3623
3683 3754
3734 3719
3882 3713
3876 3664
3911 3657
3923 3607
3953 3681
3971 3752
4013 3731
4071 3572
4099 3593
3968 3521
3793 3507
3775 3527
3704 3509
3706 3382
3671 3372
3504 3629
3588 3739
3570 3801
3524 3842
3471 3876
3490 3913
3487 3950
3414 3906
3417 3888
3450 3807
3460 3817
3443 3793
3397 3758
3366 3816
3346 3826
3309 3811
3291 3919
3224 3982
3218 3995
3180 3942
3110 3925
3128 4018
3129 4151
3193 4149
3155 4202
3065 4195
2993 4111
2971 4002
2914 3877
3020 3854
3212 3850
3337 3694
3334 3662
3267 3510
3214 3532
3058 3481
3010 3460
3049 3327
2947 3297
2967 3273
2923 3319
2862 3286
2846 3158
2762 3153
2754 3197
2765 3234
2688 3248
2669 3162
2703 3089
2713 3070
2734 2955
2790 2989
2828 3003
2912 3041
3004 3048
3007 3023
3023 2957
3046 2945
3039 2916
3053 2976
3142 2983
3163 2892
3113 2786
3091 2740
3070 2733
3137 2729
3206 2739
3203 2671
3197 2593
3080 2590
3018 2584
2998 2614
3002 2651
2990 2757
2978 2762
2942 2764
2950 2778
2943 2838
2871 2824
2786 2859
2727 2826
2643 2869
2624 2870
2625 2749
2647 2758
2581 2755
2603 2722
2534 2828
2516 2896
2549 2937
2554 2956
2517 2982
2498 2988
2550 3017
2527 3143
2569 3178
2418 3169
2393 3067
2389 2946
2331 2978
2314 2979
2277 2984
2240 2900
2155 2925
2159 2969
2161 3037
2189 3044
2196 3131
2152 3119
2121 3125
2044 3129
1988 3100
2013 3001
2104 2996
2100 3028
2096 3032
2081 3063
2050 2941
2007 2878
1983 2888
1949 2809
1950 2710
1956 2634
1993 2597
2002 2554
1980 2543
1982 2473
2010 2481
1971 2438
1999 2399
2006 2391
1938 2383
1932 2251
1894 2195
1867 2159
1788 2206
1822 2256
1801 2440
1762 2491
1703 2535
1670 2556
1630 2517
1576 2626
1496 2627
1467 2654
1390 2661
1426 2599
1376 2559
1350 2566
1298 2617
1273 2629
1224 2588
1248 2702
1171 2745
1111 2638
1072 2569
1027 2548
1014 2560
922 2648
833 2693
811 2806
723 2847
668 2812
598 2893
591 2953
578 3020
524 3038
612 3082
641 3087
664 3085
630 3120
568 3132
506 3170
547 3236
595 3249
582 3341
695 3366
809 3421
881 3430
890 3403
856 3358
864 3294
907 3323
967 3255
978 3251
1024 3274
1017 3282
1091 3290
1119 3154
1124 3135
1015 3115
998 3078
1051 3066
945 3053
915 3102
906 3098
905 2933
942 2950
977 2913
1007 2877
1082 2891
1279 2853
1328 2841
1396 2928
1457 2974
1351 3024
1252 3050
1221 3238
1399 3188
1391 3157
1439 3145
1466 3252
1475 3352
1367 3361
1358 3450
1246 3469
1261 3577
1276 3621
1299 3669
1296 3699
1245 3749
1201 3718
1170 3779
1175 3795
1217 3804
1301 3805
1381 3832
1422 3806
1473 3792
1518 3829
1607 3912
1639 3921
1706 3896
1720 3940
1792 3946
1746 3993
1702 4037
1864 4042
1893 4084
1952 4120
1940 4162
1924 4213
1955 4250
1886 4284
1857 4296
1900 4381
1945 4405
2024 4421
2077 4436
2128 4490
2122 4508
2000 4533
2012 4566
2040 4637
2033 4687
2035 4804
2022 4821
1948 4849
1914 4796
1843 4783
1967 4756
1877 4909
1815 4948
1778 4963
1764 5016
1818 5012
1885 5030
1866 5114
1935 5100
2034 5035
2078 5045
2086 5044
2095 4987
2079 4982
2133 5023
2137 5137
2139 5202
2112 5269
2154 5290
2198 5305
2200 5454
2209 5512
2285 5495
2315 5519
2343 5537
2346 5552
2283 5560
2287 5612
2238 5632
2211 5641
2245 5662
2234 5702
2296 5674
2308 5682
2300 5769
2351 5750
2362 5798
2427 5807
2500 5741
2515 5863
2513 5870
2589 5861
2597 5698
2678 5718
2686 5712
2682 5668
2692 5635
2706 5590
2666 5522
2586 5583
2577 5412
2629 5314
2705 5302
2715 5251
2719 5196
2689 5099
2784 5102
2789 5058
2690 4960
2592 4924
2443 4918
2452 4853
2320 4868
2288 4840
2175 4833
2201 4953
2270 5033
2269 5172
2223 5155
2354 5111
2522 5159
2511 5255
2526 5296
2410 5308
2437 5397
2779 5386
2837 5396
2949 5408
2957 5490
2932 5555
2850 5591
2823 5588
2797 5549
2798 5689
2865 5639
2948 5721
3019 5801
2995 5873
2961 5885
3022 5902
2969 6025
2975 6035
2896 6050
2822 6051
2859 6097
2863 6147
2842 6137
2839 6155
2760 6126
2685 6195
2638 6149
2617 6132
2582 6204
2559 6322
2545 6451
2587 6474
2576 6502
2565 6528
2510 6569
2570 6627
2613 6610
2618 6603
2632 6586
2656 6590
2663 6572
2672 6613
2711 6634
2718 6663
2708 6669
2726 6724
2732 6721
2680 6734
2645 6651
2771 6617
2788 6708
2829 6687
2838 6686
2830 6752
2936 6737
2982 6759
3052 6757
3107 6731
3159 6679
3158 6566
3118 6561
3123 6551
3074 6538
3089 6519
3157 6513
3222 6574
3299 6606
3292 6462
3385 6420
3357 6383
3342 6326
3288 6320
3232 6265
3277 6189
3233 6093
3191 6071
3145 6085
3170 5967
3185 5945
3227 5959
3239 5802
3126 5796
3098 5609
3086 5567
3075 5385
3305 5472
3324 5466
3327 5508
3262 5597
3369 5714
3411 5731
3359 5800
3531 5793
3566 5782
3585 5830
3603 5815
3596 5740
3547 5708
3527 5658
3609 5627
3581 5595
3682 5675
3686 5746
3736 5762
3791 5764
3757 5724
3737 5654
3837 5669
3904 5634
3907 5630
3925 5690
3951 5711
3980 5738
3919 5783
3915 5839
3957 5882
3897 5985
3842 5940
3811 5926
3807 6067
3843 6111
3844 6193
3864 6261
3983 6245
3974 6341
3976 6507
3999 6515
3940 6503
3861 6492
3862 6405
3783 6325
3746 6354
3731 6287
3732 6221
3708 6231
3690 6222
3691 6194
3616 6118
3525 6059
3492 6084
3463 6045
3374 6142
3389 6342
3486 6310
3552 6317
3554 6382
3519 6412
3657 6422
3625 6540
3590 6544
3621 6622
3549 6636
3564 6652
3508 6639
3515 6626
3530 6743
3520 6787
3472 6819
3466 6878
3430 6888
3423 6792
3428 6784
3368 6749
3316 6765
3321 6899
3338 6929
3343 6986
3376 6988
3336 7055
3422 7068
3442 7052
3432 7115
3401 7124
3474 7140
3461 7158
3424 7194
3444 7264
3375 7335
3352 7417
3362 7495
3451 7476
3528 7447
3562 7556
3578 7565
3546 7587
3536 7636
3548 7657
3464 7649
3488 7591
3629 7558
3641 7500
3666 7463
3692 7332
3777 7277
3738 7192
3782 7154
3871 7160
3867 7186
3898 7208
4001 7109
3973 7065
4161 7069
4200 7024
4114 7006
4090 6981
3888 6950
3910 6852
3893 6775
3845 6768
3821 6769
3786 6764
3795 6611
3770 6575
3809 6529
3696 6598
3637 6782
3631 6856
3568 6935
3489 6982
3591 7082
3614 7176
3644 7157
3789 6994
3766 6925
3881 6695
4027 6710
4030 6656
4098 6599
4151 6554
4188 6532
4205 6482
4252 6505
4291 6466
4306 6453
4419 6457
4403 6423
4424 6397
4422 6306
4457 6235
4454 6188
4391 6211
4278 6238
4216 6219
4158 6263
4175 6286
4092 6197
4078 6159
4055 6144
4050 6069
4144 6064
4336 6068
4350 5973
4428 5928
4439 6014
4390 5824
4363 5795
4365 5732
4257 5729
4294 5808
4290 5899
4184 5791
4132 5766
4089 5767
4056 5686
4043 5684
4035 5631
4017 5586
4141 5577
4196 5486
4262 5449
4285 5441
4324 5538
4330 5582
4425 5667
4667 5661
4685 5722
4609 5736
4611 5751
4608 5756
4625 5849
4576 5884
4662 5944
4664 5966
4700 5974
4720 5935
4723 6039
4781 6048
4776 6121
4827 6122
4811 6184
4743 6177
4738 6214
4657 6161
4643 6267
4616 6324
4605 6345
4613 6362
4607 6465
4577 6448
4548 6432
4538 6323
4689 6415
4735 6478
4746 6517
4693 6550
4681 6571
4635 6568
4614 6578
4564 6564
4590 6659
4666 6683
4742 6675
4741 6665
4761 6676
4763 6637
4782 6644
4783 6584
4791 6716
4806 6717
4805 6755
4730 6742
4739 6697
4727 6898
4843 6906
4859 6961
4832 6977
4965 6983
4877 7079
4778 7064
4651 7050
4606 6941
4515 6931
4566 6874
4534 6806
4514 6803
4516 6794
4411 6754
4405 6741
4362 6674
4462 6635
4448 6581
4434 6560
4438 6493
4261 6591
4254 6791
4222 6864
4266 6920
4297 6900
4375 7057
4451 7041
4532 7092
4535 7252
4533 7343
4680 7340
4641 7427
4589 7551
4579 7561
4578 7567
4504 7523
4406 7540
4348 7530
4343 7614
4310 7603
4313 7598
4287 7573
4248 7581
4239 7575
4271 7457
4280 7355
4284 7299
4219 7287
4232 7337
4223 7379
4126 7469
4093 7492
4014 7507
4015 7536
3989 7373
4044 7356
4072 7325
4084 7266
4128 7270
4190 7218
4247 7212
4253 7138
4259 7110
4359 7150
4443 7175
4396 7230
4146 7164
4138 6689
4059 6762
4048 6770
4049 6476
4124 6454
4133 6460
3956 6146
3739 6082
3726 5990
3665 5954
3599 5931
3592 5907
3595 5976
3714 5838
3742 5814
3825 5518
3803 5478
3693 5459
3523 5467
4082 5453
4068 5415
4155 5346
4558 5351
4545 5400
4557 5421
4568 5424
4549 5471
4574 5500
4556 5531
4702 5539
4710 5546
4713 5487
4648 5465
4752 5572
4822 5623
4865 5637
4936 5616
5001 5652
5027 5640
4980 5676
4996 5728
5065 5748
5189 5737
5175 5578
5156 5480
5043 5484
4970 5450
4878 5404
4890 5319
4818 5309
4771 5256
4697 5205
4644 5235
4647 5250
4612 5174
4584 5173
4654 5138
4663 5120
4747 5106
4745 5014
4792 5032
4636 4991
4585 5009
4511 5245
5094 5249
5114 5335
5269 5367
5322 5343
5331 5277
5281 5295
5400 5298
5456 5310
5570 5306
5566 5347
5539 5352
5515 5391
5563 5407
5501 5452
5545 5506
5528 5568
5534 5601
5494 5593
5547 5645
5584 5653
5521 5703
5491 5776
5416 5720
5424 5656
5330 5621
5325 5419
5357 5135
5309 5075
5445 5057
5414 5020
5425 4875
5492 4854
5531 4827
5600 4734
5701 4717
5714 4887
5746 4903
5795 4857
5811 4850
5934 4885
5952 4789
5948 4694
6085 4721
6077 4819
6039 4860
6056 4984
6053 5004
6042 5031
6101 5059
6103 5125
6199 5133
6222 5070
6177 5063
6254 5005
6253 4916
6227 4910
6210 4874
6277 4897
6275 4781
6308 4744
6273 4676
6240 4606
6215 4588
6121 4593
6166 4420
6000 4462
5898 4486
5879 4472
5796 4498
5801 4546
5813 4619
5858 4582
5618 4539
5561 4489
5538 4493
5530 4458
5660 4434
5684 4416
5441 4345
5386 4384
5375 4274
5406 4239
5435 4235
5393 4183
5389 4166
5409 4114
5401 3923
5426 3885
5468 3772
5488 3697
5576 3668
5351 3725
5261 3653
5147 3627
5130 3613
5087 3615
5091 3703
5100 3821
5113 3818
5125 3863
5202 3897
5186 3924
5184 3962
5078 3975
5024 3930
4963 3964
4902 3992
4930 4030
4923 4083
4952 4107
4962 4108
5031 4196
5081 4191
5095 4269
5228 4288
5188 4352
5198 4491
5162 4484
5103 4439
5000 4373
4946 4310
4885 4308
5131 4143
5148 4134
5191 4101
5227 4079
5303 3951
5282 3867
5218 3767
5017 3774
4993 3843
4887 3840
4813 3874
4716 3903
4674 3916
4555 3891
4315 3996
4264 4014
3804 4016
3872 3931
3817 3827
3852 3790
3760 3866
3365 4038
3330 4082
3353 4226
3364 4256
3247 4188
3194 4285
2860 4232
2787 4398
2832 4452
2848 4596
2845 4641
2887 4622
2694 4648
2637 4658
2628 4685
2501 4690
2474 4693
2489 4715
2506 4729
2407 4702
2426 4657
2356 4683
2268 4663
2271 4615
2247 4718
2299 4475
2313 4485
2350 4440
2349 4369
2338 4319
2400 4282
2396 4249
2370 4230
2428 4193
2470 4150
2495 4124
2472 4089
2464 4243
2493 4231
2435 4356
2445 4463
2457 4457
2481 4579
2664 4454
2616 4364
2295 4382
2220 4342
2177 4290
2127 4320
2052 4268
2147 4198
2129 4173
2149 4004
2063 4012
2047 3927
2031 3922
2020 3943
1970 3926
1947 3958
1958 4035
1965 3848
1863 3883
1808 3834
1736 3747
1727 3737
1691 3765
1662 3742
1663 3658
1623 3584
1595 3576
1646 3539
1616 3485
1611 3385
1624 3320
1581 3285
1626 3182
1605 3088
1579 3065
1558 3047
1615 2968
1728 2987
1711 3013
1744 3049
1777 3106
1821 2997
1876 3035
1891 3260
1899 3339
1845 3391
1841 3479
1883 3455
1904 3447
1824 3534
1802 3530
1763 3537
1758 3692
1951 3717
1907 3616
2109 3702
2091 3819
2069 3892
2261 3858
2324 3871
2347 3745
2257 3733
2330 3650
2355 3612
2419 3579
2469 3605
2425 3676
2397 3677
2546 3715
2558 3723
2563 3738
2537 3796
2529 3814
2491 3836
2621 3654
2634 3610
2630 3518
2609 3501
2595 3540
2518 3413
2504 3392
2533 3376
2446 3363
2388 3386
2294 3464
2231 3482
2216 3398
2169 3395
2162 3543
2037 3347
2060 3314
2093 3277
2046 3240
2221 3167
2208 2821
2302 2810
2319 2849
2342 2886
2434 2844
2402 2734
2312 2744
2114 2765
2075 2737
2074 2603
2054 2589
2045 2625
2163 2663
2145 2492
2260 2483
2274 2472
2334 2429
2390 2404
2405 2445
2384 2496
2548 2469
2564 2532
2659 2482
2776 2500
2796 2467
2817 2547
2843 2610
2827 2682
2920 2572
2992 2487
3036 2400
2952 2369
2921 2323
2931 2263
2881 2262
2903 2221
2937 2158
2826 2131
2731 2136
2767 2229
2766 2325
2761 2386
2741 2411
2524 2413
2536 2394
2502 2200
2588 2168
2528 2064
2364 2057
2353 2170
2337 2173
2281 2176
2306 2217
2310 2274
2241 2231
2158 2258
2106 2254
2080 2245
2065 2309
2023 2288
2168 2313
2197 2098
2232 2093
2179 2042
2153 2022
2019 2090
1973 2111
1977 2050
1847 2036
1797 2070
1690 2053
1713 1987
1677 1943
1613 1984
1575 1864
1538 1828
1546 1803
1534 1763
1547 1737
1612 1720
1614 1765
1633 1675
1650 1646
1647 1523
1672 1535
1726 1538
1717 1458
1995 1457
1986 1491
2011 1557
2025 1555
2051 1750
2142 1710
2184 1631
2222 1628
2275 1589
2404 1621
2401 1520
2484 1580
2473 1431
2480 1354
2398 1366
2325 1343
2305 1376
2237 1417
2182 1393
2181 1453
2212 1244
2199 1171
2253 1111
2352 1122
2380 1178
2369 1224
2372 1263
2333 1205
2289 1227
2432 1148
2440 1100
2415 1081
2409 989
2449 951
2455 934
2519 903
2555 849
2608 912
2604 936
2644 948
2660 919
2655 826
2661 784
2701 786
2615 755
2606 694
2585 615
2650 629
2696 631
2687 673
2738 680
2770 738
2783 740
2785 837
2831 869
2905 909
2925 840
2934 825
2962 768
2981 728
3035 770
2954 638
2902 605
2904 573
2910 507
2889 485
2819 381
2772 391
2646 402
2658 355
2677 290
2601 299
2535 291
2507 328
2574 370
2525 432
2520 452
2487 449
2610 445
2619 487
2717 572
2712 593
2752 539
3055 557
3067 424
3057 345
3106 344
3131 334
3213 369
3196 276
3238 167
3243 141
3248 103
3275 174
3272 192
3318 247
3328 302
3391 264
3382 367
3491 356
3582 375
3661 361
3684 482
3663 584
3623 585
3594 652
3573 658
3510 682
3354 701
3331 660
3320 596
3313 594
3306 553
3281 566
3269 522
3245 542
3181 595
3130 647
3344 508
3469 461
3580 521
3561 294
3619 205
3640 223
3674 193
3678 183
3608 118
3567 77
3639 49
3660 41
3752 21
3755 74
3762 283
3764 659
3701 653
3846 707
3868 709
3990 1073
4116 1036
4186 996
4240 1064
4308 1015
4355 1002
4371 1028
4339 1106
4347 1117
4370 1170
4402 1166
4495 1199
4563 1203
4572 1184
4591 1156
4595 1137
4569 1096
4627 1014
4706 1031
4729 975
4785 1024
4793 1105
4835 1084
4732 1093
4728 1133
4673 1195
4646 1192
4670 1228
4624 1234
4751 1278
4819 1222
5070 1348
5052 1452
5085 1527
5084 1581
5115 1634
5121 1674
5163 1688
5199 1729
5174 1800
5233 1844
5326 1924
5327 1990
5345 1999
5253 2011
5208 2002
5240 2092
5298 2201
5340 2219
5267 2268
5235 2295
5302 2407
5319 2421
5410 2427
5480 2451
5526 2524
5564 2523
5574 2484
5630 2581
5638 2612
5641 2618
5642 2697
5628 2703
5625 2767
5554 2727
5525 2711
5508 2747
5479 2829
5496 2854
5438 2845
5450 2885
5463 2898
5588 2882
5648 2865
5663 2936
5562 2966
5541 3139
5502 3163
5548 3196
5540 3270
5573 3338
5676 3275
5657 3215
5673 3099
5722 3051
5731 3060
5823 3091
5827 3218
5828 3264
5894 3261
5921 3226
6006 3243
5978 3365
5935 3489
5807 3522
5716 3438
5808 3345
5759 3253
6111 3176
6194 3207
6213 3293
6226 3359
6274 3356
6260 3427
6334 3453
6340 3396
6421 3419
6415 3435
6474 3459
6508 3432
6547 3456
6562 3377
6560 3318
6555 3165
6577 3155
6509 3095
6394 3075
6375 3118
6344 3160
6326 3189
6432 3173
6481 3228
6371 3313
6424 3528
6491 3508
6511 3672
6434 3751
6303 3755
6331 3712
6339 3666
6301 3683
6234 3687
6159 3690
6124 3602
6123 3581
6108 3556
6336 3600
6343 3606
6320 3812
6406 3875
6498 3956
6569 3999
6645 4013
6640 4058
6637 3953
6629 3945
6667 3934
6691 3895
6766 3887
6764 3831
6841 3799
6818 3939
6849 4005
6744 3981
6959 3965
6981 4003
6999 3884
7036 4092
7067 4066
7106 4093
7165 4125
7280 4024
7348 4057
7385 4072
7400 4001
7343 3978
7413 3928
7493 3949
7521 3973
7575 3991
7587 4023
7635 4046
7632 4123
7621 4115
7520 4080
7515 4076
7486 4045
7483 3856
7440 3789
7417 3686
7350 3701
7357 3732
7327 3810
7304 3893
7271 3908
7201 3841
7206 3791
7190 3782
7278 3614
7282 3592
7283 3446
7288 3426
7237 3387
7208 3399
7194 3360
7191 3269
7150 3292
7111 3332
7079 3364
7077 3405
7070 3417
7131 3488
7143 3515
7197 3474
7338 3470
7345 3302
7312 3306
7250 3281
7254 3266
7392 3254
7371 3229
7423 3203
7452 3181
7468 3121
7518 3124
7429 3104
7420 3092
7389 3114
7328 3183
7160 3164
7112 3142
7083 3204
7082 3227
6991 3211
6973 3304
6854 3307
6876 3368
6826 3411
6800 3436
6789 3393
6773 3375
6736 3477
6656 3487
6685 3552
6732 3646
6698 3698
6689 3721
6805 3671
6910 3645
6903 3637
6899 3596
6918 3554
6895 3506
6828 3495
6940 3461
6987 3608
7060 3548
7517 3622
7612 3558
7654 3560
7738 3550
7759 3644
7801 3640
7851 3641
7866 3643
7899 3667
7927 3730
7886 3776
7953 3861
7897 3944
8028 3961
8088 3971
8133 3879
8128 3839
8093 3838
8235 3878
8346 3845
8430 3853
8462 3904
8444 3947
8445 4000
8413 4059
8501 4100
8480 4130
8542 4163
8594 4266
8595 4312
8615 4338
8709 4331
8707 4351
8715 4304
8733 4311
8790 4321
8828 4254
8743 4216
8724 4234
8740 4026
8749 3986
8785 4020
8827 4103
8936 4044
8981 4050
9020 4142
9054 4176
9098 4205
9182 4194
9176 4099
9209 4095
9196 4074
9270 4073
9348 4096
9391 4119
9402 4127
9385 4159
9349 4171
9403 4201
9395 4271
9457 4241
9522 4333
9568 4335
9539 4377
9481 4404
9466 4418
9498 4466
9514 4525
9502 4586
9500 4639
9542 4655
9574 4684
9594 4705
9617 4712
9578 4776
9570 4831
9490 4845
9468 4830
9394 4805
9390 4801
9344 4777
9346 4647
9276 4675
9186 4603
9178 4558
9152 4540
9145 4513
9199 4514
9037 4506
9027 4504
9044 4444
8963 4464
8857 4426
8892 4374
8977 4287
8937 4209
9146 4281
9102 4330
9096 4371
9206 4344
9246 4252
9425 4368
9434 4572
9525 4738
9547 4914
9616 4893
9634 4923
9644 4964
9657 4988
9692 4870
9788 4866
9784 4941
9821 5042
9845 5074
9785 5113
9798 5176
9818 5299
9811 5362
9829 5417
9817 5482
9820 5559
9794 5579
9746 5604
9756 5515
9758 5436
9680 5420
9673 5374
9739 5294
9662 5236
9557 5224
9519 5213
9506 5222
9491 5206
9513 5168
9509 5098
9454 5073
9455 4951
9279 4869
9210 4867
9203 4883
9241 4809
9095 4800
9079 4855
8995 4816
8956 4762
8931 4765
8846 4746
8832 4700
8843 4645
8925 4661
9003 4653
9077 4731
9099 4725
9134 4713
9094 4590
8853 4519
8802 4569
8774 4587
8706 4595
8737 4662
8757 4494
8630 4529
8559 4591
8533 4611
8463 4552
8448 4554
8403 4625
8429 4664
8454 4723
8422 4766
8365 4785
8366 4894
8355 4979
8282 5013
8246 5027
8290 5055
8334 5109
8378 5191
8536 5182
8586 5169
8590 5124
8613 5082
8500 5081
8534 4891
8558 4873
8639 4880
8647 4865
8680 4896
8731 4912
8705 4978
8672 4968
8739 5112
8852 5134
8867 5130
8918 5095
8975 5087
9028 5096
9048 5052
9051 4996
9158 4997
9119 4949
8976 4927
8910 4930
8906 4931
8944 5164
9025 5177
9017 5363
9035 5369
9086 5377
9090 5312
9159 5244
9235 5204
9336 5230
9383 5252
9452 5287
9421 5413
9423 5448
9338 5524
9301 5528
9272 5556
9285 5414
9190 5423
9041 5427
9065 5455
9100 5520
8947 5534
8960 5660
8983 5673
9039 5695
9071 5672
9110 5794
9162 5765
9212 5771
9419 5788
9451 5847
9436 5914
9426 6034
9471 6038
9532 6076
9576 6056
9575 6016
9606 6139
9587 6168
9497 6217
9499 6313
9561 6344
9624 6374
9560 6458
9581 6485
9670 6533
9719 6518
9701 6455
9688 6228
9705 6212
9819 6190
9812 6285
9863 6262
9894 6239
9888 6355
9906 6358
9885 6377
9939 6372
9953 6381
9946 6463
9940 6497
9997 6471
9932 6733
9920 6732
9949 6796
9941 6825
9963 6867
9983 6927
9943 7053
9968 7238
9987 7275
9912 7259
9852 7255
9824 7273
9802 7242
9799 7174
9763 7184
9696 7156
9541 7153
9565 7232
9566 7239
9613 7318
9615 7326
9618 7371
9596 7434
9601 7443
9584 7502
9564 7538
9531 7531
9456 7568
9404 7525
9366 7526
9319 7528
9334 7480
9399 7466
9418 7471
9409 7382
9465 7401
9477 7394
9512 7403
9494 7301
9431 7324
9389 7226
9414 7178
9376 7148
9337 7169
9267 7233
9226 7202
9218 7118
9214 7045
9225 7033
9166 7091
9047 7090
9056 7051
9118 6969
9005 6945
8909 6970
8877 6904
8820 6887
8941 6886
8907 6848
8882 6771
8895 6592
8899 6488
8887 6475
8946 6477
9004 6499
8996 6558
9169 6504
9184 6437
9193 6433
9195 6404
9170 6401
9292 6365
9250 6311
9263 6279
9269 6277
9278 6232
9322 6283
9410 6302
9443 6359
9439 6386
9378 6419
9372 6434
9326 6473
9380 6537
9261 6546
9240 6664
9248 6709
9300 6712
9242 6797
9256 6869
9273 6882
9305 6881
9314 6849
9359 6865
9342 6954
9266 6926
9429 6809
9467 6645
9544 6684
9687 6698
9722 6790
9639 6830
9609 6836
9537 6989
9735 7014
9778 6967
9776 7385
9809 7384
9874 7397
9998 7376
9914 7549
9808 7489
9721 7467
9665 7478
9711 7408
9706 7704
9631 7652
9792 7634
9793 7767
9690 7891
9571 7884
9517 7842
9546 7794
9488 7921
9504 8048
9521 8102
9453 8069
9332 8076
9302 8054
9343 7996
9396 7979
9284 7942
9304 7901
9223 7960
9076 7978
9080 8033
9055 8023
9026 7988
9022 8067
9024 8071
9111 8044
9144 8217
9128 8253
9185 8289
9168 8311
9126 8364
9141 8443
9087 8464
9078 8606
9149 8569
9224 8570
9215 8547
9259 8511
9227 8380
9228 8261
9274 8257
9289 8235
9268 8185
9311 8160
9202 8176
9198 8209
9033 8234
8978 8321
8974 8407
8901 8440
8889 8481
8873 8467
8875 8552
8842 8566
8805 8582
8813 8520
8787 8496
8782 8371
8816 8346
8891 8328
8914 8294
8945 8164
8922 8129
8849 8130
8868 8089
8897 8041
8972 7936
8817 7907
8751 7764
8710 7765
8661 7804
8642 7852
8588 7784
8606 7755
8619 7739
8602 7706
8507 7693
8526 7626
8481 7504
8453 7529
8447 7453
8398 7429
8385 7477
8396 7494
8327 7511
8260 7547
8228 7505
8234 7365
8308 7407
8303 7291
8401 7327
8475 7345
8584 7364
8626 7441
8678 7438
8665 7402
8644 7246
8687 7245
8718 7217
8719 7183
8776 7204
8775 7284
8732 7278
8789 7349
8903 7354
8864 7271
8860 7189
8888 7162
8902 7133
8921 7120
8896 7081
8826 7137
8780 7094
8794 7029
8768 7010
8685 7062
8648 7134
8567 7142
8560 7093
8578 7066
8515 7039
8509 6938
8632 6930
8635 6972
8617 6788
8631 6692
8636 6620
8668 6612
8683 6573
8624 6530
8604 6500
8717 6472
8701 6440
8684 6406
8778 6408
8786 6230
8829 6175
8844 6087
8801 6011
8721 6000
8698 6022
8637 6019
8585 6062
8587 6109
8537 6081
8679 6101
8676 6209
8660 6243
8591 6257
8386 6271
8406 6426
8374 6514
8326 6509
8391 6552
8325 6618
8243 6597
8240 6556
8151 6555
8172 6521
8142 6501
8076 6480
8075 6469
8054 6446
8064 6380
8030 6241
7950 6246
7906 6296
7856 6290
7896 6371
7894 6424
7740 6407
7715 6418
7720 6376
7708 6351
7779 6363
7769 6169
7732 6160
7744 6114
7701 6115
7706 6106
7683 6179
7699 6208
7680 6251
7588 6226
7530 6206
7550 6174
7485 6164
7441 6182
7405 6178
7387 6187
7270 6181
7211 6150
7210 6250
7249 6292
7260 6319
7285 6312
7300 6282
7289 6264
7361 6305
7235 6334
7161 6431
7100 6421
7104 6545
7030 6522
6977 6523
6916 6495
6884 6524
6885 6579
6846 6629
6883 6705
6934 6691
6949 6744
6970 6805
7048 6851
7129 6903
7144 6973
7228 6963
7315 6959
7321 7003
7326 7089
7366 7125
7428 7146
7410 7234
7476 7074
7557 7059
7578 7023
7553 7126
7638 7172
7665 7103
7675 7112
7753 7180
7724 7210
7679 7257
7652 7292
7743 7310
7775 7288
7791 7247
7807 7254
7833 7267
7824 7207
7816 7117
7813 7083
7803 7020
7800 6928
7838 6919
7850 6905
7839 6956
7893 7009
7959 6942
7966 6863
8019 6858
8139 6859
8159 6891
8187 6916
8224 6894
8284 6866
8306 6880
8353 6910
8296 6960
8275 7114
8192 7141
8165 7144
8170 7159
8071 7113
8049 7054
8136 7037
8111 6915
8141 6779
8070 6746
8021 6601
7974 6616
8000 6531
8157 6625
8176 6648
8287 6725
8272 6776
8376 6696
8452 6833
8467 7121
8546 7201
8991 7216
9013 7209
9019 7307
9045 7317
9046 7405
9053 7527
9050 7593
9023 7601
9015 7611
8999 7624
8998 7552
9151 7546
9157 7553
9153 7618
9213 7647
9277 7629
9325 7623
9316 7667
9313 7751
9299 7753
9247 7727
9127 7702
9075 7746
9089 7836
9154 7832
9150 7807
8926 7690
8851 7670
8825 7564
8783 7578
8703 7583
8690 7642
8716 7651
8838 7486
8871 7465
9201 7497
9221 7516
9237 7475
9255 7432
9258 7375
9309 7367
9310 7302
9165 7372
9109 7236
9400 7680
9593 8013
9591 8024
9694 8086
9712 8134
9669 8145
9641 8166
9612 8207
9611 8219
9550 8202
9579 8287
9569 8373
9666 8418
9654 8495
9678 8572
9658 8751
9686 8770
9637 8832
9761 8861
9786 8843
9779 8945
9789 9029
9813 9028
9882 9047
9925 9142
9935 9239
9924 9301
9901 9349
9979 9415
9985 9419
10000 9422
9990 9592
9860 9573
9841 9515
9858 9477
9805 9447
9775 9442
9689 9469
9628 9476
9620 9474
9604 9513
9607 9583
9563 9576
9573 9564
9487 9594
9438 9604
9483 9665
9583 9687
9595 9782
9592 9829
9555 9823
9572 9856
9474 9904
9430 9930
9298 9889
9232 9901
9161 9826
9137 9832
9097 9670
9062 9661
9052 9636
8968 9662
8949 9720
8898 9629
8885 9563
8858 9557
8766 9589
8748 9621
8728 9617
8695 9571
8669 9574
8551 9593
8531 9625
8487 9628
8484 9527
8436 9553
8371 9591
8322 9612
8217 9653
8180 9666
8238 9684
8310 9748
8508 9731
8540 9769
8574 9709
8618 9864
8689 9870
8711 9916
8571 9931
8380 9983
8154 9976
8119 9937
8140 9886
8052 9906
8029 9885
8013 9892
8012 9863
7978 9777
7919 9773
7923 9751
7852 9706
7823 9620
7755 9639
7714 9627
7703 9597
7613 9608
7562 9598
7556 9671
7639 9667
7658 9721
7617 9780
7614 9858
7608 9862
7574 9872
7568 9831
7564 9812
7548 9817
7503 9803
7292 9754
7264 9719
7213 9713
7227 9646
7245 9544
7220 9514
7223 9502
7229 9462
7263 9468
7276 9376
7255 9237
7298 9228
7382 9214
7381 9112
7334 9094
7352 9052
7297 9037
7272 9020
7171 8995
7175 8898
7147 8859
7092 8840
7059 8830
7072 8785
7063 8745
7031 8797
6989 8787
6974 8726
6904 8727
6866 8769
6831 8757
6837 8808
6856 8852
6967 8864
7021 8915
7032 8947
7012 9015
7016 9147
7172 9114
7214 8933
7248 8855
7230 8827
7239 8721
7319 8682
7342 8763
7336 8804
7418 8742
7408 8665
7511 8658
7583 8645
7595 8651
7684 8610
7736 8641
7746 8556
7789 8505
7877 8504
7915 8581
7940 8596
7969 8603
7986 8635
8039 8558
8036 8456
8098 8417
8125 8517
8132 8642
8266 8617
8304 8653
8364 8634
8392 8614
8390 8599
8412 8629
8497 8625
8465 8562
8564 8563
8614 8508
8518 8503
8528 8429
8512 8357
8469 8301
8443 8274
8451 8265
8435 8322
8405 8192
8407 8046
8359 8007
8388 7939
8397 7919
8337 7912
8318 7868
8268 7787
8285 7725
8329 7737
8350 7687
8394 7692
8414 7721
8425 7803
8538 7906
8548 7928
8592 8038
8570 8073
8671 8087
8667 7991
8664 8250
8704 8268
8761 8258
8744 8306
8688 8324
8681 8604
8623 8630
8610 8624
8611 8644
8577 8672
8400 8735
8421 8800
8323 8805
8320 8788
8305 8862
8356 8958
8417 8976
8493 8985
8498 9025
8601 9027
8583 9059
8566 9123
8550 9158
8434 9189
8450 9224
8437 9299
8505 9348
8529 9371
8442 9420
8344 9487
8251 9467
8152 9472
8123 9400
8143 9358
8091 9308
8020 9281
7962 9304
7881 9313
7820 9337
7721 9389
7606 9388
7540 9361
7571 9320
7473 9330
7474 9428
7437 9450
7403 9542
7374 9570
7426 9602
7305 9547
7347 9489
7138 9480
7127 9438
7035 9436
7007 9425
7005 9417
6972 9458
7000 9533
7122 9534
7157 9540
7074 9626
6927 9669
6858 9668
6860 9779
6892 9795
6902 9847
6911 9888
6847 9934
6842 9939
6838 9928
6734 9926
6750 9964
6747 9985
6665 9951
6671 9890
6580 9874
6551 9919
6609 9938
6600 9992
6530 9999
6416 9925
6411 9805
6464 9820
6524 9761
6519 9677
6538 9685
6543 9599
6573 9507
6465 9503
6501 9426
6426 9377
6397 9378
6309 9373
6302 9383
6292 9401
6248 9483
6236 9478
6195 9588
6263 9645
6256 9793
6229 9772
6130 9707
6037 9729
5999 9686
5903 9689
5892 9652
5881 9609
5852 9585
5906 9581
5901 9535
5880 9526
5945 9559
6061 9538
6088 9495
6052 9457
5912 9393
5962 9323
5972 9184
5817 9178
5750 9113
5776 9057
5680 9075
5672 9098
5631 9088
5646 9124
5650 9150
5497 9174
5500 9225
5391 9227
5377 9175
5344 9162
5349 9151
5338 9061
5352 8993
5418 8957
5510 8961
5476 9086
5263 9017
5231 9018
5187 8946
5185 8911
5126 8895
5239 8867
5301 8913
5413 8801
5411 8548
5419 8516
5343 8492
5346 8450
5310 8427
5348 8374
5361 8375
5288 8354
5278 8358
5277 8239
5251 8190
5245 8178
5275 8149
5272 8103
5297 8109
5299 8055
5260 8027
5268 8012
5150 8000
5132 7892
5066 7793
5056 7763
5079 7716
5088 7688
5011 7679
4983 7668
4949 7671
4889 7660
4808 7695
4773 7700
4762 7711
4787 7714
4755 7744
4756 7747
4709 7773
4675 7823
4602 7796
4522 7857
4481 7915
4446 7918
4471 7983
4445 8010
4423 7990
4372 8032
4352 8017
4366 7888
4356 7835
4382 7824
4421 7820
4361 7798
4307 7778
4407 7730
4388 7675
4074 7676
4061 7759
4038 7806
4006 7856
3991 7902
3948 7920
3941 7927
3960 7789
3947 7715
3908 7640
3802 7635
3800 7681
3774 7677
3735 7674
3744 7791
3799 7790
3853 7801
3754 7859
3765 7995
3780 8062
3818 8101
3839 8191
3902 8233
3945 8263
3928 8293
3978 8359
4026 8362
4031 8326
4057 8413
4066 8458
3988 8472
3958 8415
3794 8419
3808 8393
3792 8370
3787 8461
3810 8451
3805 8479
3723 8473
3699 8482
3680 8428
3539 8441
3532 8336
3538 8320
3610 8319
3627 8283
3673 8273
3649 8221
3626 8189
3565 8152
3533 8241
3462 8279
3433 8340
3406 8422
3363 8399
3308 8343
3252 8412
3283 8485
3189 8537
3096 8544
3082 8539
3054 8555
3025 8557
3027 8608
2898 8638
2922 8538
2769 8501
2749 8406
2757 8395
2720 8317
2648 8347
2626 8332
2614 8394
2562 8255
2450 8244
2451 8212
2447 8297
2424 8338
2367 8342
2394 8386
2378 8421
2371 8430
2417 8444
2468 8509
2475 8522
2503 8493
2578 8597
2584 8712
2560 8845
2530 8940
2514 8960
2508 8964
2462 8942
2441 8944
2461 9053
2531 9055
2641 8997
2642 8918
2742 8935
2814 8969
2815 8870
2707 8822
2695 8815
2747 8699
2704 8571
2403 8583
2332 8616
2348 8643
2286 8663
2256 8683
2267 8702
2263 8612
2202 8631
2117 8591
2132 8701
2014 8729
2056 8816
2083 8888
2076 8900
1985 8873
1964 8951
1944 8973
1919 8972
1874 8955
1908 8899
1915 8784
1819 8780
1838 8744
1806 8687
1738 8710
1641 8656
1655 8626
1608 8637
1593 8667
1527 8675
1563 8773
1564 8856
1621 8833
1692 8881
1721 8876
1686 8956
1695 8966
1700 9100
1651 9120
1653 9192
1712 9193
1699 9290
1636 9265
1577 9284
1566 9232
1530 9266
1514 9260
1505 9302
1493 9215
1523 9138
1582 9132
1592 9076
1589 9066
1477 8999
1413 8988
1411 8909
1395 8817
1337 8792
1401 8736
1165 8728
1193 8796
1152 8818
1117 8872
1105 8902
1074 8974
1063 9016
964 8965
976 8912
997 8828
975 8779
914 8790
921 8747
932 8671
999 8715
1050 8691
1002 8623
1005 8611
1022 8532
1094 8530
1075 8574
1070 8580
1161 8619
1157 8628
1203 8657
1178 8534
1229 8480
1196 8435
1125 8398
1077 8305
1021 8308
974 8304
995 8270
924 8334
919 8204
951 8175
929 8121
918 8094
871 8081
878 8142
842 8205
801 8184
807 8237
764 8220
744 8396
711 8420
640 8360
534 8356
539 8344
535 8291
545 8285
554 8405
507 8389
458 8355
416 8316
413 8224
382 8231
305 8186
201 8167
190 8227
113 8208
106 8318
53 8368
44 8378
19 8391
23 8489
92 8512
208 8529
211 8573
221 8636
283 8586
320 8668
364 8655
404 8704
521 8697
550 8711
563 8639
552 8565
565 8533
467 8615
445 8620
449 8602
397 8507
394 8455
381 8381
257 8487
194 8442
35 8254
40 8143
121 8065
173 8001
223 7981
217 7969
216 8031
200 7922
247 7817
310 7833
334 7831
391 7839
393 7775
421 7733
411 7718
490 7731
522 7745
495 7810
515 7870
601 7860
619 7732
614 7625
555 7628
532 7615
543 7563
624 7519
733 7513
784 7550
827 7613
824 7705
829 7792
808 7843
946 7876
920 7962
1042 8047
1115 8025
1090 8122
1144 8173
1131 8193
1187 8276
1263 8302
1288 8323
1253 8376
1321 8266
1361 8230
1371 8153
1347 8150
1338 8144
1416 8116
1471 8110
1469 8197
1482 8247
1537 8288
1535 8303
1444 8333
1433 8330
1463 8471
1423 8506
1506 8510
1519 8449
1675 8521
1688 8594
1761 8560
1775 8515
1809 8524
1833 8513
1881 8498
1913 8411
1918 8312
1759 8295
1752 8335
1696 8367
1697 8392
1776 8466
1844 8589
1888 8652
2015 8448
2073 8469
2082 8432
2092 8400
2119 8460
2185 8383
2217 8345
2178 8200
2115 8188
2126 8236
2038 8214
2005 8157
2064 8085
2072 8011
2187 7986
2188 8107
2190 8132
2248 8124
2339 8210
2365 8271
2387 8280
2345 8030
2375 7951
2408 7869
2458 7864
2467 7894
2509 7896
2538 7904
2580 7925
2575 7950
2590 7955
2540 7993
2556 8040
2557 8042
2594 8063
2492 8068
2485 8036
2653 7999
2751 7975
2799 8009
2858 7987
2908 7946
2895 7874
2851 7861
2876 7812
2901 7799
2811 7821
2810 7931
2778 7913
2673 7853
2567 7781
2541 7719
2494 7741
2496 7661
2459 7662
2376 7728
2360 7742
2297 7782
2293 7779
2280 7696
2316 7621
2174 7622
2180 7606
2194 7643
2186 7515
2134 7518
2228 7535
2235 7428
2272 7406
2290 7378
2278 7316
2229 7312
2204 7323
2111 7344
2087 7369
2061 7341
1994 7435
2067 7584
2094 7698
2110 7805
2108 7867
2004 7829
1984 7757
1922 7795
1912 7813
1921 7851
1812 7846
1779 7862
1787 7883
1756 7841
1732 7797
1725 7738
1635 7768
1542 7756
1580 7712
1606 7588
1622 7580
1654 7571
1678 7487
1679 7482
1701 7414
1632 7390
1578 7415
1524 7462
1596 7503
1470 7554
1458 7608
1494 7609
1412 7658
1450 7734
1501 7830
1541 7880
1604 7854
1638 7966
1599 8050
1628 8090
1617 8117
1707 8075
1714 8026
1760 8083
1860 8066
1929 8091
1953 7965
1741 7914
1718 8199
1446 8029
1329 8008
1285 7933
1227 7923
1164 7943
1149 7871
1195 7776
1183 7743
1208 7723
1234 7656
1287 7701
1244 7811
1382 7865
1278 7542
1231 7460
1223 7413
1181 7421
1145 7510
1003 7472
940 7396
879 7436
751 7418
754 7346
702 7331
705 7366
683 7431
620 7399
635 7348
504 7311
462 7294
435 7293
424 7296
414 7411
409 7474
324 7491
295 7440
224 7501
176 7514
129 7560
133 7617
57 7644
63 7654
52 7710
34 7769
78 7762
55 7840
77 7520
75 7449
85 7361
101 7347
138 7334
160 7350
239 7228
242 7224
277 7235
285 7263
287 7163
279 7080
327 7015
383 6979
407 6936
439 6834
489 6857
560 6908
647 6810
688 6831
631 6761
562 6722
461 6647
398 6642
317 6638
316 6699
350 6841
281 6913
241 6965
227 6976
206 6998
189 6839
199 6813
185 6748
116 6658
143 6623
212 6607
89 6583
178 6484
177 6403
183 6387
132 6373
155 6346
151 6270
144 6240
131 6201
99 6186
197 6163
230 6152
238 6140
275 6089
321 6104
337 6029
369 6165
440 6162
512 6183
542 6216
564 6171
607 6218
696 6200
676 6158
736 6153
766 6099
787 6063
748 6041
728 5958
707 5939
680 5952
756 5943
708 5865
659 5844
572 5828
586 5773
681 5745
720 5760
753 5781
865 5742
910 5706
908 5649
876 5644
838 5629
772 5561
761 5473
780 5356
741 5334
729 5263
835 5225
845 5165
795 5132
706 5077
613 5062
602 5047
579 5078
569 5072
496 5066
509 5024
484 4993
589 4989
623 4957
632 4861
604 4858
597 4848
577 4784
536 4790
530 4773
544 4808
610 4741
583 4634
474 4678
366 4679
331 4689
395 4740
430 4774
396 4559
372 4555
485 4570
473 4473
468 4476
454 4480
308 4479
313 4435
322 4417
319 4375
264 4348
251 4316
205 4255
142 4244
237 4210
282 4113
367 4135
362 4157
363 4068
370 4051
442 4063
470 4040
519 4071
518 4204
431 4206
479 4300
655 4291
666 4228
738 4184
810 4137
840 4245
749 4306
755 4313
718 4359
727 4378
710 4403
709 4441
737 4433
760 4515
776 4549
806 4574
859 4602
897 4631
933 4583
970 4560
990 4630
956 4659
778 4642
828 4818
735 4863
813 4946
853 4998
979 4994
1012 4971
991 4917
1010 4871
1079 4841
1071 4759
1048 4763
1122 4698
1133 4701
1159 4692
1294 4671
1331 4618
1323 4563
1342 4553
1387 4551
1449 4557
1513 4617
1570 4682
1551 4707
1502 4745
1445 4799
1430 4794
1400 4915
1362 4908
1340 4907
1327 5006
1303 4995
1270 5018
1238 4986
1184 5008
1130 4944
1148 4900
1053 4928
1057 5053
1009 5049
1026 5105
1035 5146
944 5175
909 5199
984 5233
1025 5324
1086 5336
1087 5359
1065 5434
1141 5425
1237 5398
1271 5477
1383 5483
1366 5511
1353 5527
1348 5626
1264 5617
1191 5650
1176 5699
1155 5691
1147 5608
1054 5636
1034 5521
948 5571
888 5542
899 5469
912 5357
931 5333
917 5318
1104 5273
1118 5186
1116 5071
1314 5083
1394 5086
1405 5079
1421 5041
1497 4992
1629 4977
1652 4975
1660 5091
1731 5143
1771 5217
1754 5239
1872 5258
1901 5337
1939 5355
1987 5476
1981 5624
2039 5663
2107 5628
2113 5716
2148 5749
2068 5797
1978 5813
1909 5819
1917 5792
1926 5878
1865 5846
1854 5949
1805 5964
1766 5987
1733 5953
1765 5917
1735 5867
1665 5890
1640 5891
1637 5942
1643 5955
1569 6015
1536 6054
1484 6090
1550 6134
1544 6275
1522 6300
1549 6417
1539 6452
1479 6487
1462 6392
1619 6416
1656 6489
1574 6516
1600 6646
1568 6673
1680 6595
1748 6690
1742 6738
1716 6745
1715 6774
1661 6795
1642 6844
1674 6923
1676 7040
1620 7044
1610 7036
1583 7048
1499 7076
1554 7131
1533 7222
1495 7190
1486 7283
1448 7265
1438 7420
1325 7446
1341 7468
1320 7362
1236 7304
1136 7309
1138 7279
1008 7280
934 7295
961 7225
949 7152
861 7177
790 7161
804 7101
834 7056
826 7026
771 6991
762 6968
722 6953
904 6921
937 6885
1062 6855
1049 6801
1037 6735
965 6726
966 6720
883 6688
836 6693
770 6702
745 6542
732 6483
713 6409
797 6414
872 6425
867 6329
943 6328
941 6314
1033 6321
1011 6368
1186 6393
1216 6410
1267 6395
1202 6510
1177 6657
1220 6682
1295 6640
1308 6587
1374 6585
1455 6582
1386 6662
1336 6694
1280 6786
1265 6826
1251 6838
1243 6975
1256 7063
1199 7116
1129 7088
1078 7165
1059 7220
1043 7035
1023 7038
1097 6947
1107 6879
1172 6940
1326 6914
1352 7031
1277 7173
1481 6943
1490 6907
1516 6901
1526 6824
1404 6821
1415 6778
1073 6650
874 6600
846 6506
678 6535
585 6553
523 6557
531 6512
476 6520
488 6534
355 6428
290 6284
11 6252
117 5932
188 5913
225 5919
248 5925
267 5922
252 5854
293 5804
174 5790
171 5717
157 5678
215 5694
179 5625
150 5607
135 5547
163 5536
192 5553
249 5530
272 5494
368 5433
457 5432
455 5418
472 5403
567 5439
621 5444
689 5394
653 5192
638 5194
629 5214
528 5262
529 5313
502 5300
380 5301
373 5276
328 5247
245 5253
255 5187
167 5267
204 5388
91 5405
100 5428
81 5533
96 5576
67 5659
14 5670
16 5697
26 5744
24 5820
54 5834
80 5770
36 5517
13 5311
47 5110
60 4969
120 4973
153 4913
162 4906
228 4888
254 4920
312 4934
149 4775
156 4696
207 4643
58 4674
2 4697
3 4901
59 4507
82 4509
64 4450
123 4470
50 4379
42 4354
229 4412
209 4077
181 3970
274 3881
286 3787
343 3786
345 3835
425 3873
432 3937
643 3920
637 3882
731 3914
758 4019
719 4054
686 4075
639 4052
633 4032
889 4056
926 4047
939 4027
994 3969
1031 3997
1139 4067
1207 4053
1242 4110
1305 4144
1274 4200
1226 4293
1182 4343
1140 4336
1113 4325
1064 4334
1044 4395
989 4397
1016 4456
1029 4517
1126 4543
1088 4445
1189 4461
1284 4556
1442 4414
1464 4393
1528 4361
1560 4406
1521 4438
1572 4499
1597 4482
1602 4538
1737 4524
1749 4668
1774 4688
1683 4704
1681 4660
1723 4380
1668 4298
1468 4289
1365 4264
1360 4102
1346 4064
1380 4028
1393 4011
1339 3935
1316 3917
1239 3987
1153 3837
1132 3759
1085 3748
1052 3753
1030 3746
1096 3689
1151 3674
1154 3660
1066 3565
1084 3503
988 3494
981 3409
866 3458
875 3473
913 3587
839 3611
658 3566
594 3544
593 3535
618 3626
557 3691
520 3590
491 3499
487 3486
443 3381
420 3354
390 3401
256 3445
253 3483
318 3523
333 3625
301 3639
417 3633
428 3628
152 3659
98 3652
79 3648
31 3647
33 3603
154 3562
146 3414
109 3429
27 3420
74 3308
107 3258
102 3242
62 3205
12 3144
148 3168
164 3117
165 3116
184 3101
127 3036
51 3016
30 2948
5 2927
7 2715
90 2673
112 2660
46 2613
28 2607
21 2504
4 2480
170 2443
198 2502
159 2592
346 2620
356 2685
353 2689
311 2662
260 2719
236 2774
187 2794
191 2863
261 2846
265 2959
375 3009
365 3097
306 3111
326 3199
203 3208
161 3224
231 3303
168 3371
481 3301
816 3233
1150 3410
1515 3533
1540 3516
1693 3241
1769 3272
1795 3257
1814 3309
1784 2705
1853 2690
1896 2615
1840 2583
1828 2557
1743 2641
1709 2633
1659 2818
1460 2804
1454 2803
1478 2449
1512 2463
1562 2355
1594 2368
1645 2297
1627 2140
1520 2144
1489 2127
1447 2119
1427 2118
1407 2088
1388 2096
1334 2094
1283 2107
1215 2110
1100 2143
1098 2055
1041 1996
971 2006
969 2115
936 2132
927 2182
895 2097
857 1898
830 1900
832 1799
869 1772
900 1730
782 1736
779 1712
697 1714
724 1764
644 1767
645 1742
580 1788
540 1770
546 1683
516 1664
570 1637
527 1552
444 1585
406 1575
419 1633
340 1601
315 1600
270 1618
273 1563
342 1561
338 1409
323 1402
378 1384
401 1380
537 1416
628 1406
690 1411
679 1490
747 1455
743 1544
768 1550
726 1647
757 1834
703 1860
700 1870
656 1872
590 1857
608 1922
626 1946
648 1989
685 1973
717 1995
508 1917
456 1932
418 1963
392 1979
344 2052
244 2065
226 2120
219 2126
294 2147
325 2155
329 2181
351 2180
349 2189
354 2213
389 2193
405 2261
361 2349
447 2360
426 2405
446 2446
412 2460
433 2564
403 2586
387 2574
371 2553
513 2587
561 2459
646 2425
636 2393
617 2338
599 2240
622 2224
802 2267
849 2326
841 2361
798 2448
786 2470
746 2495
725 2455
699 2479
862 2530
957 2423
1167 2485
1269 2424
1306 2444
1282 2306
1343 2244
1379 2242
1368 2218
1409 2237
1429 2191
1461 2032
1459 1965
1384 2016
1330 2018
1311 1877
1355 1838
1377 1760
1434 1756
1419 1654
1441 1593
1488 1525
1397 1505
1211 1530
1205 1587
1160 1554
1039 1541
1006 1635
1056 1691
1108 1726
1232 1658
1228 1841
1135 1945
992 1861
1414 1884
1648 1849
1848 1916
1831 1957
1942 1935
1927 1866
2273 1785
2282 1749
2429 1741
2442 1702
2497 1850
2657 1703
2700 1744
2746 1791
2758 1705
2802 1678
2721 1640
2702 1608
2710 1419
2807 1398
2806 1320
2886 1318
2864 1281
2888 1201
2853 1131
2792 1154
2730 1047
2622 1043
2600 1094
2605 1103
2612 1112
2620 1174
2579 1214
2543 1226
2512 1208
2591 1269
2744 1297
2852 1438
2824 1487
2919 1459
2927 1444
2930 1379
2973 1390
2964 1481
3003 1468
3392 1486
3388 1445
3435 1441
3458 1494
3470 1510
3534 1371
3516 1275
3579 1262
3598 1197
3611 1168
3638 1209
3569 1051
3575 995
3506 914
3478 1113
3373 1310
3456 1708
3439 1837
3372 1845
3341 1792
3303 1819
3280 1903
3282 2081
3286 2250
3219 2265
3228 2286
3169 2266
3099 2209
3108 2071
3116 2058
3000 1937
2970 1852
2996 2271
3152 2381
3211 2358
3394 2330
3441 2350
3452 2321
3480 2277
3412 2208
3393 2203
3383 2519
3285 2550
3265 2538
3117 2494
3115 2639
2989 2881
3001 3110
3047 3134
3048 3151
3038 3198
3016 3184
3088 3193
3171 3083
2748 3342
2633 3340
2697 3663
2791 3638
2825 3624
2812 3609
2840 3591
2847 3538
2873 3525
2897 3651
2869 3675
2844 3941
2243 4007
1820 4182
1531 4186
1565 4118
1590 4104
1859 4455
1972 4495
2042 5188
2009 5232
1835 5447
1825 5438
1849 5523
1916 5575
1786 5642
1755 5687
1753 5734
1724 5719
1657 5701
1658 5633
1587 5680
1618 5775
1487 5723
1389 5693
1307 5681
1322 5816
1335 5874
1291 5868
1257 5852
1185 5876
1192 5918
1209 5903
1212 5950
1268 5977
1249 6053
1292 6066
1286 6136
1302 6148
1332 6112
1364 6192
1197 6213
1137 6120
1143 6046
1120 6021
1067 6033
1045 6037
983 6079
962 6133
930 6176
1018 6170
1036 6173
947 6010
955 5946
952 5817
928 5833
891 5811
963 5757
1127 5812
1109 5841
1402 5799
1424 5871
1420 5904
1504 5924
1385 5981
1719 6103
1730 6167
1682 6215
1689 6266
1803 6244
1785 6333
1773 6353
1905 6438
1962 6450
1998 6378
2043 6349
2071 6366
2097 6298
2131 6291
2165 6210
2195 6123
2193 6004
2213 5994
2244 5991
2311 6002
2329 6008
2276 6042
2116 6057
2028 6058
1968 6077
1941 5968
1871 6154
1861 6157
1856 6180
1772 6080
2036 6248
1996 6304
2053 6577
2066 6605
2084 6633
2059 6701
2026 6714
2016 6672
2018 6670
1889 6668
1842 6706
1936 6719
1920 6802
1884 6840
1931 6892
1943 6912
1902 6951
1897 7017
1880 7078
1934 7105
1966 7147
2098 7128
2089 7058
2136 7077
2203 7042
2219 7002
2301 7005
2292 6958
2262 6955
2336 6957
2341 6939
2298 6853
2279 6845
2215 6847
2218 6816
2251 6767
2264 6707
2383 6715
2391 6751
2422 6832
2430 6872
2499 6718
2631 6820
2652 7004
2573 6992
2698 7049
2728 7096
2782 6978
2803 6949
2793 6896
2795 6883
2986 6884
3094 6870
3134 6875
3160 6854
3154 6934
3226 6922
3215 6996
3236 7060
3234 7097
3293 7135
3266 7206
3260 7243
3270 7268
3199 7285
3187 7339
3146 7391
3112 7398
3090 7455
3100 7496
3121 7559
3069 7586
3041 7602
3006 7576
2997 7699
2988 7826
3031 7878
3056 7893
3050 7961
3081 8015
3029 8037
3176 8002
3201 7970
3225 7885
3254 7760
3263 7672
3235 7512
3284 7358
3104 7306
3109 7237
3144 7248
3166 7211
3205 7182
3149 7122
3138 7016
3072 7025
3073 6980
2944 6985
2955 7019
2968 7013
3026 7072
3028 7129
3043 7200
2976 7191
2984 7253
2900 7281
2868 7313
2915 7380
2928 7506
2951 7484
2834 7637
2855 7689
2780 7659
2768 7620
2723 7616
2640 7639
2635 7524
2547 7537
2542 7470
2438 7490
2340 7448
2395 7329
2386 7300
2476 7276
2490 7205
2448 7193
2607 7223
2602 7229
2593 7353
2674 7368
2679 7315
2759 7250
2486 7359
2258 7084
2049 7012
1990 7001
1767 7011
1708 7108
1667 7219
1666 7249
1782 7244
1858 7297
1834 7360
1846 7594
1879 7590
1827 7663
1869 7722
1739 7545
2225 7834
2739 8098
2775 8108
2781 8112
2835 8213
2890 8203
2953 8215
3024 8226
3103 8245
3136 8246
3143 8218
3179 8201
3165 8158
3258 8057
3347 8058
3351 7974
3404 7971
3485 7963
3479 7909
3499 7897
3572 7905
3384 7900
3398 7873
3427 8168
3325 8206
3102 8385
3021 8363
2884 8278
2958 7903
3651 8021
3716 8126
3700 8148
4085 8114
4060 8061
4041 8034
4029 8006
4112 7924
4109 7863
4118 7828
4083 7844
4193 7949
4236 7911
4206 8035
4160 8074
4167 8180
4182 8165
4221 8222
4213 8252
4312 8172
4316 8137
4452 8163
4477 8125
4475 8232
4487 8337
4453 8397
4458 8423
4544 8470
4551 8491
4586 8438
4717 8462
4823 8437
4812 8387
4886 8434
4888 8454
4932 8425
5008 8439
5007 8349
4961 8350
4931 8286
5064 8282
5061 8256
5036 8228
5111 8225
5122 8272
5118 8169
5086 8154
5062 8111
5042 8082
4909 8080
4951 8151
4839 8141
4833 8136
4846 8194
4802 8182
4698 8195
4692 8120
4596 8162
4617 8045
4594 7958
4688 7948
4705 7980
4760 7930
4853 7934
4898 7917
4934 7947
4937 7877
4966 7837
4825 7858
4826 8019
4796 7483
4815 7437
4884 7393
4924 7319
4915 7289
4842 7282
4820 7241
4841 7168
4903 7167
4721 7181
5082 7203
5097 7198
5140 7099
5230 7145
5308 7107
5259 7027
5255 6964
5236 6877
5212 6843
5219 6822
5205 6804
5201 6785
5226 6783
5229 6772
5237 6713
5207 6667
5223 6631
5271 6609
5179 6594
5134 6602
5136 6655
5127 6666
5133 6823
5141 6827
5149 6808
5152 6861
5048 6846
4995 6703
4990 6624
4926 6621
4945 6547
4999 6527
5058 6525
5055 6486
5076 6411
5003 6394
4989 6361
5009 6350
4933 6331
4925 6145
5014 6095
5028 6083
5053 6074
5060 6018
5054 5895
5022 5857
4955 5825
4780 5818
4790 5893
4863 5933
4798 5665
4858 5535
5164 5986
5315 6009
5341 6006
5367 6036
5304 6075
5244 6124
5210 6119
5195 6156
5196 6223
5166 6269
5180 6330
5243 6364
5317 6388
5318 6389
5324 6336
5354 6259
5376 6233
5404 6289
5529 6274
5593 6256
5572 6357
5596 6391
5527 6384
5490 6356
5436 6436
5347 6427
5365 6539
5379 6588
5382 6615
5384 6677
5407 6567
5484 6580
5483 6496
5535 6543
5558 6459
5578 6449
5622 6468
5691 6442
5708 6479
5712 6570
5743 6660
5777 6628
5863 6565
5872 6559
5930 6563
5992 6536
5989 6399
6001 6400
5979 6390
6018 6308
6079 6332
6098 6303
6165 6301
6170 6294
6156 6234
6201 6237
6262 6258
6268 6278
6249 6151
6329 6108
6297 6052
6433 6094
6418 6117
6359 6207
6380 6335
6510 6396
6576 6447
6653 6443
6639 6413
6673 6402
6741 6367
6742 6348
6730 6247
6749 6242
6774 6220
6754 6100
6631 6098
6619 6143
6610 6199
6489 6236
6615 5996
6613 5969
6605 5951
6584 5938
6643 5894
6704 5905
6707 5984
6935 5993
6985 5992
7008 6023
7049 6007
7124 5999
7162 5963
7205 6049
7261 6032
7307 6003
7376 5975
7421 5978
7444 6091
7569 5908
7671 5972
7756 5998
7782 6043
7819 6027
7849 5956
7888 5941
7878 5892
7869 5859
7787 5842
7798 5934
7945 5897
7997 5886
8007 5923
8017 5937
8053 5875
8024 5831
8107 5821
8148 5805
8167 5827
8175 5829
8137 5856
8135 5915
8204 5960
8199 5989
8242 5995
8237 5900
8210 5862
8226 5806
8168 5743
8164 5664
8186 5647
8084 5685
8078 5548
8094 5475
8166 5503
8121 5390
8120 5328
8060 5375
8038 5387
7985 5443
7948 5496
7933 5594
7875 5600
7861 5603
7857 5648
7909 5730
7898 5754
7937 5780
7935 6020
8061 5997
8079 6060
7965 6141
7874 6128
7837 6135
8169 6203
8206 6268
8198 6307
8182 6445
8253 6435
8317 6385
8271 6205
8255 6105
8298 5936
8357 5920
8340 5860
8370 5836
8349 5810
8506 5735
8549 5707
8545 5700
8634 5715
8675 5727
8697 5768
8708 5787
8714 5826
8691 5845
8760 5835
8839 5848
8866 5948
8916 5921
8993 5916
8962 6026
8964 6092
8943 6202
8940 6297
9063 6293
9088 6309
9067 6196
9106 6130
9129 6131
9222 6125
9205 6031
9180 6001
9306 5965
9428 6116
9440 5692
9353 5655
9508 5554
9630 5532
9643 5509
9610 5492
9636 5758
9598 5786
9661 5843
9660 5851
9715 5877
9732 5784
9726 5739
9899 5713
9929 5683
9942 5774
9980 5912
9951 6005
9878 5971
9871 6040
9787 6017
9910 5485
9908 5442
9922 5446
9944 5505
9967 5274
9975 5226
9930 4962
9911 4892
9880 5010
9822 4815
9790 4787
9875 4739
9896 4708
9913 4706
9971 4732
9960 4780
9848 4629
9803 4594
9759 4616
9767 4654
9733 4638
9757 4526
9881 4516
9837 4408
9747 4394
9729 4413
9693 4363
9653 4349
9635 4317
9651 4446
9590 4429
9727 4260
9713 4178
9724 4128
9769 4145
9777 4006
9862 4015
9864 4036
9833 3966
9938 3952
9966 3870
9991 3889
9842 3849
9832 3809
9839 3769
9859 3734
9889 3631
9883 3561
9945 3555
9956 3437
9843 3348
9876 3265
9879 3177
9918 3161
9958 3166
9992 3152
9978 3212
9795 3221
9744 3192
9707 3190
9659 3223
9627 3225
9599 3271
9621 3315
9649 3324
9650 3296
9714 3279
9742 3404
9774 3407
9677 3449
9647 3496
9549 3452
9486 3475
9437 3513
9355 3578
9373 3680
9420 3773
9415 3781
9422 3803
9417 3915
9475 3900
9520 3860
9545 3762
9516 3696
9626 3706
9645 3711
9655 3797
9704 3784
9700 3761
9723 3852
9748 3844
9699 3911
9674 3948
9625 3902
9605 4116
9412 4069
9370 4025
9397 3989
9321 3974
9283 3984
9282 3938
9257 3905
9354 3864
9188 3815
9181 3763
9139 3756
9124 3783
9058 3808
9031 3768
9060 3707
9187 3720
9194 3685
9233 3728
9160 3634
9113 3598
9072 3568
8939 3580
8959 3471
9016 3462
9040 3369
8966 3388
9007 3298
8911 3278
8850 3284
8812 3287
8836 3256
8870 3328
8862 3443
8797 3383
8773 3370
8729 3412
8772 3585
8682 3594
8605 3563
8580 3582
8575 3673
8593 3704
8659 3775
8742 3726
8753 3708
8769 3743
8869 3740
8874 3823
8876 3898
8884 3977
8982 3909
8971 3857
9171 3972
8640 3976
8547 3985
8562 4021
8523 3886
8517 3820
8496 3800
8461 3744
8416 3735
8428 3770
8455 3695
8347 3649
8389 3599
8381 3500
8372 3476
8311 3493
8319 3549
8200 3520
8181 3463
8247 3465
8236 3406
8163 3349
8086 3246
8122 3141
8294 3185
8295 3235
8330 3232
8419 3357
8474 3353
8516 3355
8554 3468
8532 3498
8490 3551
8424 3418
8489 3109
8495 3079
8438 2980
8524 2952
8499 2905
8383 2906
8360 2902
8262 2897
8261 2917
8254 2929
8223 2947
8231 2831
8338 2817
8343 2795
8408 2830
8410 2746
8423 2723
8471 2714
8456 2748
8477 2776
8520 2798
8621 2805
8622 2763
8597 2637
8569 2655
8579 2582
8519 2621
8432 2605
8373 2700
8270 2688
8177 2704
8130 2696
8003 2771
8014 2788
8026 2858
8023 2971
8018 2967
8015 2991
7916 2972
7880 3008
7836 2992
7862 2943
7889 2884
7814 2842
7792 2789
7770 2797
7767 2743
7660 2708
7640 2781
7650 2802
7634 2815
7695 2840
7681 2860
7691 2871
7685 2940
7666 3019
7633 3056
7626 3138
7709 3195
7772 3180
7835 3222
7754 3295
7750 3362
7761 3390
7752 3402
7704 3439
7605 3505
7544 3380
7504 3384
7527 3344
7561 3346
7445 3337
7490 3015
7359 2995
7323 2961
7286 2986
7242 3004
7199 3021
7114 3007
7101 2994
7117 2939
7089 2909
7058 2864
7034 2862
6950 2873
6941 2975
6938 3029
7002 3071
7045 2963
7053 2954
7140 2876
7145 2852
7108 2773
7119 2683
7103 2616
7019 2601
6988 2585
7051 2551
7061 2522
7136 2539
7275 2545
7291 2552
7356 2570
7340 2636
7397 2643
7402 2721
7390 2724
7380 2799
7412 2833
7451 2801
7563 2731
7494 2656
7478 2609
7477 2540
7510 2431
7519 2436
7542 2456
7577 2490
7576 2497
7586 2577
7623 2604
7764 2595
7845 2562
7904 2507
7987 2516
8124 2489
8150 2416
8194 2415
8207 2410
8256 2441
8263 2555
8418 2458
8522 2432
8503 2377
8511 2351
8556 2308
8514 2212
8513 2210
8482 2157
8596 2164
8663 2083
8652 2048
8841 2045
8818 2087
8824 2150
8815 2161
8833 2227
8800 2278
8762 2299
8755 2301
8730 2298
8823 2365
8917 2433
8919 2503
8886 2531
8938 2619
8904 2699
8863 2668
8777 2679
8759 2598
8633 2439
8568 2478
8384 2339
8335 2371
8341 2272
8315 2284
8252 2283
8241 2276
8220 2289
8232 2329
8146 2294
8087 2291
8083 2264
8055 2281
8033 2300
8002 2246
7975 2236
7963 2197
7951 2100
7981 2084
8006 2021
8001 1977
7958 1997
8043 1928
8099 1939
8113 1906
7980 1820
7998 1775
7928 1778
7825 1781
7802 1777
7777 1713
7693 1727
7669 1695
7637 1656
7644 1612
7581 1615
7565 1595
7551 1649
7543 1681
7579 1697
7589 1693
7733 1622
7832 1642
7882 1617
7827 1571
7815 1528
7808 1516
7804 1496
7773 1512
7776 1456
7630 1488
7624 1341
7641 1344
7647 1296
7692 1303
7713 1326
7722 1257
7710 1231
7799 1258
7907 1270
7936 1342
7952 1351
8101 1424
8096 1492
8160 1479
8183 1410
8250 1400
8269 1480
8328 1495
8342 1537
8361 1562
8420 1573
8460 1579
8468 1532
8472 1534
8431 1515
8535 1518
8561 1519
8582 1597
8666 1605
8674 1651
8651 1659
8735 1682
8746 1796
8754 1814
8798 1825
8847 1817
8908 1829
8957 1718
8985 1711
8969 1657
8928 1670
8879 1591
8804 1517
8799 1450
8796 1427
8771 1443
8723 1428
8722 1467
8848 1423
8819 1337
8881 1327
8900 1285
8905 1274
8989 1265
9030 1242
9057 1233
9115 1246
9147 1345
9093 1485
9084 1477
9189 1543
9192 1625
9091 1644
9132 1716
9138 1743
9101 1802
9073 1787
9043 1748
9008 1893
8979 2008
9074 2026
9114 2062
9179 2047
9200 2023
9208 2125
9244 2151
9260 2163
9290 2117
9327 2128
9352 2135
9363 2162
9360 2199
9330 2178
9364 2273
9375 2354
9351 2408
9275 2397
9252 2430
9243 2518
9081 2514
9032 2549
9011 2498
8984 2364
9059 2290
9103 2260
9083 2190
9112 2179
9140 2324
9123 2419
9264 2305
9286 2319
9262 2270
9230 2253
9501 2243
9507 2205
9600 2183
9681 2169
9685 2204
9717 2160
9826 2166
9831 2235
9897 2188
9950 2194
9947 2141
9890 2060
9830 2031
9828 1942
9849 1824
9900 1793
9926 1855
9962 1751
9984 1706
9994 1679
9989 1558
9982 1493
9893 1462
9877 1449
9853 1437
9865 1394
9884 1311
9892 1120
9891 1082
9823 1077
9783 1072
9718 1128
9668 1079
9698 1000
9691 968
9588 997
9556 1130
9554 1138
9533 1175
9553 1219
9562 1232
9585 1207
9640 1277
9683 1266
9741 1239
9770 1413
9720 1434
9734 1559
9667 1599
9619 1501
9597 1503
9582 1442
9538 1454
9416 1430
9368 1439
9297 1447
9287 1671
9433 1677
9295 1823
9333 1892
9211 1897
9529 1891
9548 1982
9534 2103
9441 2043
9382 2059
9671 2079
9663 1936
9745 1784
9800 1776
9857 1734
9730 1700
9970 1959
9917 2343
9869 2348
9752 2316
9710 2320
9589 2315
9485 2310
9458 2395
9387 2465
9442 2669
9480 2726
9470 2807
9463 2872
9432 2889
9558 2901
9551 2960
9586 3000
9503 3033
9527 3061
9482 3069
9510 3108
9411 3112
9407 3127
9379 3086
9384 3081
9374 3076
9408 3034
9315 2993
9288 2914
9245 2915
9251 2923
9253 2768
9249 2712
9143 2678
9038 2670
9068 2756
9130 2861
9085 2932
9108 3005
9116 3039
9135 3042
9066 3054
9069 3018
9001 3072
8923 3064
8948 3026
8973 2899
8942 2879
8915 2904
8986 2857
9197 2808
9331 2825
9345 2790
9629 2782
9695 2791
9697 2738
9642 2680
9603 2623
9679 2608
9622 2537
9664 2477
9652 2453
9623 2418
9815 2571
9801 2594
9810 2777
9898 2827
9927 2835
9955 2887
9977 2874
9937 2924
9965 2770
9961 2665
9725 2920
9764 3011
9731 3046
9459 3179
9424 3194
9473 3216
9518 3334
9580 3397
9362 3416
9341 3440
9294 3425
9254 3428
9219 3451
9175 3374
9216 3326
9167 3259
9236 3217
9217 3113
9323 3137
8880 3136
8935 3201
8932 3206
8961 3219
8736 3123
8750 3045
8653 3107
8638 3122
8625 3126
8608 3187
8643 3230
8696 2912
8277 3027
7942 3077
7887 3068
7872 3351
7901 3379
7892 3431
7930 3441
7931 3557
8010 3617
8025 3665
8077 3642
8110 3656
8138 3635
8109 3546
8082 3553
8057 3531
8221 3714
8149 4088
8211 4164
8248 4165
8336 4175
8307 4222
8367 4263
8395 4367
8473 4360
8427 4448
8274 4510
8184 4545
8205 4703
8191 4803
8230 4817
8215 4898
8116 4925
8085 4876
8106 4737
8072 4726
8041 4753
7989 4730
7964 4626
7960 4614
7970 4548
7900 4592
7847 4468
7796 4453
7768 4502
7742 4401
7747 4238
7793 4190
7812 4187
7831 4185
7846 4237
7797 4141
7795 4138
7826 4043
7841 4049
7723 4078
7786 3890
7707 3824
7596 3869
7570 3894
7686 3670
7601 4258
7615 4275
7604 4332
7434 4376
7358 4407
7333 4471
7339 4535
7222 4523
7186 4500
7224 4465
7192 4427
7202 4632
7258 4623
7273 4646
7287 4736
7309 4778
7372 4788
7435 4724
7443 4720
7442 4571
7523 4562
7607 4581
7672 4601
7749 4627
7659 4719
7572 4695
7567 4835
7566 4852
7524 4838
7552 4940
7479 4938
7407 4961
7424 5108
7394 5156
7351 5248
7362 5281
7432 5288
7409 5325
7458 5332
7461 5406
7431 5431
7449 5462
7462 5497
7501 5493
7505 5507
7416 5501
7454 5573
7447 5704
7457 5772
7470 5789
7531 5752
7559 5610
7648 5584
7664 5620
7627 5429
7618 5416
7636 5360
7580 5470
7513 5291
7498 5193
7488 5201
7603 5179
7560 5107
7528 5080
7506 5048
7655 5046
7649 5026
7694 5034
7687 5007
7653 4911
7696 4823
7865 4826
7914 4922
7939 4935
7842 4965
7853 5051
7859 5067
7817 5149
7822 5198
7778 5200
7728 5242
7855 5307
7995 5237
7949 5142
8037 5036
8063 5022
8179 5011
8158 5064
8145 5104
8245 5271
8267 5392
8314 5464
8348 5491
8354 5545
8404 5514
8426 5606
8483 5562
8553 5498
8492 5435
8494 5422
8491 5401
8479 5395
8504 5373
8539 5379
8616 5303
8670 5280
8658 5264
8770 5268
8788 5272
8808 5358
8810 5383
8779 5463
8702 5468
8692 5456
8662 5481
8655 5541
8645 5558
8654 5574
8589 5615
8781 5622
8803 5585
8814 5566
8791 5551
8725 5510
8811 5651
8980 5753
8641 5763
8620 5864
8544 5880
8543 5911
8694 5947
8894 5430
8878 5339
9220 5060
9238 5043
9296 5090
9339 5103
9577 5118
9973 4451
9931 4229
9846 4279
9972 4132
9981 3709
9709 3655
9806 3517
8279 4315
8189 4327
8153 4314
8214 4383
8056 4460
7993 4415
7917 4402
7947 4326
8022 4203
8065 4212
8051 4169
7983 4154
7929 4126
7425 4219
7355 4170
7353 4273
7314 4299
7301 4236
6994 4214
6992 4276
6975 4160
6901 4168
6922 4129
6878 4218
6861 4251
6843 4365
6890 4390
6954 4385
6952 4518
6986 4512
7017 4478
7109 4564
7039 4640
7040 4772
7006 4828
6966 4733
6961 4722
6872 4635
6726 4628
6662 4541
6684 4501
6624 4481
6720 4432
6772 4449
6686 4322
6616 4323
6435 4341
6382 4307
6349 4305
6347 4179
6295 4140
6272 4008
6269 3990
6460 4097
6449 4109
6431 4167
6484 4192
6568 4098
6677 4147
6614 3825
6678 3250
6712 3150
6740 3148
6756 3022
6822 3006
6827 3052
6857 3103
6709 2958
6635 2890
6659 2850
6674 2836
6602 2843
6480 2875
6400 2851
6318 2832
6284 2822
6257 2793
6138 2814
6104 2752
6033 2701
5958 2698
5933 2780
5876 2820
5838 2834
5841 2839
5885 2908
5908 2911
6083 2903
6099 2930
6139 2934
6143 2938
6113 2962
6092 2973
6066 2998
6238 3030
6286 3093
6488 2981
6588 3031
6647 2709
6670 2666
6718 2579
6697 2509
6748 2488
6625 2501
6612 2520
6634 2437
6553 2402
6525 2420
6527 2426
6479 2462
6443 2457
6420 2428
6390 2417
6385 2442
6230 2447
6258 2525
6216 2573
6206 2640
6294 2657
6370 2611
6413 2632
6451 2681
6441 2707
6457 2766
6379 2759
6500 2687
6852 2676
6865 2725
6912 2716
6887 2779
6803 2792
6779 2775
6968 2674
6998 2471
7024 2422
7098 2403
7113 2363
7086 2328
7081 2312
7142 2304
7176 2356
7246 2387
7332 2374
7324 2331
7365 2347
7391 2333
7388 2372
7467 2353
7455 2322
7508 2223
7619 2335
7611 2367
7656 2303
7766 2241
7748 2133
7751 2086
7739 2054
7726 2012
7783 1966
7858 1874
7883 2134
8045 2137
8103 2142
8286 2196
8313 2063
8393 1991
8409 2000
8368 1952
8387 1933
8375 1789
8458 1746
8457 1728
8485 1680
8541 1673
8573 1694
8552 1738
8612 1753
8563 1821
8521 1856
8510 1865
8530 1879
8673 1858
8727 1847
8764 1914
8767 1251
8738 1245
8806 1243
8629 1292
8628 1346
8600 1367
8399 1329
8351 1290
8331 1216
8316 1139
8257 1114
8273 1080
8208 1035
8216 970
8239 969
8297 982
8332 893
8369 901
8433 906
8441 949
8449 1033
8557 1083
8576 1119
8598 1052
8607 1008
8650 1019
8581 855
8527 875
8476 868
8411 848
8439 790
8377 742
8293 777
8324 853
8225 736
8213 719
8265 685
8161 643
8190 535
8259 531
8218 436
8233 420
8178 404
8173 353
8227 343
8299 310
8321 385
8363 365
8402 374
8415 415
8525 362
8502 493
8466 571
8440 607
8486 623
8627 720
8747 774
8763 860
8835 961
8856 985
8952 1048
8958 1098
8924 1127
8987 1018
9036 972
9133 974
9177 931
9136 878
9014 888
8967 895
9029 816
8997 716
9061 712
8950 562
8912 523
8934 422
8955 335
8953 326
8865 320
8845 382
8765 467
8713 439
8720 321
8699 323
8700 221
8686 209
8565 202
8488 210
8470 64
8572 59
8756 87
8807 113
8821 42
8855 24
8890 105
8965 48
9034 3
9105 28
9104 62
9155 72
9092 119
9122 200
9131 230
9142 249
9107 272
9082 289
9012 237
8992 176
8930 235
9018 389
9042 426
9121 484
9163 455
9271 454
9386 397
9427 295
9447 279
9460 267
9461 256
9449 314
9524 293
9543 242
9552 173
9535 170
9515 179
9492 157
9602 169
9608 215
9684 278
9656 316
9676 340
9736 318
9728 307
9765 350
9780 396
9716 399
9648 474
9825 475
9866 463
9855 438
9856 518
9904 478
9921 472
9916 671
9952 731
9969 891
9870 871
9702 797
9703 710
9646 676
9633 684
9737 648
9738 616
9772 563
9796 579
9847 627
9496 569
9489 495
9472 502
9324 624
9377 723
9393 803
9328 778
9293 780
9280 787
9361 916
9367 933
9365 1070
9340 1071
9320 1102
9317 1039
9265 1123
9183 1147
9164 1046
9117 1059
9231 1220
9406 1271
9413 1276
9484 1264
9536 1284
9928 1141
9959 1145
9993 1155
9957 240
9948 156
9816 165
9781 218
9750 57
9872 85
9861 102
9540 36
9450 8
9371 13
9234 34
9239 197
9329 134
8609 271
8209 239
8201 206
8219 139
8188 50
8193 17
8244 4
8288 82
8131 29
8104 23
7968 26
7972 75
8005 71
7922 65
7920 56
7943 112
7924 148
7860 194
7829 203
7848 252
7805 301
7670 336
7663 405
7591 408
7594 498
7522 471
7459 465
7469 364
7497 311
7549 347
7597 319
7538 236
7448 257
7386 225
7370 305
7259 306
7203 288
7173 284
7163 384
7096 440
7087 512
7107 534
7125 610
7181 656
7182 661
7166 675
7158 748
7225 822
7219 844
7216 923
7226 1063
7240 1091
7198 1169
7121 1158
7075 1164
7095 1085
7078 1061
7130 1053
7164 1040
7011 1045
7062 935
7064 847
6926 798
6920 753
6909 705
6879 711
6873 725
6794 729
6788 697
6792 625
6819 545
6840 538
6869 501
6781 499
6716 526
6692 576
6652 510
6660 418
6727 425
6738 433
6825 373
6809 332
6810 232
6811 214
6731 243
6676 298
6687 309
6633 184
6651 144
6722 111
6802 89
6853 106
6925 244
7037 250
7057 224
7090 238
7135 91
7128 68
7241 137
7306 96
7303 35
7396 33
7399 84
7525 58
7480 158
7628 198
7678 163
7674 79
7727 32
8080 146
7971 342
7990 406
7999 462
8016 530
8062 550
8074 578
8031 599
7984 634
7956 713
7976 734
7977 800
7988 821
7991 899
7979 905
7895 938
7905 794
7863 773
7840 781
7741 817
7718 762
7620 686
7584 667
7585 664
7516 666
7546 620
7487 612
7472 619
7463 632
7481 708
7492 782
7471 815
7368 804
7379 926
7438 898
7541 896
7599 865
7735 947
7717 1056
7697 1109
7771 1090
7780 1092
7781 1132
7884 1179
7967 1129
8047 1136
8127 1150
8162 1230
8382 1167
8195 941
8118 835
8134 801
8126 765
8144 457
7911 543
7891 548
7784 580
7729 520
7661 556
7363 590
7243 589
7257 537
7256 423
7269 413
7331 703
7043 670
6971 491
6864 587
6874 814
6798 846
6737 839
6717 832
6705 802
6714 743
6586 727
6533 724
6542 789
6585 886
6446 857
6408 900
6402 904
6427 937
6314 958
6330 1021
6327 882
6376 842
6369 834
6310 735
6255 678
6267 617
6178 608
6155 547
6224 546
6285 492
6261 395
6192 409
6082 473
6069 630
6043 674
5977 688
5990 795
6003 806
6030 809
6047 892
6076 944
6102 962
5991 959
5981 876
5835 881
5861 752
5790 732
5792 649
5840 677
5847 604
5846 583
5826 606
5768 532
5704 517
5688 528
5619 489
5587 598
5396 570
5399 509
5388 490
5412 458
5337 470
5273 480
5153 450
5117 393
5074 380
5035 416
5019 519
4974 497
4953 567
4866 468
4860 464
4874 428
4927 368
4994 270
5045 275
5034 201
5168 217
5221 360
5211 600
5161 609
5167 689
5222 672
5276 662
5284 642
5320 695
5355 702
5293 751
5224 754
5178 879
5300 870
5307 1016
5383 1011
5366 1054
5443 1049
5459 1023
5516 1029
5467 1097
5498 1144
5586 1135
5612 1161
5661 1146
5687 1188
5738 1152
5745 1058
5729 1055
5767 1069
5815 1057
5928 1030
5940 1017
5905 1110
5900 1180
5869 1183
5856 1229
5851 1252
5949 1272
5946 1307
5909 1352
5923 1388
5950 1461
5965 1476
5907 1482
6015 1500
6014 1435
5996 1588
6020 1606
5976 1616
5882 1668
5873 1768
5825 1798
5797 1839
5845 1955
5839 1981
5744 2025
5694 1929
5910 1911
5994 1949
5985 1967
5974 2029
5955 2099
5963 2116
5913 2174
5860 2153
5780 2171
5771 2214
5727 2216
5760 2255
5812 2233
5820 2228
5834 2345
5809 2474
5836 2536
5915 2563
6004 2558
6055 2591
6027 2624
5800 2645
5569 2635
5575 2675
5363 2628
5313 2602
5256 2631
5170 2630
5146 2736
5139 2811
5169 2819
5264 2856
5246 2907
5334 2742
5392 2568
5270 2521
5120 2510
5105 2528
5104 2534
5075 2529
4964 2533
5005 2606
5010 2653
4978 2652
4880 2672
4869 2580
4861 2515
4848 2506
4786 2375
4954 2259
4979 2249
5059 2187
5069 2165
5101 2172
4959 2091
4986 2061
4971 1972
4976 1915
5040 1889
5047 1810
4956 1836
4935 1676
4893 1689
4831 1752
4734 1721
4561 1833
4497 1851
4436 1822
4378 1826
4340 1867
4397 1894
4459 1976
4484 1968
4492 2020
4531 2046
4560 2072
4620 2037
4656 2069
4581 1992
4468 1759
4433 1725
4416 1655
4377 1663
4351 1731
4220 1684
4125 1690
4103 1662
4045 1596
4140 1511
4164 1448
4225 1478
4301 1507
4349 1483
4380 1542
4322 1565
4288 1611
4461 1645
4486 1451
4441 1436
4519 1383
4527 1391
4565 1347
4368 1372
4373 1294
4298 1304
4263 1325
4246 1368
4198 1338
4204 1250
4209 1235
4108 1286
4105 1328
4040 1414
3954 1378
3939 1392
3858 1432
3801 1835
3634 1780
3604 1709
3656 1698
3517 1795
3542 1882
3537 1890
3873 2035
4076 1988
4110 1978
4139 1927
4115 1863
4143 1843
4270 1941
4062 2145
3984 2230
4021 2373
3962 2452
3937 2466
3963 2542
3977 2546
4037 2511
4077 2512
4075 2686
4036 2658
4102 2741
4091 2823
4174 2406
4117 2318
3717 2435
4601 2751
4910 2787
4984 2800
5033 2784
5041 2785
4972 2866
4958 3146
4891 3156
5159 3263
5192 3321
5209 3336
5247 3389
5216 3442
5145 3514
4988 3519
4882 3679
4852 3661
4864 3710
4856 3729
4801 3716
4687 3502
4615 3511
4600 3490
4408 3448
4637 4544
4649 4578
4374 4743
3522 4709
3429 4958
3259 4932
2740 4710
2725 5962
2877 5979
2867 5853
2940 6138
3014 6191
3012 6254
3093 6280
3060 6327
3151 6375
3198 6369
3009 6470
2941 6467
2913 6461
2916 6481
2917 6490
2911 6498
2813 6430
2745 6352
2736 6276
2894 6249
2544 6088
2463 6047
2466 6024
2363 6198
2307 6229
2379 6295
2366 6360
2421 6337
2309 6562
2304 6619
2183 6630
2210 6541
2135 6902
2140 5879
2255 5840
2318 5872
2171 5596
1609 5516
1588 5526
1555 5393
1507 5320
1492 5327
1465 5329
1453 5440
1456 5563
1372 5368
1432 5220
1452 5197
1485 5154
1567 5152
1571 5129
1573 5180
1598 5181
1601 5171
1345 5163
1235 4859
896 4423
973 4267
1020 4257
1013 4301
660 4396
654 4392
892 3929
799 3822
71 3880
93 3724
18 4039
464 5162
505 5148
498 5602
415 5592
427 5565
549 5646
559 5671
525 5881
465 5909
402 5910
408 5929
574 5983
533 6044
576 6343
714 6316
698 6273
781 6338
858 6061
884 6780
651 7130
734 7214
494 7221
526 7262
477 7374
514 7458
466 7678
358 7630
682 7664
954 7684
1047 7740
1180 8099
1019 8436
870 8484
837 8545
730 8588
765 8734
792 8730
785 8923
817 8953
739 8880
652 8882
571 8831
573 8829
551 8824
548 8916
566 9067
605 9039
750 9060
763 9230
740 9261
777 9279
783 9342
814 9338
812 9404
821 9411
825 9440
788 9512
823 9556
877 9532
863 9517
873 9624
882 9704
903 9765
923 9766
887 9818
822 9840
791 9851
767 9875
815 9879
800 9962
844 9984
886 9986
898 9974
938 9932
960 9903
1068 9786
1142 9789
1206 9808
1218 9815
1233 9753
1266 9740
1262 9634
1300 9651
1310 9672
1378 9640
1410 9657
1428 9702
1437 9828
1451 9849
1472 9855
1476 9843
1508 9857
1483 9799
1561 9809
1687 9801
1751 9785
1813 9827
1811 9838
1839 9822
1830 9907
1781 9897
1783 9957
1875 9989
1960 9865
1961 9830
1976 9821
2017 9807
2057 9848
2099 9833
2151 9810
2164 9893
2172 9927
2156 9967
2242 9958
2381 9966
2373 9940
2412 9942
2406 9854
2420 9853
2465 9824
2523 9811
2568 9791
2671 9792
2662 9650
2691 9582
2667 9554
2596 9543
2551 9539
2561 9523
2521 9492
2505 9481
2532 9354
2566 9339
2479 9334
2436 9395
2377 9372
2317 9466
2259 9445
2130 9485
2160 9525
2070 9520
2048 9549
2030 9551
1954 9584
1903 9622
1870 9664
1892 9693
1957 9743
2041 9913
2252 9787
2291 9727
2433 9732
2483 9710
2488 9697
2444 9610
2191 9635
2170 9674
2085 9432
1989 9369
1925 9370
1923 9374
1911 9367
1930 9305
1910 9119
1793 9069
1836 9019
2143 9058
2144 9152
2150 9180
2101 9211
2124 9282
2173 9319
2205 9115
2226 9091
2227 9042
2206 8934
2192 8921
2167 8842
2323 8826
2374 8839
2361 8794
2327 8764
2321 8989
2368 9005
2358 9051
2344 9064
2414 9129
2385 9160
2454 9249
2571 9251
2623 9242
2676 9217
2693 9204
2735 9144
2722 9097
2816 9083
2892 9169
2991 9173
3032 9131
3044 9117
3133 9116
3083 9181
3127 9231
3192 9209
3230 9177
3319 9202
3367 9221
3436 9238
3502 9303
3601 9273
3606 9205
3615 9213
3721 9235
3756 9196
3785 9201
3781 9267
3831 9252
3838 9289
3895 9310
3896 9350
3924 9391
3848 9387
3964 9454
3961 9490
3985 9486
3943 9572
3930 9596
3931 9682
3913 9764
4003 9794
4007 9718
4081 9680
4153 9643
4152 9623
4255 9616
4256 9550
4282 9566
4338 9552
4341 9493
4295 9496
4311 9414
4215 9430
4210 9341
4203 9203
4192 9153
4145 9185
4131 9206
4079 9170
4058 9107
4101 9085
4135 9099
4171 9093
4212 9021
4300 9045
4309 9063
4383 9040
4414 8984
4329 8981
4480 9007
4529 9023
4582 9044
4573 9065
4550 8877
4420 8874
4474 8812
4399 8761
4367 8717
4344 8700
4292 8650
4258 8660
4244 8799
4097 8798
4070 8813
4028 8819
4020 8806
4012 8662
4086 8694
4016 8559
3972 8578
3847 8567
3840 8618
3850 8707
3797 8692
3784 8688
3751 8732
3788 8823
3855 8850
3874 8781
3906 8906
3905 9006
3938 8996
4002 8978
4073 8979
4096 8998
4104 8990
4147 8901
4122 8869
4183 8568
4180 8561
4226 8446
4269 8447
4293 8478
4335 8526
4389 8550
4430 8553
4442 8590
4435 8598
4357 8600
4508 8549
4513 8659
4618 8678
4658 8686
4653 8733
4708 8718
4748 8723
4828 8681
4868 8689
4896 8771
4991 8767
5158 8759
5171 8722
5225 8731
5203 8684
5248 8647
5265 8609
5287 8535
5285 8494
5258 8468
5215 8525
5135 8587
5057 8528
4894 8576
4766 8595
4758 8854
4774 8884
4694 8851
4671 8838
4669 8897
4696 8922
4873 8952
4892 9004
4981 9034
5067 9030
5172 9106
5155 9159
5112 9195
5193 9247
5190 9322
5109 9353
5099 9362
5068 9409
5044 9327
4985 9331
4939 9311
4919 9288
4876 9298
4862 9263
4879 9186
4897 9163
4769 9155
4777 9127
4803 9095
4668 9234
4630 9248
4704 9365
4789 9390
4920 9453
4975 9455
4992 9511
5012 9529
5013 9537
5006 9587
4957 9600
4967 9611
4904 9601
4901 9637
4838 9675
4809 9767
4695 9778
4540 9700
4517 9658
4509 9607
4518 9508
4491 9497
4547 9456
4622 9536
4676 9509
4867 9528
5051 9569
5106 9579
5143 9630
5206 9694
5266 9676
5257 9560
5279 9546
5280 9505
5374 9482
5360 9406
5373 9381
5372 9336
5464 9380
5466 9403
5604 9356
5632 9317
5643 9385
5696 9351
5739 9283
5782 9413
5829 9435
5737 9575
5713 9565
5626 9545
5645 9524
5608 9461
5507 9568
5544 9647
5553 9654
5581 9763
5653 9771
5627 9806
5616 9873
5633 9963
5582 9949
5522 9972
5447 9960
5519 9796
5339 9745
5289 9788
5157 9783
5154 9797
5183 9867
5107 9891
5124 9969
5050 9839
4917 9836
4977 9750
4464 9758
4460 9734
4483 9813
4404 9878
4381 9877
4265 9881
4235 9781
4199 9735
4177 9722
4217 9703
4281 9726
4323 9733
4137 9774
4156 9814
4008 9871
4053 9959
3942 9956
3879 9915
3835 9910
3790 9920
3670 9884
3676 9968
3630 9804
3617 9752
3653 9660
3664 9655
3645 9644
3597 9605
3518 9603
3500 9541
3446 9531
3426 9590
3413 9659
3360 9681
3329 9561
3204 9580
3085 9632
2985 9595
2883 9619
2938 9711
3008 9715
2972 9798
2907 9819
2879 9869
2866 9917
2743 9944
2583 9941
2833 9768
2800 9688
2774 9701
2714 9498
2709 9484
2733 9475
2737 9451
2764 9382
2794 9398
2841 9402
2856 9386
2854 9363
2874 9364
2893 9407
2999 9446
3076 9465
3068 9499
3161 9412
3139 9314
3077 9276
2956 9271
2960 9312
2980 9074
3040 9022
3167 9031
3184 8936
3216 8841
3220 8748
3207 8703
3210 8640
3322 8670
3315 8738
3120 8754
3105 8776
3033 8795
3045 8807
2987 8835
2959 8821
2966 8930
3377 8991
3425 9084
3409 9126
3512 9139
3543 9104
3535 8982
3521 8963
3465 8920
3545 8858
3557 8820
3647 8766
3602 8646
3577 8669
3576 8607
3633 8542
3741 8584
3498 8706
3702 8925
3753 8970
3814 9011
3854 9032
3826 9146
3710 9050
3672 9035
3635 9346
3457 9463
3399 9416
3287 9352
3294 9291
3503 9690
3509 9714
3493 9725
3449 9747
3402 9908
3400 9954
3370 10000
3314 9948
3310 9923
3274 9947
3237 9929
3249 9914
3173 9921
3140 9880
3153 9846
3122 9757
3111 9955
3079 9935
3063 9912
3221 9980
3773 9578
3816 9618
3827 9631
4376 9340
4456 9344
5291 9250
5306 9233
5565 9295
5613 8905
5667 8904
5692 8959
5747 8968
5891 9003
5889 9008
5904 8903
5859 8891
5919 8837
6016 8825
6023 8860
6029 8893
6070 8919
6118 8962
6086 9013
6153 9014
6219 9071
6265 9041
6283 8992
6362 8980
6333 8926
6407 8885
6429 8896
6463 8924
6518 8986
6579 9000
6618 9010
6644 9038
6683 9026
6669 9082
6682 9161
6829 9182
6915 9240
6917 9307
6943 9315
6769 9329
6728 9324
6595 9359
6566 9296
6556 9270
6578 9241
6505 9218
6494 9134
6439 9167
6388 9110
6378 9054
6279 9121
6212 9149
6223 9222
6144 9199
6163 9269
6168 9277
6162 9333
6157 9332
6128 9321
6304 9280
6425 9287
6537 9078
6567 8938
6638 8943
6713 8871
6715 8765
6482 8762
6392 8755
6368 8680
6352 8601
6356 8543
6373 8486
6436 8483
6642 8475
6768 8465
6780 8523
6806 8502
6844 8488
6767 8564
6929 8577
6993 8527
7022 8554
7028 8676
7193 8518
7155 8452
7153 8384
7102 8379
7105 8403
7196 8353
7179 8315
7311 8281
7325 8264
7316 8113
7293 8133
7251 8140
7253 8095
7277 8078
7299 8039
7284 7985
7262 7940
7234 7952
7188 7954
7152 7937
7044 7916
7046 7984
7050 8052
7056 8161
7018 8292
6914 8313
6886 8307
6823 8339
6815 8238
6855 8240
6778 8187
6775 8170
6680 8139
6675 8269
6649 8259
6672 8314
6554 8310
6565 8377
6719 8404
6442 8262
6452 8183
6437 8174
6448 8070
6506 8092
6552 8088
6597 8079
6526 8056
6628 7973
6636 7938
6608 7875
6701 7866
6735 7890
6791 7848
6845 7788
6905 7783
6906 7673
6875 7638
6830 7599
6814 7539
6753 7541
6758 7386
6765 7342
6839 7388
6964 7389
6948 7452
7055 7498
7099 7533
7204 7521
7178 7464
7151 7410
7185 7381
7097 7328
7068 7321
7033 7286
7118 7269
7120 7260
7080 7195
7026 7104
7020 7046
7027 6993
6979 7085
6963 7086
6924 7132
6799 7143
6763 7187
6832 7197
6833 7073
6859 7032
6850 6990
6868 6890
6797 6889
6783 6873
6821 6862
6824 6727
6559 6739
6512 6736
6469 6773
6470 6815
6515 6828
6529 6911
6546 6933
6572 6937
6626 6946
6611 6966
6679 7008
6710 7028
6706 7034
6723 7047
6725 6997
6751 6944
6733 7111
6666 7102
6661 7106
6558 7043
6486 6948
6412 6897
6399 6789
6360 6763
6348 6753
6366 6711
6354 6671
6321 6678
6300 6680
6164 6653
6196 6596
6188 6444
6189 6379
6350 6508
6478 6593
6497 6604
6523 6589
6570 6641
6592 6643
6627 6842
6315 6850
6291 6837
6243 6817
6231 6868
6200 6860
6186 6876
6134 6924
6147 6814
6057 6777
6084 6723
6068 6649
5954 6729
5896 6700
5887 6704
5867 6728
5862 6800
5832 6798
5718 6811
5678 6835
5728 6740
5769 6918
5703 6971
5662 7100
5659 7119
5623 7171
5557 7151
5520 7155
5482 7179
5448 7185
5451 7258
5458 7256
5403 7272
5364 7240
5422 7071
5493 6995
5503 6829
5453 6807
5370 6909
5332 6932
5599 7067
5791 7095
5850 7018
5944 7022
5929 6984
5939 6974
5956 6893
5993 6871
6021 7007
6013 7030
6067 6999
6110 7070
6208 7098
6185 7166
6179 7196
6146 7215
6096 7188
6044 7139
6017 7308
5986 7314
5938 7303
5787 7305
5802 7351
5844 7444
5857 7517
5751 7499
5752 7566
5764 7562
5810 7604
5875 7666
5754 7694
5781 7735
5784 7736
5679 7726
5664 7682
5567 7648
5644 7570
5637 7430
5651 7409
5655 7377
5542 7456
5481 7352
5295 7425
5274 7481
5197 7454
5151 7370
5138 7532
5123 7572
5089 7577
5177 7579
5214 7627
5249 7600
5238 7827
5323 7899
5397 7910
5390 7982
5429 8100
5472 8127
5455 8181
5432 8196
5470 8229
5506 8290
5556 8341
5555 8433
5606 8409
5639 8382
5640 8275
5620 8179
5509 8093
5670 8003
5693 7956
5757 7967
5742 8004
5843 7992
5870 8022
5819 8177
5783 8309
5789 8327
5793 8372
5749 8351
5874 8410
5871 8463
5888 8531
5924 8431
5968 8459
6059 8414
6112 8366
6078 8277
6035 8284
5983 8300
6204 8251
6246 8216
6342 8211
6307 8267
6293 8299
6211 8416
6141 8490
6145 8536
6235 8551
6252 8519
6241 8690
6150 8719
6132 8632
6062 8679
6024 8775
5987 8786
5961 8753
5897 8737
5842 8741
5775 8752
5763 8802
5755 8693
5794 8677
5669 8696
5666 8716
5647 8714
5609 8666
5559 8627
5513 8613
5511 8474
5652 8499
5916 8648
6031 8575
6089 8789
6173 8811
6148 8849
6237 8846
6471 8664
6514 8673
6374 7997
6377 7941
6404 7932
6386 7887
6389 7802
6381 7720
6363 7729
6361 7709
6444 7708
6454 7838
6459 7850
6305 7879
6176 7926
6045 7815
6094 7754
6133 7697
6065 7686
6106 7610
6205 7582
6233 7534
6296 7596
6282 7612
6290 7641
6531 7595
6574 7585
6561 7619
6617 7631
6593 7683
6761 7749
6817 7953
6771 8014
6921 8020
6923 7929
7132 7814
7123 7772
7156 7748
7189 7717
7207 7685
7268 7703
7341 7707
7354 7750
7377 7780
7456 7774
7465 7777
7427 7818
7406 7872
7482 7886
7537 7849
7526 7758
7622 7665
7625 7589
7590 7574
7489 7569
7484 7555
7369 7488
7274 7473
7265 7548
7294 7592
7317 7669
7344 7646
7318 7808
7281 7908
7360 7998
7422 7964
7419 8118
7411 8155
7395 8171
7509 8138
7495 8119
7532 8115
7545 8104
7598 8198
7643 8260
7662 8325
7651 8365
7616 8457
7573 8477
7668 8476
7818 8402
7843 8661
7844 8674
7810 8708
7790 8698
7809 8740
7676 8746
7657 8758
7702 8783
7609 8810
7629 8834
7602 8857
7555 8793
7491 8585
7375 8579
7290 8546
7433 8500
7439 8424
7378 8932
7364 8949
7349 8939
7404 8983
7500 9036
7512 9049
7529 9073
7631 9009
7645 9002
7667 9168
7811 9111
7871 9118
7908 9105
7946 9102
7954 9101
7938 9125
7994 9128
8008 9148
8035 9171
8095 9183
8092 9080
8115 9087
8129 8987
8027 8950
8034 8883
8009 8868
8068 8890
8042 8791
7921 8768
7913 8889
7902 8928
7876 8865
7806 8907
7973 9079
8281 9072
8280 9089
8289 9092
8291 9056
8300 9012
8283 9145
8352 9141
8358 9122
8258 9197
8726 9216
8745 9212
8734 9274
8712 9309
8657 9384
8656 9405
8649 9437
8646 9443
8603 9441
8758 9460
8741 9504
8933 9439
8988 9357
8994 9223
9000 9220
9049 9176
9021 9090
9070 9081
9120 9096
9204 9048
9303 9046
9308 8878
9392 8853
9446 8836
9388 8774
9405 8739
9398 8725
9358 8724
9350 8649
9478 8720
9526 8695
9495 8540
9479 8453
9464 8329
9469 8242
9347 8298
9708 8243
9834 8248
9836 8131
9873 8156
9854 8051
9814 8059
9903 8043
9986 8064
9996 7898
9976 7847
9974 7822
9905 7882
9840 7977
9751 7957
9740 8106
9768 8123
9755 8146
9753 8348
9754 8388
9907 8369
9988 8352
9934 8497
9902 8514
9886 8593
9915 8622
9964 8592
9936 8685
9851 8914
9999 8937
9807 9154
9791 9188
9782 9207
9797 9254
9771 9135
9762 9143
9749 9156
9682 9043
9614 9070
9559 9133
9523 9140
9444 9108
9448 9200
9356 9194
9291 9208
9229 9187
9172 9245
9148 9286
9174 9328
9307 9325
9318 9397
9335 9408
9312 9433
9381 9423
9401 9355
9476 9345
9505 9297
9567 9285
9632 9229
9638 9421
9528 9464
9493 9494
9462 9519
9357 9648
9369 9717
9281 9615
9064 9518
8990 9558
9125 9434
8861 9219
8837 9157
8822 9024
8872 8908
8883 8866
8920 8844
8893 8772
8859 8803
8830 8777
8809 8760
8793 8809
8752 8875
8677 8971
8693 9130
8951 8954
9009 8977
9010 8814
9156 8749
9191 8713
9173 8887
9207 8927
9435 8967
9445 8994
9511 8948
9530 8879
9743 9360
9773 9656
9827 9730
9835 9776
9868 9759
9887 9736
9895 9716
9909 9691
9867 9692
9919 9755
9933 9760
9954 9868
9995 9950
9923 9994
9850 9977
9838 9979
9760 9975
9675 9953
9766 9852
9804 9861
9844 9898
9672 9738
9002 9961
8929 9990
8831 9991
8073 9988
8069 9744
7992 9678
7879 9555
7854 9500
7794 9510
7763 9506
7677 9491
7730 9882
7765 9894
7373 9995
7295 9981
7221 9895
7232 9841
7146 9883
7054 9866
7042 9911
7029 9945
7071 9996
7085 9834
6990 9800
6933 9737
6759 9739
6696 9696
6603 9746
6332 9876
6264 9922
6244 9965
6184 9987
6129 9970
6154 9909
6180 9900
6040 9933
6008 9973
5951 9918
5971 9825
6028 9842
6071 9835
6073 9802
5877 9816
5837 9790
5762 9860
5732 9708
5753 9673
5686 9663
5402 9649
5853 9982
6323 9997
6341 9548
6787 9522
6816 9449
7004 7645
7023 7597
6487 7544
6495 7461
6475 7451
6467 7404
6468 7392
6445 7333
6447 7330
6466 7261
6456 7231
6493 7199
6528 7213
6534 7227
6582 7322
6601 7416
6541 7424
6458 7149
6453 7123
6338 7087
6276 6952
6187 7000
6281 7320
6136 7459
6046 7383
5982 7439
5970 7493
5973 7543
5931 7816
5735 7819
5624 7785
5605 7786
5505 7809
5454 7855
5420 7752
5371 7761
4998 7557
4973 7485
4960 7445
4941 7450
4942 7509
5032 7479
4987 7338
5018 7298
4804 6439
5049 6166
5387 6129
5504 6102
5518 6096
5546 6065
5560 6072
5585 6030
5601 6013
5524 5980
5514 5982
5442 5970
5550 5906
5614 5837
5607 5761
5734 5755
5710 5679
5741 5614
5723 5580
5803 5557
5799 5666
5833 5779
5831 5888
5855 5887
5868 5889
5884 5961
5830 5957
5785 5898
5778 5869
5695 5927
5699 5988
5765 6012
5774 6107
5697 6127
5682 6172
5706 6340
5724 6370
5786 6315
5824 6288
5816 6253
5818 6441
5636 6339
5598 6614
5883 6078
5890 6055
5932 6110
6019 6113
6005 6070
6038 6028
6105 6086
6050 6225
6007 5930
6090 5866
6140 5858
6182 5855
6161 5747
6190 5705
6087 5709
6107 5677
6127 5587
6191 5581
6214 5618
6225 5525
6250 5489
6298 5502
6357 5366
6325 5322
6288 5286
6280 5218
6313 5167
6299 5121
6410 5153
6396 5212
6384 5210
6358 5209
6393 5283
6473 5238
6507 5241
6513 5136
6587 5094
6623 5119
6688 5065
6681 4959
6703 4882
6755 4889
6762 4822
6699 4771
6693 4769
6621 4755
6517 4829
6522 4846
6544 4884
6536 4955
6520 4954
6581 4950
6564 5037
6387 4921
6335 4972
6151 4926
6169 4806
5936 5069
5788 5123
5698 5128
5689 5092
5665 5101
5668 5144
5592 5160
5597 5166
5621 5189
5690 5215
5702 5284
5671 5345
5756 5349
5770 5316
5805 5341
5925 5323
5960 5285
5995 5297
5975 5410
5865 5426
5917 5504
5911 5564
5942 5605
5980 5543
6009 5550
6036 5544
6142 5451
6220 5382
6217 5331
6209 5270
6149 5289
6125 5279
6540 5342
6590 5338
6563 5411
6476 5437
6503 5599
6535 5589
6641 5619
6668 5643
6694 5688
6632 5710
6557 5759
6571 5785
6472 5832
6383 5896
6322 5883
6266 5901
6041 5777
6002 5778
5966 5726
6461 5657
6648 5479
6808 5474
6807 5457
6813 5488
6834 5445
6784 5399
6729 5365
6711 5348
6690 5234
6724 5208
6942 5195
6937 5122
6947 5061
6955 5056
7015 5088
7013 5185
7139 5158
7187 5190
7170 5231
7215 5257
7267 5211
7313 5361
7322 5384
7148 5353
7066 5344
7038 5380
6996 5376
6932 5378
6944 5340
6956 5321
6888 5315
6871 5293
6891 5275
6908 5265
6896 4939
6898 4862
6851 4904
6863 4802
7218 4779
7238 4843
7195 4974
7149 4970
7091 4983
7088 5029
7084 5499
7137 5513
7133 5460
7154 5458
7180 5461
7115 5638
7110 5733
7212 5725
7159 5823
7073 5822
6897 5850
6836 5696
6796 5611
6812 5569
6930 5598
6997 5613
7337 5803
7094 6073
7025 6224
7009 6272
6978 6281
6980 6255
6960 6260
6958 6299
6976 6318
6984 6347
6928 6227
6969 6185
6835 6398
6782 6429
7296 6464
7335 6494
7430 6456
7507 6491
7536 6526
7700 6511
7698 6576
7734 6549
7760 6654
7745 6756
7737 6750
7774 6758
7762 6799
7885 6793
7600 6818
7534 6781
7539 6760
7582 6730
7610 6632
7642 6661
7464 6681
7401 6812
7398 6917
7496 6895
7719 6987
7864 7136
7910 7170
7867 7336
7912 7419
7982 7426
7996 7433
8011 7423
8046 7442
8050 7363
8059 7290
8090 7251
8102 7395
8117 7387
8112 7412
8114 7605
8108 7633
8147 7632
8155 7650
8058 7655
8097 7724
8202 7713
8362 7607
7944 7508
7788 7522
7758 7691
7712 7653
7725 7800
7834 7825
7821 7881
7873 7889
7868 7895
7955 7845
7941 7770
7934 7766
7925 7771
7926 8005
8040 7994
8032 7944
8066 8060
8081 8096
8089 8159
8004 8128
8171 8105
8156 8053
8185 8223
8301 8249
8292 8296
8249 8361
8264 8408
8276 8401
8309 8426
8197 8445
8339 8709
8478 8863
8459 8886
8840 8705
8854 8654
8834 8633
8927 8621
8954 8605
9006 8541
7705 8097
7688 8016
7673 8018
7646 8028
7690 7989
7716 7972
7711 7935
7689 7945
7731 7357
7209 7127
7217 7075
7244 7061
7247 6766
7169 6747
8555 6608
8278 5570
7830 5540
7828 5529
8067 4667
8100 4644
8105 4649
8312 4624
8333 4610
8345 4691
8464 4820
8599 4767
6485 4497
6450 4430
6026 4189
5709 4105
5719 4048
5726 3994
5773 3932
5250 4505
5232 4565
5292 4929
5635 4947
5658 4967
5700 5002
5654 5050
5571 5139
5549 5126
5523 5127
5487 5203
5356 5809
3421 6548
3420 6685
3829 7400
3832 7422
4120 8390
4353 8331
2665 9306
2675 9326
1826 9410
1789 9479
1791 9521
1734 9562
1780 9641
1664 9723
1644 9712
1585 9679
1625 9501
1503 9429
1436 9392
1425 9335
1398 9264
1349 9255
1210 9236
1162 9272
1168 9316
1213 9318
1179 9368
1304 9375
1272 9427
1241 9473
1344 9471
1101 9452
1102 9516
1123 9567
1095 9613
1069 9705
1058 9698
982 9642
796 9638
769 9586
715 9448
701 9424
556 9379
588 9300
642 9275
667 9258
672 9262
673 9226
691 9244
510 9256
486 9190
434 9210
399 9166
384 9103
336 9062
459 9077
463 9001
441 8847
493 8756
603 8750
268 8782
124 8778
61 8743
76 8848
87 8892
69 8910
182 8931
213 8941
233 8917
269 8929
289 9179
262 9259
258 9257
284 9293
288 9294
299 9278
304 9347
359 9418
357 9431
400 9396
422 9292
341 9246
32 9243
66 9198
111 9164
137 9137
97 9343
115 9399
139 9488
218 9470
45 9444
145 9606
118 9695
134 9756
147 9775
49 9742
8 9762
72 9844
84 9850
73 9887
110 9952
214 9905
307 9845
374 9837
475 9784
471 9741
450 9724
541 9728
627 9749
634 9699
662 9683
575 9577
478 9614
483 9530
298 9633
492 9978
616 9896
692 9936
805 9770
1169 9859
1250 9943
1219 9998
1370 9924
1403 9946
1543 9971
1586 9993
1634 9899
1698 9902
1553 9366
1333 9068
1289 9033
1247 8975
1258 8894
1188 9109
1200 9136
1106 9191
1038 9172
925 9165
901 9253
885 9268
968 9394
993 9459
675 7968
503 7959
452 7976
497 8049
501 8135
480 8147
429 8084
376 8072
352 8077
1 7274
25 7021
15 6962
1669 5409
1685 5402
1729 5372
1417 2388
1163 2248
499 2089
300 2211
246 2215
180 2186
141 2074
128 1921
158 1895
193 1910
280 1899
296 1888
347 1859
339 1846
360 1797
388 1745
243 1719
234 1692
232 1652
172 1701
125 1707
114 1660
104 1832
140 1818
175 1815
278 1809
263 1944
103 1885
38 1905
17 1925
119 2390
650 2664
950 1425
959 1412
1194 1429
1225 1159
1313 1157
1315 1107
1363 1115
1356 1211
1510 1187
1511 1124
1474 1076
1517 987
1545 988
1532 963
1557 874
1705 908
1740 913
1817 902
1800 854
1895 885
1887 927
1837 1004
1868 1101
1890 1086
1882 1186
1928 1212
1946 1333
1974 1349
1991 1078
2032 1099
2055 925
2105 861
2120 819
2146 779
2102 760
2207 746
2239 700
2250 788
2335 785
2326 828
2265 863
2284 964
2214 990
2176 907
1963 856
1969 823
1997 813
1979 766
1855 761
1694 721
1770 645
1829 515
1722 459
1704 427
1673 503
1591 597
1556 613
1584 641
1548 681
1491 628
1480 618
1435 640
1408 722
1375 693
1359 741
1369 772
1317 776
1312 808
1357 858
1373 932
1392 979
1275 1005
1158 999
1076 1025
1103 922
1134 759
1190 714
1230 691
1204 621
1240 601
1324 602
1309 451
1260 444
1198 516
1146 536
1089 504
1083 577
1080 650
1028 690
1040 750
1004 756
985 733
958 737
893 718
902 841
818 827
847 890
775 897
794 952
742 954
684 957
694 971
663 983
615 966
581 1009
716 877
670 829
677 739
687 692
704 635
759 663
773 564
803 582
820 540
851 559
868 513
843 435
819 431
774 414
712 446
657 483
661 401
584 434
587 541
558 549
553 639
609 657
611 611
538 775
314 824
335 887
276 889
220 910
195 894
210 651
438 505
436 479
500 333
596 241
592 190
674 177
693 219
671 255
665 274
752 231
831 211
860 160
880 108
848 99
793 78
649 55
625 30
669 19
600 73
517 7
482 136
186 265
852 286
980 377
996 407
1060 437
1061 366
1114 313
1112 308
1166 292
1156 199
1099 207
1081 233
1092 245
1046 246
1055 182
953 153
935 127
986 44
1110 63
1128 9
1214 52
1293 46
1290 120
1254 135
1297 178
1354 216
1318 261
1406 268
1525 304
1603 273
1684 315
1790 322
1906 386
2029 346
2003 317
2021 229
2058 266
2103 258
2166 254
2123 204
2236 222
2246 162
2249 159
2328 131
2382 208
2456 212
2482 168
2477 76
2423 83
2636 104
2699 38
2801 40
2808 116
2804 175
2861 161
2872 100
2909 31
2945 43
2974 115
2994 114
2983 189
3087 145
3078 80
3051 6
3246 1
3335 143
3454 187
3505 126
3387 745
3361 783
3042 1034
3030 1041
2939 1012
2933 1006
2880 1050
2471 1027
2439 845
2453 771
2416 763
2357 696
2359 636
2392 614
2303 644
2266 486
2254 429
2233 398
2138 403
2088 338
2141 525
2125 558
1959 654
1933 196
1975 151
1851 110
1804 130
1823 27
1798 11
1898 51
1937 12
2062 20
2118 61
2157 92
2399 324
2553 234
2611 213
2906 282
2979 390
4331 269
4387 253
4429 280
4489 220
4499 341
4476 453
4392 460
4610 552
4655 637
4652 704
4719 574
4736 533
4712 496
4691 410
4725 325
4768 348
4711 251
4639 296
4567 121
4599 67
4536 47
4559 18
4432 69
4384 107
4354 88
4303 171
4304 180
4765 164
4775 53
4767 22
4855 60
4899 70
5440 117
5449 133
5394 172
5380 260
5489 312
5536 287
5590 277
5579 383
5685 371
5711 351
5822 330
5848 394
5806 417
5821 456
5878 477
5899 488
5914 476
5937 555
5947 551
5957 337
6034 349
6011 281
5927 263
5893 227
5920 128
5997 147
6025 90
5984 54
6115 37
6175 140
6181 166
6152 191
6074 185
6075 228
6202 122
6365 81
6401 98
6414 97
6455 124
6539 123
6548 262
6440 259
6391 181
6312 226
6306 300
6317 357
6496 354
6490 481
6502 494
6423 527
6403 469
6367 633
6417 665
6438 668
6545 592
6630 626
6739 864
6746 920
6745 943
6786 986
6770 1026
6793 1065
6882 1010
6848 924
6654 992
6702 1151
6721 1160
6646 1196
6657 1223
6655 1256
6596 1248
6589 1218
6462 1283
6419 1317
6316 1358
6287 1350
6247 1287
6271 1237
6278 1163
6311 1191
6346 1210
6398 1149
6422 1143
6428 1108
6324 1426
6345 1475
6221 1472
6218 1473
6203 1460
6242 1504
6239 1613
6198 1641
6193 1666
6172 1667
6126 1699
6207 1722
6232 1774
6270 1779
6289 1773
6337 1717
6351 1875
6355 1948
6405 1930
6499 1934
6504 1909
6532 1958
6549 2001
6583 1998
6622 1975
6607 1931
6598 1848
6599 1813
6620 1812
6664 1827
6695 1853
6777 1862
6752 1806
6776 1755
6820 1757
6870 1783
6862 1904
6801 1971
6795 2051
6804 2130
6907 2139
6889 2167
6913 2239
6957 2252
6983 2257
7014 2232
7010 2106
7003 2007
7076 2038
7141 2017
7231 2041
7233 1994
7174 2105
7177 2198
7236 2207
7279 2226
7329 2122
7320 1887
7330 1794
7346 1801
7252 1704
7184 1758
7065 1747
7069 1790
7116 1868
6995 1871
7052 1947
7047 1672
6936 1661
6951 1638
6982 1598
7001 1572
7041 1548
6953 1551
6900 1547
6881 1560
6785 1576
6760 1536
6790 1470
6867 1404
6894 1336
6962 1309
6965 1299
6945 1382
6931 1193
7126 1280
7134 1301
7168 1298
7183 1259
7167 1240
7367 1236
7414 1213
7446 1254
7436 1295
7393 1289
7415 1332
7384 1362
7383 1415
7450 1446
7466 1433
7453 1529
7547 1387
7535 1374
7558 1198
7533 1118
7475 1125
7554 1042
8048 1038
8196 1539
8212 1524
8229 1584
8203 1607
8222 1643
8302 1629
8379 1624
8174 1566
7957 1648
8044 1739
7499 1842
7502 1886
7514 1951
7460 1940
7592 2019
7682 2461
7785 2389
7870 2412
7903 2379
7932 2340
7961 2334
7890 2713
7918 2761
7757 2880
7593 2867
7302 2894
7310 2692
7266 2691
6919 2378
6893 2398
6877 2357
6880 2314
6939 2344
6946 2337
6757 2275
6743 2282
6700 2359
6575 2352
6483 2332
6477 2327
6353 2247
6319 2202
6245 2177
6228 2222
6197 2307
6091 2346
6093 2384
6114 2414
6095 2434
6158 2499
5959 2380
5953 2296
6012 2285
6051 2280
6063 2075
6097 2085
6183 2068
6160 2149
6259 2024
6251 1980
6328 2015
6372 2066
6521 2077
6604 2108
6663 2113
6708 2027
6594 2225
6606 2238
6591 1724
6516 1732
6492 1686
6409 1609
6395 1567
6550 1465
6650 1396
6658 1401
6167 1355
6049 1200
5969 1134
5717 960
5649 1003
5656 793
5474 749
5405 929
5385 1217
5431 1225
5428 1273
5423 1340
5415 1369
5465 1385
5477 1407
5471 1302
5381 1306
5329 1253
5290 1202
5241 1370
5262 1395
5335 1399
5305 1464
5283 1484
5254 1471
5200 1440
5182 1513
5321 1545
5311 1604
5294 1594
5312 1665
5316 1687
5417 1733
5430 1769
5475 1804
5485 1901
5444 1969
5446 2112
5457 2129
5473 2154
5462 2192
5460 2234
5469 2341
5398 2317
5591 2114
5543 1762
5602 1715
5707 1669
5740 1685
5758 1650
5721 1568
5705 1564
5720 1466
5761 1405
5634 1365
5617 1363
5580 1357
5568 1361
5532 1514
5499 1497
5611 1509
5595 1570
5433 1632
5102 1723
4969 1620
5002 1533
4948 1508
4900 2095
4881 2080
4872 2109
5039 2409
5128 2454
6054 1954
6048 1869
6100 1881
6171 1907
6174 1816
6430 1854
7093 1590
7200 1418
7308 1360
8913 1364
8970 1389
8795 646
8784 560
8792 544
8446 2269
6137 831
6120 717
6364 25
5804 93
5725 155
5675 39
5594 15
5583 10
5110 524
2599 1498
2552 1469
1649 1189
1768 1067
1255 851
1222 796
1259 764
1529 561
1498 448
1431 129
1418 86
1500 5
1671 186
972 514
916 575
855 984
271 1181
292 1268
330 1249
169 1255
83 1260
56 1293
39 1373
105 1421
240 1420
41 1126
6 1060
