23 12
32 31
41 50
50 69
59 88
68 107
77 126
86 145
95 164
104 183
113 202
122 221
131 240
140 259
149 278
158 297
167 316
176 335
185 354
194 373
203 392
212 411
221 430
230 449
239 468
248 487
257 506
266 525
275 544
284 563
293 582
302 601
311 620
320 639
329 658
338 677
347 696
356 715
365 734
374 753
383 772
392 791
401 810
410 829
419 848
428 867
437 886
446 905
455 924
464 943
473 962
482 981
491 1000
436 995
427 976
418 957
409 938
400 919
391 900
382 881
373 862
364 843
355 824
346 805
337 786
328 767
319 748
310 729
301 710
292 691
283 672
274 653
265 634
256 615
247 596
238 577
229 558
220 539
211 520
202 501
193 482
184 463
175 444
166 425
157 406
148 387
139 368
130 349
121 330
112 311
103 292
94 273
85 254
76 235
67 216
58 197
49 178
40 159
31 140
22 121
13 102
4 83
3 192
12 211
21 230
30 249
39 268
48 287
57 306
66 325
75 344
84 363
93 382
102 401
111 420
120 439
129 458
138 477
147 496
156 515
165 534
174 553
183 572
192 591
201 610
210 629
219 648
228 667
237 686
246 705
255 724
264 743
273 762
282 781
291 800
300 819
309 838
318 857
327 876
336 895
345 914
354 933
363 952
372 971
381 990
326 985
317 966
308 947
299 928
290 909
281 890
272 871
263 852
254 833
245 814
236 795
227 776
218 757
209 738
200 719
191 700
182 681
173 662
164 643
155 624
146 605
137 586
128 567
119 548
110 529
101 510
92 491
83 472
74 453
65 434
56 415
47 396
38 377
29 358
20 339
11 320
2 301
1 410
10 429
19 448
28 467
37 486
46 505
55 524
64 543
73 562
82 581
91 600
100 619
109 638
118 657
127 676
136 695
145 714
154 733
163 752
172 771
181 790
190 809
199 828
208 847
217 866
226 885
235 904
244 923
253 942
262 961
271 980
280 999
225 994
216 975
207 956
198 937
189 918
180 899
171 880
162 861
153 842
144 823
135 804
126 785
117 766
108 747
99 728
90 709
81 690
72 671
63 652
54 633
45 614
36 595
27 576
18 557
9 538
8 647
17 666
26 685
35 704
44 723
53 742
62 761
71 780
80 799
89 818
98 837
107 856
116 875
125 894
134 913
143 932
152 951
161 970
170 989
115 984
106 965
97 946
88 927
79 908
70 889
61 870
52 851
43 832
34 813
25 794
16 775
7 756
6 865
15 884
24 903
33 922
42 941
51 960
60 979
69 998
14 993
5 974
528 967
519 948
510 929
501 910
492 891
483 872
474 853
465 834
456 815
447 796
438 777
429 758
420 739
411 720
402 701
393 682
384 663
375 644
366 625
357 606
348 587
339 568
330 549
321 530
312 511
303 492
294 473
285 454
276 435
267 416
258 397
249 378
240 359
231 340
222 321
213 302
204 283
195 264
186 245
177 226
168 207
159 188
150 169
141 150
132 131
123 112
114 93
105 74
96 55
87 36
78 17
124 3
133 22
142 41
151 60
160 79
169 98
178 117
187 136
196 155
205 174
214 193
223 212
232 231
241 250
250 269
259 288
268 307
277 326
286 345
295 364
304 383
313 402
322 421
331 440
340 459
349 478
358 497
367 516
376 535
385 554
394 573
403 592
412 611
421 630
430 649
439 668
448 687
457 706
466 725
475 744
484 763
493 782
502 801
511 820
520 839
529 858
538 877
547 896
556 915
565 934
574 953
583 972
592 991
537 986
638 977
629 958
620 939
611 920
602 901
593 882
584 863
575 844
566 825
557 806
548 787
539 768
530 749
521 730
512 711
503 692
494 673
485 654
476 635
467 616
458 597
449 578
440 559
431 540
422 521
413 502
404 483
395 464
386 445
377 426
368 407
359 388
350 369
341 350
332 331
323 312
314 293
305 274
296 255
287 236
278 217
269 198
260 179
251 160
242 141
233 122
224 103
215 84
206 65
197 46
188 27
179 8
234 13
243 32
252 51
261 70
270 89
279 108
288 127
297 146
306 165
315 184
324 203
333 222
342 241
351 260
360 279
369 298
378 317
387 336
396 355
405 374
414 393
423 412
432 431
441 450
450 469
459 488
468 507
477 526
486 545
495 564
504 583
513 602
522 621
531 640
540 659
549 678
558 697
567 716
576 735
585 754
594 773
603 792
612 811
621 830
630 849
639 868
648 887
657 906
666 925
675 944
684 963
693 982
647 996
748 987
739 968
730 949
721 930
712 911
703 892
694 873
685 854
676 835
667 816
658 797
649 778
640 759
631 740
622 721
613 702
604 683
595 664
586 645
577 626
568 607
559 588
550 569
541 550
532 531
523 512
514 493
505 474
496 455
487 436
478 417
469 398
460 379
451 360
442 341
433 322
424 303
415 284
406 265
397 246
388 227
379 208
370 189
361 170
352 151
343 132
334 113
325 94
316 75
307 56
298 37
289 18
335 4
344 23
353 42
362 61
371 80
380 99
389 118
398 137
407 156
416 175
425 194
434 213
443 232
452 251
461 270
470 289
479 308
488 327
497 346
506 365
515 384
524 403
533 422
542 441
551 460
560 479
569 498
578 517
587 536
596 555
605 574
614 593
623 612
632 631
641 650
650 669
659 688
668 707
677 726
686 745
695 764
704 783
713 802
722 821
731 840
740 859
749 878
758 897
767 916
776 935
785 954
794 973
803 992
849 978
840 959
831 940
822 921
813 902
804 883
795 864
786 845
777 826
768 807
759 788
750 769
741 750
732 731
723 712
714 693
705 674
696 655
687 636
678 617
669 598
660 579
651 560
642 541
633 522
624 503
615 484
606 465
597 446
588 427
579 408
570 389
561 370
552 351
543 332
534 313
525 294
516 275
507 256
498 237
489 218
480 199
471 180
462 161
453 142
444 123
435 104
426 85
417 66
408 47
399 28
390 9
445 14
454 33
463 52
472 71
481 90
490 109
499 128
508 147
517 166
526 185
535 204
544 223
553 242
562 261
571 280
580 299
589 318
598 337
607 356
616 375
625 394
634 413
643 432
652 451
661 470
670 489
679 508
688 527
697 546
706 565
715 584
724 603
733 622
742 641
751 660
760 679
769 698
778 717
787 736
796 755
805 774
814 793
823 812
832 831
841 850
850 869
859 888
868 907
877 926
886 945
895 964
904 983
858 997
959 988
950 969
941 950
932 931
923 912
914 893
905 874
896 855
887 836
878 817
869 798
860 779
851 760
842 741
833 722
824 703
815 684
806 665
797 646
788 627
779 608
770 589
761 570
752 551
743 532
734 513
725 494
716 475
707 456
698 437
689 418
680 399
671 380
662 361
653 342
644 323
635 304
626 285
617 266
608 247
599 228
590 209
581 190
572 171
563 152
554 133
545 114
536 95
527 76
518 57
509 38
500 19
546 5
555 24
564 43
573 62
582 81
591 100
600 119
609 138
618 157
627 176
636 195
645 214
654 233
663 252
672 271
681 290
690 309
699 328
708 347
717 366
726 385
735 404
744 423
753 442
762 461
771 480
780 499
789 518
798 537
807 556
816 575
825 594
834 613
843 632
852 651
861 670
870 689
879 708
888 727
897 746
906 765
915 784
924 803
933 822
942 841
951 860
960 879
969 898
978 917
987 936
996 955
997 846
988 827
979 808
970 789
961 770
952 751
943 732
934 713
925 694
916 675
907 656
898 637
889 618
880 599
871 580
862 561
853 542
844 523
835 504
826 485
817 466
808 447
799 428
790 409
781 390
772 371
763 352
754 333
745 314
736 295
727 276
718 257
709 238
700 219
691 200
682 181
673 162
664 143
655 124
646 105
637 86
628 67
619 48
610 29
601 10
656 15
665 34
674 53
683 72
692 91
701 110
710 129
719 148
728 167
737 186
746 205
755 224
764 243
773 262
782 281
791 300
800 319
809 338
818 357
827 376
836 395
845 414
854 433
863 452
872 471
881 490
890 509
899 528
908 547
917 566
926 585
935 604
944 623
953 642
962 661
971 680
980 699
989 718
998 737
999 628
990 609
981 590
972 571
963 552
954 533
945 514
936 495
927 476
918 457
909 438
900 419
891 400
882 381
873 362
864 343
855 324
846 305
837 286
828 267
819 248
810 229
801 210
792 191
783 172
774 153
765 134
756 115
747 96
738 77
729 58
720 39
711 20
702 1
757 6
766 25
775 44
784 63
793 82
802 101
811 120
820 139
829 158
838 177
847 196
856 215
865 234
874 253
883 272
892 291
901 310
910 329
919 348
928 367
937 386
946 405
955 424
964 443
973 462
982 481
991 500
1000 519
992 391
983 372
974 353
965 334
956 315
947 296
938 277
929 258
920 239
911 220
902 201
893 182
884 163
875 144
866 125
857 106
848 87
839 68
830 49
821 30
812 11
867 16
876 35
885 54
894 73
903 92
912 111
921 130
930 149
939 168
948 187
957 206
966 225
975 244
984 263
993 282
994 173
985 154
976 135
967 116
958 97
949 78
940 59
931 40
922 21
913 2
968 7
977 26
986 45
995 64
