16 37
43 36
70 35
97 34
124 33
151 32
178 31
205 30
232 29
259 28
286 27
313 26
340 25
367 24
394 23
421 22
448 21
475 20
502 19
529 18
556 17
583 16
610 15
637 14
664 13
691 12
718 11
745 10
772 9
799 8
826 7
853 6
880 5
907 4
934 3
961 2
988 1
989 38
962 39
935 40
908 41
881 42
854 43
827 44
800 45
773 46
746 47
719 48
692 49
665 50
638 51
611 52
584 53
557 54
530 55
503 56
476 57
449 58
422 59
395 60
368 61
341 62
314 63
287 64
260 65
233 66
206 67
179 68
152 69
125 70
98 71
71 72
44 73
17 74
18 111
45 110
72 109
99 108
126 107
153 106
180 105
207 104
234 103
261 102
288 101
315 100
342 99
369 98
396 97
423 96
450 95
477 94
504 93
531 92
558 91
585 90
612 89
639 88
666 87
693 86
720 85
747 84
774 83
801 82
828 81
855 80
882 79
909 78
936 77
963 76
990 75
991 112
964 113
937 114
910 115
883 116
856 117
829 118
802 119
775 120
748 121
721 122
694 123
667 124
640 125
613 126
586 127
559 128
532 129
505 130
478 131
451 132
424 133
397 134
370 135
343 136
316 137
289 138
262 139
235 140
208 141
181 142
154 143
127 144
100 145
73 146
46 147
19 148
20 185
47 184
74 183
101 182
128 181
155 180
182 179
209 178
236 177
263 176
290 175
317 174
344 173
371 172
398 171
425 170
452 169
479 168
506 167
533 166
560 165
587 164
614 163
641 162
668 161
695 160
722 159
749 158
776 157
803 156
830 155
857 154
884 153
911 152
938 151
965 150
992 149
993 186
966 187
939 188
912 189
885 190
858 191
831 192
804 193
777 194
750 195
723 196
696 197
669 198
642 199
615 200
588 201
561 202
534 203
507 204
480 205
453 206
426 207
399 208
372 209
345 210
318 211
291 212
264 213
237 214
210 215
183 216
156 217
129 218
102 219
75 220
48 221
21 222
22 259
49 258
76 257
103 256
130 255
157 254
184 253
211 252
238 251
265 250
292 249
319 248
346 247
373 246
400 245
427 244
454 243
481 242
508 241
535 240
562 239
589 238
616 237
643 236
670 235
697 234
724 233
751 232
778 231
805 230
832 229
859 228
886 227
913 226
940 225
967 224
994 223
995 260
968 261
941 262
914 263
887 264
860 265
833 266
806 267
779 268
752 269
725 270
698 271
671 272
644 273
617 274
590 275
563 276
536 277
509 278
482 279
455 280
428 281
401 282
374 283
347 284
320 285
293 286
266 287
239 288
212 289
185 290
158 291
131 292
104 293
77 294
50 295
23 296
24 333
51 332
78 331
105 330
132 329
159 328
186 327
213 326
240 325
267 324
294 323
321 322
348 321
375 320
402 319
429 318
456 317
483 316
510 315
537 314
564 313
591 312
618 311
645 310
672 309
699 308
726 307
753 306
780 305
807 304
834 303
861 302
888 301
915 300
942 299
969 298
996 297
997 334
970 335
943 336
916 337
889 338
862 339
835 340
808 341
781 342
754 343
727 344
700 345
673 346
646 347
619 348
592 349
565 350
538 351
511 352
484 353
457 354
430 355
403 356
376 357
349 358
322 359
295 360
268 361
241 362
214 363
187 364
160 365
133 366
106 367
79 368
52 369
25 370
26 407
53 406
80 405
107 404
134 403
161 402
188 401
215 400
242 399
269 398
296 397
323 396
350 395
377 394
404 393
431 392
458 391
485 390
512 389
539 388
566 387
593 386
620 385
647 384
674 383
701 382
728 381
755 380
782 379
809 378
836 377
863 376
890 375
917 374
944 373
971 372
998 371
999 408
972 409
945 410
918 411
891 412
864 413
837 414
810 415
783 416
756 417
729 418
702 419
675 420
648 421
621 422
594 423
567 424
540 425
513 426
486 427
459 428
432 429
405 430
378 431
351 432
324 433
297 434
270 435
243 436
216 437
189 438
162 439
135 440
108 441
81 442
54 443
27 444
28 481
1 482
2 519
29 518
56 517
83 516
110 515
137 514
164 513
191 512
218 511
245 510
272 509
299 508
326 507
353 506
380 505
407 504
434 503
461 502
488 501
515 500
542 499
569 498
596 497
623 496
650 495
677 494
704 493
731 492
758 491
785 490
812 489
839 488
866 487
893 486
920 485
947 484
974 483
973 446
946 447
919 448
892 449
865 450
838 451
811 452
784 453
757 454
730 455
703 456
676 457
649 458
622 459
595 460
568 461
541 462
514 463
487 464
460 465
433 466
406 467
379 468
352 469
325 470
298 471
271 472
244 473
217 474
190 475
163 476
136 477
109 478
82 479
55 480
57 554
30 555
3 556
4 593
31 592
58 591
85 590
112 589
139 588
166 587
193 586
220 585
247 584
274 583
301 582
328 581
355 580
382 579
409 578
436 577
463 576
490 575
517 574
544 573
571 572
598 571
625 570
652 569
679 568
706 567
733 566
760 565
787 564
814 563
841 562
868 561
895 560
922 559
949 558
976 557
975 520
948 521
921 522
894 523
867 524
840 525
813 526
786 527
759 528
732 529
705 530
678 531
651 532
624 533
597 534
570 535
543 536
516 537
489 538
462 539
435 540
408 541
381 542
354 543
327 544
300 545
273 546
246 547
219 548
192 549
165 550
138 551
111 552
84 553
86 627
59 628
32 629
5 630
6 667
33 666
60 665
87 664
114 663
141 662
168 661
195 660
222 659
249 658
276 657
303 656
330 655
357 654
384 653
411 652
438 651
465 650
492 649
519 648
546 647
573 646
600 645
627 644
654 643
681 642
708 641
735 640
762 639
789 638
816 637
843 636
870 635
897 634
924 633
951 632
978 631
977 594
950 595
923 596
896 597
869 598
842 599
815 600
788 601
761 602
734 603
707 604
680 605
653 606
626 607
599 608
572 609
545 610
518 611
491 612
464 613
437 614
410 615
383 616
356 617
329 618
302 619
275 620
248 621
221 622
194 623
167 624
140 625
113 626
115 700
88 701
61 702
34 703
7 704
8 741
35 740
62 739
89 738
116 737
143 736
170 735
197 734
224 733
251 732
278 731
305 730
332 729
359 728
386 727
413 726
440 725
467 724
494 723
521 722
548 721
575 720
602 719
629 718
656 717
683 716
710 715
737 714
764 713
791 712
818 711
845 710
872 709
899 708
926 707
953 706
980 705
979 668
952 669
925 670
898 671
871 672
844 673
817 674
790 675
763 676
736 677
709 678
682 679
655 680
628 681
601 682
574 683
547 684
520 685
493 686
466 687
439 688
412 689
385 690
358 691
331 692
304 693
277 694
250 695
223 696
196 697
169 698
142 699
144 773
117 774
90 775
63 776
36 777
9 778
10 815
37 814
64 813
91 812
118 811
145 810
172 809
199 808
226 807
253 806
280 805
307 804
334 803
361 802
388 801
415 800
442 799
469 798
496 797
523 796
550 795
577 794
604 793
631 792
658 791
685 790
712 789
739 788
766 787
793 786
820 785
847 784
874 783
901 782
928 781
955 780
982 779
981 742
954 743
927 744
900 745
873 746
846 747
819 748
792 749
765 750
738 751
711 752
684 753
657 754
630 755
603 756
576 757
549 758
522 759
495 760
468 761
441 762
414 763
387 764
360 765
333 766
306 767
279 768
252 769
225 770
198 771
171 772
173 846
146 847
119 848
92 849
65 850
38 851
11 852
12 889
39 888
66 887
93 886
120 885
147 884
174 883
201 882
228 881
255 880
282 879
309 878
336 877
363 876
390 875
417 874
444 873
471 872
498 871
525 870
552 869
579 868
606 867
633 866
660 865
687 864
714 863
741 862
768 861
795 860
822 859
849 858
876 857
903 856
930 855
957 854
984 853
983 816
956 817
929 818
902 819
875 820
848 821
821 822
794 823
767 824
740 825
713 826
686 827
659 828
632 829
605 830
578 831
551 832
524 833
497 834
470 835
443 836
416 837
389 838
362 839
335 840
308 841
281 842
254 843
227 844
200 845
202 919
175 920
148 921
121 922
94 923
67 924
40 925
13 926
14 963
41 962
68 961
95 960
122 959
149 958
176 957
203 956
230 955
257 954
284 953
311 952
338 951
365 950
392 949
419 948
446 947
473 946
500 945
527 944
554 943
581 942
608 941
635 940
662 939
689 938
716 937
743 936
770 935
797 934
824 933
851 932
878 931
905 930
932 929
959 928
986 927
985 890
958 891
931 892
904 893
877 894
850 895
823 896
796 897
769 898
742 899
715 900
688 901
661 902
634 903
607 904
580 905
553 906
526 907
499 908
472 909
445 910
418 911
391 912
364 913
337 914
310 915
283 916
256 917
229 918
231 992
204 993
177 994
150 995
123 996
96 997
69 998
42 999
15 1000
258 991
285 990
312 989
339 988
366 987
393 986
420 985
447 984
474 983
501 982
528 981
555 980
582 979
609 978
636 977
663 976
690 975
717 974
744 973
771 972
798 971
825 970
852 969
879 968
906 967
933 966
960 965
987 964
1000 445
