1 25
33 33
32 64
31 95
30 126
29 157
28 188
27 219
26 250
25 281
24 312
23 343
22 374
21 405
20 436
19 467
18 498
17 529
16 560
15 591
14 622
13 653
12 684
11 715
10 746
9 777
8 808
7 839
6 870
5 901
4 932
3 963
2 994
35 971
36 940
37 909
38 878
39 847
40 816
41 785
42 754
43 723
44 692
45 661
46 630
47 599
48 568
49 537
50 506
51 475
52 444
53 413
54 382
55 351
56 320
57 289
58 258
59 227
60 196
61 165
62 134
63 103
64 72
65 41
66 10
34 2
98 18
97 49
96 80
95 111
94 142
93 173
92 204
91 235
90 266
89 297
88 328
87 359
86 390
85 421
84 452
83 483
82 514
81 545
80 576
79 607
78 638
77 669
76 700
75 731
74 762
73 793
72 824
71 855
70 886
69 917
68 948
67 979
99 987
100 956
101 925
102 894
103 863
104 832
105 801
106 770
107 739
108 708
109 677
110 646
111 615
112 584
113 553
114 522
115 491
116 460
117 429
118 398
119 367
120 336
121 305
122 274
123 243
124 212
125 181
126 150
127 119
128 88
129 57
130 26
162 34
161 65
160 96
159 127
158 158
157 189
156 220
155 251
154 282
153 313
152 344
151 375
150 406
149 437
148 468
147 499
146 530
145 561
144 592
143 623
142 654
141 685
140 716
139 747
138 778
137 809
136 840
135 871
134 902
133 933
132 964
131 995
164 972
165 941
166 910
167 879
168 848
169 817
170 786
171 755
172 724
173 693
174 662
175 631
176 600
177 569
178 538
179 507
180 476
181 445
182 414
183 383
184 352
185 321
186 290
187 259
188 228
189 197
190 166
191 135
192 104
193 73
194 42
195 11
163 3
227 19
226 50
225 81
224 112
223 143
222 174
221 205
220 236
219 267
218 298
217 329
216 360
215 391
214 422
213 453
212 484
211 515
210 546
209 577
208 608
207 639
206 670
205 701
204 732
203 763
202 794
201 825
200 856
199 887
198 918
197 949
196 980
228 988
229 957
230 926
231 895
232 864
233 833
234 802
235 771
236 740
237 709
238 678
239 647
240 616
241 585
242 554
243 523
244 492
245 461
246 430
247 399
248 368
249 337
250 306
251 275
252 244
253 213
254 182
255 151
256 120
257 89
258 58
259 27
291 35
290 66
289 97
288 128
287 159
286 190
285 221
284 252
283 283
282 314
281 345
280 376
279 407
278 438
277 469
276 500
275 531
274 562
273 593
272 624
271 655
270 686
269 717
268 748
267 779
266 810
265 841
264 872
263 903
262 934
261 965
260 996
293 973
294 942
295 911
296 880
297 849
298 818
299 787
300 756
301 725
302 694
303 663
304 632
305 601
306 570
307 539
308 508
309 477
310 446
311 415
312 384
313 353
314 322
315 291
316 260
317 229
318 198
319 167
320 136
321 105
322 74
323 43
324 12
292 4
356 20
355 51
354 82
353 113
352 144
351 175
350 206
349 237
348 268
347 299
346 330
345 361
344 392
343 423
342 454
341 485
340 516
339 547
338 578
337 609
336 640
335 671
334 702
333 733
332 764
331 795
330 826
329 857
328 888
327 919
326 950
325 981
357 989
358 958
359 927
360 896
361 865
362 834
363 803
364 772
365 741
366 710
367 679
368 648
369 617
370 586
371 555
372 524
373 493
374 462
375 431
376 400
377 369
378 338
379 307
380 276
381 245
382 214
383 183
384 152
385 121
386 90
387 59
388 28
420 36
419 67
418 98
417 129
416 160
415 191
414 222
413 253
412 284
411 315
410 346
409 377
408 408
407 439
406 470
405 501
404 532
403 563
402 594
401 625
400 656
399 687
398 718
397 749
396 780
395 811
394 842
393 873
392 904
391 935
390 966
389 997
422 974
423 943
424 912
425 881
426 850
427 819
428 788
429 757
430 726
431 695
432 664
433 633
434 602
435 571
436 540
437 509
438 478
439 447
440 416
441 385
442 354
443 323
444 292
445 261
446 230
447 199
448 168
449 137
450 106
451 75
452 44
453 13
421 5
485 21
484 52
483 83
482 114
481 145
480 176
479 207
478 238
477 269
476 300
475 331
474 362
473 393
472 424
471 455
470 486
469 517
468 548
467 579
466 610
465 641
464 672
463 703
462 734
461 765
460 796
459 827
458 858
457 889
456 920
455 951
454 982
486 990
487 959
488 928
489 897
490 866
491 835
492 804
493 773
494 742
495 711
496 680
497 649
498 618
499 587
500 556
501 525
502 494
503 463
504 432
505 401
506 370
507 339
508 308
509 277
510 246
511 215
512 184
513 153
514 122
515 91
516 60
517 29
549 37
548 68
547 99
546 130
545 161
544 192
543 223
542 254
541 285
540 316
539 347
538 378
537 409
536 440
535 471
534 502
533 533
532 564
531 595
530 626
529 657
528 688
527 719
526 750
525 781
524 812
523 843
522 874
521 905
520 936
519 967
518 998
551 975
552 944
553 913
554 882
555 851
556 820
557 789
558 758
559 727
560 696
561 665
562 634
563 603
564 572
565 541
566 510
567 479
568 448
569 417
570 386
571 355
572 324
573 293
574 262
575 231
576 200
577 169
578 138
579 107
580 76
581 45
582 14
550 6
614 22
613 53
612 84
611 115
610 146
609 177
608 208
607 239
606 270
605 301
604 332
603 363
602 394
601 425
600 456
599 487
598 518
597 549
596 580
595 611
594 642
593 673
592 704
591 735
590 766
589 797
588 828
587 859
586 890
585 921
584 952
583 983
615 991
616 960
617 929
618 898
619 867
620 836
621 805
622 774
623 743
624 712
625 681
626 650
627 619
628 588
629 557
630 526
631 495
632 464
633 433
634 402
635 371
636 340
637 309
638 278
639 247
640 216
641 185
642 154
643 123
644 92
645 61
646 30
678 38
677 69
676 100
675 131
674 162
673 193
672 224
671 255
670 286
669 317
668 348
667 379
666 410
665 441
664 472
663 503
662 534
661 565
660 596
659 627
658 658
657 689
656 720
655 751
654 782
653 813
652 844
651 875
650 906
649 937
648 968
647 999
680 976
681 945
682 914
683 883
684 852
685 821
686 790
687 759
688 728
689 697
690 666
691 635
692 604
693 573
694 542
695 511
696 480
697 449
698 418
699 387
700 356
701 325
702 294
703 263
704 232
705 201
706 170
707 139
708 108
709 77
710 46
711 15
679 7
743 23
742 54
741 85
740 116
739 147
738 178
737 209
736 240
735 271
734 302
733 333
732 364
731 395
730 426
729 457
728 488
727 519
726 550
725 581
724 612
723 643
722 674
721 705
720 736
719 767
718 798
717 829
716 860
715 891
714 922
713 953
712 984
744 992
745 961
746 930
747 899
748 868
749 837
750 806
751 775
752 744
753 713
754 682
755 651
756 620
757 589
758 558
759 527
760 496
761 465
762 434
763 403
764 372
765 341
766 310
767 279
768 248
769 217
770 186
771 155
772 124
773 93
774 62
775 31
807 39
806 70
805 101
804 132
803 163
802 194
801 225
800 256
799 287
798 318
797 349
796 380
795 411
794 442
793 473
792 504
791 535
790 566
789 597
788 628
787 659
786 690
785 721
784 752
783 783
782 814
781 845
780 876
779 907
778 938
777 969
776 1000
809 977
810 946
811 915
812 884
813 853
814 822
815 791
816 760
817 729
818 698
819 667
820 636
821 605
822 574
823 543
824 512
825 481
826 450
827 419
828 388
829 357
830 326
831 295
832 264
833 233
834 202
835 171
836 140
837 109
838 78
839 47
840 16
808 8
872 24
871 55
870 86
869 117
868 148
867 179
866 210
865 241
864 272
863 303
862 334
861 365
860 396
859 427
858 458
857 489
856 520
855 551
854 582
853 613
852 644
851 675
850 706
849 737
848 768
847 799
846 830
845 861
844 892
843 923
842 954
841 985
873 993
874 962
875 931
876 900
877 869
878 838
879 807
880 776
881 745
882 714
883 683
884 652
885 621
886 590
887 559
888 528
889 497
890 466
891 435
892 404
893 373
894 342
895 311
896 280
897 249
898 218
899 187
900 156
901 125
902 94
903 63
904 32
905 1
937 9
936 40
935 71
934 102
933 133
932 164
931 195
930 226
929 257
928 288
927 319
926 350
925 381
924 412
923 443
922 474
921 505
920 536
919 567
918 598
917 629
916 660
915 691
914 722
913 753
912 784
911 815
910 846
909 877
908 908
907 939
906 970
938 978
939 947
940 916
941 885
942 854
943 823
944 792
945 761
946 730
947 699
948 668
949 637
950 606
951 575
952 544
953 513
954 482
955 451
956 420
957 389
958 358
959 327
960 296
961 265
962 234
963 203
964 172
965 141
966 110
967 79
968 48
969 17
1000 56
999 87
998 118
997 149
996 180
995 211
994 242
993 273
992 304
991 335
990 366
989 397
988 428
987 459
986 490
985 521
984 552
983 583
982 614
981 645
980 676
979 707
978 738
977 769
976 800
975 831
974 862
973 893
972 924
971 955
970 986
