13 85
70 84
127 83
184 82
241 81
298 80
355 79
412 78
469 77
526 76
583 75
640 74
697 73
754 72
811 71
868 70
925 69
982 68
1039 67
1096 66
1153 65
1210 64
1267 63
1324 62
1381 61
1438 60
1495 59
1552 58
1609 57
1666 56
1723 55
1780 54
1837 53
1894 52
1951 51
2008 50
2065 49
2122 48
2179 47
2236 46
2293 45
2350 44
2407 43
2464 42
2521 41
2578 40
2635 39
2692 38
2749 37
2806 36
2863 35
2920 34
2977 33
3034 32
3091 31
3148 30
3205 29
3262 28
3319 27
3376 26
3433 25
3490 24
3547 23
3604 22
3661 21
3718 20
3775 19
3832 18
3889 17
3946 16
4003 15
4060 14
4117 13
4174 12
4231 11
4288 10
4345 9
4402 8
4459 7
4516 6
4573 5
4630 4
4687 3
4744 2
4801 1
4826 176
4769 177
4712 178
4655 179
4598 180
4541 181
4484 182
4427 183
4370 184
4313 185
4256 186
4199 187
4142 188
4085 189
4028 190
3971 191
3914 192
3857 193
3800 194
3743 195
3686 196
3629 197
3572 198
3515 199
3458 200
3401 201
3344 202
3287 203
3230 204
3173 205
3116 206
3059 207
3002 208
2945 209
2888 210
2831 211
2774 212
2717 213
2660 214
2603 215
2546 216
2489 217
2432 218
2375 219
2318 220
2261 221
2204 222
2147 223
2090 224
2033 225
1976 226
1919 227
1862 228
1805 229
1748 230
1691 231
1634 232
1577 233
1520 234
1463 235
1406 236
1349 237
1292 238
1235 239
1178 240
1121 241
1064 242
1007 243
950 244
893 245
836 246
779 247
722 248
665 249
608 250
551 251
494 252
437 253
380 254
323 255
266 256
209 257
152 258
95 259
38 260
63 435
6 436
120 434
177 433
234 432
291 431
348 430
405 429
462 428
519 427
576 426
633 425
690 424
747 423
804 422
861 421
918 420
975 419
1032 418
1089 417
1146 416
1203 415
1260 414
1317 413
1374 412
1431 411
1488 410
1545 409
1602 408
1659 407
1716 406
1773 405
1830 404
1887 403
1944 402
2001 401
2058 400
2115 399
2172 398
2229 397
2286 396
2343 395
2400 394
2457 393
2514 392
2571 391
2628 390
2685 389
2742 388
2799 387
2856 386
2913 385
2970 384
3027 383
3084 382
3141 381
3198 380
3255 379
3312 378
3369 377
3426 376
3483 375
3540 374
3597 373
3654 372
3711 371
3768 370
3825 369
3882 368
3939 367
3996 366
4053 365
4110 364
4167 363
4224 362
4281 361
4338 360
4395 359
4452 358
4509 357
4566 356
4623 355
4680 354
4737 353
4794 352
4851 351
4908 350
4965 349
5022 348
5079 347
5136 346
5193 345
5250 344
5307 343
5364 342
5421 341
5478 340
5535 339
5592 338
5649 337
5706 336
5763 335
5820 334
5877 333
5934 332
5991 331
6048 330
6105 329
6162 328
6219 327
6276 326
6333 325
6390 324
6447 323
6504 322
6561 321
6618 320
6675 319
6732 318
6789 317
6846 316
6903 315
6960 314
7017 313
7074 312
7131 311
7188 310
7245 309
7302 308
7359 307
7416 306
7473 305
7530 304
7587 303
7644 302
7701 301
7758 300
7815 299
7872 298
7929 297
7986 296
8043 295
8100 294
8157 293
8214 292
8271 291
8328 290
8385 289
8442 288
8499 287
8556 286
8613 285
8670 284
8727 283
8784 282
8841 281
8898 280
8955 279
9012 278
9069 277
9126 276
9183 275
9240 274
9297 273
9354 272
9411 271
9468 270
9525 269
9582 268
9639 267
9696 266
9753 265
9810 264
9867 263
9924 262
9981 261
9956 86
9899 87
9842 88
9785 89
9728 90
9671 91
9614 92
9557 93
9500 94
9443 95
9386 96
9329 97
9272 98
9215 99
9158 100
9101 101
9044 102
8987 103
8930 104
8873 105
8816 106
8759 107
8702 108
8645 109
8588 110
8531 111
8474 112
8417 113
8360 114
8303 115
8246 116
8189 117
8132 118
8075 119
8018 120
7961 121
7904 122
7847 123
7790 124
7733 125
7676 126
7619 127
7562 128
7505 129
7448 130
7391 131
7334 132
7277 133
7220 134
7163 135
7106 136
7049 137
6992 138
6935 139
6878 140
6821 141
6764 142
6707 143
6650 144
6593 145
6536 146
6479 147
6422 148
6365 149
6308 150
6251 151
6194 152
6137 153
6080 154
6023 155
5966 156
5909 157
5852 158
5795 159
5738 160
5681 161
5624 162
5567 163
5510 164
5453 165
5396 166
5339 167
5282 168
5225 169
5168 170
5111 171
5054 172
4997 173
4940 174
4883 175
4876 526
4819 527
4762 528
4705 529
4648 530
4591 531
4534 532
4477 533
4420 534
4363 535
4306 536
4249 537
4192 538
4135 539
4078 540
4021 541
3964 542
3907 543
3850 544
3793 545
3736 546
3679 547
3622 548
3565 549
3508 550
3451 551
3394 552
3337 553
3280 554
3223 555
3166 556
3109 557
3052 558
2995 559
2938 560
2881 561
2824 562
2767 563
2710 564
2653 565
2596 566
2539 567
2482 568
2425 569
2368 570
2311 571
2254 572
2197 573
2140 574
2083 575
2026 576
1969 577
1912 578
1855 579
1798 580
1741 581
1684 582
1627 583
1570 584
1513 585
1456 586
1399 587
1342 588
1285 589
1228 590
1171 591
1114 592
1057 593
1000 594
943 595
886 596
829 597
772 598
715 599
658 600
601 601
544 602
487 603
430 604
373 605
316 606
259 607
202 608
145 609
88 610
31 611
56 786
113 785
170 784
227 783
284 782
341 781
398 780
455 779
512 778
569 777
626 776
683 775
740 774
797 773
854 772
911 771
968 770
1025 769
1082 768
1139 767
1196 766
1253 765
1310 764
1367 763
1424 762
1481 761
1538 760
1595 759
1652 758
1709 757
1766 756
1823 755
1880 754
1937 753
1994 752
2051 751
2108 750
2165 749
2222 748
2279 747
2336 746
2393 745
2450 744
2507 743
2564 742
2621 741
2678 740
2735 739
2792 738
2849 737
2906 736
2963 735
3020 734
3077 733
3134 732
3191 731
3248 730
3305 729
3362 728
3419 727
3476 726
3533 725
3590 724
3647 723
3704 722
3761 721
3818 720
3875 719
3932 718
3989 717
4046 716
4103 715
4160 714
4217 713
4274 712
4331 711
4388 710
4445 709
4502 708
4559 707
4616 706
4673 705
4730 704
4787 703
4844 702
4901 701
4958 700
5015 699
5072 698
5129 697
5186 696
5243 695
5300 694
5357 693
5414 692
5471 691
5528 690
5585 689
5642 688
5699 687
5756 686
5813 685
5870 684
5927 683
5984 682
6041 681
6098 680
6155 679
6212 678
6269 677
6326 676
6383 675
6440 674
6497 673
6554 672
6611 671
6668 670
6725 669
6782 668
6839 667
6896 666
6953 665
7010 664
7067 663
7124 662
7181 661
7238 660
7295 659
7352 658
7409 657
7466 656
7523 655
7580 654
7637 653
7694 652
7751 651
7808 650
7865 649
7922 648
7979 647
8036 646
8093 645
8150 644
8207 643
8264 642
8321 641
8378 640
8435 639
8492 638
8549 637
8606 636
8663 635
8720 634
8777 633
8834 632
8891 631
8948 630
9005 629
9062 628
9119 627
9176 626
9233 625
9290 624
9347 623
9404 622
9461 621
9518 620
9575 619
9632 618
9689 617
9746 616
9803 615
9860 614
9917 613
9974 612
9949 437
9892 438
9835 439
9778 440
9721 441
9664 442
9607 443
9550 444
9493 445
9436 446
9379 447
9322 448
9265 449
9208 450
9151 451
9094 452
9037 453
8980 454
8923 455
8866 456
8809 457
8752 458
8695 459
8638 460
8581 461
8524 462
8467 463
8410 464
8353 465
8296 466
8239 467
8182 468
8125 469
8068 470
8011 471
7954 472
7897 473
7840 474
7783 475
7726 476
7669 477
7612 478
7555 479
7498 480
7441 481
7384 482
7327 483
7270 484
7213 485
7156 486
7099 487
7042 488
6985 489
6928 490
6871 491
6814 492
6757 493
6700 494
6643 495
6586 496
6529 497
6472 498
6415 499
6358 500
6301 501
6244 502
6187 503
6130 504
6073 505
6016 506
5959 507
5902 508
5845 509
5788 510
5731 511
5674 512
5617 513
5560 514
5503 515
5446 516
5389 517
5332 518
5275 519
5218 520
5161 521
5104 522
5047 523
4990 524
4933 525
4926 876
4869 877
4812 878
4755 879
4698 880
4641 881
4584 882
4527 883
4470 884
4413 885
4356 886
4299 887
4242 888
4185 889
4128 890
4071 891
4014 892
3957 893
3900 894
3843 895
3786 896
3729 897
3672 898
3615 899
3558 900
3501 901
3444 902
3387 903
3330 904
3273 905
3216 906
3159 907
3102 908
3045 909
2988 910
2931 911
2874 912
2817 913
2760 914
2703 915
2646 916
2589 917
2532 918
2475 919
2418 920
2361 921
2304 922
2247 923
2190 924
2133 925
2076 926
2019 927
1962 928
1905 929
1848 930
1791 931
1734 932
1677 933
1620 934
1563 935
1506 936
1449 937
1392 938
1335 939
1278 940
1221 941
1164 942
1107 943
1050 944
993 945
936 946
879 947
822 948
765 949
708 950
651 951
594 952
537 953
480 954
423 955
366 956
309 957
252 958
195 959
138 960
81 961
24 962
49 1137
106 1136
163 1135
220 1134
277 1133
334 1132
391 1131
448 1130
505 1129
562 1128
619 1127
676 1126
733 1125
790 1124
847 1123
904 1122
961 1121
1018 1120
1075 1119
1132 1118
1189 1117
1246 1116
1303 1115
1360 1114
1417 1113
1474 1112
1531 1111
1588 1110
1645 1109
1702 1108
1759 1107
1816 1106
1873 1105
1930 1104
1987 1103
2044 1102
2101 1101
2158 1100
2215 1099
2272 1098
2329 1097
2386 1096
2443 1095
2500 1094
2557 1093
2614 1092
2671 1091
2728 1090
2785 1089
2842 1088
2899 1087
2956 1086
3013 1085
3070 1084
3127 1083
3184 1082
3241 1081
3298 1080
3355 1079
3412 1078
3469 1077
3526 1076
3583 1075
3640 1074
3697 1073
3754 1072
3811 1071
3868 1070
3925 1069
3982 1068
4039 1067
4096 1066
4153 1065
4210 1064
4267 1063
4324 1062
4381 1061
4438 1060
4495 1059
4552 1058
4609 1057
4666 1056
4723 1055
4780 1054
4837 1053
4894 1052
4951 1051
5008 1050
5065 1049
5122 1048
5179 1047
5236 1046
5293 1045
5350 1044
5407 1043
5464 1042
5521 1041
5578 1040
5635 1039
5692 1038
5749 1037
5806 1036
5863 1035
5920 1034
5977 1033
6034 1032
6091 1031
6148 1030
6205 1029
6262 1028
6319 1027
6376 1026
6433 1025
6490 1024
6547 1023
6604 1022
6661 1021
6718 1020
6775 1019
6832 1018
6889 1017
6946 1016
7003 1015
7060 1014
7117 1013
7174 1012
7231 1011
7288 1010
7345 1009
7402 1008
7459 1007
7516 1006
7573 1005
7630 1004
7687 1003
7744 1002
7801 1001
7858 1000
7915 999
7972 998
8029 997
8086 996
8143 995
8200 994
8257 993
8314 992
8371 991
8428 990
8485 989
8542 988
8599 987
8656 986
8713 985
8770 984
8827 983
8884 982
8941 981
8998 980
9055 979
9112 978
9169 977
9226 976
9283 975
9340 974
9397 973
9454 972
9511 971
9568 970
9625 969
9682 968
9739 967
9796 966
9853 965
9910 964
9967 963
9942 788
9885 789
9828 790
9771 791
9714 792
9657 793
9600 794
9543 795
9486 796
9429 797
9372 798
9315 799
9258 800
9201 801
9144 802
9087 803
9030 804
8973 805
8916 806
8859 807
8802 808
8745 809
8688 810
8631 811
8574 812
8517 813
8460 814
8403 815
8346 816
8289 817
8232 818
8175 819
8118 820
8061 821
8004 822
7947 823
7890 824
7833 825
7776 826
7719 827
7662 828
7605 829
7548 830
7491 831
7434 832
7377 833
7320 834
7263 835
7206 836
7149 837
7092 838
7035 839
6978 840
6921 841
6864 842
6807 843
6750 844
6693 845
6636 846
6579 847
6522 848
6465 849
6408 850
6351 851
6294 852
6237 853
6180 854
6123 855
6066 856
6009 857
5952 858
5895 859
5838 860
5781 861
5724 862
5667 863
5610 864
5553 865
5496 866
5439 867
5382 868
5325 869
5268 870
5211 871
5154 872
5097 873
5040 874
4983 875
4976 1226
4919 1227
4862 1228
4805 1229
4748 1230
4691 1231
4634 1232
4577 1233
4520 1234
4463 1235
4406 1236
4349 1237
4292 1238
4235 1239
4178 1240
4121 1241
4064 1242
4007 1243
3950 1244
3893 1245
3836 1246
3779 1247
3722 1248
3665 1249
3608 1250
3551 1251
3494 1252
3437 1253
3380 1254
3323 1255
3266 1256
3209 1257
3152 1258
3095 1259
3038 1260
2981 1261
2924 1262
2867 1263
2810 1264
2753 1265
2696 1266
2639 1267
2582 1268
2525 1269
2468 1270
2411 1271
2354 1272
2297 1273
2240 1274
2183 1275
2126 1276
2069 1277
2012 1278
1955 1279
1898 1280
1841 1281
1784 1282
1727 1283
1670 1284
1613 1285
1556 1286
1499 1287
1442 1288
1385 1289
1328 1290
1271 1291
1214 1292
1157 1293
1100 1294
1043 1295
986 1296
929 1297
872 1298
815 1299
758 1300
701 1301
644 1302
587 1303
530 1304
473 1305
416 1306
359 1307
302 1308
245 1309
188 1310
131 1311
74 1312
17 1313
42 1488
99 1487
156 1486
213 1485
270 1484
327 1483
384 1482
441 1481
498 1480
555 1479
612 1478
669 1477
726 1476
783 1475
840 1474
897 1473
954 1472
1011 1471
1068 1470
1125 1469
1182 1468
1239 1467
1296 1466
1353 1465
1410 1464
1467 1463
1524 1462
1581 1461
1638 1460
1695 1459
1752 1458
1809 1457
1866 1456
1923 1455
1980 1454
2037 1453
2094 1452
2151 1451
2208 1450
2265 1449
2322 1448
2379 1447
2436 1446
2493 1445
2550 1444
2607 1443
2664 1442
2721 1441
2778 1440
2835 1439
2892 1438
2949 1437
3006 1436
3063 1435
3120 1434
3177 1433
3234 1432
3291 1431
3348 1430
3405 1429
3462 1428
3519 1427
3576 1426
3633 1425
3690 1424
3747 1423
3804 1422
3861 1421
3918 1420
3975 1419
4032 1418
4089 1417
4146 1416
4203 1415
4260 1414
4317 1413
4374 1412
4431 1411
4488 1410
4545 1409
4602 1408
4659 1407
4716 1406
4773 1405
4830 1404
4887 1403
4944 1402
5001 1401
5058 1400
5115 1399
5172 1398
5229 1397
5286 1396
5343 1395
5400 1394
5457 1393
5514 1392
5571 1391
5628 1390
5685 1389
5742 1388
5799 1387
5856 1386
5913 1385
5970 1384
6027 1383
6084 1382
6141 1381
6198 1380
6255 1379
6312 1378
6369 1377
6426 1376
6483 1375
6540 1374
6597 1373
6654 1372
6711 1371
6768 1370
6825 1369
6882 1368
6939 1367
6996 1366
7053 1365
7110 1364
7167 1363
7224 1362
7281 1361
7338 1360
7395 1359
7452 1358
7509 1357
7566 1356
7623 1355
7680 1354
7737 1353
7794 1352
7851 1351
7908 1350
7965 1349
8022 1348
8079 1347
8136 1346
8193 1345
8250 1344
8307 1343
8364 1342
8421 1341
8478 1340
8535 1339
8592 1338
8649 1337
8706 1336
8763 1335
8820 1334
8877 1333
8934 1332
8991 1331
9048 1330
9105 1329
9162 1328
9219 1327
9276 1326
9333 1325
9390 1324
9447 1323
9504 1322
9561 1321
9618 1320
9675 1319
9732 1318
9789 1317
9846 1316
9903 1315
9960 1314
9935 1139
9878 1140
9821 1141
9764 1142
9707 1143
9650 1144
9593 1145
9536 1146
9479 1147
9422 1148
9365 1149
9308 1150
9251 1151
9194 1152
9137 1153
9080 1154
9023 1155
8966 1156
8909 1157
8852 1158
8795 1159
8738 1160
8681 1161
8624 1162
8567 1163
8510 1164
8453 1165
8396 1166
8339 1167
8282 1168
8225 1169
8168 1170
8111 1171
8054 1172
7997 1173
7940 1174
7883 1175
7826 1176
7769 1177
7712 1178
7655 1179
7598 1180
7541 1181
7484 1182
7427 1183
7370 1184
7313 1185
7256 1186
7199 1187
7142 1188
7085 1189
7028 1190
6971 1191
6914 1192
6857 1193
6800 1194
6743 1195
6686 1196
6629 1197
6572 1198
6515 1199
6458 1200
6401 1201
6344 1202
6287 1203
6230 1204
6173 1205
6116 1206
6059 1207
6002 1208
5945 1209
5888 1210
5831 1211
5774 1212
5717 1213
5660 1214
5603 1215
5546 1216
5489 1217
5432 1218
5375 1219
5318 1220
5261 1221
5204 1222
5147 1223
5090 1224
5033 1225
5026 1576
4969 1577
4912 1578
4855 1579
4798 1580
4741 1581
4684 1582
4627 1583
4570 1584
4513 1585
4456 1586
4399 1587
4342 1588
4285 1589
4228 1590
4171 1591
4114 1592
4057 1593
4000 1594
3943 1595
3886 1596
3829 1597
3772 1598
3715 1599
3658 1600
3601 1601
3544 1602
3487 1603
3430 1604
3373 1605
3316 1606
3259 1607
3202 1608
3145 1609
3088 1610
3031 1611
2974 1612
2917 1613
2860 1614
2803 1615
2746 1616
2689 1617
2632 1618
2575 1619
2518 1620
2461 1621
2404 1622
2347 1623
2290 1624
2233 1625
2176 1626
2119 1627
2062 1628
2005 1629
1948 1630
1891 1631
1834 1632
1777 1633
1720 1634
1663 1635
1606 1636
1549 1637
1492 1638
1435 1639
1378 1640
1321 1641
1264 1642
1207 1643
1150 1644
1093 1645
1036 1646
979 1647
922 1648
865 1649
808 1650
751 1651
694 1652
637 1653
580 1654
523 1655
466 1656
409 1657
352 1658
295 1659
238 1660
181 1661
124 1662
67 1663
10 1664
35 1839
92 1838
149 1837
206 1836
263 1835
320 1834
377 1833
434 1832
491 1831
548 1830
605 1829
662 1828
719 1827
776 1826
833 1825
890 1824
947 1823
1004 1822
1061 1821
1118 1820
1175 1819
1232 1818
1289 1817
1346 1816
1403 1815
1460 1814
1517 1813
1574 1812
1631 1811
1688 1810
1745 1809
1802 1808
1859 1807
1916 1806
1973 1805
2030 1804
2087 1803
2144 1802
2201 1801
2258 1800
2315 1799
2372 1798
2429 1797
2486 1796
2543 1795
2600 1794
2657 1793
2714 1792
2771 1791
2828 1790
2885 1789
2942 1788
2999 1787
3056 1786
3113 1785
3170 1784
3227 1783
3284 1782
3341 1781
3398 1780
3455 1779
3512 1778
3569 1777
3626 1776
3683 1775
3740 1774
3797 1773
3854 1772
3911 1771
3968 1770
4025 1769
4082 1768
4139 1767
4196 1766
4253 1765
4310 1764
4367 1763
4424 1762
4481 1761
4538 1760
4595 1759
4652 1758
4709 1757
4766 1756
4823 1755
4880 1754
4937 1753
4994 1752
5051 1751
5108 1750
5165 1749
5222 1748
5279 1747
5336 1746
5393 1745
5450 1744
5507 1743
5564 1742
5621 1741
5678 1740
5735 1739
5792 1738
5849 1737
5906 1736
5963 1735
6020 1734
6077 1733
6134 1732
6191 1731
6248 1730
6305 1729
6362 1728
6419 1727
6476 1726
6533 1725
6590 1724
6647 1723
6704 1722
6761 1721
6818 1720
6875 1719
6932 1718
6989 1717
7046 1716
7103 1715
7160 1714
7217 1713
7274 1712
7331 1711
7388 1710
7445 1709
7502 1708
7559 1707
7616 1706
7673 1705
7730 1704
7787 1703
7844 1702
7901 1701
7958 1700
8015 1699
8072 1698
8129 1697
8186 1696
8243 1695
8300 1694
8357 1693
8414 1692
8471 1691
8528 1690
8585 1689
8642 1688
8699 1687
8756 1686
8813 1685
8870 1684
8927 1683
8984 1682
9041 1681
9098 1680
9155 1679
9212 1678
9269 1677
9326 1676
9383 1675
9440 1674
9497 1673
9554 1672
9611 1671
9668 1670
9725 1669
9782 1668
9839 1667
9896 1666
9953 1665
9928 1490
9871 1491
9814 1492
9757 1493
9700 1494
9643 1495
9586 1496
9529 1497
9472 1498
9415 1499
9358 1500
9301 1501
9244 1502
9187 1503
9130 1504
9073 1505
9016 1506
8959 1507
8902 1508
8845 1509
8788 1510
8731 1511
8674 1512
8617 1513
8560 1514
8503 1515
8446 1516
8389 1517
8332 1518
8275 1519
8218 1520
8161 1521
8104 1522
8047 1523
7990 1524
7933 1525
7876 1526
7819 1527
7762 1528
7705 1529
7648 1530
7591 1531
7534 1532
7477 1533
7420 1534
7363 1535
7306 1536
7249 1537
7192 1538
7135 1539
7078 1540
7021 1541
6964 1542
6907 1543
6850 1544
6793 1545
6736 1546
6679 1547
6622 1548
6565 1549
6508 1550
6451 1551
6394 1552
6337 1553
6280 1554
6223 1555
6166 1556
6109 1557
6052 1558
5995 1559
5938 1560
5881 1561
5824 1562
5767 1563
5710 1564
5653 1565
5596 1566
5539 1567
5482 1568
5425 1569
5368 1570
5311 1571
5254 1572
5197 1573
5140 1574
5083 1575
5076 1926
5019 1927
4962 1928
4905 1929
4848 1930
4791 1931
4734 1932
4677 1933
4620 1934
4563 1935
4506 1936
4449 1937
4392 1938
4335 1939
4278 1940
4221 1941
4164 1942
4107 1943
4050 1944
3993 1945
3936 1946
3879 1947
3822 1948
3765 1949
3708 1950
3651 1951
3594 1952
3537 1953
3480 1954
3423 1955
3366 1956
3309 1957
3252 1958
3195 1959
3138 1960
3081 1961
3024 1962
2967 1963
2910 1964
2853 1965
2796 1966
2739 1967
2682 1968
2625 1969
2568 1970
2511 1971
2454 1972
2397 1973
2340 1974
2283 1975
2226 1976
2169 1977
2112 1978
2055 1979
1998 1980
1941 1981
1884 1982
1827 1983
1770 1984
1713 1985
1656 1986
1599 1987
1542 1988
1485 1989
1428 1990
1371 1991
1314 1992
1257 1993
1200 1994
1143 1995
1086 1996
1029 1997
972 1998
915 1999
858 2000
801 2001
744 2002
687 2003
630 2004
573 2005
516 2006
459 2007
402 2008
345 2009
288 2010
231 2011
174 2012
117 2013
60 2014
3 2015
28 2190
85 2189
142 2188
199 2187
256 2186
313 2185
370 2184
427 2183
484 2182
541 2181
598 2180
655 2179
712 2178
769 2177
826 2176
883 2175
940 2174
997 2173
1054 2172
1111 2171
1168 2170
1225 2169
1282 2168
1339 2167
1396 2166
1453 2165
1510 2164
1567 2163
1624 2162
1681 2161
1738 2160
1795 2159
1852 2158
1909 2157
1966 2156
2023 2155
2080 2154
2137 2153
2194 2152
2251 2151
2308 2150
2365 2149
2422 2148
2479 2147
2536 2146
2593 2145
2650 2144
2707 2143
2764 2142
2821 2141
2878 2140
2935 2139
2992 2138
3049 2137
3106 2136
3163 2135
3220 2134
3277 2133
3334 2132
3391 2131
3448 2130
3505 2129
3562 2128
3619 2127
3676 2126
3733 2125
3790 2124
3847 2123
3904 2122
3961 2121
4018 2120
4075 2119
4132 2118
4189 2117
4246 2116
4303 2115
4360 2114
4417 2113
4474 2112
4531 2111
4588 2110
4645 2109
4702 2108
4759 2107
4816 2106
4873 2105
4930 2104
4987 2103
5044 2102
5101 2101
5158 2100
5215 2099
5272 2098
5329 2097
5386 2096
5443 2095
5500 2094
5557 2093
5614 2092
5671 2091
5728 2090
5785 2089
5842 2088
5899 2087
5956 2086
6013 2085
6070 2084
6127 2083
6184 2082
6241 2081
6298 2080
6355 2079
6412 2078
6469 2077
6526 2076
6583 2075
6640 2074
6697 2073
6754 2072
6811 2071
6868 2070
6925 2069
6982 2068
7039 2067
7096 2066
7153 2065
7210 2064
7267 2063
7324 2062
7381 2061
7438 2060
7495 2059
7552 2058
7609 2057
7666 2056
7723 2055
7780 2054
7837 2053
7894 2052
7951 2051
8008 2050
8065 2049
8122 2048
8179 2047
8236 2046
8293 2045
8350 2044
8407 2043
8464 2042
8521 2041
8578 2040
8635 2039
8692 2038
8749 2037
8806 2036
8863 2035
8920 2034
8977 2033
9034 2032
9091 2031
9148 2030
9205 2029
9262 2028
9319 2027
9376 2026
9433 2025
9490 2024
9547 2023
9604 2022
9661 2021
9718 2020
9775 2019
9832 2018
9889 2017
9946 2016
9921 1841
9864 1842
9807 1843
9750 1844
9693 1845
9636 1846
9579 1847
9522 1848
9465 1849
9408 1850
9351 1851
9294 1852
9237 1853
9180 1854
9123 1855
9066 1856
9009 1857
8952 1858
8895 1859
8838 1860
8781 1861
8724 1862
8667 1863
8610 1864
8553 1865
8496 1866
8439 1867
8382 1868
8325 1869
8268 1870
8211 1871
8154 1872
8097 1873
8040 1874
7983 1875
7926 1876
7869 1877
7812 1878
7755 1879
7698 1880
7641 1881
7584 1882
7527 1883
7470 1884
7413 1885
7356 1886
7299 1887
7242 1888
7185 1889
7128 1890
7071 1891
7014 1892
6957 1893
6900 1894
6843 1895
6786 1896
6729 1897
6672 1898
6615 1899
6558 1900
6501 1901
6444 1902
6387 1903
6330 1904
6273 1905
6216 1906
6159 1907
6102 1908
6045 1909
5988 1910
5931 1911
5874 1912
5817 1913
5760 1914
5703 1915
5646 1916
5589 1917
5532 1918
5475 1919
5418 1920
5361 1921
5304 1922
5247 1923
5190 1924
5133 1925
5126 2276
5069 2277
5012 2278
4955 2279
4898 2280
4841 2281
4784 2282
4727 2283
4670 2284
4613 2285
4556 2286
4499 2287
4442 2288
4385 2289
4328 2290
4271 2291
4214 2292
4157 2293
4100 2294
4043 2295
3986 2296
3929 2297
3872 2298
3815 2299
3758 2300
3701 2301
3644 2302
3587 2303
3530 2304
3473 2305
3416 2306
3359 2307
3302 2308
3245 2309
3188 2310
3131 2311
3074 2312
3017 2313
2960 2314
2903 2315
2846 2316
2789 2317
2732 2318
2675 2319
2618 2320
2561 2321
2504 2322
2447 2323
2390 2324
2333 2325
2276 2326
2219 2327
2162 2328
2105 2329
2048 2330
1991 2331
1934 2332
1877 2333
1820 2334
1763 2335
1706 2336
1649 2337
1592 2338
1535 2339
1478 2340
1421 2341
1364 2342
1307 2343
1250 2344
1193 2345
1136 2346
1079 2347
1022 2348
965 2349
908 2350
851 2351
794 2352
737 2353
680 2354
623 2355
566 2356
509 2357
452 2358
395 2359
338 2360
281 2361
224 2362
167 2363
110 2364
53 2365
78 2540
21 2541
135 2539
192 2538
249 2537
306 2536
363 2535
420 2534
477 2533
534 2532
591 2531
648 2530
705 2529
762 2528
819 2527
876 2526
933 2525
990 2524
1047 2523
1104 2522
1161 2521
1218 2520
1275 2519
1332 2518
1389 2517
1446 2516
1503 2515
1560 2514
1617 2513
1674 2512
1731 2511
1788 2510
1845 2509
1902 2508
1959 2507
2016 2506
2073 2505
2130 2504
2187 2503
2244 2502
2301 2501
2358 2500
2415 2499
2472 2498
2529 2497
2586 2496
2643 2495
2700 2494
2757 2493
2814 2492
2871 2491
2928 2490
2985 2489
3042 2488
3099 2487
3156 2486
3213 2485
3270 2484
3327 2483
3384 2482
3441 2481
3498 2480
3555 2479
3612 2478
3669 2477
3726 2476
3783 2475
3840 2474
3897 2473
3954 2472
4011 2471
4068 2470
4125 2469
4182 2468
4239 2467
4296 2466
4353 2465
4410 2464
4467 2463
4524 2462
4581 2461
4638 2460
4695 2459
4752 2458
4809 2457
4866 2456
4923 2455
4980 2454
5037 2453
5094 2452
5151 2451
5208 2450
5265 2449
5322 2448
5379 2447
5436 2446
5493 2445
5550 2444
5607 2443
5664 2442
5721 2441
5778 2440
5835 2439
5892 2438
5949 2437
6006 2436
6063 2435
6120 2434
6177 2433
6234 2432
6291 2431
6348 2430
6405 2429
6462 2428
6519 2427
6576 2426
6633 2425
6690 2424
6747 2423
6804 2422
6861 2421
6918 2420
6975 2419
7032 2418
7089 2417
7146 2416
7203 2415
7260 2414
7317 2413
7374 2412
7431 2411
7488 2410
7545 2409
7602 2408
7659 2407
7716 2406
7773 2405
7830 2404
7887 2403
7944 2402
8001 2401
8058 2400
8115 2399
8172 2398
8229 2397
8286 2396
8343 2395
8400 2394
8457 2393
8514 2392
8571 2391
8628 2390
8685 2389
8742 2388
8799 2387
8856 2386
8913 2385
8970 2384
9027 2383
9084 2382
9141 2381
9198 2380
9255 2379
9312 2378
9369 2377
9426 2376
9483 2375
9540 2374
9597 2373
9654 2372
9711 2371
9768 2370
9825 2369
9882 2368
9939 2367
9996 2366
9971 2191
9914 2192
9857 2193
9800 2194
9743 2195
9686 2196
9629 2197
9572 2198
9515 2199
9458 2200
9401 2201
9344 2202
9287 2203
9230 2204
9173 2205
9116 2206
9059 2207
9002 2208
8945 2209
8888 2210
8831 2211
8774 2212
8717 2213
8660 2214
8603 2215
8546 2216
8489 2217
8432 2218
8375 2219
8318 2220
8261 2221
8204 2222
8147 2223
8090 2224
8033 2225
7976 2226
7919 2227
7862 2228
7805 2229
7748 2230
7691 2231
7634 2232
7577 2233
7520 2234
7463 2235
7406 2236
7349 2237
7292 2238
7235 2239
7178 2240
7121 2241
7064 2242
7007 2243
6950 2244
6893 2245
6836 2246
6779 2247
6722 2248
6665 2249
6608 2250
6551 2251
6494 2252
6437 2253
6380 2254
6323 2255
6266 2256
6209 2257
6152 2258
6095 2259
6038 2260
5981 2261
5924 2262
5867 2263
5810 2264
5753 2265
5696 2266
5639 2267
5582 2268
5525 2269
5468 2270
5411 2271
5354 2272
5297 2273
5240 2274
5183 2275
5176 2626
5119 2627
5062 2628
5005 2629
4948 2630
4891 2631
4834 2632
4777 2633
4720 2634
4663 2635
4606 2636
4549 2637
4492 2638
4435 2639
4378 2640
4321 2641
4264 2642
4207 2643
4150 2644
4093 2645
4036 2646
3979 2647
3922 2648
3865 2649
3808 2650
3751 2651
3694 2652
3637 2653
3580 2654
3523 2655
3466 2656
3409 2657
3352 2658
3295 2659
3238 2660
3181 2661
3124 2662
3067 2663
3010 2664
2953 2665
2896 2666
2839 2667
2782 2668
2725 2669
2668 2670
2611 2671
2554 2672
2497 2673
2440 2674
2383 2675
2326 2676
2269 2677
2212 2678
2155 2679
2098 2680
2041 2681
1984 2682
1927 2683
1870 2684
1813 2685
1756 2686
1699 2687
1642 2688
1585 2689
1528 2690
1471 2691
1414 2692
1357 2693
1300 2694
1243 2695
1186 2696
1129 2697
1072 2698
1015 2699
958 2700
901 2701
844 2702
787 2703
730 2704
673 2705
616 2706
559 2707
502 2708
445 2709
388 2710
331 2711
274 2712
217 2713
160 2714
103 2715
46 2716
71 2891
14 2892
128 2890
185 2889
242 2888
299 2887
356 2886
413 2885
470 2884
527 2883
584 2882
641 2881
698 2880
755 2879
812 2878
869 2877
926 2876
983 2875
1040 2874
1097 2873
1154 2872
1211 2871
1268 2870
1325 2869
1382 2868
1439 2867
1496 2866
1553 2865
1610 2864
1667 2863
1724 2862
1781 2861
1838 2860
1895 2859
1952 2858
2009 2857
2066 2856
2123 2855
2180 2854
2237 2853
2294 2852
2351 2851
2408 2850
2465 2849
2522 2848
2579 2847
2636 2846
2693 2845
2750 2844
2807 2843
2864 2842
2921 2841
2978 2840
3035 2839
3092 2838
3149 2837
3206 2836
3263 2835
3320 2834
3377 2833
3434 2832
3491 2831
3548 2830
3605 2829
3662 2828
3719 2827
3776 2826
3833 2825
3890 2824
3947 2823
4004 2822
4061 2821
4118 2820
4175 2819
4232 2818
4289 2817
4346 2816
4403 2815
4460 2814
4517 2813
4574 2812
4631 2811
4688 2810
4745 2809
4802 2808
4859 2807
4916 2806
4973 2805
5030 2804
5087 2803
5144 2802
5201 2801
5258 2800
5315 2799
5372 2798
5429 2797
5486 2796
5543 2795
5600 2794
5657 2793
5714 2792
5771 2791
5828 2790
5885 2789
5942 2788
5999 2787
6056 2786
6113 2785
6170 2784
6227 2783
6284 2782
6341 2781
6398 2780
6455 2779
6512 2778
6569 2777
6626 2776
6683 2775
6740 2774
6797 2773
6854 2772
6911 2771
6968 2770
7025 2769
7082 2768
7139 2767
7196 2766
7253 2765
7310 2764
7367 2763
7424 2762
7481 2761
7538 2760
7595 2759
7652 2758
7709 2757
7766 2756
7823 2755
7880 2754
7937 2753
7994 2752
8051 2751
8108 2750
8165 2749
8222 2748
8279 2747
8336 2746
8393 2745
8450 2744
8507 2743
8564 2742
8621 2741
8678 2740
8735 2739
8792 2738
8849 2737
8906 2736
8963 2735
9020 2734
9077 2733
9134 2732
9191 2731
9248 2730
9305 2729
9362 2728
9419 2727
9476 2726
9533 2725
9590 2724
9647 2723
9704 2722
9761 2721
9818 2720
9875 2719
9932 2718
9989 2717
9964 2542
9907 2543
9850 2544
9793 2545
9736 2546
9679 2547
9622 2548
9565 2549
9508 2550
9451 2551
9394 2552
9337 2553
9280 2554
9223 2555
9166 2556
9109 2557
9052 2558
8995 2559
8938 2560
8881 2561
8824 2562
8767 2563
8710 2564
8653 2565
8596 2566
8539 2567
8482 2568
8425 2569
8368 2570
8311 2571
8254 2572
8197 2573
8140 2574
8083 2575
8026 2576
7969 2577
7912 2578
7855 2579
7798 2580
7741 2581
7684 2582
7627 2583
7570 2584
7513 2585
7456 2586
7399 2587
7342 2588
7285 2589
7228 2590
7171 2591
7114 2592
7057 2593
7000 2594
6943 2595
6886 2596
6829 2597
6772 2598
6715 2599
6658 2600
6601 2601
6544 2602
6487 2603
6430 2604
6373 2605
6316 2606
6259 2607
6202 2608
6145 2609
6088 2610
6031 2611
5974 2612
5917 2613
5860 2614
5803 2615
5746 2616
5689 2617
5632 2618
5575 2619
5518 2620
5461 2621
5404 2622
5347 2623
5290 2624
5233 2625
5226 2976
5169 2977
5112 2978
5055 2979
4998 2980
4941 2981
4884 2982
4827 2983
4770 2984
4713 2985
4656 2986
4599 2987
4542 2988
4485 2989
4428 2990
4371 2991
4314 2992
4257 2993
4200 2994
4143 2995
4086 2996
4029 2997
3972 2998
3915 2999
3858 3000
3801 3001
3744 3002
3687 3003
3630 3004
3573 3005
3516 3006
3459 3007
3402 3008
3345 3009
3288 3010
3231 3011
3174 3012
3117 3013
3060 3014
3003 3015
2946 3016
2889 3017
2832 3018
2775 3019
2718 3020
2661 3021
2604 3022
2547 3023
2490 3024
2433 3025
2376 3026
2319 3027
2262 3028
2205 3029
2148 3030
2091 3031
2034 3032
1977 3033
1920 3034
1863 3035
1806 3036
1749 3037
1692 3038
1635 3039
1578 3040
1521 3041
1464 3042
1407 3043
1350 3044
1293 3045
1236 3046
1179 3047
1122 3048
1065 3049
1008 3050
951 3051
894 3052
837 3053
780 3054
723 3055
666 3056
609 3057
552 3058
495 3059
438 3060
381 3061
324 3062
267 3063
210 3064
153 3065
96 3066
39 3067
64 3242
7 3243
121 3241
178 3240
235 3239
292 3238
349 3237
406 3236
463 3235
520 3234
577 3233
634 3232
691 3231
748 3230
805 3229
862 3228
919 3227
976 3226
1033 3225
1090 3224
1147 3223
1204 3222
1261 3221
1318 3220
1375 3219
1432 3218
1489 3217
1546 3216
1603 3215
1660 3214
1717 3213
1774 3212
1831 3211
1888 3210
1945 3209
2002 3208
2059 3207
2116 3206
2173 3205
2230 3204
2287 3203
2344 3202
2401 3201
2458 3200
2515 3199
2572 3198
2629 3197
2686 3196
2743 3195
2800 3194
2857 3193
2914 3192
2971 3191
3028 3190
3085 3189
3142 3188
3199 3187
3256 3186
3313 3185
3370 3184
3427 3183
3484 3182
3541 3181
3598 3180
3655 3179
3712 3178
3769 3177
3826 3176
3883 3175
3940 3174
3997 3173
4054 3172
4111 3171
4168 3170
4225 3169
4282 3168
4339 3167
4396 3166
4453 3165
4510 3164
4567 3163
4624 3162
4681 3161
4738 3160
4795 3159
4852 3158
4909 3157
4966 3156
5023 3155
5080 3154
5137 3153
5194 3152
5251 3151
5308 3150
5365 3149
5422 3148
5479 3147
5536 3146
5593 3145
5650 3144
5707 3143
5764 3142
5821 3141
5878 3140
5935 3139
5992 3138
6049 3137
6106 3136
6163 3135
6220 3134
6277 3133
6334 3132
6391 3131
6448 3130
6505 3129
6562 3128
6619 3127
6676 3126
6733 3125
6790 3124
6847 3123
6904 3122
6961 3121
7018 3120
7075 3119
7132 3118
7189 3117
7246 3116
7303 3115
7360 3114
7417 3113
7474 3112
7531 3111
7588 3110
7645 3109
7702 3108
7759 3107
7816 3106
7873 3105
7930 3104
7987 3103
8044 3102
8101 3101
8158 3100
8215 3099
8272 3098
8329 3097
8386 3096
8443 3095
8500 3094
8557 3093
8614 3092
8671 3091
8728 3090
8785 3089
8842 3088
8899 3087
8956 3086
9013 3085
9070 3084
9127 3083
9184 3082
9241 3081
9298 3080
9355 3079
9412 3078
9469 3077
9526 3076
9583 3075
9640 3074
9697 3073
9754 3072
9811 3071
9868 3070
9925 3069
9982 3068
9957 2893
9900 2894
9843 2895
9786 2896
9729 2897
9672 2898
9615 2899
9558 2900
9501 2901
9444 2902
9387 2903
9330 2904
9273 2905
9216 2906
9159 2907
9102 2908
9045 2909
8988 2910
8931 2911
8874 2912
8817 2913
8760 2914
8703 2915
8646 2916
8589 2917
8532 2918
8475 2919
8418 2920
8361 2921
8304 2922
8247 2923
8190 2924
8133 2925
8076 2926
8019 2927
7962 2928
7905 2929
7848 2930
7791 2931
7734 2932
7677 2933
7620 2934
7563 2935
7506 2936
7449 2937
7392 2938
7335 2939
7278 2940
7221 2941
7164 2942
7107 2943
7050 2944
6993 2945
6936 2946
6879 2947
6822 2948
6765 2949
6708 2950
6651 2951
6594 2952
6537 2953
6480 2954
6423 2955
6366 2956
6309 2957
6252 2958
6195 2959
6138 2960
6081 2961
6024 2962
5967 2963
5910 2964
5853 2965
5796 2966
5739 2967
5682 2968
5625 2969
5568 2970
5511 2971
5454 2972
5397 2973
5340 2974
5283 2975
5276 3326
5219 3327
5162 3328
5105 3329
5048 3330
4991 3331
4934 3332
4877 3333
4820 3334
4763 3335
4706 3336
4649 3337
4592 3338
4535 3339
4478 3340
4421 3341
4364 3342
4307 3343
4250 3344
4193 3345
4136 3346
4079 3347
4022 3348
3965 3349
3908 3350
3851 3351
3794 3352
3737 3353
3680 3354
3623 3355
3566 3356
3509 3357
3452 3358
3395 3359
3338 3360
3281 3361
3224 3362
3167 3363
3110 3364
3053 3365
2996 3366
2939 3367
2882 3368
2825 3369
2768 3370
2711 3371
2654 3372
2597 3373
2540 3374
2483 3375
2426 3376
2369 3377
2312 3378
2255 3379
2198 3380
2141 3381
2084 3382
2027 3383
1970 3384
1913 3385
1856 3386
1799 3387
1742 3388
1685 3389
1628 3390
1571 3391
1514 3392
1457 3393
1400 3394
1343 3395
1286 3396
1229 3397
1172 3398
1115 3399
1058 3400
1001 3401
944 3402
887 3403
830 3404
773 3405
716 3406
659 3407
602 3408
545 3409
488 3410
431 3411
374 3412
317 3413
260 3414
203 3415
146 3416
89 3417
32 3418
57 3593
114 3592
171 3591
228 3590
285 3589
342 3588
399 3587
456 3586
513 3585
570 3584
627 3583
684 3582
741 3581
798 3580
855 3579
912 3578
969 3577
1026 3576
1083 3575
1140 3574
1197 3573
1254 3572
1311 3571
1368 3570
1425 3569
1482 3568
1539 3567
1596 3566
1653 3565
1710 3564
1767 3563
1824 3562
1881 3561
1938 3560
1995 3559
2052 3558
2109 3557
2166 3556
2223 3555
2280 3554
2337 3553
2394 3552
2451 3551
2508 3550
2565 3549
2622 3548
2679 3547
2736 3546
2793 3545
2850 3544
2907 3543
2964 3542
3021 3541
3078 3540
3135 3539
3192 3538
3249 3537
3306 3536
3363 3535
3420 3534
3477 3533
3534 3532
3591 3531
3648 3530
3705 3529
3762 3528
3819 3527
3876 3526
3933 3525
3990 3524
4047 3523
4104 3522
4161 3521
4218 3520
4275 3519
4332 3518
4389 3517
4446 3516
4503 3515
4560 3514
4617 3513
4674 3512
4731 3511
4788 3510
4845 3509
4902 3508
4959 3507
5016 3506
5073 3505
5130 3504
5187 3503
5244 3502
5301 3501
5358 3500
5415 3499
5472 3498
5529 3497
5586 3496
5643 3495
5700 3494
5757 3493
5814 3492
5871 3491
5928 3490
5985 3489
6042 3488
6099 3487
6156 3486
6213 3485
6270 3484
6327 3483
6384 3482
6441 3481
6498 3480
6555 3479
6612 3478
6669 3477
6726 3476
6783 3475
6840 3474
6897 3473
6954 3472
7011 3471
7068 3470
7125 3469
7182 3468
7239 3467
7296 3466
7353 3465
7410 3464
7467 3463
7524 3462
7581 3461
7638 3460
7695 3459
7752 3458
7809 3457
7866 3456
7923 3455
7980 3454
8037 3453
8094 3452
8151 3451
8208 3450
8265 3449
8322 3448
8379 3447
8436 3446
8493 3445
8550 3444
8607 3443
8664 3442
8721 3441
8778 3440
8835 3439
8892 3438
8949 3437
9006 3436
9063 3435
9120 3434
9177 3433
9234 3432
9291 3431
9348 3430
9405 3429
9462 3428
9519 3427
9576 3426
9633 3425
9690 3424
9747 3423
9804 3422
9861 3421
9918 3420
9975 3419
9950 3244
9893 3245
9836 3246
9779 3247
9722 3248
9665 3249
9608 3250
9551 3251
9494 3252
9437 3253
9380 3254
9323 3255
9266 3256
9209 3257
9152 3258
9095 3259
9038 3260
8981 3261
8924 3262
8867 3263
8810 3264
8753 3265
8696 3266
8639 3267
8582 3268
8525 3269
8468 3270
8411 3271
8354 3272
8297 3273
8240 3274
8183 3275
8126 3276
8069 3277
8012 3278
7955 3279
7898 3280
7841 3281
7784 3282
7727 3283
7670 3284
7613 3285
7556 3286
7499 3287
7442 3288
7385 3289
7328 3290
7271 3291
7214 3292
7157 3293
7100 3294
7043 3295
6986 3296
6929 3297
6872 3298
6815 3299
6758 3300
6701 3301
6644 3302
6587 3303
6530 3304
6473 3305
6416 3306
6359 3307
6302 3308
6245 3309
6188 3310
6131 3311
6074 3312
6017 3313
5960 3314
5903 3315
5846 3316
5789 3317
5732 3318
5675 3319
5618 3320
5561 3321
5504 3322
5447 3323
5390 3324
5333 3325
5326 3676
5269 3677
5212 3678
5155 3679
5098 3680
5041 3681
4984 3682
4927 3683
4870 3684
4813 3685
4756 3686
4699 3687
4642 3688
4585 3689
4528 3690
4471 3691
4414 3692
4357 3693
4300 3694
4243 3695
4186 3696
4129 3697
4072 3698
4015 3699
3958 3700
3901 3701
3844 3702
3787 3703
3730 3704
3673 3705
3616 3706
3559 3707
3502 3708
3445 3709
3388 3710
3331 3711
3274 3712
3217 3713
3160 3714
3103 3715
3046 3716
2989 3717
2932 3718
2875 3719
2818 3720
2761 3721
2704 3722
2647 3723
2590 3724
2533 3725
2476 3726
2419 3727
2362 3728
2305 3729
2248 3730
2191 3731
2134 3732
2077 3733
2020 3734
1963 3735
1906 3736
1849 3737
1792 3738
1735 3739
1678 3740
1621 3741
1564 3742
1507 3743
1450 3744
1393 3745
1336 3746
1279 3747
1222 3748
1165 3749
1108 3750
1051 3751
994 3752
937 3753
880 3754
823 3755
766 3756
709 3757
652 3758
595 3759
538 3760
481 3761
424 3762
367 3763
310 3764
253 3765
196 3766
139 3767
82 3768
25 3769
50 3944
107 3943
164 3942
221 3941
278 3940
335 3939
392 3938
449 3937
506 3936
563 3935
620 3934
677 3933
734 3932
791 3931
848 3930
905 3929
962 3928
1019 3927
1076 3926
1133 3925
1190 3924
1247 3923
1304 3922
1361 3921
1418 3920
1475 3919
1532 3918
1589 3917
1646 3916
1703 3915
1760 3914
1817 3913
1874 3912
1931 3911
1988 3910
2045 3909
2102 3908
2159 3907
2216 3906
2273 3905
2330 3904
2387 3903
2444 3902
2501 3901
2558 3900
2615 3899
2672 3898
2729 3897
2786 3896
2843 3895
2900 3894
2957 3893
3014 3892
3071 3891
3128 3890
3185 3889
3242 3888
3299 3887
3356 3886
3413 3885
3470 3884
3527 3883
3584 3882
3641 3881
3698 3880
3755 3879
3812 3878
3869 3877
3926 3876
3983 3875
4040 3874
4097 3873
4154 3872
4211 3871
4268 3870
4325 3869
4382 3868
4439 3867
4496 3866
4553 3865
4610 3864
4667 3863
4724 3862
4781 3861
4838 3860
4895 3859
4952 3858
5009 3857
5066 3856
5123 3855
5180 3854
5237 3853
5294 3852
5351 3851
5408 3850
5465 3849
5522 3848
5579 3847
5636 3846
5693 3845
5750 3844
5807 3843
5864 3842
5921 3841
5978 3840
6035 3839
6092 3838
6149 3837
6206 3836
6263 3835
6320 3834
6377 3833
6434 3832
6491 3831
6548 3830
6605 3829
6662 3828
6719 3827
6776 3826
6833 3825
6890 3824
6947 3823
7004 3822
7061 3821
7118 3820
7175 3819
7232 3818
7289 3817
7346 3816
7403 3815
7460 3814
7517 3813
7574 3812
7631 3811
7688 3810
7745 3809
7802 3808
7859 3807
7916 3806
7973 3805
8030 3804
8087 3803
8144 3802
8201 3801
8258 3800
8315 3799
8372 3798
8429 3797
8486 3796
8543 3795
8600 3794
8657 3793
8714 3792
8771 3791
8828 3790
8885 3789
8942 3788
8999 3787
9056 3786
9113 3785
9170 3784
9227 3783
9284 3782
9341 3781
9398 3780
9455 3779
9512 3778
9569 3777
9626 3776
9683 3775
9740 3774
9797 3773
9854 3772
9911 3771
9968 3770
9943 3595
9886 3596
9829 3597
9772 3598
9715 3599
9658 3600
9601 3601
9544 3602
9487 3603
9430 3604
9373 3605
9316 3606
9259 3607
9202 3608
9145 3609
9088 3610
9031 3611
8974 3612
8917 3613
8860 3614
8803 3615
8746 3616
8689 3617
8632 3618
8575 3619
8518 3620
8461 3621
8404 3622
8347 3623
8290 3624
8233 3625
8176 3626
8119 3627
8062 3628
8005 3629
7948 3630
7891 3631
7834 3632
7777 3633
7720 3634
7663 3635
7606 3636
7549 3637
7492 3638
7435 3639
7378 3640
7321 3641
7264 3642
7207 3643
7150 3644
7093 3645
7036 3646
6979 3647
6922 3648
6865 3649
6808 3650
6751 3651
6694 3652
6637 3653
6580 3654
6523 3655
6466 3656
6409 3657
6352 3658
6295 3659
6238 3660
6181 3661
6124 3662
6067 3663
6010 3664
5953 3665
5896 3666
5839 3667
5782 3668
5725 3669
5668 3670
5611 3671
5554 3672
5497 3673
5440 3674
5383 3675
5376 4026
5319 4027
5262 4028
5205 4029
5148 4030
5091 4031
5034 4032
4977 4033
4920 4034
4863 4035
4806 4036
4749 4037
4692 4038
4635 4039
4578 4040
4521 4041
4464 4042
4407 4043
4350 4044
4293 4045
4236 4046
4179 4047
4122 4048
4065 4049
4008 4050
3951 4051
3894 4052
3837 4053
3780 4054
3723 4055
3666 4056
3609 4057
3552 4058
3495 4059
3438 4060
3381 4061
3324 4062
3267 4063
3210 4064
3153 4065
3096 4066
3039 4067
2982 4068
2925 4069
2868 4070
2811 4071
2754 4072
2697 4073
2640 4074
2583 4075
2526 4076
2469 4077
2412 4078
2355 4079
2298 4080
2241 4081
2184 4082
2127 4083
2070 4084
2013 4085
1956 4086
1899 4087
1842 4088
1785 4089
1728 4090
1671 4091
1614 4092
1557 4093
1500 4094
1443 4095
1386 4096
1329 4097
1272 4098
1215 4099
1158 4100
1101 4101
1044 4102
987 4103
930 4104
873 4105
816 4106
759 4107
702 4108
645 4109
588 4110
531 4111
474 4112
417 4113
360 4114
303 4115
246 4116
189 4117
132 4118
75 4119
18 4120
43 4295
100 4294
157 4293
214 4292
271 4291
328 4290
385 4289
442 4288
499 4287
556 4286
613 4285
670 4284
727 4283
784 4282
841 4281
898 4280
955 4279
1012 4278
1069 4277
1126 4276
1183 4275
1240 4274
1297 4273
1354 4272
1411 4271
1468 4270
1525 4269
1582 4268
1639 4267
1696 4266
1753 4265
1810 4264
1867 4263
1924 4262
1981 4261
2038 4260
2095 4259
2152 4258
2209 4257
2266 4256
2323 4255
2380 4254
2437 4253
2494 4252
2551 4251
2608 4250
2665 4249
2722 4248
2779 4247
2836 4246
2893 4245
2950 4244
3007 4243
3064 4242
3121 4241
3178 4240
3235 4239
3292 4238
3349 4237
3406 4236
3463 4235
3520 4234
3577 4233
3634 4232
3691 4231
3748 4230
3805 4229
3862 4228
3919 4227
3976 4226
4033 4225
4090 4224
4147 4223
4204 4222
4261 4221
4318 4220
4375 4219
4432 4218
4489 4217
4546 4216
4603 4215
4660 4214
4717 4213
4774 4212
4831 4211
4888 4210
4945 4209
5002 4208
5059 4207
5116 4206
5173 4205
5230 4204
5287 4203
5344 4202
5401 4201
5458 4200
5515 4199
5572 4198
5629 4197
5686 4196
5743 4195
5800 4194
5857 4193
5914 4192
5971 4191
6028 4190
6085 4189
6142 4188
6199 4187
6256 4186
6313 4185
6370 4184
6427 4183
6484 4182
6541 4181
6598 4180
6655 4179
6712 4178
6769 4177
6826 4176
6883 4175
6940 4174
6997 4173
7054 4172
7111 4171
7168 4170
7225 4169
7282 4168
7339 4167
7396 4166
7453 4165
7510 4164
7567 4163
7624 4162
7681 4161
7738 4160
7795 4159
7852 4158
7909 4157
7966 4156
8023 4155
8080 4154
8137 4153
8194 4152
8251 4151
8308 4150
8365 4149
8422 4148
8479 4147
8536 4146
8593 4145
8650 4144
8707 4143
8764 4142
8821 4141
8878 4140
8935 4139
8992 4138
9049 4137
9106 4136
9163 4135
9220 4134
9277 4133
9334 4132
9391 4131
9448 4130
9505 4129
9562 4128
9619 4127
9676 4126
9733 4125
9790 4124
9847 4123
9904 4122
9961 4121
9936 3946
9879 3947
9822 3948
9765 3949
9708 3950
9651 3951
9594 3952
9537 3953
9480 3954
9423 3955
9366 3956
9309 3957
9252 3958
9195 3959
9138 3960
9081 3961
9024 3962
8967 3963
8910 3964
8853 3965
8796 3966
8739 3967
8682 3968
8625 3969
8568 3970
8511 3971
8454 3972
8397 3973
8340 3974
8283 3975
8226 3976
8169 3977
8112 3978
8055 3979
7998 3980
7941 3981
7884 3982
7827 3983
7770 3984
7713 3985
7656 3986
7599 3987
7542 3988
7485 3989
7428 3990
7371 3991
7314 3992
7257 3993
7200 3994
7143 3995
7086 3996
7029 3997
6972 3998
6915 3999
6858 4000
6801 4001
6744 4002
6687 4003
6630 4004
6573 4005
6516 4006
6459 4007
6402 4008
6345 4009
6288 4010
6231 4011
6174 4012
6117 4013
6060 4014
6003 4015
5946 4016
5889 4017
5832 4018
5775 4019
5718 4020
5661 4021
5604 4022
5547 4023
5490 4024
5433 4025
5426 4376
5369 4377
5312 4378
5255 4379
5198 4380
5141 4381
5084 4382
5027 4383
4970 4384
4913 4385
4856 4386
4799 4387
4742 4388
4685 4389
4628 4390
4571 4391
4514 4392
4457 4393
4400 4394
4343 4395
4286 4396
4229 4397
4172 4398
4115 4399
4058 4400
4001 4401
3944 4402
3887 4403
3830 4404
3773 4405
3716 4406
3659 4407
3602 4408
3545 4409
3488 4410
3431 4411
3374 4412
3317 4413
3260 4414
3203 4415
3146 4416
3089 4417
3032 4418
2975 4419
2918 4420
2861 4421
2804 4422
2747 4423
2690 4424
2633 4425
2576 4426
2519 4427
2462 4428
2405 4429
2348 4430
2291 4431
2234 4432
2177 4433
2120 4434
2063 4435
2006 4436
1949 4437
1892 4438
1835 4439
1778 4440
1721 4441
1664 4442
1607 4443
1550 4444
1493 4445
1436 4446
1379 4447
1322 4448
1265 4449
1208 4450
1151 4451
1094 4452
1037 4453
980 4454
923 4455
866 4456
809 4457
752 4458
695 4459
638 4460
581 4461
524 4462
467 4463
410 4464
353 4465
296 4466
239 4467
182 4468
125 4469
68 4470
11 4471
36 4646
93 4645
150 4644
207 4643
264 4642
321 4641
378 4640
435 4639
492 4638
549 4637
606 4636
663 4635
720 4634
777 4633
834 4632
891 4631
948 4630
1005 4629
1062 4628
1119 4627
1176 4626
1233 4625
1290 4624
1347 4623
1404 4622
1461 4621
1518 4620
1575 4619
1632 4618
1689 4617
1746 4616
1803 4615
1860 4614
1917 4613
1974 4612
2031 4611
2088 4610
2145 4609
2202 4608
2259 4607
2316 4606
2373 4605
2430 4604
2487 4603
2544 4602
2601 4601
2658 4600
2715 4599
2772 4598
2829 4597
2886 4596
2943 4595
3000 4594
3057 4593
3114 4592
3171 4591
3228 4590
3285 4589
3342 4588
3399 4587
3456 4586
3513 4585
3570 4584
3627 4583
3684 4582
3741 4581
3798 4580
3855 4579
3912 4578
3969 4577
4026 4576
4083 4575
4140 4574
4197 4573
4254 4572
4311 4571
4368 4570
4425 4569
4482 4568
4539 4567
4596 4566
4653 4565
4710 4564
4767 4563
4824 4562
4881 4561
4938 4560
4995 4559
5052 4558
5109 4557
5166 4556
5223 4555
5280 4554
5337 4553
5394 4552
5451 4551
5508 4550
5565 4549
5622 4548
5679 4547
5736 4546
5793 4545
5850 4544
5907 4543
5964 4542
6021 4541
6078 4540
6135 4539
6192 4538
6249 4537
6306 4536
6363 4535
6420 4534
6477 4533
6534 4532
6591 4531
6648 4530
6705 4529
6762 4528
6819 4527
6876 4526
6933 4525
6990 4524
7047 4523
7104 4522
7161 4521
7218 4520
7275 4519
7332 4518
7389 4517
7446 4516
7503 4515
7560 4514
7617 4513
7674 4512
7731 4511
7788 4510
7845 4509
7902 4508
7959 4507
8016 4506
8073 4505
8130 4504
8187 4503
8244 4502
8301 4501
8358 4500
8415 4499
8472 4498
8529 4497
8586 4496
8643 4495
8700 4494
8757 4493
8814 4492
8871 4491
8928 4490
8985 4489
9042 4488
9099 4487
9156 4486
9213 4485
9270 4484
9327 4483
9384 4482
9441 4481
9498 4480
9555 4479
9612 4478
9669 4477
9726 4476
9783 4475
9840 4474
9897 4473
9954 4472
9929 4297
9872 4298
9815 4299
9758 4300
9701 4301
9644 4302
9587 4303
9530 4304
9473 4305
9416 4306
9359 4307
9302 4308
9245 4309
9188 4310
9131 4311
9074 4312
9017 4313
8960 4314
8903 4315
8846 4316
8789 4317
8732 4318
8675 4319
8618 4320
8561 4321
8504 4322
8447 4323
8390 4324
8333 4325
8276 4326
8219 4327
8162 4328
8105 4329
8048 4330
7991 4331
7934 4332
7877 4333
7820 4334
7763 4335
7706 4336
7649 4337
7592 4338
7535 4339
7478 4340
7421 4341
7364 4342
7307 4343
7250 4344
7193 4345
7136 4346
7079 4347
7022 4348
6965 4349
6908 4350
6851 4351
6794 4352
6737 4353
6680 4354
6623 4355
6566 4356
6509 4357
6452 4358
6395 4359
6338 4360
6281 4361
6224 4362
6167 4363
6110 4364
6053 4365
5996 4366
5939 4367
5882 4368
5825 4369
5768 4370
5711 4371
5654 4372
5597 4373
5540 4374
5483 4375
5476 4726
5419 4727
5362 4728
5305 4729
5248 4730
5191 4731
5134 4732
5077 4733
5020 4734
4963 4735
4906 4736
4849 4737
4792 4738
4735 4739
4678 4740
4621 4741
4564 4742
4507 4743
4450 4744
4393 4745
4336 4746
4279 4747
4222 4748
4165 4749
4108 4750
4051 4751
3994 4752
3937 4753
3880 4754
3823 4755
3766 4756
3709 4757
3652 4758
3595 4759
3538 4760
3481 4761
3424 4762
3367 4763
3310 4764
3253 4765
3196 4766
3139 4767
3082 4768
3025 4769
2968 4770
2911 4771
2854 4772
2797 4773
2740 4774
2683 4775
2626 4776
2569 4777
2512 4778
2455 4779
2398 4780
2341 4781
2284 4782
2227 4783
2170 4784
2113 4785
2056 4786
1999 4787
1942 4788
1885 4789
1828 4790
1771 4791
1714 4792
1657 4793
1600 4794
1543 4795
1486 4796
1429 4797
1372 4798
1315 4799
1258 4800
1201 4801
1144 4802
1087 4803
1030 4804
973 4805
916 4806
859 4807
802 4808
745 4809
688 4810
631 4811
574 4812
517 4813
460 4814
403 4815
346 4816
289 4817
232 4818
175 4819
118 4820
61 4821
4 4822
29 4997
86 4996
143 4995
200 4994
257 4993
314 4992
371 4991
428 4990
485 4989
542 4988
599 4987
656 4986
713 4985
770 4984
827 4983
884 4982
941 4981
998 4980
1055 4979
1112 4978
1169 4977
1226 4976
1283 4975
1340 4974
1397 4973
1454 4972
1511 4971
1568 4970
1625 4969
1682 4968
1739 4967
1796 4966
1853 4965
1910 4964
1967 4963
2024 4962
2081 4961
2138 4960
2195 4959
2252 4958
2309 4957
2366 4956
2423 4955
2480 4954
2537 4953
2594 4952
2651 4951
2708 4950
2765 4949
2822 4948
2879 4947
2936 4946
2993 4945
3050 4944
3107 4943
3164 4942
3221 4941
3278 4940
3335 4939
3392 4938
3449 4937
3506 4936
3563 4935
3620 4934
3677 4933
3734 4932
3791 4931
3848 4930
3905 4929
3962 4928
4019 4927
4076 4926
4133 4925
4190 4924
4247 4923
4304 4922
4361 4921
4418 4920
4475 4919
4532 4918
4589 4917
4646 4916
4703 4915
4760 4914
4817 4913
4874 4912
4931 4911
4988 4910
5045 4909
5102 4908
5159 4907
5216 4906
5273 4905
5330 4904
5387 4903
5444 4902
5501 4901
5558 4900
5615 4899
5672 4898
5729 4897
5786 4896
5843 4895
5900 4894
5957 4893
6014 4892
6071 4891
6128 4890
6185 4889
6242 4888
6299 4887
6356 4886
6413 4885
6470 4884
6527 4883
6584 4882
6641 4881
6698 4880
6755 4879
6812 4878
6869 4877
6926 4876
6983 4875
7040 4874
7097 4873
7154 4872
7211 4871
7268 4870
7325 4869
7382 4868
7439 4867
7496 4866
7553 4865
7610 4864
7667 4863
7724 4862
7781 4861
7838 4860
7895 4859
7952 4858
8009 4857
8066 4856
8123 4855
8180 4854
8237 4853
8294 4852
8351 4851
8408 4850
8465 4849
8522 4848
8579 4847
8636 4846
8693 4845
8750 4844
8807 4843
8864 4842
8921 4841
8978 4840
9035 4839
9092 4838
9149 4837
9206 4836
9263 4835
9320 4834
9377 4833
9434 4832
9491 4831
9548 4830
9605 4829
9662 4828
9719 4827
9776 4826
9833 4825
9890 4824
9947 4823
9922 4648
9865 4649
9808 4650
9751 4651
9694 4652
9637 4653
9580 4654
9523 4655
9466 4656
9409 4657
9352 4658
9295 4659
9238 4660
9181 4661
9124 4662
9067 4663
9010 4664
8953 4665
8896 4666
8839 4667
8782 4668
8725 4669
8668 4670
8611 4671
8554 4672
8497 4673
8440 4674
8383 4675
8326 4676
8269 4677
8212 4678
8155 4679
8098 4680
8041 4681
7984 4682
7927 4683
7870 4684
7813 4685
7756 4686
7699 4687
7642 4688
7585 4689
7528 4690
7471 4691
7414 4692
7357 4693
7300 4694
7243 4695
7186 4696
7129 4697
7072 4698
7015 4699
6958 4700
6901 4701
6844 4702
6787 4703
6730 4704
6673 4705
6616 4706
6559 4707
6502 4708
6445 4709
6388 4710
6331 4711
6274 4712
6217 4713
6160 4714
6103 4715
6046 4716
5989 4717
5932 4718
5875 4719
5818 4720
5761 4721
5704 4722
5647 4723
5590 4724
5533 4725
5526 5076
5469 5077
5412 5078
5355 5079
5298 5080
5241 5081
5184 5082
5127 5083
5070 5084
5013 5085
4956 5086
4899 5087
4842 5088
4785 5089
4728 5090
4671 5091
4614 5092
4557 5093
4500 5094
4443 5095
4386 5096
4329 5097
4272 5098
4215 5099
4158 5100
4101 5101
4044 5102
3987 5103
3930 5104
3873 5105
3816 5106
3759 5107
3702 5108
3645 5109
3588 5110
3531 5111
3474 5112
3417 5113
3360 5114
3303 5115
3246 5116
3189 5117
3132 5118
3075 5119
3018 5120
2961 5121
2904 5122
2847 5123
2790 5124
2733 5125
2676 5126
2619 5127
2562 5128
2505 5129
2448 5130
2391 5131
2334 5132
2277 5133
2220 5134
2163 5135
2106 5136
2049 5137
1992 5138
1935 5139
1878 5140
1821 5141
1764 5142
1707 5143
1650 5144
1593 5145
1536 5146
1479 5147
1422 5148
1365 5149
1308 5150
1251 5151
1194 5152
1137 5153
1080 5154
1023 5155
966 5156
909 5157
852 5158
795 5159
738 5160
681 5161
624 5162
567 5163
510 5164
453 5165
396 5166
339 5167
282 5168
225 5169
168 5170
111 5171
54 5172
79 5347
22 5348
136 5346
193 5345
250 5344
307 5343
364 5342
421 5341
478 5340
535 5339
592 5338
649 5337
706 5336
763 5335
820 5334
877 5333
934 5332
991 5331
1048 5330
1105 5329
1162 5328
1219 5327
1276 5326
1333 5325
1390 5324
1447 5323
1504 5322
1561 5321
1618 5320
1675 5319
1732 5318
1789 5317
1846 5316
1903 5315
1960 5314
2017 5313
2074 5312
2131 5311
2188 5310
2245 5309
2302 5308
2359 5307
2416 5306
2473 5305
2530 5304
2587 5303
2644 5302
2701 5301
2758 5300
2815 5299
2872 5298
2929 5297
2986 5296
3043 5295
3100 5294
3157 5293
3214 5292
3271 5291
3328 5290
3385 5289
3442 5288
3499 5287
3556 5286
3613 5285
3670 5284
3727 5283
3784 5282
3841 5281
3898 5280
3955 5279
4012 5278
4069 5277
4126 5276
4183 5275
4240 5274
4297 5273
4354 5272
4411 5271
4468 5270
4525 5269
4582 5268
4639 5267
4696 5266
4753 5265
4810 5264
4867 5263
4924 5262
4981 5261
5038 5260
5095 5259
5152 5258
5209 5257
5266 5256
5323 5255
5380 5254
5437 5253
5494 5252
5551 5251
5608 5250
5665 5249
5722 5248
5779 5247
5836 5246
5893 5245
5950 5244
6007 5243
6064 5242
6121 5241
6178 5240
6235 5239
6292 5238
6349 5237
6406 5236
6463 5235
6520 5234
6577 5233
6634 5232
6691 5231
6748 5230
6805 5229
6862 5228
6919 5227
6976 5226
7033 5225
7090 5224
7147 5223
7204 5222
7261 5221
7318 5220
7375 5219
7432 5218
7489 5217
7546 5216
7603 5215
7660 5214
7717 5213
7774 5212
7831 5211
7888 5210
7945 5209
8002 5208
8059 5207
8116 5206
8173 5205
8230 5204
8287 5203
8344 5202
8401 5201
8458 5200
8515 5199
8572 5198
8629 5197
8686 5196
8743 5195
8800 5194
8857 5193
8914 5192
8971 5191
9028 5190
9085 5189
9142 5188
9199 5187
9256 5186
9313 5185
9370 5184
9427 5183
9484 5182
9541 5181
9598 5180
9655 5179
9712 5178
9769 5177
9826 5176
9883 5175
9940 5174
9997 5173
9972 4998
9915 4999
9858 5000
9801 5001
9744 5002
9687 5003
9630 5004
9573 5005
9516 5006
9459 5007
9402 5008
9345 5009
9288 5010
9231 5011
9174 5012
9117 5013
9060 5014
9003 5015
8946 5016
8889 5017
8832 5018
8775 5019
8718 5020
8661 5021
8604 5022
8547 5023
8490 5024
8433 5025
8376 5026
8319 5027
8262 5028
8205 5029
8148 5030
8091 5031
8034 5032
7977 5033
7920 5034
7863 5035
7806 5036
7749 5037
7692 5038
7635 5039
7578 5040
7521 5041
7464 5042
7407 5043
7350 5044
7293 5045
7236 5046
7179 5047
7122 5048
7065 5049
7008 5050
6951 5051
6894 5052
6837 5053
6780 5054
6723 5055
6666 5056
6609 5057
6552 5058
6495 5059
6438 5060
6381 5061
6324 5062
6267 5063
6210 5064
6153 5065
6096 5066
6039 5067
5982 5068
5925 5069
5868 5070
5811 5071
5754 5072
5697 5073
5640 5074
5583 5075
5576 5426
5519 5427
5462 5428
5405 5429
5348 5430
5291 5431
5234 5432
5177 5433
5120 5434
5063 5435
5006 5436
4949 5437
4892 5438
4835 5439
4778 5440
4721 5441
4664 5442
4607 5443
4550 5444
4493 5445
4436 5446
4379 5447
4322 5448
4265 5449
4208 5450
4151 5451
4094 5452
4037 5453
3980 5454
3923 5455
3866 5456
3809 5457
3752 5458
3695 5459
3638 5460
3581 5461
3524 5462
3467 5463
3410 5464
3353 5465
3296 5466
3239 5467
3182 5468
3125 5469
3068 5470
3011 5471
2954 5472
2897 5473
2840 5474
2783 5475
2726 5476
2669 5477
2612 5478
2555 5479
2498 5480
2441 5481
2384 5482
2327 5483
2270 5484
2213 5485
2156 5486
2099 5487
2042 5488
1985 5489
1928 5490
1871 5491
1814 5492
1757 5493
1700 5494
1643 5495
1586 5496
1529 5497
1472 5498
1415 5499
1358 5500
1301 5501
1244 5502
1187 5503
1130 5504
1073 5505
1016 5506
959 5507
902 5508
845 5509
788 5510
731 5511
674 5512
617 5513
560 5514
503 5515
446 5516
389 5517
332 5518
275 5519
218 5520
161 5521
104 5522
47 5523
72 5698
15 5699
129 5697
186 5696
243 5695
300 5694
357 5693
414 5692
471 5691
528 5690
585 5689
642 5688
699 5687
756 5686
813 5685
870 5684
927 5683
984 5682
1041 5681
1098 5680
1155 5679
1212 5678
1269 5677
1326 5676
1383 5675
1440 5674
1497 5673
1554 5672
1611 5671
1668 5670
1725 5669
1782 5668
1839 5667
1896 5666
1953 5665
2010 5664
2067 5663
2124 5662
2181 5661
2238 5660
2295 5659
2352 5658
2409 5657
2466 5656
2523 5655
2580 5654
2637 5653
2694 5652
2751 5651
2808 5650
2865 5649
2922 5648
2979 5647
3036 5646
3093 5645
3150 5644
3207 5643
3264 5642
3321 5641
3378 5640
3435 5639
3492 5638
3549 5637
3606 5636
3663 5635
3720 5634
3777 5633
3834 5632
3891 5631
3948 5630
4005 5629
4062 5628
4119 5627
4176 5626
4233 5625
4290 5624
4347 5623
4404 5622
4461 5621
4518 5620
4575 5619
4632 5618
4689 5617
4746 5616
4803 5615
4860 5614
4917 5613
4974 5612
5031 5611
5088 5610
5145 5609
5202 5608
5259 5607
5316 5606
5373 5605
5430 5604
5487 5603
5544 5602
5601 5601
5658 5600
5715 5599
5772 5598
5829 5597
5886 5596
5943 5595
6000 5594
6057 5593
6114 5592
6171 5591
6228 5590
6285 5589
6342 5588
6399 5587
6456 5586
6513 5585
6570 5584
6627 5583
6684 5582
6741 5581
6798 5580
6855 5579
6912 5578
6969 5577
7026 5576
7083 5575
7140 5574
7197 5573
7254 5572
7311 5571
7368 5570
7425 5569
7482 5568
7539 5567
7596 5566
7653 5565
7710 5564
7767 5563
7824 5562
7881 5561
7938 5560
7995 5559
8052 5558
8109 5557
8166 5556
8223 5555
8280 5554
8337 5553
8394 5552
8451 5551
8508 5550
8565 5549
8622 5548
8679 5547
8736 5546
8793 5545
8850 5544
8907 5543
8964 5542
9021 5541
9078 5540
9135 5539
9192 5538
9249 5537
9306 5536
9363 5535
9420 5534
9477 5533
9534 5532
9591 5531
9648 5530
9705 5529
9762 5528
9819 5527
9876 5526
9933 5525
9990 5524
9965 5349
9908 5350
9851 5351
9794 5352
9737 5353
9680 5354
9623 5355
9566 5356
9509 5357
9452 5358
9395 5359
9338 5360
9281 5361
9224 5362
9167 5363
9110 5364
9053 5365
8996 5366
8939 5367
8882 5368
8825 5369
8768 5370
8711 5371
8654 5372
8597 5373
8540 5374
8483 5375
8426 5376
8369 5377
8312 5378
8255 5379
8198 5380
8141 5381
8084 5382
8027 5383
7970 5384
7913 5385
7856 5386
7799 5387
7742 5388
7685 5389
7628 5390
7571 5391
7514 5392
7457 5393
7400 5394
7343 5395
7286 5396
7229 5397
7172 5398
7115 5399
7058 5400
7001 5401
6944 5402
6887 5403
6830 5404
6773 5405
6716 5406
6659 5407
6602 5408
6545 5409
6488 5410
6431 5411
6374 5412
6317 5413
6260 5414
6203 5415
6146 5416
6089 5417
6032 5418
5975 5419
5918 5420
5861 5421
5804 5422
5747 5423
5690 5424
5633 5425
5626 5776
5569 5777
5512 5778
5455 5779
5398 5780
5341 5781
5284 5782
5227 5783
5170 5784
5113 5785
5056 5786
4999 5787
4942 5788
4885 5789
4828 5790
4771 5791
4714 5792
4657 5793
4600 5794
4543 5795
4486 5796
4429 5797
4372 5798
4315 5799
4258 5800
4201 5801
4144 5802
4087 5803
4030 5804
3973 5805
3916 5806
3859 5807
3802 5808
3745 5809
3688 5810
3631 5811
3574 5812
3517 5813
3460 5814
3403 5815
3346 5816
3289 5817
3232 5818
3175 5819
3118 5820
3061 5821
3004 5822
2947 5823
2890 5824
2833 5825
2776 5826
2719 5827
2662 5828
2605 5829
2548 5830
2491 5831
2434 5832
2377 5833
2320 5834
2263 5835
2206 5836
2149 5837
2092 5838
2035 5839
1978 5840
1921 5841
1864 5842
1807 5843
1750 5844
1693 5845
1636 5846
1579 5847
1522 5848
1465 5849
1408 5850
1351 5851
1294 5852
1237 5853
1180 5854
1123 5855
1066 5856
1009 5857
952 5858
895 5859
838 5860
781 5861
724 5862
667 5863
610 5864
553 5865
496 5866
439 5867
382 5868
325 5869
268 5870
211 5871
154 5872
97 5873
40 5874
65 6049
8 6050
122 6048
179 6047
236 6046
293 6045
350 6044
407 6043
464 6042
521 6041
578 6040
635 6039
692 6038
749 6037
806 6036
863 6035
920 6034
977 6033
1034 6032
1091 6031
1148 6030
1205 6029
1262 6028
1319 6027
1376 6026
1433 6025
1490 6024
1547 6023
1604 6022
1661 6021
1718 6020
1775 6019
1832 6018
1889 6017
1946 6016
2003 6015
2060 6014
2117 6013
2174 6012
2231 6011
2288 6010
2345 6009
2402 6008
2459 6007
2516 6006
2573 6005
2630 6004
2687 6003
2744 6002
2801 6001
2858 6000
2915 5999
2972 5998
3029 5997
3086 5996
3143 5995
3200 5994
3257 5993
3314 5992
3371 5991
3428 5990
3485 5989
3542 5988
3599 5987
3656 5986
3713 5985
3770 5984
3827 5983
3884 5982
3941 5981
3998 5980
4055 5979
4112 5978
4169 5977
4226 5976
4283 5975
4340 5974
4397 5973
4454 5972
4511 5971
4568 5970
4625 5969
4682 5968
4739 5967
4796 5966
4853 5965
4910 5964
4967 5963
5024 5962
5081 5961
5138 5960
5195 5959
5252 5958
5309 5957
5366 5956
5423 5955
5480 5954
5537 5953
5594 5952
5651 5951
5708 5950
5765 5949
5822 5948
5879 5947
5936 5946
5993 5945
6050 5944
6107 5943
6164 5942
6221 5941
6278 5940
6335 5939
6392 5938
6449 5937
6506 5936
6563 5935
6620 5934
6677 5933
6734 5932
6791 5931
6848 5930
6905 5929
6962 5928
7019 5927
7076 5926
7133 5925
7190 5924
7247 5923
7304 5922
7361 5921
7418 5920
7475 5919
7532 5918
7589 5917
7646 5916
7703 5915
7760 5914
7817 5913
7874 5912
7931 5911
7988 5910
8045 5909
8102 5908
8159 5907
8216 5906
8273 5905
8330 5904
8387 5903
8444 5902
8501 5901
8558 5900
8615 5899
8672 5898
8729 5897
8786 5896
8843 5895
8900 5894
8957 5893
9014 5892
9071 5891
9128 5890
9185 5889
9242 5888
9299 5887
9356 5886
9413 5885
9470 5884
9527 5883
9584 5882
9641 5881
9698 5880
9755 5879
9812 5878
9869 5877
9926 5876
9983 5875
9958 5700
9901 5701
9844 5702
9787 5703
9730 5704
9673 5705
9616 5706
9559 5707
9502 5708
9445 5709
9388 5710
9331 5711
9274 5712
9217 5713
9160 5714
9103 5715
9046 5716
8989 5717
8932 5718
8875 5719
8818 5720
8761 5721
8704 5722
8647 5723
8590 5724
8533 5725
8476 5726
8419 5727
8362 5728
8305 5729
8248 5730
8191 5731
8134 5732
8077 5733
8020 5734
7963 5735
7906 5736
7849 5737
7792 5738
7735 5739
7678 5740
7621 5741
7564 5742
7507 5743
7450 5744
7393 5745
7336 5746
7279 5747
7222 5748
7165 5749
7108 5750
7051 5751
6994 5752
6937 5753
6880 5754
6823 5755
6766 5756
6709 5757
6652 5758
6595 5759
6538 5760
6481 5761
6424 5762
6367 5763
6310 5764
6253 5765
6196 5766
6139 5767
6082 5768
6025 5769
5968 5770
5911 5771
5854 5772
5797 5773
5740 5774
5683 5775
5676 6126
5619 6127
5562 6128
5505 6129
5448 6130
5391 6131
5334 6132
5277 6133
5220 6134
5163 6135
5106 6136
5049 6137
4992 6138
4935 6139
4878 6140
4821 6141
4764 6142
4707 6143
4650 6144
4593 6145
4536 6146
4479 6147
4422 6148
4365 6149
4308 6150
4251 6151
4194 6152
4137 6153
4080 6154
4023 6155
3966 6156
3909 6157
3852 6158
3795 6159
3738 6160
3681 6161
3624 6162
3567 6163
3510 6164
3453 6165
3396 6166
3339 6167
3282 6168
3225 6169
3168 6170
3111 6171
3054 6172
2997 6173
2940 6174
2883 6175
2826 6176
2769 6177
2712 6178
2655 6179
2598 6180
2541 6181
2484 6182
2427 6183
2370 6184
2313 6185
2256 6186
2199 6187
2142 6188
2085 6189
2028 6190
1971 6191
1914 6192
1857 6193
1800 6194
1743 6195
1686 6196
1629 6197
1572 6198
1515 6199
1458 6200
1401 6201
1344 6202
1287 6203
1230 6204
1173 6205
1116 6206
1059 6207
1002 6208
945 6209
888 6210
831 6211
774 6212
717 6213
660 6214
603 6215
546 6216
489 6217
432 6218
375 6219
318 6220
261 6221
204 6222
147 6223
90 6224
33 6225
58 6400
1 6401
115 6399
172 6398
229 6397
286 6396
343 6395
400 6394
457 6393
514 6392
571 6391
628 6390
685 6389
742 6388
799 6387
856 6386
913 6385
970 6384
1027 6383
1084 6382
1141 6381
1198 6380
1255 6379
1312 6378
1369 6377
1426 6376
1483 6375
1540 6374
1597 6373
1654 6372
1711 6371
1768 6370
1825 6369
1882 6368
1939 6367
1996 6366
2053 6365
2110 6364
2167 6363
2224 6362
2281 6361
2338 6360
2395 6359
2452 6358
2509 6357
2566 6356
2623 6355
2680 6354
2737 6353
2794 6352
2851 6351
2908 6350
2965 6349
3022 6348
3079 6347
3136 6346
3193 6345
3250 6344
3307 6343
3364 6342
3421 6341
3478 6340
3535 6339
3592 6338
3649 6337
3706 6336
3763 6335
3820 6334
3877 6333
3934 6332
3991 6331
4048 6330
4105 6329
4162 6328
4219 6327
4276 6326
4333 6325
4390 6324
4447 6323
4504 6322
4561 6321
4618 6320
4675 6319
4732 6318
4789 6317
4846 6316
4903 6315
4960 6314
5017 6313
5074 6312
5131 6311
5188 6310
5245 6309
5302 6308
5359 6307
5416 6306
5473 6305
5530 6304
5587 6303
5644 6302
5701 6301
5758 6300
5815 6299
5872 6298
5929 6297
5986 6296
6043 6295
6100 6294
6157 6293
6214 6292
6271 6291
6328 6290
6385 6289
6442 6288
6499 6287
6556 6286
6613 6285
6670 6284
6727 6283
6784 6282
6841 6281
6898 6280
6955 6279
7012 6278
7069 6277
7126 6276
7183 6275
7240 6274
7297 6273
7354 6272
7411 6271
7468 6270
7525 6269
7582 6268
7639 6267
7696 6266
7753 6265
7810 6264
7867 6263
7924 6262
7981 6261
8038 6260
8095 6259
8152 6258
8209 6257
8266 6256
8323 6255
8380 6254
8437 6253
8494 6252
8551 6251
8608 6250
8665 6249
8722 6248
8779 6247
8836 6246
8893 6245
8950 6244
9007 6243
9064 6242
9121 6241
9178 6240
9235 6239
9292 6238
9349 6237
9406 6236
9463 6235
9520 6234
9577 6233
9634 6232
9691 6231
9748 6230
9805 6229
9862 6228
9919 6227
9976 6226
9951 6051
9894 6052
9837 6053
9780 6054
9723 6055
9666 6056
9609 6057
9552 6058
9495 6059
9438 6060
9381 6061
9324 6062
9267 6063
9210 6064
9153 6065
9096 6066
9039 6067
8982 6068
8925 6069
8868 6070
8811 6071
8754 6072
8697 6073
8640 6074
8583 6075
8526 6076
8469 6077
8412 6078
8355 6079
8298 6080
8241 6081
8184 6082
8127 6083
8070 6084
8013 6085
7956 6086
7899 6087
7842 6088
7785 6089
7728 6090
7671 6091
7614 6092
7557 6093
7500 6094
7443 6095
7386 6096
7329 6097
7272 6098
7215 6099
7158 6100
7101 6101
7044 6102
6987 6103
6930 6104
6873 6105
6816 6106
6759 6107
6702 6108
6645 6109
6588 6110
6531 6111
6474 6112
6417 6113
6360 6114
6303 6115
6246 6116
6189 6117
6132 6118
6075 6119
6018 6120
5961 6121
5904 6122
5847 6123
5790 6124
5733 6125
5726 6476
5669 6477
5612 6478
5555 6479
5498 6480
5441 6481
5384 6482
5327 6483
5270 6484
5213 6485
5156 6486
5099 6487
5042 6488
4985 6489
4928 6490
4871 6491
4814 6492
4757 6493
4700 6494
4643 6495
4586 6496
4529 6497
4472 6498
4415 6499
4358 6500
4301 6501
4244 6502
4187 6503
4130 6504
4073 6505
4016 6506
3959 6507
3902 6508
3845 6509
3788 6510
3731 6511
3674 6512
3617 6513
3560 6514
3503 6515
3446 6516
3389 6517
3332 6518
3275 6519
3218 6520
3161 6521
3104 6522
3047 6523
2990 6524
2933 6525
2876 6526
2819 6527
2762 6528
2705 6529
2648 6530
2591 6531
2534 6532
2477 6533
2420 6534
2363 6535
2306 6536
2249 6537
2192 6538
2135 6539
2078 6540
2021 6541
1964 6542
1907 6543
1850 6544
1793 6545
1736 6546
1679 6547
1622 6548
1565 6549
1508 6550
1451 6551
1394 6552
1337 6553
1280 6554
1223 6555
1166 6556
1109 6557
1052 6558
995 6559
938 6560
881 6561
824 6562
767 6563
710 6564
653 6565
596 6566
539 6567
482 6568
425 6569
368 6570
311 6571
254 6572
197 6573
140 6574
83 6575
26 6576
51 6751
108 6750
165 6749
222 6748
279 6747
336 6746
393 6745
450 6744
507 6743
564 6742
621 6741
678 6740
735 6739
792 6738
849 6737
906 6736
963 6735
1020 6734
1077 6733
1134 6732
1191 6731
1248 6730
1305 6729
1362 6728
1419 6727
1476 6726
1533 6725
1590 6724
1647 6723
1704 6722
1761 6721
1818 6720
1875 6719
1932 6718
1989 6717
2046 6716
2103 6715
2160 6714
2217 6713
2274 6712
2331 6711
2388 6710
2445 6709
2502 6708
2559 6707
2616 6706
2673 6705
2730 6704
2787 6703
2844 6702
2901 6701
2958 6700
3015 6699
3072 6698
3129 6697
3186 6696
3243 6695
3300 6694
3357 6693
3414 6692
3471 6691
3528 6690
3585 6689
3642 6688
3699 6687
3756 6686
3813 6685
3870 6684
3927 6683
3984 6682
4041 6681
4098 6680
4155 6679
4212 6678
4269 6677
4326 6676
4383 6675
4440 6674
4497 6673
4554 6672
4611 6671
4668 6670
4725 6669
4782 6668
4839 6667
4896 6666
4953 6665
5010 6664
5067 6663
5124 6662
5181 6661
5238 6660
5295 6659
5352 6658
5409 6657
5466 6656
5523 6655
5580 6654
5637 6653
5694 6652
5751 6651
5808 6650
5865 6649
5922 6648
5979 6647
6036 6646
6093 6645
6150 6644
6207 6643
6264 6642
6321 6641
6378 6640
6435 6639
6492 6638
6549 6637
6606 6636
6663 6635
6720 6634
6777 6633
6834 6632
6891 6631
6948 6630
7005 6629
7062 6628
7119 6627
7176 6626
7233 6625
7290 6624
7347 6623
7404 6622
7461 6621
7518 6620
7575 6619
7632 6618
7689 6617
7746 6616
7803 6615
7860 6614
7917 6613
7974 6612
8031 6611
8088 6610
8145 6609
8202 6608
8259 6607
8316 6606
8373 6605
8430 6604
8487 6603
8544 6602
8601 6601
8658 6600
8715 6599
8772 6598
8829 6597
8886 6596
8943 6595
9000 6594
9057 6593
9114 6592
9171 6591
9228 6590
9285 6589
9342 6588
9399 6587
9456 6586
9513 6585
9570 6584
9627 6583
9684 6582
9741 6581
9798 6580
9855 6579
9912 6578
9969 6577
9944 6402
9887 6403
9830 6404
9773 6405
9716 6406
9659 6407
9602 6408
9545 6409
9488 6410
9431 6411
9374 6412
9317 6413
9260 6414
9203 6415
9146 6416
9089 6417
9032 6418
8975 6419
8918 6420
8861 6421
8804 6422
8747 6423
8690 6424
8633 6425
8576 6426
8519 6427
8462 6428
8405 6429
8348 6430
8291 6431
8234 6432
8177 6433
8120 6434
8063 6435
8006 6436
7949 6437
7892 6438
7835 6439
7778 6440
7721 6441
7664 6442
7607 6443
7550 6444
7493 6445
7436 6446
7379 6447
7322 6448
7265 6449
7208 6450
7151 6451
7094 6452
7037 6453
6980 6454
6923 6455
6866 6456
6809 6457
6752 6458
6695 6459
6638 6460
6581 6461
6524 6462
6467 6463
6410 6464
6353 6465
6296 6466
6239 6467
6182 6468
6125 6469
6068 6470
6011 6471
5954 6472
5897 6473
5840 6474
5783 6475
5776 6826
5719 6827
5662 6828
5605 6829
5548 6830
5491 6831
5434 6832
5377 6833
5320 6834
5263 6835
5206 6836
5149 6837
5092 6838
5035 6839
4978 6840
4921 6841
4864 6842
4807 6843
4750 6844
4693 6845
4636 6846
4579 6847
4522 6848
4465 6849
4408 6850
4351 6851
4294 6852
4237 6853
4180 6854
4123 6855
4066 6856
4009 6857
3952 6858
3895 6859
3838 6860
3781 6861
3724 6862
3667 6863
3610 6864
3553 6865
3496 6866
3439 6867
3382 6868
3325 6869
3268 6870
3211 6871
3154 6872
3097 6873
3040 6874
2983 6875
2926 6876
2869 6877
2812 6878
2755 6879
2698 6880
2641 6881
2584 6882
2527 6883
2470 6884
2413 6885
2356 6886
2299 6887
2242 6888
2185 6889
2128 6890
2071 6891
2014 6892
1957 6893
1900 6894
1843 6895
1786 6896
1729 6897
1672 6898
1615 6899
1558 6900
1501 6901
1444 6902
1387 6903
1330 6904
1273 6905
1216 6906
1159 6907
1102 6908
1045 6909
988 6910
931 6911
874 6912
817 6913
760 6914
703 6915
646 6916
589 6917
532 6918
475 6919
418 6920
361 6921
304 6922
247 6923
190 6924
133 6925
76 6926
19 6927
44 7102
101 7101
158 7100
215 7099
272 7098
329 7097
386 7096
443 7095
500 7094
557 7093
614 7092
671 7091
728 7090
785 7089
842 7088
899 7087
956 7086
1013 7085
1070 7084
1127 7083
1184 7082
1241 7081
1298 7080
1355 7079
1412 7078
1469 7077
1526 7076
1583 7075
1640 7074
1697 7073
1754 7072
1811 7071
1868 7070
1925 7069
1982 7068
2039 7067
2096 7066
2153 7065
2210 7064
2267 7063
2324 7062
2381 7061
2438 7060
2495 7059
2552 7058
2609 7057
2666 7056
2723 7055
2780 7054
2837 7053
2894 7052
2951 7051
3008 7050
3065 7049
3122 7048
3179 7047
3236 7046
3293 7045
3350 7044
3407 7043
3464 7042
3521 7041
3578 7040
3635 7039
3692 7038
3749 7037
3806 7036
3863 7035
3920 7034
3977 7033
4034 7032
4091 7031
4148 7030
4205 7029
4262 7028
4319 7027
4376 7026
4433 7025
4490 7024
4547 7023
4604 7022
4661 7021
4718 7020
4775 7019
4832 7018
4889 7017
4946 7016
5003 7015
5060 7014
5117 7013
5174 7012
5231 7011
5288 7010
5345 7009
5402 7008
5459 7007
5516 7006
5573 7005
5630 7004
5687 7003
5744 7002
5801 7001
5858 7000
5915 6999
5972 6998
6029 6997
6086 6996
6143 6995
6200 6994
6257 6993
6314 6992
6371 6991
6428 6990
6485 6989
6542 6988
6599 6987
6656 6986
6713 6985
6770 6984
6827 6983
6884 6982
6941 6981
6998 6980
7055 6979
7112 6978
7169 6977
7226 6976
7283 6975
7340 6974
7397 6973
7454 6972
7511 6971
7568 6970
7625 6969
7682 6968
7739 6967
7796 6966
7853 6965
7910 6964
7967 6963
8024 6962
8081 6961
8138 6960
8195 6959
8252 6958
8309 6957
8366 6956
8423 6955
8480 6954
8537 6953
8594 6952
8651 6951
8708 6950
8765 6949
8822 6948
8879 6947
8936 6946
8993 6945
9050 6944
9107 6943
9164 6942
9221 6941
9278 6940
9335 6939
9392 6938
9449 6937
9506 6936
9563 6935
9620 6934
9677 6933
9734 6932
9791 6931
9848 6930
9905 6929
9962 6928
9937 6753
9880 6754
9823 6755
9766 6756
9709 6757
9652 6758
9595 6759
9538 6760
9481 6761
9424 6762
9367 6763
9310 6764
9253 6765
9196 6766
9139 6767
9082 6768
9025 6769
8968 6770
8911 6771
8854 6772
8797 6773
8740 6774
8683 6775
8626 6776
8569 6777
8512 6778
8455 6779
8398 6780
8341 6781
8284 6782
8227 6783
8170 6784
8113 6785
8056 6786
7999 6787
7942 6788
7885 6789
7828 6790
7771 6791
7714 6792
7657 6793
7600 6794
7543 6795
7486 6796
7429 6797
7372 6798
7315 6799
7258 6800
7201 6801
7144 6802
7087 6803
7030 6804
6973 6805
6916 6806
6859 6807
6802 6808
6745 6809
6688 6810
6631 6811
6574 6812
6517 6813
6460 6814
6403 6815
6346 6816
6289 6817
6232 6818
6175 6819
6118 6820
6061 6821
6004 6822
5947 6823
5890 6824
5833 6825
5826 7176
5769 7177
5712 7178
5655 7179
5598 7180
5541 7181
5484 7182
5427 7183
5370 7184
5313 7185
5256 7186
5199 7187
5142 7188
5085 7189
5028 7190
4971 7191
4914 7192
4857 7193
4800 7194
4743 7195
4686 7196
4629 7197
4572 7198
4515 7199
4458 7200
4401 7201
4344 7202
4287 7203
4230 7204
4173 7205
4116 7206
4059 7207
4002 7208
3945 7209
3888 7210
3831 7211
3774 7212
3717 7213
3660 7214
3603 7215
3546 7216
3489 7217
3432 7218
3375 7219
3318 7220
3261 7221
3204 7222
3147 7223
3090 7224
3033 7225
2976 7226
2919 7227
2862 7228
2805 7229
2748 7230
2691 7231
2634 7232
2577 7233
2520 7234
2463 7235
2406 7236
2349 7237
2292 7238
2235 7239
2178 7240
2121 7241
2064 7242
2007 7243
1950 7244
1893 7245
1836 7246
1779 7247
1722 7248
1665 7249
1608 7250
1551 7251
1494 7252
1437 7253
1380 7254
1323 7255
1266 7256
1209 7257
1152 7258
1095 7259
1038 7260
981 7261
924 7262
867 7263
810 7264
753 7265
696 7266
639 7267
582 7268
525 7269
468 7270
411 7271
354 7272
297 7273
240 7274
183 7275
126 7276
69 7277
12 7278
37 7453
94 7452
151 7451
208 7450
265 7449
322 7448
379 7447
436 7446
493 7445
550 7444
607 7443
664 7442
721 7441
778 7440
835 7439
892 7438
949 7437
1006 7436
1063 7435
1120 7434
1177 7433
1234 7432
1291 7431
1348 7430
1405 7429
1462 7428
1519 7427
1576 7426
1633 7425
1690 7424
1747 7423
1804 7422
1861 7421
1918 7420
1975 7419
2032 7418
2089 7417
2146 7416
2203 7415
2260 7414
2317 7413
2374 7412
2431 7411
2488 7410
2545 7409
2602 7408
2659 7407
2716 7406
2773 7405
2830 7404
2887 7403
2944 7402
3001 7401
3058 7400
3115 7399
3172 7398
3229 7397
3286 7396
3343 7395
3400 7394
3457 7393
3514 7392
3571 7391
3628 7390
3685 7389
3742 7388
3799 7387
3856 7386
3913 7385
3970 7384
4027 7383
4084 7382
4141 7381
4198 7380
4255 7379
4312 7378
4369 7377
4426 7376
4483 7375
4540 7374
4597 7373
4654 7372
4711 7371
4768 7370
4825 7369
4882 7368
4939 7367
4996 7366
5053 7365
5110 7364
5167 7363
5224 7362
5281 7361
5338 7360
5395 7359
5452 7358
5509 7357
5566 7356
5623 7355
5680 7354
5737 7353
5794 7352
5851 7351
5908 7350
5965 7349
6022 7348
6079 7347
6136 7346
6193 7345
6250 7344
6307 7343
6364 7342
6421 7341
6478 7340
6535 7339
6592 7338
6649 7337
6706 7336
6763 7335
6820 7334
6877 7333
6934 7332
6991 7331
7048 7330
7105 7329
7162 7328
7219 7327
7276 7326
7333 7325
7390 7324
7447 7323
7504 7322
7561 7321
7618 7320
7675 7319
7732 7318
7789 7317
7846 7316
7903 7315
7960 7314
8017 7313
8074 7312
8131 7311
8188 7310
8245 7309
8302 7308
8359 7307
8416 7306
8473 7305
8530 7304
8587 7303
8644 7302
8701 7301
8758 7300
8815 7299
8872 7298
8929 7297
8986 7296
9043 7295
9100 7294
9157 7293
9214 7292
9271 7291
9328 7290
9385 7289
9442 7288
9499 7287
9556 7286
9613 7285
9670 7284
9727 7283
9784 7282
9841 7281
9898 7280
9955 7279
9930 7104
9873 7105
9816 7106
9759 7107
9702 7108
9645 7109
9588 7110
9531 7111
9474 7112
9417 7113
9360 7114
9303 7115
9246 7116
9189 7117
9132 7118
9075 7119
9018 7120
8961 7121
8904 7122
8847 7123
8790 7124
8733 7125
8676 7126
8619 7127
8562 7128
8505 7129
8448 7130
8391 7131
8334 7132
8277 7133
8220 7134
8163 7135
8106 7136
8049 7137
7992 7138
7935 7139
7878 7140
7821 7141
7764 7142
7707 7143
7650 7144
7593 7145
7536 7146
7479 7147
7422 7148
7365 7149
7308 7150
7251 7151
7194 7152
7137 7153
7080 7154
7023 7155
6966 7156
6909 7157
6852 7158
6795 7159
6738 7160
6681 7161
6624 7162
6567 7163
6510 7164
6453 7165
6396 7166
6339 7167
6282 7168
6225 7169
6168 7170
6111 7171
6054 7172
5997 7173
5940 7174
5883 7175
5876 7526
5819 7527
5762 7528
5705 7529
5648 7530
5591 7531
5534 7532
5477 7533
5420 7534
5363 7535
5306 7536
5249 7537
5192 7538
5135 7539
5078 7540
5021 7541
4964 7542
4907 7543
4850 7544
4793 7545
4736 7546
4679 7547
4622 7548
4565 7549
4508 7550
4451 7551
4394 7552
4337 7553
4280 7554
4223 7555
4166 7556
4109 7557
4052 7558
3995 7559
3938 7560
3881 7561
3824 7562
3767 7563
3710 7564
3653 7565
3596 7566
3539 7567
3482 7568
3425 7569
3368 7570
3311 7571
3254 7572
3197 7573
3140 7574
3083 7575
3026 7576
2969 7577
2912 7578
2855 7579
2798 7580
2741 7581
2684 7582
2627 7583
2570 7584
2513 7585
2456 7586
2399 7587
2342 7588
2285 7589
2228 7590
2171 7591
2114 7592
2057 7593
2000 7594
1943 7595
1886 7596
1829 7597
1772 7598
1715 7599
1658 7600
1601 7601
1544 7602
1487 7603
1430 7604
1373 7605
1316 7606
1259 7607
1202 7608
1145 7609
1088 7610
1031 7611
974 7612
917 7613
860 7614
803 7615
746 7616
689 7617
632 7618
575 7619
518 7620
461 7621
404 7622
347 7623
290 7624
233 7625
176 7626
119 7627
62 7628
5 7629
30 7804
87 7803
144 7802
201 7801
258 7800
315 7799
372 7798
429 7797
486 7796
543 7795
600 7794
657 7793
714 7792
771 7791
828 7790
885 7789
942 7788
999 7787
1056 7786
1113 7785
1170 7784
1227 7783
1284 7782
1341 7781
1398 7780
1455 7779
1512 7778
1569 7777
1626 7776
1683 7775
1740 7774
1797 7773
1854 7772
1911 7771
1968 7770
2025 7769
2082 7768
2139 7767
2196 7766
2253 7765
2310 7764
2367 7763
2424 7762
2481 7761
2538 7760
2595 7759
2652 7758
2709 7757
2766 7756
2823 7755
2880 7754
2937 7753
2994 7752
3051 7751
3108 7750
3165 7749
3222 7748
3279 7747
3336 7746
3393 7745
3450 7744
3507 7743
3564 7742
3621 7741
3678 7740
3735 7739
3792 7738
3849 7737
3906 7736
3963 7735
4020 7734
4077 7733
4134 7732
4191 7731
4248 7730
4305 7729
4362 7728
4419 7727
4476 7726
4533 7725
4590 7724
4647 7723
4704 7722
4761 7721
4818 7720
4875 7719
4932 7718
4989 7717
5046 7716
5103 7715
5160 7714
5217 7713
5274 7712
5331 7711
5388 7710
5445 7709
5502 7708
5559 7707
5616 7706
5673 7705
5730 7704
5787 7703
5844 7702
5901 7701
5958 7700
6015 7699
6072 7698
6129 7697
6186 7696
6243 7695
6300 7694
6357 7693
6414 7692
6471 7691
6528 7690
6585 7689
6642 7688
6699 7687
6756 7686
6813 7685
6870 7684
6927 7683
6984 7682
7041 7681
7098 7680
7155 7679
7212 7678
7269 7677
7326 7676
7383 7675
7440 7674
7497 7673
7554 7672
7611 7671
7668 7670
7725 7669
7782 7668
7839 7667
7896 7666
7953 7665
8010 7664
8067 7663
8124 7662
8181 7661
8238 7660
8295 7659
8352 7658
8409 7657
8466 7656
8523 7655
8580 7654
8637 7653
8694 7652
8751 7651
8808 7650
8865 7649
8922 7648
8979 7647
9036 7646
9093 7645
9150 7644
9207 7643
9264 7642
9321 7641
9378 7640
9435 7639
9492 7638
9549 7637
9606 7636
9663 7635
9720 7634
9777 7633
9834 7632
9891 7631
9948 7630
9923 7455
9866 7456
9809 7457
9752 7458
9695 7459
9638 7460
9581 7461
9524 7462
9467 7463
9410 7464
9353 7465
9296 7466
9239 7467
9182 7468
9125 7469
9068 7470
9011 7471
8954 7472
8897 7473
8840 7474
8783 7475
8726 7476
8669 7477
8612 7478
8555 7479
8498 7480
8441 7481
8384 7482
8327 7483
8270 7484
8213 7485
8156 7486
8099 7487
8042 7488
7985 7489
7928 7490
7871 7491
7814 7492
7757 7493
7700 7494
7643 7495
7586 7496
7529 7497
7472 7498
7415 7499
7358 7500
7301 7501
7244 7502
7187 7503
7130 7504
7073 7505
7016 7506
6959 7507
6902 7508
6845 7509
6788 7510
6731 7511
6674 7512
6617 7513
6560 7514
6503 7515
6446 7516
6389 7517
6332 7518
6275 7519
6218 7520
6161 7521
6104 7522
6047 7523
5990 7524
5933 7525
5926 7876
5869 7877
5812 7878
5755 7879
5698 7880
5641 7881
5584 7882
5527 7883
5470 7884
5413 7885
5356 7886
5299 7887
5242 7888
5185 7889
5128 7890
5071 7891
5014 7892
4957 7893
4900 7894
4843 7895
4786 7896
4729 7897
4672 7898
4615 7899
4558 7900
4501 7901
4444 7902
4387 7903
4330 7904
4273 7905
4216 7906
4159 7907
4102 7908
4045 7909
3988 7910
3931 7911
3874 7912
3817 7913
3760 7914
3703 7915
3646 7916
3589 7917
3532 7918
3475 7919
3418 7920
3361 7921
3304 7922
3247 7923
3190 7924
3133 7925
3076 7926
3019 7927
2962 7928
2905 7929
2848 7930
2791 7931
2734 7932
2677 7933
2620 7934
2563 7935
2506 7936
2449 7937
2392 7938
2335 7939
2278 7940
2221 7941
2164 7942
2107 7943
2050 7944
1993 7945
1936 7946
1879 7947
1822 7948
1765 7949
1708 7950
1651 7951
1594 7952
1537 7953
1480 7954
1423 7955
1366 7956
1309 7957
1252 7958
1195 7959
1138 7960
1081 7961
1024 7962
967 7963
910 7964
853 7965
796 7966
739 7967
682 7968
625 7969
568 7970
511 7971
454 7972
397 7973
340 7974
283 7975
226 7976
169 7977
112 7978
55 7979
80 8154
23 8155
137 8153
194 8152
251 8151
308 8150
365 8149
422 8148
479 8147
536 8146
593 8145
650 8144
707 8143
764 8142
821 8141
878 8140
935 8139
992 8138
1049 8137
1106 8136
1163 8135
1220 8134
1277 8133
1334 8132
1391 8131
1448 8130
1505 8129
1562 8128
1619 8127
1676 8126
1733 8125
1790 8124
1847 8123
1904 8122
1961 8121
2018 8120
2075 8119
2132 8118
2189 8117
2246 8116
2303 8115
2360 8114
2417 8113
2474 8112
2531 8111
2588 8110
2645 8109
2702 8108
2759 8107
2816 8106
2873 8105
2930 8104
2987 8103
3044 8102
3101 8101
3158 8100
3215 8099
3272 8098
3329 8097
3386 8096
3443 8095
3500 8094
3557 8093
3614 8092
3671 8091
3728 8090
3785 8089
3842 8088
3899 8087
3956 8086
4013 8085
4070 8084
4127 8083
4184 8082
4241 8081
4298 8080
4355 8079
4412 8078
4469 8077
4526 8076
4583 8075
4640 8074
4697 8073
4754 8072
4811 8071
4868 8070
4925 8069
4982 8068
5039 8067
5096 8066
5153 8065
5210 8064
5267 8063
5324 8062
5381 8061
5438 8060
5495 8059
5552 8058
5609 8057
5666 8056
5723 8055
5780 8054
5837 8053
5894 8052
5951 8051
6008 8050
6065 8049
6122 8048
6179 8047
6236 8046
6293 8045
6350 8044
6407 8043
6464 8042
6521 8041
6578 8040
6635 8039
6692 8038
6749 8037
6806 8036
6863 8035
6920 8034
6977 8033
7034 8032
7091 8031
7148 8030
7205 8029
7262 8028
7319 8027
7376 8026
7433 8025
7490 8024
7547 8023
7604 8022
7661 8021
7718 8020
7775 8019
7832 8018
7889 8017
7946 8016
8003 8015
8060 8014
8117 8013
8174 8012
8231 8011
8288 8010
8345 8009
8402 8008
8459 8007
8516 8006
8573 8005
8630 8004
8687 8003
8744 8002
8801 8001
8858 8000
8915 7999
8972 7998
9029 7997
9086 7996
9143 7995
9200 7994
9257 7993
9314 7992
9371 7991
9428 7990
9485 7989
9542 7988
9599 7987
9656 7986
9713 7985
9770 7984
9827 7983
9884 7982
9941 7981
9998 7980
9973 7805
9916 7806
9859 7807
9802 7808
9745 7809
9688 7810
9631 7811
9574 7812
9517 7813
9460 7814
9403 7815
9346 7816
9289 7817
9232 7818
9175 7819
9118 7820
9061 7821
9004 7822
8947 7823
8890 7824
8833 7825
8776 7826
8719 7827
8662 7828
8605 7829
8548 7830
8491 7831
8434 7832
8377 7833
8320 7834
8263 7835
8206 7836
8149 7837
8092 7838
8035 7839
7978 7840
7921 7841
7864 7842
7807 7843
7750 7844
7693 7845
7636 7846
7579 7847
7522 7848
7465 7849
7408 7850
7351 7851
7294 7852
7237 7853
7180 7854
7123 7855
7066 7856
7009 7857
6952 7858
6895 7859
6838 7860
6781 7861
6724 7862
6667 7863
6610 7864
6553 7865
6496 7866
6439 7867
6382 7868
6325 7869
6268 7870
6211 7871
6154 7872
6097 7873
6040 7874
5983 7875
5976 8226
5919 8227
5862 8228
5805 8229
5748 8230
5691 8231
5634 8232
5577 8233
5520 8234
5463 8235
5406 8236
5349 8237
5292 8238
5235 8239
5178 8240
5121 8241
5064 8242
5007 8243
4950 8244
4893 8245
4836 8246
4779 8247
4722 8248
4665 8249
4608 8250
4551 8251
4494 8252
4437 8253
4380 8254
4323 8255
4266 8256
4209 8257
4152 8258
4095 8259
4038 8260
3981 8261
3924 8262
3867 8263
3810 8264
3753 8265
3696 8266
3639 8267
3582 8268
3525 8269
3468 8270
3411 8271
3354 8272
3297 8273
3240 8274
3183 8275
3126 8276
3069 8277
3012 8278
2955 8279
2898 8280
2841 8281
2784 8282
2727 8283
2670 8284
2613 8285
2556 8286
2499 8287
2442 8288
2385 8289
2328 8290
2271 8291
2214 8292
2157 8293
2100 8294
2043 8295
1986 8296
1929 8297
1872 8298
1815 8299
1758 8300
1701 8301
1644 8302
1587 8303
1530 8304
1473 8305
1416 8306
1359 8307
1302 8308
1245 8309
1188 8310
1131 8311
1074 8312
1017 8313
960 8314
903 8315
846 8316
789 8317
732 8318
675 8319
618 8320
561 8321
504 8322
447 8323
390 8324
333 8325
276 8326
219 8327
162 8328
105 8329
48 8330
73 8505
16 8506
130 8504
187 8503
244 8502
301 8501
358 8500
415 8499
472 8498
529 8497
586 8496
643 8495
700 8494
757 8493
814 8492
871 8491
928 8490
985 8489
1042 8488
1099 8487
1156 8486
1213 8485
1270 8484
1327 8483
1384 8482
1441 8481
1498 8480
1555 8479
1612 8478
1669 8477
1726 8476
1783 8475
1840 8474
1897 8473
1954 8472
2011 8471
2068 8470
2125 8469
2182 8468
2239 8467
2296 8466
2353 8465
2410 8464
2467 8463
2524 8462
2581 8461
2638 8460
2695 8459
2752 8458
2809 8457
2866 8456
2923 8455
2980 8454
3037 8453
3094 8452
3151 8451
3208 8450
3265 8449
3322 8448
3379 8447
3436 8446
3493 8445
3550 8444
3607 8443
3664 8442
3721 8441
3778 8440
3835 8439
3892 8438
3949 8437
4006 8436
4063 8435
4120 8434
4177 8433
4234 8432
4291 8431
4348 8430
4405 8429
4462 8428
4519 8427
4576 8426
4633 8425
4690 8424
4747 8423
4804 8422
4861 8421
4918 8420
4975 8419
5032 8418
5089 8417
5146 8416
5203 8415
5260 8414
5317 8413
5374 8412
5431 8411
5488 8410
5545 8409
5602 8408
5659 8407
5716 8406
5773 8405
5830 8404
5887 8403
5944 8402
6001 8401
6058 8400
6115 8399
6172 8398
6229 8397
6286 8396
6343 8395
6400 8394
6457 8393
6514 8392
6571 8391
6628 8390
6685 8389
6742 8388
6799 8387
6856 8386
6913 8385
6970 8384
7027 8383
7084 8382
7141 8381
7198 8380
7255 8379
7312 8378
7369 8377
7426 8376
7483 8375
7540 8374
7597 8373
7654 8372
7711 8371
7768 8370
7825 8369
7882 8368
7939 8367
7996 8366
8053 8365
8110 8364
8167 8363
8224 8362
8281 8361
8338 8360
8395 8359
8452 8358
8509 8357
8566 8356
8623 8355
8680 8354
8737 8353
8794 8352
8851 8351
8908 8350
8965 8349
9022 8348
9079 8347
9136 8346
9193 8345
9250 8344
9307 8343
9364 8342
9421 8341
9478 8340
9535 8339
9592 8338
9649 8337
9706 8336
9763 8335
9820 8334
9877 8333
9934 8332
9991 8331
9966 8156
9909 8157
9852 8158
9795 8159
9738 8160
9681 8161
9624 8162
9567 8163
9510 8164
9453 8165
9396 8166
9339 8167
9282 8168
9225 8169
9168 8170
9111 8171
9054 8172
8997 8173
8940 8174
8883 8175
8826 8176
8769 8177
8712 8178
8655 8179
8598 8180
8541 8181
8484 8182
8427 8183
8370 8184
8313 8185
8256 8186
8199 8187
8142 8188
8085 8189
8028 8190
7971 8191
7914 8192
7857 8193
7800 8194
7743 8195
7686 8196
7629 8197
7572 8198
7515 8199
7458 8200
7401 8201
7344 8202
7287 8203
7230 8204
7173 8205
7116 8206
7059 8207
7002 8208
6945 8209
6888 8210
6831 8211
6774 8212
6717 8213
6660 8214
6603 8215
6546 8216
6489 8217
6432 8218
6375 8219
6318 8220
6261 8221
6204 8222
6147 8223
6090 8224
6033 8225
6026 8576
5969 8577
5912 8578
5855 8579
5798 8580
5741 8581
5684 8582
5627 8583
5570 8584
5513 8585
5456 8586
5399 8587
5342 8588
5285 8589
5228 8590
5171 8591
5114 8592
5057 8593
5000 8594
4943 8595
4886 8596
4829 8597
4772 8598
4715 8599
4658 8600
4601 8601
4544 8602
4487 8603
4430 8604
4373 8605
4316 8606
4259 8607
4202 8608
4145 8609
4088 8610
4031 8611
3974 8612
3917 8613
3860 8614
3803 8615
3746 8616
3689 8617
3632 8618
3575 8619
3518 8620
3461 8621
3404 8622
3347 8623
3290 8624
3233 8625
3176 8626
3119 8627
3062 8628
3005 8629
2948 8630
2891 8631
2834 8632
2777 8633
2720 8634
2663 8635
2606 8636
2549 8637
2492 8638
2435 8639
2378 8640
2321 8641
2264 8642
2207 8643
2150 8644
2093 8645
2036 8646
1979 8647
1922 8648
1865 8649
1808 8650
1751 8651
1694 8652
1637 8653
1580 8654
1523 8655
1466 8656
1409 8657
1352 8658
1295 8659
1238 8660
1181 8661
1124 8662
1067 8663
1010 8664
953 8665
896 8666
839 8667
782 8668
725 8669
668 8670
611 8671
554 8672
497 8673
440 8674
383 8675
326 8676
269 8677
212 8678
155 8679
98 8680
41 8681
66 8856
9 8857
123 8855
180 8854
237 8853
294 8852
351 8851
408 8850
465 8849
522 8848
579 8847
636 8846
693 8845
750 8844
807 8843
864 8842
921 8841
978 8840
1035 8839
1092 8838
1149 8837
1206 8836
1263 8835
1320 8834
1377 8833
1434 8832
1491 8831
1548 8830
1605 8829
1662 8828
1719 8827
1776 8826
1833 8825
1890 8824
1947 8823
2004 8822
2061 8821
2118 8820
2175 8819
2232 8818
2289 8817
2346 8816
2403 8815
2460 8814
2517 8813
2574 8812
2631 8811
2688 8810
2745 8809
2802 8808
2859 8807
2916 8806
2973 8805
3030 8804
3087 8803
3144 8802
3201 8801
3258 8800
3315 8799
3372 8798
3429 8797
3486 8796
3543 8795
3600 8794
3657 8793
3714 8792
3771 8791
3828 8790
3885 8789
3942 8788
3999 8787
4056 8786
4113 8785
4170 8784
4227 8783
4284 8782
4341 8781
4398 8780
4455 8779
4512 8778
4569 8777
4626 8776
4683 8775
4740 8774
4797 8773
4854 8772
4911 8771
4968 8770
5025 8769
5082 8768
5139 8767
5196 8766
5253 8765
5310 8764
5367 8763
5424 8762
5481 8761
5538 8760
5595 8759
5652 8758
5709 8757
5766 8756
5823 8755
5880 8754
5937 8753
5994 8752
6051 8751
6108 8750
6165 8749
6222 8748
6279 8747
6336 8746
6393 8745
6450 8744
6507 8743
6564 8742
6621 8741
6678 8740
6735 8739
6792 8738
6849 8737
6906 8736
6963 8735
7020 8734
7077 8733
7134 8732
7191 8731
7248 8730
7305 8729
7362 8728
7419 8727
7476 8726
7533 8725
7590 8724
7647 8723
7704 8722
7761 8721
7818 8720
7875 8719
7932 8718
7989 8717
8046 8716
8103 8715
8160 8714
8217 8713
8274 8712
8331 8711
8388 8710
8445 8709
8502 8708
8559 8707
8616 8706
8673 8705
8730 8704
8787 8703
8844 8702
8901 8701
8958 8700
9015 8699
9072 8698
9129 8697
9186 8696
9243 8695
9300 8694
9357 8693
9414 8692
9471 8691
9528 8690
9585 8689
9642 8688
9699 8687
9756 8686
9813 8685
9870 8684
9927 8683
9984 8682
9959 8507
9902 8508
9845 8509
9788 8510
9731 8511
9674 8512
9617 8513
9560 8514
9503 8515
9446 8516
9389 8517
9332 8518
9275 8519
9218 8520
9161 8521
9104 8522
9047 8523
8990 8524
8933 8525
8876 8526
8819 8527
8762 8528
8705 8529
8648 8530
8591 8531
8534 8532
8477 8533
8420 8534
8363 8535
8306 8536
8249 8537
8192 8538
8135 8539
8078 8540
8021 8541
7964 8542
7907 8543
7850 8544
7793 8545
7736 8546
7679 8547
7622 8548
7565 8549
7508 8550
7451 8551
7394 8552
7337 8553
7280 8554
7223 8555
7166 8556
7109 8557
7052 8558
6995 8559
6938 8560
6881 8561
6824 8562
6767 8563
6710 8564
6653 8565
6596 8566
6539 8567
6482 8568
6425 8569
6368 8570
6311 8571
6254 8572
6197 8573
6140 8574
6083 8575
6076 8926
6019 8927
5962 8928
5905 8929
5848 8930
5791 8931
5734 8932
5677 8933
5620 8934
5563 8935
5506 8936
5449 8937
5392 8938
5335 8939
5278 8940
5221 8941
5164 8942
5107 8943
5050 8944
4993 8945
4936 8946
4879 8947
4822 8948
4765 8949
4708 8950
4651 8951
4594 8952
4537 8953
4480 8954
4423 8955
4366 8956
4309 8957
4252 8958
4195 8959
4138 8960
4081 8961
4024 8962
3967 8963
3910 8964
3853 8965
3796 8966
3739 8967
3682 8968
3625 8969
3568 8970
3511 8971
3454 8972
3397 8973
3340 8974
3283 8975
3226 8976
3169 8977
3112 8978
3055 8979
2998 8980
2941 8981
2884 8982
2827 8983
2770 8984
2713 8985
2656 8986
2599 8987
2542 8988
2485 8989
2428 8990
2371 8991
2314 8992
2257 8993
2200 8994
2143 8995
2086 8996
2029 8997
1972 8998
1915 8999
1858 9000
1801 9001
1744 9002
1687 9003
1630 9004
1573 9005
1516 9006
1459 9007
1402 9008
1345 9009
1288 9010
1231 9011
1174 9012
1117 9013
1060 9014
1003 9015
946 9016
889 9017
832 9018
775 9019
718 9020
661 9021
604 9022
547 9023
490 9024
433 9025
376 9026
319 9027
262 9028
205 9029
148 9030
91 9031
34 9032
59 9207
2 9208
116 9206
173 9205
230 9204
287 9203
344 9202
401 9201
458 9200
515 9199
572 9198
629 9197
686 9196
743 9195
800 9194
857 9193
914 9192
971 9191
1028 9190
1085 9189
1142 9188
1199 9187
1256 9186
1313 9185
1370 9184
1427 9183
1484 9182
1541 9181
1598 9180
1655 9179
1712 9178
1769 9177
1826 9176
1883 9175
1940 9174
1997 9173
2054 9172
2111 9171
2168 9170
2225 9169
2282 9168
2339 9167
2396 9166
2453 9165
2510 9164
2567 9163
2624 9162
2681 9161
2738 9160
2795 9159
2852 9158
2909 9157
2966 9156
3023 9155
3080 9154
3137 9153
3194 9152
3251 9151
3308 9150
3365 9149
3422 9148
3479 9147
3536 9146
3593 9145
3650 9144
3707 9143
3764 9142
3821 9141
3878 9140
3935 9139
3992 9138
4049 9137
4106 9136
4163 9135
4220 9134
4277 9133
4334 9132
4391 9131
4448 9130
4505 9129
4562 9128
4619 9127
4676 9126
4733 9125
4790 9124
4847 9123
4904 9122
4961 9121
5018 9120
5075 9119
5132 9118
5189 9117
5246 9116
5303 9115
5360 9114
5417 9113
5474 9112
5531 9111
5588 9110
5645 9109
5702 9108
5759 9107
5816 9106
5873 9105
5930 9104
5987 9103
6044 9102
6101 9101
6158 9100
6215 9099
6272 9098
6329 9097
6386 9096
6443 9095
6500 9094
6557 9093
6614 9092
6671 9091
6728 9090
6785 9089
6842 9088
6899 9087
6956 9086
7013 9085
7070 9084
7127 9083
7184 9082
7241 9081
7298 9080
7355 9079
7412 9078
7469 9077
7526 9076
7583 9075
7640 9074
7697 9073
7754 9072
7811 9071
7868 9070
7925 9069
7982 9068
8039 9067
8096 9066
8153 9065
8210 9064
8267 9063
8324 9062
8381 9061
8438 9060
8495 9059
8552 9058
8609 9057
8666 9056
8723 9055
8780 9054
8837 9053
8894 9052
8951 9051
9008 9050
9065 9049
9122 9048
9179 9047
9236 9046
9293 9045
9350 9044
9407 9043
9464 9042
9521 9041
9578 9040
9635 9039
9692 9038
9749 9037
9806 9036
9863 9035
9920 9034
9977 9033
9952 8858
9895 8859
9838 8860
9781 8861
9724 8862
9667 8863
9610 8864
9553 8865
9496 8866
9439 8867
9382 8868
9325 8869
9268 8870
9211 8871
9154 8872
9097 8873
9040 8874
8983 8875
8926 8876
8869 8877
8812 8878
8755 8879
8698 8880
8641 8881
8584 8882
8527 8883
8470 8884
8413 8885
8356 8886
8299 8887
8242 8888
8185 8889
8128 8890
8071 8891
8014 8892
7957 8893
7900 8894
7843 8895
7786 8896
7729 8897
7672 8898
7615 8899
7558 8900
7501 8901
7444 8902
7387 8903
7330 8904
7273 8905
7216 8906
7159 8907
7102 8908
7045 8909
6988 8910
6931 8911
6874 8912
6817 8913
6760 8914
6703 8915
6646 8916
6589 8917
6532 8918
6475 8919
6418 8920
6361 8921
6304 8922
6247 8923
6190 8924
6133 8925
6126 9276
6069 9277
6012 9278
5955 9279
5898 9280
5841 9281
5784 9282
5727 9283
5670 9284
5613 9285
5556 9286
5499 9287
5442 9288
5385 9289
5328 9290
5271 9291
5214 9292
5157 9293
5100 9294
5043 9295
4986 9296
4929 9297
4872 9298
4815 9299
4758 9300
4701 9301
4644 9302
4587 9303
4530 9304
4473 9305
4416 9306
4359 9307
4302 9308
4245 9309
4188 9310
4131 9311
4074 9312
4017 9313
3960 9314
3903 9315
3846 9316
3789 9317
3732 9318
3675 9319
3618 9320
3561 9321
3504 9322
3447 9323
3390 9324
3333 9325
3276 9326
3219 9327
3162 9328
3105 9329
3048 9330
2991 9331
2934 9332
2877 9333
2820 9334
2763 9335
2706 9336
2649 9337
2592 9338
2535 9339
2478 9340
2421 9341
2364 9342
2307 9343
2250 9344
2193 9345
2136 9346
2079 9347
2022 9348
1965 9349
1908 9350
1851 9351
1794 9352
1737 9353
1680 9354
1623 9355
1566 9356
1509 9357
1452 9358
1395 9359
1338 9360
1281 9361
1224 9362
1167 9363
1110 9364
1053 9365
996 9366
939 9367
882 9368
825 9369
768 9370
711 9371
654 9372
597 9373
540 9374
483 9375
426 9376
369 9377
312 9378
255 9379
198 9380
141 9381
84 9382
27 9383
52 9558
109 9557
166 9556
223 9555
280 9554
337 9553
394 9552
451 9551
508 9550
565 9549
622 9548
679 9547
736 9546
793 9545
850 9544
907 9543
964 9542
1021 9541
1078 9540
1135 9539
1192 9538
1249 9537
1306 9536
1363 9535
1420 9534
1477 9533
1534 9532
1591 9531
1648 9530
1705 9529
1762 9528
1819 9527
1876 9526
1933 9525
1990 9524
2047 9523
2104 9522
2161 9521
2218 9520
2275 9519
2332 9518
2389 9517
2446 9516
2503 9515
2560 9514
2617 9513
2674 9512
2731 9511
2788 9510
2845 9509
2902 9508
2959 9507
3016 9506
3073 9505
3130 9504
3187 9503
3244 9502
3301 9501
3358 9500
3415 9499
3472 9498
3529 9497
3586 9496
3643 9495
3700 9494
3757 9493
3814 9492
3871 9491
3928 9490
3985 9489
4042 9488
4099 9487
4156 9486
4213 9485
4270 9484
4327 9483
4384 9482
4441 9481
4498 9480
4555 9479
4612 9478
4669 9477
4726 9476
4783 9475
4840 9474
4897 9473
4954 9472
5011 9471
5068 9470
5125 9469
5182 9468
5239 9467
5296 9466
5353 9465
5410 9464
5467 9463
5524 9462
5581 9461
5638 9460
5695 9459
5752 9458
5809 9457
5866 9456
5923 9455
5980 9454
6037 9453
6094 9452
6151 9451
6208 9450
6265 9449
6322 9448
6379 9447
6436 9446
6493 9445
6550 9444
6607 9443
6664 9442
6721 9441
6778 9440
6835 9439
6892 9438
6949 9437
7006 9436
7063 9435
7120 9434
7177 9433
7234 9432
7291 9431
7348 9430
7405 9429
7462 9428
7519 9427
7576 9426
7633 9425
7690 9424
7747 9423
7804 9422
7861 9421
7918 9420
7975 9419
8032 9418
8089 9417
8146 9416
8203 9415
8260 9414
8317 9413
8374 9412
8431 9411
8488 9410
8545 9409
8602 9408
8659 9407
8716 9406
8773 9405
8830 9404
8887 9403
8944 9402
9001 9401
9058 9400
9115 9399
9172 9398
9229 9397
9286 9396
9343 9395
9400 9394
9457 9393
9514 9392
9571 9391
9628 9390
9685 9389
9742 9388
9799 9387
9856 9386
9913 9385
9970 9384
9945 9209
9888 9210
9831 9211
9774 9212
9717 9213
9660 9214
9603 9215
9546 9216
9489 9217
9432 9218
9375 9219
9318 9220
9261 9221
9204 9222
9147 9223
9090 9224
9033 9225
8976 9226
8919 9227
8862 9228
8805 9229
8748 9230
8691 9231
8634 9232
8577 9233
8520 9234
8463 9235
8406 9236
8349 9237
8292 9238
8235 9239
8178 9240
8121 9241
8064 9242
8007 9243
7950 9244
7893 9245
7836 9246
7779 9247
7722 9248
7665 9249
7608 9250
7551 9251
7494 9252
7437 9253
7380 9254
7323 9255
7266 9256
7209 9257
7152 9258
7095 9259
7038 9260
6981 9261
6924 9262
6867 9263
6810 9264
6753 9265
6696 9266
6639 9267
6582 9268
6525 9269
6468 9270
6411 9271
6354 9272
6297 9273
6240 9274
6183 9275
6176 9626
6119 9627
6062 9628
6005 9629
5948 9630
5891 9631
5834 9632
5777 9633
5720 9634
5663 9635
5606 9636
5549 9637
5492 9638
5435 9639
5378 9640
5321 9641
5264 9642
5207 9643
5150 9644
5093 9645
5036 9646
4979 9647
4922 9648
4865 9649
4808 9650
4751 9651
4694 9652
4637 9653
4580 9654
4523 9655
4466 9656
4409 9657
4352 9658
4295 9659
4238 9660
4181 9661
4124 9662
4067 9663
4010 9664
3953 9665
3896 9666
3839 9667
3782 9668
3725 9669
3668 9670
3611 9671
3554 9672
3497 9673
3440 9674
3383 9675
3326 9676
3269 9677
3212 9678
3155 9679
3098 9680
3041 9681
2984 9682
2927 9683
2870 9684
2813 9685
2756 9686
2699 9687
2642 9688
2585 9689
2528 9690
2471 9691
2414 9692
2357 9693
2300 9694
2243 9695
2186 9696
2129 9697
2072 9698
2015 9699
1958 9700
1901 9701
1844 9702
1787 9703
1730 9704
1673 9705
1616 9706
1559 9707
1502 9708
1445 9709
1388 9710
1331 9711
1274 9712
1217 9713
1160 9714
1103 9715
1046 9716
989 9717
932 9718
875 9719
818 9720
761 9721
704 9722
647 9723
590 9724
533 9725
476 9726
419 9727
362 9728
305 9729
248 9730
191 9731
134 9732
77 9733
20 9734
45 9909
102 9908
159 9907
216 9906
273 9905
330 9904
387 9903
444 9902
501 9901
558 9900
615 9899
672 9898
729 9897
786 9896
843 9895
900 9894
957 9893
1014 9892
1071 9891
1128 9890
1185 9889
1242 9888
1299 9887
1356 9886
1413 9885
1470 9884
1527 9883
1584 9882
1641 9881
1698 9880
1755 9879
1812 9878
1869 9877
1926 9876
1983 9875
2040 9874
2097 9873
2154 9872
2211 9871
2268 9870
2325 9869
2382 9868
2439 9867
2496 9866
2553 9865
2610 9864
2667 9863
2724 9862
2781 9861
2838 9860
2895 9859
2952 9858
3009 9857
3066 9856
3123 9855
3180 9854
3237 9853
3294 9852
3351 9851
3408 9850
3465 9849
3522 9848
3579 9847
3636 9846
3693 9845
3750 9844
3807 9843
3864 9842
3921 9841
3978 9840
4035 9839
4092 9838
4149 9837
4206 9836
4263 9835
4320 9834
4377 9833
4434 9832
4491 9831
4548 9830
4605 9829
4662 9828
4719 9827
4776 9826
4833 9825
4890 9824
4947 9823
5004 9822
5061 9821
5118 9820
5175 9819
5232 9818
5289 9817
5346 9816
5403 9815
5460 9814
5517 9813
5574 9812
5631 9811
5688 9810
5745 9809
5802 9808
5859 9807
5916 9806
5973 9805
6030 9804
6087 9803
6144 9802
6201 9801
6258 9800
6315 9799
6372 9798
6429 9797
6486 9796
6543 9795
6600 9794
6657 9793
6714 9792
6771 9791
6828 9790
6885 9789
6942 9788
6999 9787
7056 9786
7113 9785
7170 9784
7227 9783
7284 9782
7341 9781
7398 9780
7455 9779
7512 9778
7569 9777
7626 9776
7683 9775
7740 9774
7797 9773
7854 9772
7911 9771
7968 9770
8025 9769
8082 9768
8139 9767
8196 9766
8253 9765
8310 9764
8367 9763
8424 9762
8481 9761
8538 9760
8595 9759
8652 9758
8709 9757
8766 9756
8823 9755
8880 9754
8937 9753
8994 9752
9051 9751
9108 9750
9165 9749
9222 9748
9279 9747
9336 9746
9393 9745
9450 9744
9507 9743
9564 9742
9621 9741
9678 9740
9735 9739
9792 9738
9849 9737
9906 9736
9963 9735
9938 9560
9881 9561
9824 9562
9767 9563
9710 9564
9653 9565
9596 9566
9539 9567
9482 9568
9425 9569
9368 9570
9311 9571
9254 9572
9197 9573
9140 9574
9083 9575
9026 9576
8969 9577
8912 9578
8855 9579
8798 9580
8741 9581
8684 9582
8627 9583
8570 9584
8513 9585
8456 9586
8399 9587
8342 9588
8285 9589
8228 9590
8171 9591
8114 9592
8057 9593
8000 9594
7943 9595
7886 9596
7829 9597
7772 9598
7715 9599
7658 9600
7601 9601
7544 9602
7487 9603
7430 9604
7373 9605
7316 9606
7259 9607
7202 9608
7145 9609
7088 9610
7031 9611
6974 9612
6917 9613
6860 9614
6803 9615
6746 9616
6689 9617
6632 9618
6575 9619
6518 9620
6461 9621
6404 9622
6347 9623
6290 9624
6233 9625
6226 9976
6169 9977
6112 9978
6055 9979
5998 9980
5941 9981
5884 9982
5827 9983
5770 9984
5713 9985
5656 9986
5599 9987
5542 9988
5485 9989
5428 9990
5371 9991
5314 9992
5257 9993
5200 9994
5143 9995
5086 9996
5029 9997
4972 9998
4915 9999
4858 10000
6283 9975
6340 9974
6397 9973
6454 9972
6511 9971
6568 9970
6625 9969
6682 9968
6739 9967
6796 9966
6853 9965
6910 9964
6967 9963
7024 9962
7081 9961
7138 9960
7195 9959
7252 9958
7309 9957
7366 9956
7423 9955
7480 9954
7537 9953
7594 9952
7651 9951
7708 9950
7765 9949
7822 9948
7879 9947
7936 9946
7993 9945
8050 9944
8107 9943
8164 9942
8221 9941
8278 9940
8335 9939
8392 9938
8449 9937
8506 9936
8563 9935
8620 9934
8677 9933
8734 9932
8791 9931
8848 9930
8905 9929
8962 9928
9019 9927
9076 9926
9133 9925
9190 9924
9247 9923
9304 9922
9361 9921
9418 9920
9475 9919
9532 9918
9589 9917
9646 9916
9703 9915
9760 9914
9817 9913
9874 9912
9931 9911
9988 9910
9995 9559
9980 7454
9987 7103
9994 6752
9979 4647
9986 4296
9993 3945
10000 3594
9978 1840
9985 1489
9992 1138
9999 787
