8 68
73 123
138 178
203 233
268 288
333 343
398 398
463 453
528 508
593 563
658 618
723 673
788 728
853 783
918 838
983 893
1048 948
1113 1003
1178 1058
1243 1113
1308 1168
1373 1223
1438 1278
1503 1333
1568 1388
1633 1443
1698 1498
1763 1553
1828 1608
1893 1663
1958 1718
2023 1773
2088 1828
2153 1883
2218 1938
2283 1993
2348 2048
2413 2103
2478 2158
2543 2213
2608 2268
2673 2323
2738 2378
2803 2433
2868 2488
2933 2543
2998 2598
3063 2653
3128 2708
3193 2763
3258 2818
3323 2873
3388 2928
3453 2983
3518 3038
3583 3093
3648 3148
3713 3203
3778 3258
3843 3313
3908 3368
3973 3423
4038 3478
4103 3533
4168 3588
4233 3643
4298 3698
4363 3753
4428 3808
4493 3863
4558 3918
4623 3973
4688 4028
4753 4083
4818 4138
4883 4193
4948 4248
5013 4303
5078 4358
5143 4413
5208 4468
5273 4523
5338 4578
5403 4633
5468 4688
5533 4743
5598 4798
5663 4853
5728 4908
5793 4963
5858 5018
5923 5073
5988 5128
6053 5183
6118 5238
6183 5293
6248 5348
6313 5403
6378 5458
6443 5513
6508 5568
6573 5623
6638 5678
6703 5733
6768 5788
6833 5843
6898 5898
6963 5953
7028 6008
7093 6063
7158 6118
7223 6173
7288 6228
7353 6283
7418 6338
7483 6393
7548 6448
7613 6503
7678 6558
7743 6613
7808 6668
7873 6723
7938 6778
8003 6833
8068 6888
8133 6943
8198 6998
8263 7053
8328 7108
8393 7163
8458 7218
8523 7273
8588 7328
8653 7383
8718 7438
8783 7493
8848 7548
8913 7603
8978 7658
9043 7713
9108 7768
9173 7823
9238 7878
9303 7933
9368 7988
9433 8043
9498 8098
9563 8153
9628 8208
9693 8263
9758 8318
9823 8373
9888 8428
9953 8483
9939 8625
9874 8570
9809 8515
9744 8460
9679 8405
9614 8350
9549 8295
9484 8240
9419 8185
9354 8130
9289 8075
9224 8020
9159 7965
9094 7910
9029 7855
8964 7800
8899 7745
8834 7690
8769 7635
8704 7580
8639 7525
8574 7470
8509 7415
8444 7360
8379 7305
8314 7250
8249 7195
8184 7140
8119 7085
8054 7030
7989 6975
7924 6920
7859 6865
7794 6810
7729 6755
7664 6700
7599 6645
7534 6590
7469 6535
7404 6480
7339 6425
7274 6370
7209 6315
7144 6260
7079 6205
7014 6150
6949 6095
6884 6040
6819 5985
6754 5930
6689 5875
6624 5820
6559 5765
6494 5710
6429 5655
6364 5600
6299 5545
6234 5490
6169 5435
6104 5380
6039 5325
5974 5270
5909 5215
5844 5160
5779 5105
5714 5050
5649 4995
5584 4940
5519 4885
5454 4830
5389 4775
5324 4720
5259 4665
5194 4610
5129 4555
5064 4500
4999 4445
4934 4390
4869 4335
4804 4280
4739 4225
4674 4170
4609 4115
4544 4060
4479 4005
4414 3950
4349 3895
4284 3840
4219 3785
4154 3730
4089 3675
4024 3620
3959 3565
3894 3510
3829 3455
3764 3400
3699 3345
3634 3290
3569 3235
3504 3180
3439 3125
3374 3070
3309 3015
3244 2960
3179 2905
3114 2850
3049 2795
2984 2740
2919 2685
2854 2630
2789 2575
2724 2520
2659 2465
2594 2410
2529 2355
2464 2300
2399 2245
2334 2190
2269 2135
2204 2080
2139 2025
2074 1970
2009 1915
1944 1860
1879 1805
1814 1750
1749 1695
1684 1640
1619 1585
1554 1530
1489 1475
1424 1420
1359 1365
1294 1310
1229 1255
1164 1200
1099 1145
1034 1090
969 1035
904 980
839 925
774 870
709 815
644 760
579 705
514 650
449 595
384 540
319 485
254 430
189 375
124 320
59 265
45 407
110 462
175 517
240 572
305 627
370 682
435 737
500 792
565 847
630 902
695 957
760 1012
825 1067
890 1122
955 1177
1020 1232
1085 1287
1150 1342
1215 1397
1280 1452
1345 1507
1410 1562
1475 1617
1540 1672
1605 1727
1670 1782
1735 1837
1800 1892
1865 1947
1930 2002
1995 2057
2060 2112
2125 2167
2190 2222
2255 2277
2320 2332
2385 2387
2450 2442
2515 2497
2580 2552
2645 2607
2710 2662
2775 2717
2840 2772
2905 2827
2970 2882
3035 2937
3100 2992
3165 3047
3230 3102
3295 3157
3360 3212
3425 3267
3490 3322
3555 3377
3620 3432
3685 3487
3750 3542
3815 3597
3880 3652
3945 3707
4010 3762
4075 3817
4140 3872
4205 3927
4270 3982
4335 4037
4400 4092
4465 4147
4530 4202
4595 4257
4660 4312
4725 4367
4790 4422
4855 4477
4920 4532
4985 4587
5050 4642
5115 4697
5180 4752
5245 4807
5310 4862
5375 4917
5440 4972
5505 5027
5570 5082
5635 5137
5700 5192
5765 5247
5830 5302
5895 5357
5960 5412
6025 5467
6090 5522
6155 5577
6220 5632
6285 5687
6350 5742
6415 5797
6480 5852
6545 5907
6610 5962
6675 6017
6740 6072
6805 6127
6870 6182
6935 6237
7000 6292
7065 6347
7130 6402
7195 6457
7260 6512
7325 6567
7390 6622
7455 6677
7520 6732
7585 6787
7650 6842
7715 6897
7780 6952
7845 7007
7910 7062
7975 7117
8040 7172
8105 7227
8170 7282
8235 7337
8300 7392
8365 7447
8430 7502
8495 7557
8560 7612
8625 7667
8690 7722
8755 7777
8820 7832
8885 7887
8950 7942
9015 7997
9080 8052
9145 8107
9210 8162
9275 8217
9340 8272
9405 8327
9470 8382
9535 8437
9600 8492
9665 8547
9730 8602
9795 8657
9860 8712
9925 8767
9990 8822
9976 8964
9911 8909
9846 8854
9781 8799
9716 8744
9651 8689
9586 8634
9521 8579
9456 8524
9391 8469
9326 8414
9261 8359
9196 8304
9131 8249
9066 8194
9001 8139
8936 8084
8871 8029
8806 7974
8741 7919
8676 7864
8611 7809
8546 7754
8481 7699
8416 7644
8351 7589
8286 7534
8221 7479
8156 7424
8091 7369
8026 7314
7961 7259
7896 7204
7831 7149
7766 7094
7701 7039
7636 6984
7571 6929
7506 6874
7441 6819
7376 6764
7311 6709
7246 6654
7181 6599
7116 6544
7051 6489
6986 6434
6921 6379
6856 6324
6791 6269
6726 6214
6661 6159
6596 6104
6531 6049
6466 5994
6401 5939
6336 5884
6271 5829
6206 5774
6141 5719
6076 5664
6011 5609
5946 5554
5881 5499
5816 5444
5751 5389
5686 5334
5621 5279
5556 5224
5491 5169
5426 5114
5361 5059
5296 5004
5231 4949
5166 4894
5101 4839
5036 4784
4971 4729
4906 4674
4841 4619
4776 4564
4711 4509
4646 4454
4581 4399
4516 4344
4451 4289
4386 4234
4321 4179
4256 4124
4191 4069
4126 4014
4061 3959
3996 3904
3931 3849
3866 3794
3801 3739
3736 3684
3671 3629
3606 3574
3541 3519
3476 3464
3411 3409
3346 3354
3281 3299
3216 3244
3151 3189
3086 3134
3021 3079
2956 3024
2891 2969
2826 2914
2761 2859
2696 2804
2631 2749
2566 2694
2501 2639
2436 2584
2371 2529
2306 2474
2241 2419
2176 2364
2111 2309
2046 2254
1981 2199
1916 2144
1851 2089
1786 2034
1721 1979
1656 1924
1591 1869
1526 1814
1461 1759
1396 1704
1331 1649
1266 1594
1201 1539
1136 1484
1071 1429
1006 1374
941 1319
876 1264
811 1209
746 1154
681 1099
616 1044
551 989
486 934
421 879
356 824
291 769
226 714
161 659
96 604
31 549
17 691
82 746
147 801
212 856
277 911
342 966
407 1021
472 1076
537 1131
602 1186
667 1241
732 1296
797 1351
862 1406
927 1461
992 1516
1057 1571
1122 1626
1187 1681
1252 1736
1317 1791
1382 1846
1447 1901
1512 1956
1577 2011
1642 2066
1707 2121
1772 2176
1837 2231
1902 2286
1967 2341
2032 2396
2097 2451
2162 2506
2227 2561
2292 2616
2357 2671
2422 2726
2487 2781
2552 2836
2617 2891
2682 2946
2747 3001
2812 3056
2877 3111
2942 3166
3007 3221
3072 3276
3137 3331
3202 3386
3267 3441
3332 3496
3397 3551
3462 3606
3527 3661
3592 3716
3657 3771
3722 3826
3787 3881
3852 3936
3917 3991
3982 4046
4047 4101
4112 4156
4177 4211
4242 4266
4307 4321
4372 4376
4437 4431
4502 4486
4567 4541
4632 4596
4697 4651
4762 4706
4827 4761
4892 4816
4957 4871
5022 4926
5087 4981
5152 5036
5217 5091
5282 5146
5347 5201
5412 5256
5477 5311
5542 5366
5607 5421
5672 5476
5737 5531
5802 5586
5867 5641
5932 5696
5997 5751
6062 5806
6127 5861
6192 5916
6257 5971
6322 6026
6387 6081
6452 6136
6517 6191
6582 6246
6647 6301
6712 6356
6777 6411
6842 6466
6907 6521
6972 6576
7037 6631
7102 6686
7167 6741
7232 6796
7297 6851
7362 6906
7427 6961
7492 7016
7557 7071
7622 7126
7687 7181
7752 7236
7817 7291
7882 7346
7947 7401
8012 7456
8077 7511
8142 7566
8207 7621
8272 7676
8337 7731
8402 7786
8467 7841
8532 7896
8597 7951
8662 8006
8727 8061
8792 8116
8857 8171
8922 8226
8987 8281
9052 8336
9117 8391
9182 8446
9247 8501
9312 8556
9377 8611
9442 8666
9507 8721
9572 8776
9637 8831
9702 8886
9767 8941
9832 8996
9897 9051
9962 9106
9948 9248
9883 9193
9818 9138
9753 9083
9688 9028
9623 8973
9558 8918
9493 8863
9428 8808
9363 8753
9298 8698
9233 8643
9168 8588
9103 8533
9038 8478
8973 8423
8908 8368
8843 8313
8778 8258
8713 8203
8648 8148
8583 8093
8518 8038
8453 7983
8388 7928
8323 7873
8258 7818
8193 7763
8128 7708
8063 7653
7998 7598
7933 7543
7868 7488
7803 7433
7738 7378
7673 7323
7608 7268
7543 7213
7478 7158
7413 7103
7348 7048
7283 6993
7218 6938
7153 6883
7088 6828
7023 6773
6958 6718
6893 6663
6828 6608
6763 6553
6698 6498
6633 6443
6568 6388
6503 6333
6438 6278
6373 6223
6308 6168
6243 6113
6178 6058
6113 6003
6048 5948
5983 5893
5918 5838
5853 5783
5788 5728
5723 5673
5658 5618
5593 5563
5528 5508
5463 5453
5398 5398
5333 5343
5268 5288
5203 5233
5138 5178
5073 5123
5008 5068
4943 5013
4878 4958
4813 4903
4748 4848
4683 4793
4618 4738
4553 4683
4488 4628
4423 4573
4358 4518
4293 4463
4228 4408
4163 4353
4098 4298
4033 4243
3968 4188
3903 4133
3838 4078
3773 4023
3708 3968
3643 3913
3578 3858
3513 3803
3448 3748
3383 3693
3318 3638
3253 3583
3188 3528
3123 3473
3058 3418
2993 3363
2928 3308
2863 3253
2798 3198
2733 3143
2668 3088
2603 3033
2538 2978
2473 2923
2408 2868
2343 2813
2278 2758
2213 2703
2148 2648
2083 2593
2018 2538
1953 2483
1888 2428
1823 2373
1758 2318
1693 2263
1628 2208
1563 2153
1498 2098
1433 2043
1368 1988
1303 1933
1238 1878
1173 1823
1108 1768
1043 1713
978 1658
913 1603
848 1548
783 1493
718 1438
653 1383
588 1328
523 1273
458 1218
393 1163
328 1108
263 1053
198 998
133 943
68 888
3 833
54 1030
119 1085
184 1140
249 1195
314 1250
379 1305
444 1360
509 1415
574 1470
639 1525
704 1580
769 1635
834 1690
899 1745
964 1800
1029 1855
1094 1910
1159 1965
1224 2020
1289 2075
1354 2130
1419 2185
1484 2240
1549 2295
1614 2350
1679 2405
1744 2460
1809 2515
1874 2570
1939 2625
2004 2680
2069 2735
2134 2790
2199 2845
2264 2900
2329 2955
2394 3010
2459 3065
2524 3120
2589 3175
2654 3230
2719 3285
2784 3340
2849 3395
2914 3450
2979 3505
3044 3560
3109 3615
3174 3670
3239 3725
3304 3780
3369 3835
3434 3890
3499 3945
3564 4000
3629 4055
3694 4110
3759 4165
3824 4220
3889 4275
3954 4330
4019 4385
4084 4440
4149 4495
4214 4550
4279 4605
4344 4660
4409 4715
4474 4770
4539 4825
4604 4880
4669 4935
4734 4990
4799 5045
4864 5100
4929 5155
4994 5210
5059 5265
5124 5320
5189 5375
5254 5430
5319 5485
5384 5540
5449 5595
5514 5650
5579 5705
5644 5760
5709 5815
5774 5870
5839 5925
5904 5980
5969 6035
6034 6090
6099 6145
6164 6200
6229 6255
6294 6310
6359 6365
6424 6420
6489 6475
6554 6530
6619 6585
6684 6640
6749 6695
6814 6750
6879 6805
6944 6860
7009 6915
7074 6970
7139 7025
7204 7080
7269 7135
7334 7190
7399 7245
7464 7300
7529 7355
7594 7410
7659 7465
7724 7520
7789 7575
7854 7630
7919 7685
7984 7740
8049 7795
8114 7850
8179 7905
8244 7960
8309 8015
8374 8070
8439 8125
8504 8180
8569 8235
8634 8290
8699 8345
8764 8400
8829 8455
8894 8510
8959 8565
9024 8620
9089 8675
9154 8730
9219 8785
9284 8840
9349 8895
9414 8950
9479 9005
9544 9060
9609 9115
9674 9170
9739 9225
9804 9280
9869 9335
9934 9390
9999 9445
9985 9587
9920 9532
9855 9477
9790 9422
9725 9367
9660 9312
9595 9257
9530 9202
9465 9147
9400 9092
9335 9037
9270 8982
9205 8927
9140 8872
9075 8817
9010 8762
8945 8707
8880 8652
8815 8597
8750 8542
8685 8487
8620 8432
8555 8377
8490 8322
8425 8267
8360 8212
8295 8157
8230 8102
8165 8047
8100 7992
8035 7937
7970 7882
7905 7827
7840 7772
7775 7717
7710 7662
7645 7607
7580 7552
7515 7497
7450 7442
7385 7387
7320 7332
7255 7277
7190 7222
7125 7167
7060 7112
6995 7057
6930 7002
6865 6947
6800 6892
6735 6837
6670 6782
6605 6727
6540 6672
6475 6617
6410 6562
6345 6507
6280 6452
6215 6397
6150 6342
6085 6287
6020 6232
5955 6177
5890 6122
5825 6067
5760 6012
5695 5957
5630 5902
5565 5847
5500 5792
5435 5737
5370 5682
5305 5627
5240 5572
5175 5517
5110 5462
5045 5407
4980 5352
4915 5297
4850 5242
4785 5187
4720 5132
4655 5077
4590 5022
4525 4967
4460 4912
4395 4857
4330 4802
4265 4747
4200 4692
4135 4637
4070 4582
4005 4527
3940 4472
3875 4417
3810 4362
3745 4307
3680 4252
3615 4197
3550 4142
3485 4087
3420 4032
3355 3977
3290 3922
3225 3867
3160 3812
3095 3757
3030 3702
2965 3647
2900 3592
2835 3537
2770 3482
2705 3427
2640 3372
2575 3317
2510 3262
2445 3207
2380 3152
2315 3097
2250 3042
2185 2987
2120 2932
2055 2877
1990 2822
1925 2767
1860 2712
1795 2657
1730 2602
1665 2547
1600 2492
1535 2437
1470 2382
1405 2327
1340 2272
1275 2217
1210 2162
1145 2107
1080 2052
1015 1997
950 1942
885 1887
820 1832
755 1777
690 1722
625 1667
560 1612
495 1557
430 1502
365 1447
300 1392
235 1337
170 1282
105 1227
40 1172
26 1314
91 1369
156 1424
221 1479
286 1534
351 1589
416 1644
481 1699
546 1754
611 1809
676 1864
741 1919
806 1974
871 2029
936 2084
1001 2139
1066 2194
1131 2249
1196 2304
1261 2359
1326 2414
1391 2469
1456 2524
1521 2579
1586 2634
1651 2689
1716 2744
1781 2799
1846 2854
1911 2909
1976 2964
2041 3019
2106 3074
2171 3129
2236 3184
2301 3239
2366 3294
2431 3349
2496 3404
2561 3459
2626 3514
2691 3569
2756 3624
2821 3679
2886 3734
2951 3789
3016 3844
3081 3899
3146 3954
3211 4009
3276 4064
3341 4119
3406 4174
3471 4229
3536 4284
3601 4339
3666 4394
3731 4449
3796 4504
3861 4559
3926 4614
3991 4669
4056 4724
4121 4779
4186 4834
4251 4889
4316 4944
4381 4999
4446 5054
4511 5109
4576 5164
4641 5219
4706 5274
4771 5329
4836 5384
4901 5439
4966 5494
5031 5549
5096 5604
5161 5659
5226 5714
5291 5769
5356 5824
5421 5879
5486 5934
5551 5989
5616 6044
5681 6099
5746 6154
5811 6209
5876 6264
5941 6319
6006 6374
6071 6429
6136 6484
6201 6539
6266 6594
6331 6649
6396 6704
6461 6759
6526 6814
6591 6869
6656 6924
6721 6979
6786 7034
6851 7089
6916 7144
6981 7199
7046 7254
7111 7309
7176 7364
7241 7419
7306 7474
7371 7529
7436 7584
7501 7639
7566 7694
7631 7749
7696 7804
7761 7859
7826 7914
7891 7969
7956 8024
8021 8079
8086 8134
8151 8189
8216 8244
8281 8299
8346 8354
8411 8409
8476 8464
8541 8519
8606 8574
8671 8629
8736 8684
8801 8739
8866 8794
8931 8849
8996 8904
9061 8959
9126 9014
9191 9069
9256 9124
9321 9179
9386 9234
9451 9289
9516 9344
9581 9399
9646 9454
9711 9509
9776 9564
9841 9619
9906 9674
9971 9729
9957 9871
9892 9816
9827 9761
9762 9706
9697 9651
9632 9596
9567 9541
9502 9486
9437 9431
9372 9376
9307 9321
9242 9266
9177 9211
9112 9156
9047 9101
8982 9046
8917 8991
8852 8936
8787 8881
8722 8826
8657 8771
8592 8716
8527 8661
8462 8606
8397 8551
8332 8496
8267 8441
8202 8386
8137 8331
8072 8276
8007 8221
7942 8166
7877 8111
7812 8056
7747 8001
7682 7946
7617 7891
7552 7836
7487 7781
7422 7726
7357 7671
7292 7616
7227 7561
7162 7506
7097 7451
7032 7396
6967 7341
6902 7286
6837 7231
6772 7176
6707 7121
6642 7066
6577 7011
6512 6956
6447 6901
6382 6846
6317 6791
6252 6736
6187 6681
6122 6626
6057 6571
5992 6516
5927 6461
5862 6406
5797 6351
5732 6296
5667 6241
5602 6186
5537 6131
5472 6076
5407 6021
5342 5966
5277 5911
5212 5856
5147 5801
5082 5746
5017 5691
4952 5636
4887 5581
4822 5526
4757 5471
4692 5416
4627 5361
4562 5306
4497 5251
4432 5196
4367 5141
4302 5086
4237 5031
4172 4976
4107 4921
4042 4866
3977 4811
3912 4756
3847 4701
3782 4646
3717 4591
3652 4536
3587 4481
3522 4426
3457 4371
3392 4316
3327 4261
3262 4206
3197 4151
3132 4096
3067 4041
3002 3986
2937 3931
2872 3876
2807 3821
2742 3766
2677 3711
2612 3656
2547 3601
2482 3546
2417 3491
2352 3436
2287 3381
2222 3326
2157 3271
2092 3216
2027 3161
1962 3106
1897 3051
1832 2996
1767 2941
1702 2886
1637 2831
1572 2776
1507 2721
1442 2666
1377 2611
1312 2556
1247 2501
1182 2446
1117 2391
1052 2336
987 2281
922 2226
857 2171
792 2116
727 2061
662 2006
597 1951
532 1896
467 1841
402 1786
337 1731
272 1676
207 1621
142 1566
77 1511
12 1456
63 1653
128 1708
193 1763
258 1818
323 1873
388 1928
453 1983
518 2038
583 2093
648 2148
713 2203
778 2258
843 2313
908 2368
973 2423
1038 2478
1103 2533
1168 2588
1233 2643
1298 2698
1363 2753
1428 2808
1493 2863
1558 2918
1623 2973
1688 3028
1753 3083
1818 3138
1883 3193
1948 3248
2013 3303
2078 3358
2143 3413
2208 3468
2273 3523
2338 3578
2403 3633
2468 3688
2533 3743
2598 3798
2663 3853
2728 3908
2793 3963
2858 4018
2923 4073
2988 4128
3053 4183
3118 4238
3183 4293
3248 4348
3313 4403
3378 4458
3443 4513
3508 4568
3573 4623
3638 4678
3703 4733
3768 4788
3833 4843
3898 4898
3963 4953
4028 5008
4093 5063
4158 5118
4223 5173
4288 5228
4353 5283
4418 5338
4483 5393
4548 5448
4613 5503
4678 5558
4743 5613
4808 5668
4873 5723
4938 5778
5003 5833
5068 5888
5133 5943
5198 5998
5263 6053
5328 6108
5393 6163
5458 6218
5523 6273
5588 6328
5653 6383
5718 6438
5783 6493
5848 6548
5913 6603
5978 6658
6043 6713
6108 6768
6173 6823
6238 6878
6303 6933
6368 6988
6433 7043
6498 7098
6563 7153
6628 7208
6693 7263
6758 7318
6823 7373
6888 7428
6953 7483
7018 7538
7083 7593
7148 7648
7213 7703
7278 7758
7343 7813
7408 7868
7473 7923
7538 7978
7603 8033
7668 8088
7733 8143
7798 8198
7863 8253
7928 8308
7993 8363
8058 8418
8123 8473
8188 8528
8253 8583
8318 8638
8383 8693
8448 8748
8513 8803
8578 8858
8643 8913
8708 8968
8773 9023
8838 9078
8903 9133
8968 9188
9033 9243
9098 9298
9163 9353
9228 9408
9293 9463
9358 9518
9423 9573
9488 9628
9553 9683
9618 9738
9683 9793
9748 9848
9813 9903
9878 9958
9734 9990
9669 9935
9604 9880
9539 9825
9474 9770
9409 9715
9344 9660
9279 9605
9214 9550
9149 9495
9084 9440
9019 9385
8954 9330
8889 9275
8824 9220
8759 9165
8694 9110
8629 9055
8564 9000
8499 8945
8434 8890
8369 8835
8304 8780
8239 8725
8174 8670
8109 8615
8044 8560
7979 8505
7914 8450
7849 8395
7784 8340
7719 8285
7654 8230
7589 8175
7524 8120
7459 8065
7394 8010
7329 7955
7264 7900
7199 7845
7134 7790
7069 7735
7004 7680
6939 7625
6874 7570
6809 7515
6744 7460
6679 7405
6614 7350
6549 7295
6484 7240
6419 7185
6354 7130
6289 7075
6224 7020
6159 6965
6094 6910
6029 6855
5964 6800
5899 6745
5834 6690
5769 6635
5704 6580
5639 6525
5574 6470
5509 6415
5444 6360
5379 6305
5314 6250
5249 6195
5184 6140
5119 6085
5054 6030
4989 5975
4924 5920
4859 5865
4794 5810
4729 5755
4664 5700
4599 5645
4534 5590
4469 5535
4404 5480
4339 5425
4274 5370
4209 5315
4144 5260
4079 5205
4014 5150
3949 5095
3884 5040
3819 4985
3754 4930
3689 4875
3624 4820
3559 4765
3494 4710
3429 4655
3364 4600
3299 4545
3234 4490
3169 4435
3104 4380
3039 4325
2974 4270
2909 4215
2844 4160
2779 4105
2714 4050
2649 3995
2584 3940
2519 3885
2454 3830
2389 3775
2324 3720
2259 3665
2194 3610
2129 3555
2064 3500
1999 3445
1934 3390
1869 3335
1804 3280
1739 3225
1674 3170
1609 3115
1544 3060
1479 3005
1414 2950
1349 2895
1284 2840
1219 2785
1154 2730
1089 2675
1024 2620
959 2565
894 2510
829 2455
764 2400
699 2345
634 2290
569 2235
504 2180
439 2125
374 2070
309 2015
244 1960
179 1905
114 1850
49 1795
35 1937
100 1992
165 2047
230 2102
295 2157
360 2212
425 2267
490 2322
555 2377
620 2432
685 2487
750 2542
815 2597
880 2652
945 2707
1010 2762
1075 2817
1140 2872
1205 2927
1270 2982
1335 3037
1400 3092
1465 3147
1530 3202
1595 3257
1660 3312
1725 3367
1790 3422
1855 3477
1920 3532
1985 3587
2050 3642
2115 3697
2180 3752
2245 3807
2310 3862
2375 3917
2440 3972
2505 4027
2570 4082
2635 4137
2700 4192
2765 4247
2830 4302
2895 4357
2960 4412
3025 4467
3090 4522
3155 4577
3220 4632
3285 4687
3350 4742
3415 4797
3480 4852
3545 4907
3610 4962
3675 5017
3740 5072
3805 5127
3870 5182
3935 5237
4000 5292
4065 5347
4130 5402
4195 5457
4260 5512
4325 5567
4390 5622
4455 5677
4520 5732
4585 5787
4650 5842
4715 5897
4780 5952
4845 6007
4910 6062
4975 6117
5040 6172
5105 6227
5170 6282
5235 6337
5300 6392
5365 6447
5430 6502
5495 6557
5560 6612
5625 6667
5690 6722
5755 6777
5820 6832
5885 6887
5950 6942
6015 6997
6080 7052
6145 7107
6210 7162
6275 7217
6340 7272
6405 7327
6470 7382
6535 7437
6600 7492
6665 7547
6730 7602
6795 7657
6860 7712
6925 7767
6990 7822
7055 7877
7120 7932
7185 7987
7250 8042
7315 8097
7380 8152
7445 8207
7510 8262
7575 8317
7640 8372
7705 8427
7770 8482
7835 8537
7900 8592
7965 8647
8030 8702
8095 8757
8160 8812
8225 8867
8290 8922
8355 8977
8420 9032
8485 9087
8550 9142
8615 9197
8680 9252
8745 9307
8810 9362
8875 9417
8940 9472
9005 9527
9070 9582
9135 9637
9200 9692
9265 9747
9330 9802
9395 9857
9460 9912
9525 9967
9381 9999
9316 9944
9251 9889
9186 9834
9121 9779
9056 9724
8991 9669
8926 9614
8861 9559
8796 9504
8731 9449
8666 9394
8601 9339
8536 9284
8471 9229
8406 9174
8341 9119
8276 9064
8211 9009
8146 8954
8081 8899
8016 8844
7951 8789
7886 8734
7821 8679
7756 8624
7691 8569
7626 8514
7561 8459
7496 8404
7431 8349
7366 8294
7301 8239
7236 8184
7171 8129
7106 8074
7041 8019
6976 7964
6911 7909
6846 7854
6781 7799
6716 7744
6651 7689
6586 7634
6521 7579
6456 7524
6391 7469
6326 7414
6261 7359
6196 7304
6131 7249
6066 7194
6001 7139
5936 7084
5871 7029
5806 6974
5741 6919
5676 6864
5611 6809
5546 6754
5481 6699
5416 6644
5351 6589
5286 6534
5221 6479
5156 6424
5091 6369
5026 6314
4961 6259
4896 6204
4831 6149
4766 6094
4701 6039
4636 5984
4571 5929
4506 5874
4441 5819
4376 5764
4311 5709
4246 5654
4181 5599
4116 5544
4051 5489
3986 5434
3921 5379
3856 5324
3791 5269
3726 5214
3661 5159
3596 5104
3531 5049
3466 4994
3401 4939
3336 4884
3271 4829
3206 4774
3141 4719
3076 4664
3011 4609
2946 4554
2881 4499
2816 4444
2751 4389
2686 4334
2621 4279
2556 4224
2491 4169
2426 4114
2361 4059
2296 4004
2231 3949
2166 3894
2101 3839
2036 3784
1971 3729
1906 3674
1841 3619
1776 3564
1711 3509
1646 3454
1581 3399
1516 3344
1451 3289
1386 3234
1321 3179
1256 3124
1191 3069
1126 3014
1061 2959
996 2904
931 2849
866 2794
801 2739
736 2684
671 2629
606 2574
541 2519
476 2464
411 2409
346 2354
281 2299
216 2244
151 2189
86 2134
21 2079
7 2221
72 2276
137 2331
202 2386
267 2441
332 2496
397 2551
462 2606
527 2661
592 2716
657 2771
722 2826
787 2881
852 2936
917 2991
982 3046
1047 3101
1112 3156
1177 3211
1242 3266
1307 3321
1372 3376
1437 3431
1502 3486
1567 3541
1632 3596
1697 3651
1762 3706
1827 3761
1892 3816
1957 3871
2022 3926
2087 3981
2152 4036
2217 4091
2282 4146
2347 4201
2412 4256
2477 4311
2542 4366
2607 4421
2672 4476
2737 4531
2802 4586
2867 4641
2932 4696
2997 4751
3062 4806
3127 4861
3192 4916
3257 4971
3322 5026
3387 5081
3452 5136
3517 5191
3582 5246
3647 5301
3712 5356
3777 5411
3842 5466
3907 5521
3972 5576
4037 5631
4102 5686
4167 5741
4232 5796
4297 5851
4362 5906
4427 5961
4492 6016
4557 6071
4622 6126
4687 6181
4752 6236
4817 6291
4882 6346
4947 6401
5012 6456
5077 6511
5142 6566
5207 6621
5272 6676
5337 6731
5402 6786
5467 6841
5532 6896
5597 6951
5662 7006
5727 7061
5792 7116
5857 7171
5922 7226
5987 7281
6052 7336
6117 7391
6182 7446
6247 7501
6312 7556
6377 7611
6442 7666
6507 7721
6572 7776
6637 7831
6702 7886
6767 7941
6832 7996
6897 8051
6962 8106
7027 8161
7092 8216
7157 8271
7222 8326
7287 8381
7352 8436
7417 8491
7482 8546
7547 8601
7612 8656
7677 8711
7742 8766
7807 8821
7872 8876
7937 8931
8002 8986
8067 9041
8132 9096
8197 9151
8262 9206
8327 9261
8392 9316
8457 9371
8522 9426
8587 9481
8652 9536
8717 9591
8782 9646
8847 9701
8912 9756
8977 9811
9042 9866
9107 9921
9172 9976
8963 9953
8898 9898
8833 9843
8768 9788
8703 9733
8638 9678
8573 9623
8508 9568
8443 9513
8378 9458
8313 9403
8248 9348
8183 9293
8118 9238
8053 9183
7988 9128
7923 9073
7858 9018
7793 8963
7728 8908
7663 8853
7598 8798
7533 8743
7468 8688
7403 8633
7338 8578
7273 8523
7208 8468
7143 8413
7078 8358
7013 8303
6948 8248
6883 8193
6818 8138
6753 8083
6688 8028
6623 7973
6558 7918
6493 7863
6428 7808
6363 7753
6298 7698
6233 7643
6168 7588
6103 7533
6038 7478
5973 7423
5908 7368
5843 7313
5778 7258
5713 7203
5648 7148
5583 7093
5518 7038
5453 6983
5388 6928
5323 6873
5258 6818
5193 6763
5128 6708
5063 6653
4998 6598
4933 6543
4868 6488
4803 6433
4738 6378
4673 6323
4608 6268
4543 6213
4478 6158
4413 6103
4348 6048
4283 5993
4218 5938
4153 5883
4088 5828
4023 5773
3958 5718
3893 5663
3828 5608
3763 5553
3698 5498
3633 5443
3568 5388
3503 5333
3438 5278
3373 5223
3308 5168
3243 5113
3178 5058
3113 5003
3048 4948
2983 4893
2918 4838
2853 4783
2788 4728
2723 4673
2658 4618
2593 4563
2528 4508
2463 4453
2398 4398
2333 4343
2268 4288
2203 4233
2138 4178
2073 4123
2008 4068
1943 4013
1878 3958
1813 3903
1748 3848
1683 3793
1618 3738
1553 3683
1488 3628
1423 3573
1358 3518
1293 3463
1228 3408
1163 3353
1098 3298
1033 3243
968 3188
903 3133
838 3078
773 3023
708 2968
643 2913
578 2858
513 2803
448 2748
383 2693
318 2638
253 2583
188 2528
123 2473
58 2418
44 2560
109 2615
174 2670
239 2725
304 2780
369 2835
434 2890
499 2945
564 3000
629 3055
694 3110
759 3165
824 3220
889 3275
954 3330
1019 3385
1084 3440
1149 3495
1214 3550
1279 3605
1344 3660
1409 3715
1474 3770
1539 3825
1604 3880
1669 3935
1734 3990
1799 4045
1864 4100
1929 4155
1994 4210
2059 4265
2124 4320
2189 4375
2254 4430
2319 4485
2384 4540
2449 4595
2514 4650
2579 4705
2644 4760
2709 4815
2774 4870
2839 4925
2904 4980
2969 5035
3034 5090
3099 5145
3164 5200
3229 5255
3294 5310
3359 5365
3424 5420
3489 5475
3554 5530
3619 5585
3684 5640
3749 5695
3814 5750
3879 5805
3944 5860
4009 5915
4074 5970
4139 6025
4204 6080
4269 6135
4334 6190
4399 6245
4464 6300
4529 6355
4594 6410
4659 6465
4724 6520
4789 6575
4854 6630
4919 6685
4984 6740
5049 6795
5114 6850
5179 6905
5244 6960
5309 7015
5374 7070
5439 7125
5504 7180
5569 7235
5634 7290
5699 7345
5764 7400
5829 7455
5894 7510
5959 7565
6024 7620
6089 7675
6154 7730
6219 7785
6284 7840
6349 7895
6414 7950
6479 8005
6544 8060
6609 8115
6674 8170
6739 8225
6804 8280
6869 8335
6934 8390
6999 8445
7064 8500
7129 8555
7194 8610
7259 8665
7324 8720
7389 8775
7454 8830
7519 8885
7584 8940
7649 8995
7714 9050
7779 9105
7844 9160
7909 9215
7974 9270
8039 9325
8104 9380
8169 9435
8234 9490
8299 9545
8364 9600
8429 9655
8494 9710
8559 9765
8624 9820
8689 9875
8754 9930
8819 9985
8610 9962
8545 9907
8480 9852
8415 9797
8350 9742
8285 9687
8220 9632
8155 9577
8090 9522
8025 9467
7960 9412
7895 9357
7830 9302
7765 9247
7700 9192
7635 9137
7570 9082
7505 9027
7440 8972
7375 8917
7310 8862
7245 8807
7180 8752
7115 8697
7050 8642
6985 8587
6920 8532
6855 8477
6790 8422
6725 8367
6660 8312
6595 8257
6530 8202
6465 8147
6400 8092
6335 8037
6270 7982
6205 7927
6140 7872
6075 7817
6010 7762
5945 7707
5880 7652
5815 7597
5750 7542
5685 7487
5620 7432
5555 7377
5490 7322
5425 7267
5360 7212
5295 7157
5230 7102
5165 7047
5100 6992
5035 6937
4970 6882
4905 6827
4840 6772
4775 6717
4710 6662
4645 6607
4580 6552
4515 6497
4450 6442
4385 6387
4320 6332
4255 6277
4190 6222
4125 6167
4060 6112
3995 6057
3930 6002
3865 5947
3800 5892
3735 5837
3670 5782
3605 5727
3540 5672
3475 5617
3410 5562
3345 5507
3280 5452
3215 5397
3150 5342
3085 5287
3020 5232
2955 5177
2890 5122
2825 5067
2760 5012
2695 4957
2630 4902
2565 4847
2500 4792
2435 4737
2370 4682
2305 4627
2240 4572
2175 4517
2110 4462
2045 4407
1980 4352
1915 4297
1850 4242
1785 4187
1720 4132
1655 4077
1590 4022
1525 3967
1460 3912
1395 3857
1330 3802
1265 3747
1200 3692
1135 3637
1070 3582
1005 3527
940 3472
875 3417
810 3362
745 3307
680 3252
615 3197
550 3142
485 3087
420 3032
355 2977
290 2922
225 2867
160 2812
95 2757
30 2702
16 2844
81 2899
146 2954
211 3009
276 3064
341 3119
406 3174
471 3229
536 3284
601 3339
666 3394
731 3449
796 3504
861 3559
926 3614
991 3669
1056 3724
1121 3779
1186 3834
1251 3889
1316 3944
1381 3999
1446 4054
1511 4109
1576 4164
1641 4219
1706 4274
1771 4329
1836 4384
1901 4439
1966 4494
2031 4549
2096 4604
2161 4659
2226 4714
2291 4769
2356 4824
2421 4879
2486 4934
2551 4989
2616 5044
2681 5099
2746 5154
2811 5209
2876 5264
2941 5319
3006 5374
3071 5429
3136 5484
3201 5539
3266 5594
3331 5649
3396 5704
3461 5759
3526 5814
3591 5869
3656 5924
3721 5979
3786 6034
3851 6089
3916 6144
3981 6199
4046 6254
4111 6309
4176 6364
4241 6419
4306 6474
4371 6529
4436 6584
4501 6639
4566 6694
4631 6749
4696 6804
4761 6859
4826 6914
4891 6969
4956 7024
5021 7079
5086 7134
5151 7189
5216 7244
5281 7299
5346 7354
5411 7409
5476 7464
5541 7519
5606 7574
5671 7629
5736 7684
5801 7739
5866 7794
5931 7849
5996 7904
6061 7959
6126 8014
6191 8069
6256 8124
6321 8179
6386 8234
6451 8289
6516 8344
6581 8399
6646 8454
6711 8509
6776 8564
6841 8619
6906 8674
6971 8729
7036 8784
7101 8839
7166 8894
7231 8949
7296 9004
7361 9059
7426 9114
7491 9169
7556 9224
7621 9279
7686 9334
7751 9389
7816 9444
7881 9499
7946 9554
8011 9609
8076 9664
8141 9719
8206 9774
8271 9829
8336 9884
8401 9939
8466 9994
8257 9971
8192 9916
8127 9861
8062 9806
7997 9751
7932 9696
7867 9641
7802 9586
7737 9531
7672 9476
7607 9421
7542 9366
7477 9311
7412 9256
7347 9201
7282 9146
7217 9091
7152 9036
7087 8981
7022 8926
6957 8871
6892 8816
6827 8761
6762 8706
6697 8651
6632 8596
6567 8541
6502 8486
6437 8431
6372 8376
6307 8321
6242 8266
6177 8211
6112 8156
6047 8101
5982 8046
5917 7991
5852 7936
5787 7881
5722 7826
5657 7771
5592 7716
5527 7661
5462 7606
5397 7551
5332 7496
5267 7441
5202 7386
5137 7331
5072 7276
5007 7221
4942 7166
4877 7111
4812 7056
4747 7001
4682 6946
4617 6891
4552 6836
4487 6781
4422 6726
4357 6671
4292 6616
4227 6561
4162 6506
4097 6451
4032 6396
3967 6341
3902 6286
3837 6231
3772 6176
3707 6121
3642 6066
3577 6011
3512 5956
3447 5901
3382 5846
3317 5791
3252 5736
3187 5681
3122 5626
3057 5571
2992 5516
2927 5461
2862 5406
2797 5351
2732 5296
2667 5241
2602 5186
2537 5131
2472 5076
2407 5021
2342 4966
2277 4911
2212 4856
2147 4801
2082 4746
2017 4691
1952 4636
1887 4581
1822 4526
1757 4471
1692 4416
1627 4361
1562 4306
1497 4251
1432 4196
1367 4141
1302 4086
1237 4031
1172 3976
1107 3921
1042 3866
977 3811
912 3756
847 3701
782 3646
717 3591
652 3536
587 3481
522 3426
457 3371
392 3316
327 3261
262 3206
197 3151
132 3096
67 3041
2 2986
53 3183
118 3238
183 3293
248 3348
313 3403
378 3458
443 3513
508 3568
573 3623
638 3678
703 3733
768 3788
833 3843
898 3898
963 3953
1028 4008
1093 4063
1158 4118
1223 4173
1288 4228
1353 4283
1418 4338
1483 4393
1548 4448
1613 4503
1678 4558
1743 4613
1808 4668
1873 4723
1938 4778
2003 4833
2068 4888
2133 4943
2198 4998
2263 5053
2328 5108
2393 5163
2458 5218
2523 5273
2588 5328
2653 5383
2718 5438
2783 5493
2848 5548
2913 5603
2978 5658
3043 5713
3108 5768
3173 5823
3238 5878
3303 5933
3368 5988
3433 6043
3498 6098
3563 6153
3628 6208
3693 6263
3758 6318
3823 6373
3888 6428
3953 6483
4018 6538
4083 6593
4148 6648
4213 6703
4278 6758
4343 6813
4408 6868
4473 6923
4538 6978
4603 7033
4668 7088
4733 7143
4798 7198
4863 7253
4928 7308
4993 7363
5058 7418
5123 7473
5188 7528
5253 7583
5318 7638
5383 7693
5448 7748
5513 7803
5578 7858
5643 7913
5708 7968
5773 8023
5838 8078
5903 8133
5968 8188
6033 8243
6098 8298
6163 8353
6228 8408
6293 8463
6358 8518
6423 8573
6488 8628
6553 8683
6618 8738
6683 8793
6748 8848
6813 8903
6878 8958
6943 9013
7008 9068
7073 9123
7138 9178
7203 9233
7268 9288
7333 9343
7398 9398
7463 9453
7528 9508
7593 9563
7658 9618
7723 9673
7788 9728
7853 9783
7918 9838
7983 9893
8048 9948
7904 9980
7839 9925
7774 9870
7709 9815
7644 9760
7579 9705
7514 9650
7449 9595
7384 9540
7319 9485
7254 9430
7189 9375
7124 9320
7059 9265
6994 9210
6929 9155
6864 9100
6799 9045
6734 8990
6669 8935
6604 8880
6539 8825
6474 8770
6409 8715
6344 8660
6279 8605
6214 8550
6149 8495
6084 8440
6019 8385
5954 8330
5889 8275
5824 8220
5759 8165
5694 8110
5629 8055
5564 8000
5499 7945
5434 7890
5369 7835
5304 7780
5239 7725
5174 7670
5109 7615
5044 7560
4979 7505
4914 7450
4849 7395
4784 7340
4719 7285
4654 7230
4589 7175
4524 7120
4459 7065
4394 7010
4329 6955
4264 6900
4199 6845
4134 6790
4069 6735
4004 6680
3939 6625
3874 6570
3809 6515
3744 6460
3679 6405
3614 6350
3549 6295
3484 6240
3419 6185
3354 6130
3289 6075
3224 6020
3159 5965
3094 5910
3029 5855
2964 5800
2899 5745
2834 5690
2769 5635
2704 5580
2639 5525
2574 5470
2509 5415
2444 5360
2379 5305
2314 5250
2249 5195
2184 5140
2119 5085
2054 5030
1989 4975
1924 4920
1859 4865
1794 4810
1729 4755
1664 4700
1599 4645
1534 4590
1469 4535
1404 4480
1339 4425
1274 4370
1209 4315
1144 4260
1079 4205
1014 4150
949 4095
884 4040
819 3985
754 3930
689 3875
624 3820
559 3765
494 3710
429 3655
364 3600
299 3545
234 3490
169 3435
104 3380
39 3325
25 3467
90 3522
155 3577
220 3632
285 3687
350 3742
415 3797
480 3852
545 3907
610 3962
675 4017
740 4072
805 4127
870 4182
935 4237
1000 4292
1065 4347
1130 4402
1195 4457
1260 4512
1325 4567
1390 4622
1455 4677
1520 4732
1585 4787
1650 4842
1715 4897
1780 4952
1845 5007
1910 5062
1975 5117
2040 5172
2105 5227
2170 5282
2235 5337
2300 5392
2365 5447
2430 5502
2495 5557
2560 5612
2625 5667
2690 5722
2755 5777
2820 5832
2885 5887
2950 5942
3015 5997
3080 6052
3145 6107
3210 6162
3275 6217
3340 6272
3405 6327
3470 6382
3535 6437
3600 6492
3665 6547
3730 6602
3795 6657
3860 6712
3925 6767
3990 6822
4055 6877
4120 6932
4185 6987
4250 7042
4315 7097
4380 7152
4445 7207
4510 7262
4575 7317
4640 7372
4705 7427
4770 7482
4835 7537
4900 7592
4965 7647
5030 7702
5095 7757
5160 7812
5225 7867
5290 7922
5355 7977
5420 8032
5485 8087
5550 8142
5615 8197
5680 8252
5745 8307
5810 8362
5875 8417
5940 8472
6005 8527
6070 8582
6135 8637
6200 8692
6265 8747
6330 8802
6395 8857
6460 8912
6525 8967
6590 9022
6655 9077
6720 9132
6785 9187
6850 9242
6915 9297
6980 9352
7045 9407
7110 9462
7175 9517
7240 9572
7305 9627
7370 9682
7435 9737
7500 9792
7565 9847
7630 9902
7695 9957
7551 9989
7486 9934
7421 9879
7356 9824
7291 9769
7226 9714
7161 9659
7096 9604
7031 9549
6966 9494
6901 9439
6836 9384
6771 9329
6706 9274
6641 9219
6576 9164
6511 9109
6446 9054
6381 8999
6316 8944
6251 8889
6186 8834
6121 8779
6056 8724
5991 8669
5926 8614
5861 8559
5796 8504
5731 8449
5666 8394
5601 8339
5536 8284
5471 8229
5406 8174
5341 8119
5276 8064
5211 8009
5146 7954
5081 7899
5016 7844
4951 7789
4886 7734
4821 7679
4756 7624
4691 7569
4626 7514
4561 7459
4496 7404
4431 7349
4366 7294
4301 7239
4236 7184
4171 7129
4106 7074
4041 7019
3976 6964
3911 6909
3846 6854
3781 6799
3716 6744
3651 6689
3586 6634
3521 6579
3456 6524
3391 6469
3326 6414
3261 6359
3196 6304
3131 6249
3066 6194
3001 6139
2936 6084
2871 6029
2806 5974
2741 5919
2676 5864
2611 5809
2546 5754
2481 5699
2416 5644
2351 5589
2286 5534
2221 5479
2156 5424
2091 5369
2026 5314
1961 5259
1896 5204
1831 5149
1766 5094
1701 5039
1636 4984
1571 4929
1506 4874
1441 4819
1376 4764
1311 4709
1246 4654
1181 4599
1116 4544
1051 4489
986 4434
921 4379
856 4324
791 4269
726 4214
661 4159
596 4104
531 4049
466 3994
401 3939
336 3884
271 3829
206 3774
141 3719
76 3664
11 3609
62 3806
127 3861
192 3916
257 3971
322 4026
387 4081
452 4136
517 4191
582 4246
647 4301
712 4356
777 4411
842 4466
907 4521
972 4576
1037 4631
1102 4686
1167 4741
1232 4796
1297 4851
1362 4906
1427 4961
1492 5016
1557 5071
1622 5126
1687 5181
1752 5236
1817 5291
1882 5346
1947 5401
2012 5456
2077 5511
2142 5566
2207 5621
2272 5676
2337 5731
2402 5786
2467 5841
2532 5896
2597 5951
2662 6006
2727 6061
2792 6116
2857 6171
2922 6226
2987 6281
3052 6336
3117 6391
3182 6446
3247 6501
3312 6556
3377 6611
3442 6666
3507 6721
3572 6776
3637 6831
3702 6886
3767 6941
3832 6996
3897 7051
3962 7106
4027 7161
4092 7216
4157 7271
4222 7326
4287 7381
4352 7436
4417 7491
4482 7546
4547 7601
4612 7656
4677 7711
4742 7766
4807 7821
4872 7876
4937 7931
5002 7986
5067 8041
5132 8096
5197 8151
5262 8206
5327 8261
5392 8316
5457 8371
5522 8426
5587 8481
5652 8536
5717 8591
5782 8646
5847 8701
5912 8756
5977 8811
6042 8866
6107 8921
6172 8976
6237 9031
6302 9086
6367 9141
6432 9196
6497 9251
6562 9306
6627 9361
6692 9416
6757 9471
6822 9526
6887 9581
6952 9636
7017 9691
7082 9746
7147 9801
7212 9856
7277 9911
7342 9966
7198 9998
7133 9943
7068 9888
7003 9833
6938 9778
6873 9723
6808 9668
6743 9613
6678 9558
6613 9503
6548 9448
6483 9393
6418 9338
6353 9283
6288 9228
6223 9173
6158 9118
6093 9063
6028 9008
5963 8953
5898 8898
5833 8843
5768 8788
5703 8733
5638 8678
5573 8623
5508 8568
5443 8513
5378 8458
5313 8403
5248 8348
5183 8293
5118 8238
5053 8183
4988 8128
4923 8073
4858 8018
4793 7963
4728 7908
4663 7853
4598 7798
4533 7743
4468 7688
4403 7633
4338 7578
4273 7523
4208 7468
4143 7413
4078 7358
4013 7303
3948 7248
3883 7193
3818 7138
3753 7083
3688 7028
3623 6973
3558 6918
3493 6863
3428 6808
3363 6753
3298 6698
3233 6643
3168 6588
3103 6533
3038 6478
2973 6423
2908 6368
2843 6313
2778 6258
2713 6203
2648 6148
2583 6093
2518 6038
2453 5983
2388 5928
2323 5873
2258 5818
2193 5763
2128 5708
2063 5653
1998 5598
1933 5543
1868 5488
1803 5433
1738 5378
1673 5323
1608 5268
1543 5213
1478 5158
1413 5103
1348 5048
1283 4993
1218 4938
1153 4883
1088 4828
1023 4773
958 4718
893 4663
828 4608
763 4553
698 4498
633 4443
568 4388
503 4333
438 4278
373 4223
308 4168
243 4113
178 4058
113 4003
48 3948
34 4090
99 4145
164 4200
229 4255
294 4310
359 4365
424 4420
489 4475
554 4530
619 4585
684 4640
749 4695
814 4750
879 4805
944 4860
1009 4915
1074 4970
1139 5025
1204 5080
1269 5135
1334 5190
1399 5245
1464 5300
1529 5355
1594 5410
1659 5465
1724 5520
1789 5575
1854 5630
1919 5685
1984 5740
2049 5795
2114 5850
2179 5905
2244 5960
2309 6015
2374 6070
2439 6125
2504 6180
2569 6235
2634 6290
2699 6345
2764 6400
2829 6455
2894 6510
2959 6565
3024 6620
3089 6675
3154 6730
3219 6785
3284 6840
3349 6895
3414 6950
3479 7005
3544 7060
3609 7115
3674 7170
3739 7225
3804 7280
3869 7335
3934 7390
3999 7445
4064 7500
4129 7555
4194 7610
4259 7665
4324 7720
4389 7775
4454 7830
4519 7885
4584 7940
4649 7995
4714 8050
4779 8105
4844 8160
4909 8215
4974 8270
5039 8325
5104 8380
5169 8435
5234 8490
5299 8545
5364 8600
5429 8655
5494 8710
5559 8765
5624 8820
5689 8875
5754 8930
5819 8985
5884 9040
5949 9095
6014 9150
6079 9205
6144 9260
6209 9315
6274 9370
6339 9425
6404 9480
6469 9535
6534 9590
6599 9645
6664 9700
6729 9755
6794 9810
6859 9865
6924 9920
6989 9975
6780 9952
6715 9897
6650 9842
6585 9787
6520 9732
6455 9677
6390 9622
6325 9567
6260 9512
6195 9457
6130 9402
6065 9347
6000 9292
5935 9237
5870 9182
5805 9127
5740 9072
5675 9017
5610 8962
5545 8907
5480 8852
5415 8797
5350 8742
5285 8687
5220 8632
5155 8577
5090 8522
5025 8467
4960 8412
4895 8357
4830 8302
4765 8247
4700 8192
4635 8137
4570 8082
4505 8027
4440 7972
4375 7917
4310 7862
4245 7807
4180 7752
4115 7697
4050 7642
3985 7587
3920 7532
3855 7477
3790 7422
3725 7367
3660 7312
3595 7257
3530 7202
3465 7147
3400 7092
3335 7037
3270 6982
3205 6927
3140 6872
3075 6817
3010 6762
2945 6707
2880 6652
2815 6597
2750 6542
2685 6487
2620 6432
2555 6377
2490 6322
2425 6267
2360 6212
2295 6157
2230 6102
2165 6047
2100 5992
2035 5937
1970 5882
1905 5827
1840 5772
1775 5717
1710 5662
1645 5607
1580 5552
1515 5497
1450 5442
1385 5387
1320 5332
1255 5277
1190 5222
1125 5167
1060 5112
995 5057
930 5002
865 4947
800 4892
735 4837
670 4782
605 4727
540 4672
475 4617
410 4562
345 4507
280 4452
215 4397
150 4342
85 4287
20 4232
6 4374
71 4429
136 4484
201 4539
266 4594
331 4649
396 4704
461 4759
526 4814
591 4869
656 4924
721 4979
786 5034
851 5089
916 5144
981 5199
1046 5254
1111 5309
1176 5364
1241 5419
1306 5474
1371 5529
1436 5584
1501 5639
1566 5694
1631 5749
1696 5804
1761 5859
1826 5914
1891 5969
1956 6024
2021 6079
2086 6134
2151 6189
2216 6244
2281 6299
2346 6354
2411 6409
2476 6464
2541 6519
2606 6574
2671 6629
2736 6684
2801 6739
2866 6794
2931 6849
2996 6904
3061 6959
3126 7014
3191 7069
3256 7124
3321 7179
3386 7234
3451 7289
3516 7344
3581 7399
3646 7454
3711 7509
3776 7564
3841 7619
3906 7674
3971 7729
4036 7784
4101 7839
4166 7894
4231 7949
4296 8004
4361 8059
4426 8114
4491 8169
4556 8224
4621 8279
4686 8334
4751 8389
4816 8444
4881 8499
4946 8554
5011 8609
5076 8664
5141 8719
5206 8774
5271 8829
5336 8884
5401 8939
5466 8994
5531 9049
5596 9104
5661 9159
5726 9214
5791 9269
5856 9324
5921 9379
5986 9434
6051 9489
6116 9544
6181 9599
6246 9654
6311 9709
6376 9764
6441 9819
6506 9874
6571 9929
6636 9984
6427 9961
6362 9906
6297 9851
6232 9796
6167 9741
6102 9686
6037 9631
5972 9576
5907 9521
5842 9466
5777 9411
5712 9356
5647 9301
5582 9246
5517 9191
5452 9136
5387 9081
5322 9026
5257 8971
5192 8916
5127 8861
5062 8806
4997 8751
4932 8696
4867 8641
4802 8586
4737 8531
4672 8476
4607 8421
4542 8366
4477 8311
4412 8256
4347 8201
4282 8146
4217 8091
4152 8036
4087 7981
4022 7926
3957 7871
3892 7816
3827 7761
3762 7706
3697 7651
3632 7596
3567 7541
3502 7486
3437 7431
3372 7376
3307 7321
3242 7266
3177 7211
3112 7156
3047 7101
2982 7046
2917 6991
2852 6936
2787 6881
2722 6826
2657 6771
2592 6716
2527 6661
2462 6606
2397 6551
2332 6496
2267 6441
2202 6386
2137 6331
2072 6276
2007 6221
1942 6166
1877 6111
1812 6056
1747 6001
1682 5946
1617 5891
1552 5836
1487 5781
1422 5726
1357 5671
1292 5616
1227 5561
1162 5506
1097 5451
1032 5396
967 5341
902 5286
837 5231
772 5176
707 5121
642 5066
577 5011
512 4956
447 4901
382 4846
317 4791
252 4736
187 4681
122 4626
57 4571
43 4713
108 4768
173 4823
238 4878
303 4933
368 4988
433 5043
498 5098
563 5153
628 5208
693 5263
758 5318
823 5373
888 5428
953 5483
1018 5538
1083 5593
1148 5648
1213 5703
1278 5758
1343 5813
1408 5868
1473 5923
1538 5978
1603 6033
1668 6088
1733 6143
1798 6198
1863 6253
1928 6308
1993 6363
2058 6418
2123 6473
2188 6528
2253 6583
2318 6638
2383 6693
2448 6748
2513 6803
2578 6858
2643 6913
2708 6968
2773 7023
2838 7078
2903 7133
2968 7188
3033 7243
3098 7298
3163 7353
3228 7408
3293 7463
3358 7518
3423 7573
3488 7628
3553 7683
3618 7738
3683 7793
3748 7848
3813 7903
3878 7958
3943 8013
4008 8068
4073 8123
4138 8178
4203 8233
4268 8288
4333 8343
4398 8398
4463 8453
4528 8508
4593 8563
4658 8618
4723 8673
4788 8728
4853 8783
4918 8838
4983 8893
5048 8948
5113 9003
5178 9058
5243 9113
5308 9168
5373 9223
5438 9278
5503 9333
5568 9388
5633 9443
5698 9498
5763 9553
5828 9608
5893 9663
5958 9718
6023 9773
6088 9828
6153 9883
6218 9938
6283 9993
6074 9970
6009 9915
5944 9860
5879 9805
5814 9750
5749 9695
5684 9640
5619 9585
5554 9530
5489 9475
5424 9420
5359 9365
5294 9310
5229 9255
5164 9200
5099 9145
5034 9090
4969 9035
4904 8980
4839 8925
4774 8870
4709 8815
4644 8760
4579 8705
4514 8650
4449 8595
4384 8540
4319 8485
4254 8430
4189 8375
4124 8320
4059 8265
3994 8210
3929 8155
3864 8100
3799 8045
3734 7990
3669 7935
3604 7880
3539 7825
3474 7770
3409 7715
3344 7660
3279 7605
3214 7550
3149 7495
3084 7440
3019 7385
2954 7330
2889 7275
2824 7220
2759 7165
2694 7110
2629 7055
2564 7000
2499 6945
2434 6890
2369 6835
2304 6780
2239 6725
2174 6670
2109 6615
2044 6560
1979 6505
1914 6450
1849 6395
1784 6340
1719 6285
1654 6230
1589 6175
1524 6120
1459 6065
1394 6010
1329 5955
1264 5900
1199 5845
1134 5790
1069 5735
1004 5680
939 5625
874 5570
809 5515
744 5460
679 5405
614 5350
549 5295
484 5240
419 5185
354 5130
289 5075
224 5020
159 4965
94 4910
29 4855
15 4997
80 5052
145 5107
210 5162
275 5217
340 5272
405 5327
470 5382
535 5437
600 5492
665 5547
730 5602
795 5657
860 5712
925 5767
990 5822
1055 5877
1120 5932
1185 5987
1250 6042
1315 6097
1380 6152
1445 6207
1510 6262
1575 6317
1640 6372
1705 6427
1770 6482
1835 6537
1900 6592
1965 6647
2030 6702
2095 6757
2160 6812
2225 6867
2290 6922
2355 6977
2420 7032
2485 7087
2550 7142
2615 7197
2680 7252
2745 7307
2810 7362
2875 7417
2940 7472
3005 7527
3070 7582
3135 7637
3200 7692
3265 7747
3330 7802
3395 7857
3460 7912
3525 7967
3590 8022
3655 8077
3720 8132
3785 8187
3850 8242
3915 8297
3980 8352
4045 8407
4110 8462
4175 8517
4240 8572
4305 8627
4370 8682
4435 8737
4500 8792
4565 8847
4630 8902
4695 8957
4760 9012
4825 9067
4890 9122
4955 9177
5020 9232
5085 9287
5150 9342
5215 9397
5280 9452
5345 9507
5410 9562
5475 9617
5540 9672
5605 9727
5670 9782
5735 9837
5800 9892
5865 9947
5721 9979
5656 9924
5591 9869
5526 9814
5461 9759
5396 9704
5331 9649
5266 9594
5201 9539
5136 9484
5071 9429
5006 9374
4941 9319
4876 9264
4811 9209
4746 9154
4681 9099
4616 9044
4551 8989
4486 8934
4421 8879
4356 8824
4291 8769
4226 8714
4161 8659
4096 8604
4031 8549
3966 8494
3901 8439
3836 8384
3771 8329
3706 8274
3641 8219
3576 8164
3511 8109
3446 8054
3381 7999
3316 7944
3251 7889
3186 7834
3121 7779
3056 7724
2991 7669
2926 7614
2861 7559
2796 7504
2731 7449
2666 7394
2601 7339
2536 7284
2471 7229
2406 7174
2341 7119
2276 7064
2211 7009
2146 6954
2081 6899
2016 6844
1951 6789
1886 6734
1821 6679
1756 6624
1691 6569
1626 6514
1561 6459
1496 6404
1431 6349
1366 6294
1301 6239
1236 6184
1171 6129
1106 6074
1041 6019
976 5964
911 5909
846 5854
781 5799
716 5744
651 5689
586 5634
521 5579
456 5524
391 5469
326 5414
261 5359
196 5304
131 5249
66 5194
1 5139
52 5336
117 5391
182 5446
247 5501
312 5556
377 5611
442 5666
507 5721
572 5776
637 5831
702 5886
767 5941
832 5996
897 6051
962 6106
1027 6161
1092 6216
1157 6271
1222 6326
1287 6381
1352 6436
1417 6491
1482 6546
1547 6601
1612 6656
1677 6711
1742 6766
1807 6821
1872 6876
1937 6931
2002 6986
2067 7041
2132 7096
2197 7151
2262 7206
2327 7261
2392 7316
2457 7371
2522 7426
2587 7481
2652 7536
2717 7591
2782 7646
2847 7701
2912 7756
2977 7811
3042 7866
3107 7921
3172 7976
3237 8031
3302 8086
3367 8141
3432 8196
3497 8251
3562 8306
3627 8361
3692 8416
3757 8471
3822 8526
3887 8581
3952 8636
4017 8691
4082 8746
4147 8801
4212 8856
4277 8911
4342 8966
4407 9021
4472 9076
4537 9131
4602 9186
4667 9241
4732 9296
4797 9351
4862 9406
4927 9461
4992 9516
5057 9571
5122 9626
5187 9681
5252 9736
5317 9791
5382 9846
5447 9901
5512 9956
5368 9988
5303 9933
5238 9878
5173 9823
5108 9768
5043 9713
4978 9658
4913 9603
4848 9548
4783 9493
4718 9438
4653 9383
4588 9328
4523 9273
4458 9218
4393 9163
4328 9108
4263 9053
4198 8998
4133 8943
4068 8888
4003 8833
3938 8778
3873 8723
3808 8668
3743 8613
3678 8558
3613 8503
3548 8448
3483 8393
3418 8338
3353 8283
3288 8228
3223 8173
3158 8118
3093 8063
3028 8008
2963 7953
2898 7898
2833 7843
2768 7788
2703 7733
2638 7678
2573 7623
2508 7568
2443 7513
2378 7458
2313 7403
2248 7348
2183 7293
2118 7238
2053 7183
1988 7128
1923 7073
1858 7018
1793 6963
1728 6908
1663 6853
1598 6798
1533 6743
1468 6688
1403 6633
1338 6578
1273 6523
1208 6468
1143 6413
1078 6358
1013 6303
948 6248
883 6193
818 6138
753 6083
688 6028
623 5973
558 5918
493 5863
428 5808
363 5753
298 5698
233 5643
168 5588
103 5533
38 5478
24 5620
89 5675
154 5730
219 5785
284 5840
349 5895
414 5950
479 6005
544 6060
609 6115
674 6170
739 6225
804 6280
869 6335
934 6390
999 6445
1064 6500
1129 6555
1194 6610
1259 6665
1324 6720
1389 6775
1454 6830
1519 6885
1584 6940
1649 6995
1714 7050
1779 7105
1844 7160
1909 7215
1974 7270
2039 7325
2104 7380
2169 7435
2234 7490
2299 7545
2364 7600
2429 7655
2494 7710
2559 7765
2624 7820
2689 7875
2754 7930
2819 7985
2884 8040
2949 8095
3014 8150
3079 8205
3144 8260
3209 8315
3274 8370
3339 8425
3404 8480
3469 8535
3534 8590
3599 8645
3664 8700
3729 8755
3794 8810
3859 8865
3924 8920
3989 8975
4054 9030
4119 9085
4184 9140
4249 9195
4314 9250
4379 9305
4444 9360
4509 9415
4574 9470
4639 9525
4704 9580
4769 9635
4834 9690
4899 9745
4964 9800
5029 9855
5094 9910
5159 9965
5015 9997
4950 9942
4885 9887
4820 9832
4755 9777
4690 9722
4625 9667
4560 9612
4495 9557
4430 9502
4365 9447
4300 9392
4235 9337
4170 9282
4105 9227
4040 9172
3975 9117
3910 9062
3845 9007
3780 8952
3715 8897
3650 8842
3585 8787
3520 8732
3455 8677
3390 8622
3325 8567
3260 8512
3195 8457
3130 8402
3065 8347
3000 8292
2935 8237
2870 8182
2805 8127
2740 8072
2675 8017
2610 7962
2545 7907
2480 7852
2415 7797
2350 7742
2285 7687
2220 7632
2155 7577
2090 7522
2025 7467
1960 7412
1895 7357
1830 7302
1765 7247
1700 7192
1635 7137
1570 7082
1505 7027
1440 6972
1375 6917
1310 6862
1245 6807
1180 6752
1115 6697
1050 6642
985 6587
920 6532
855 6477
790 6422
725 6367
660 6312
595 6257
530 6202
465 6147
400 6092
335 6037
270 5982
205 5927
140 5872
75 5817
10 5762
61 5959
126 6014
191 6069
256 6124
321 6179
386 6234
451 6289
516 6344
581 6399
646 6454
711 6509
776 6564
841 6619
906 6674
971 6729
1036 6784
1101 6839
1166 6894
1231 6949
1296 7004
1361 7059
1426 7114
1491 7169
1556 7224
1621 7279
1686 7334
1751 7389
1816 7444
1881 7499
1946 7554
2011 7609
2076 7664
2141 7719
2206 7774
2271 7829
2336 7884
2401 7939
2466 7994
2531 8049
2596 8104
2661 8159
2726 8214
2791 8269
2856 8324
2921 8379
2986 8434
3051 8489
3116 8544
3181 8599
3246 8654
3311 8709
3376 8764
3441 8819
3506 8874
3571 8929
3636 8984
3701 9039
3766 9094
3831 9149
3896 9204
3961 9259
4026 9314
4091 9369
4156 9424
4221 9479
4286 9534
4351 9589
4416 9644
4481 9699
4546 9754
4611 9809
4676 9864
4741 9919
4806 9974
4597 9951
4532 9896
4467 9841
4402 9786
4337 9731
4272 9676
4207 9621
4142 9566
4077 9511
4012 9456
3947 9401
3882 9346
3817 9291
3752 9236
3687 9181
3622 9126
3557 9071
3492 9016
3427 8961
3362 8906
3297 8851
3232 8796
3167 8741
3102 8686
3037 8631
2972 8576
2907 8521
2842 8466
2777 8411
2712 8356
2647 8301
2582 8246
2517 8191
2452 8136
2387 8081
2322 8026
2257 7971
2192 7916
2127 7861
2062 7806
1997 7751
1932 7696
1867 7641
1802 7586
1737 7531
1672 7476
1607 7421
1542 7366
1477 7311
1412 7256
1347 7201
1282 7146
1217 7091
1152 7036
1087 6981
1022 6926
957 6871
892 6816
827 6761
762 6706
697 6651
632 6596
567 6541
502 6486
437 6431
372 6376
307 6321
242 6266
177 6211
112 6156
47 6101
33 6243
98 6298
163 6353
228 6408
293 6463
358 6518
423 6573
488 6628
553 6683
618 6738
683 6793
748 6848
813 6903
878 6958
943 7013
1008 7068
1073 7123
1138 7178
1203 7233
1268 7288
1333 7343
1398 7398
1463 7453
1528 7508
1593 7563
1658 7618
1723 7673
1788 7728
1853 7783
1918 7838
1983 7893
2048 7948
2113 8003
2178 8058
2243 8113
2308 8168
2373 8223
2438 8278
2503 8333
2568 8388
2633 8443
2698 8498
2763 8553
2828 8608
2893 8663
2958 8718
3023 8773
3088 8828
3153 8883
3218 8938
3283 8993
3348 9048
3413 9103
3478 9158
3543 9213
3608 9268
3673 9323
3738 9378
3803 9433
3868 9488
3933 9543
3998 9598
4063 9653
4128 9708
4193 9763
4258 9818
4323 9873
4388 9928
4453 9983
4244 9960
4179 9905
4114 9850
4049 9795
3984 9740
3919 9685
3854 9630
3789 9575
3724 9520
3659 9465
3594 9410
3529 9355
3464 9300
3399 9245
3334 9190
3269 9135
3204 9080
3139 9025
3074 8970
3009 8915
2944 8860
2879 8805
2814 8750
2749 8695
2684 8640
2619 8585
2554 8530
2489 8475
2424 8420
2359 8365
2294 8310
2229 8255
2164 8200
2099 8145
2034 8090
1969 8035
1904 7980
1839 7925
1774 7870
1709 7815
1644 7760
1579 7705
1514 7650
1449 7595
1384 7540
1319 7485
1254 7430
1189 7375
1124 7320
1059 7265
994 7210
929 7155
864 7100
799 7045
734 6990
669 6935
604 6880
539 6825
474 6770
409 6715
344 6660
279 6605
214 6550
149 6495
84 6440
19 6385
5 6527
70 6582
135 6637
200 6692
265 6747
330 6802
395 6857
460 6912
525 6967
590 7022
655 7077
720 7132
785 7187
850 7242
915 7297
980 7352
1045 7407
1110 7462
1175 7517
1240 7572
1305 7627
1370 7682
1435 7737
1500 7792
1565 7847
1630 7902
1695 7957
1760 8012
1825 8067
1890 8122
1955 8177
2020 8232
2085 8287
2150 8342
2215 8397
2280 8452
2345 8507
2410 8562
2475 8617
2540 8672
2605 8727
2670 8782
2735 8837
2800 8892
2865 8947
2930 9002
2995 9057
3060 9112
3125 9167
3190 9222
3255 9277
3320 9332
3385 9387
3450 9442
3515 9497
3580 9552
3645 9607
3710 9662
3775 9717
3840 9772
3905 9827
3970 9882
4035 9937
4100 9992
3891 9969
3826 9914
3761 9859
3696 9804
3631 9749
3566 9694
3501 9639
3436 9584
3371 9529
3306 9474
3241 9419
3176 9364
3111 9309
3046 9254
2981 9199
2916 9144
2851 9089
2786 9034
2721 8979
2656 8924
2591 8869
2526 8814
2461 8759
2396 8704
2331 8649
2266 8594
2201 8539
2136 8484
2071 8429
2006 8374
1941 8319
1876 8264
1811 8209
1746 8154
1681 8099
1616 8044
1551 7989
1486 7934
1421 7879
1356 7824
1291 7769
1226 7714
1161 7659
1096 7604
1031 7549
966 7494
901 7439
836 7384
771 7329
706 7274
641 7219
576 7164
511 7109
446 7054
381 6999
316 6944
251 6889
186 6834
121 6779
56 6724
42 6866
107 6921
172 6976
237 7031
302 7086
367 7141
432 7196
497 7251
562 7306
627 7361
692 7416
757 7471
822 7526
887 7581
952 7636
1017 7691
1082 7746
1147 7801
1212 7856
1277 7911
1342 7966
1407 8021
1472 8076
1537 8131
1602 8186
1667 8241
1732 8296
1797 8351
1862 8406
1927 8461
1992 8516
2057 8571
2122 8626
2187 8681
2252 8736
2317 8791
2382 8846
2447 8901
2512 8956
2577 9011
2642 9066
2707 9121
2772 9176
2837 9231
2902 9286
2967 9341
3032 9396
3097 9451
3162 9506
3227 9561
3292 9616
3357 9671
3422 9726
3487 9781
3552 9836
3617 9891
3682 9946
3538 9978
3473 9923
3408 9868
3343 9813
3278 9758
3213 9703
3148 9648
3083 9593
3018 9538
2953 9483
2888 9428
2823 9373
2758 9318
2693 9263
2628 9208
2563 9153
2498 9098
2433 9043
2368 8988
2303 8933
2238 8878
2173 8823
2108 8768
2043 8713
1978 8658
1913 8603
1848 8548
1783 8493
1718 8438
1653 8383
1588 8328
1523 8273
1458 8218
1393 8163
1328 8108
1263 8053
1198 7998
1133 7943
1068 7888
1003 7833
938 7778
873 7723
808 7668
743 7613
678 7558
613 7503
548 7448
483 7393
418 7338
353 7283
288 7228
223 7173
158 7118
93 7063
28 7008
14 7150
79 7205
144 7260
209 7315
274 7370
339 7425
404 7480
469 7535
534 7590
599 7645
664 7700
729 7755
794 7810
859 7865
924 7920
989 7975
1054 8030
1119 8085
1184 8140
1249 8195
1314 8250
1379 8305
1444 8360
1509 8415
1574 8470
1639 8525
1704 8580
1769 8635
1834 8690
1899 8745
1964 8800
2029 8855
2094 8910
2159 8965
2224 9020
2289 9075
2354 9130
2419 9185
2484 9240
2549 9295
2614 9350
2679 9405
2744 9460
2809 9515
2874 9570
2939 9625
3004 9680
3069 9735
3134 9790
3199 9845
3264 9900
3329 9955
3185 9987
3120 9932
3055 9877
2990 9822
2925 9767
2860 9712
2795 9657
2730 9602
2665 9547
2600 9492
2535 9437
2470 9382
2405 9327
2340 9272
2275 9217
2210 9162
2145 9107
2080 9052
2015 8997
1950 8942
1885 8887
1820 8832
1755 8777
1690 8722
1625 8667
1560 8612
1495 8557
1430 8502
1365 8447
1300 8392
1235 8337
1170 8282
1105 8227
1040 8172
975 8117
910 8062
845 8007
780 7952
715 7897
650 7842
585 7787
520 7732
455 7677
390 7622
325 7567
260 7512
195 7457
130 7402
65 7347
51 7489
116 7544
181 7599
246 7654
311 7709
376 7764
441 7819
506 7874
571 7929
636 7984
701 8039
766 8094
831 8149
896 8204
961 8259
1026 8314
1091 8369
1156 8424
1221 8479
1286 8534
1351 8589
1416 8644
1481 8699
1546 8754
1611 8809
1676 8864
1741 8919
1806 8974
1871 9029
1936 9084
2001 9139
2066 9194
2131 9249
2196 9304
2261 9359
2326 9414
2391 9469
2456 9524
2521 9579
2586 9634
2651 9689
2716 9744
2781 9799
2846 9854
2911 9909
2976 9964
2832 9996
2767 9941
2702 9886
2637 9831
2572 9776
2507 9721
2442 9666
2377 9611
2312 9556
2247 9501
2182 9446
2117 9391
2052 9336
1987 9281
1922 9226
1857 9171
1792 9116
1727 9061
1662 9006
1597 8951
1532 8896
1467 8841
1402 8786
1337 8731
1272 8676
1207 8621
1142 8566
1077 8511
1012 8456
947 8401
882 8346
817 8291
752 8236
687 8181
622 8126
557 8071
492 8016
427 7961
362 7906
297 7851
232 7796
167 7741
102 7686
37 7631
23 7773
88 7828
153 7883
218 7938
283 7993
348 8048
413 8103
478 8158
543 8213
608 8268
673 8323
738 8378
803 8433
868 8488
933 8543
998 8598
1063 8653
1128 8708
1193 8763
1258 8818
1323 8873
1388 8928
1453 8983
1518 9038
1583 9093
1648 9148
1713 9203
1778 9258
1843 9313
1908 9368
1973 9423
2038 9478
2103 9533
2168 9588
2233 9643
2298 9698
2363 9753
2428 9808
2493 9863
2558 9918
2623 9973
2414 9950
2349 9895
2284 9840
2219 9785
2154 9730
2089 9675
2024 9620
1959 9565
1894 9510
1829 9455
1764 9400
1699 9345
1634 9290
1569 9235
1504 9180
1439 9125
1374 9070
1309 9015
1244 8960
1179 8905
1114 8850
1049 8795
984 8740
919 8685
854 8630
789 8575
724 8520
659 8465
594 8410
529 8355
464 8300
399 8245
334 8190
269 8135
204 8080
139 8025
74 7970
9 7915
60 8112
125 8167
190 8222
255 8277
320 8332
385 8387
450 8442
515 8497
580 8552
645 8607
710 8662
775 8717
840 8772
905 8827
970 8882
1035 8937
1100 8992
1165 9047
1230 9102
1295 9157
1360 9212
1425 9267
1490 9322
1555 9377
1620 9432
1685 9487
1750 9542
1815 9597
1880 9652
1945 9707
2010 9762
2075 9817
2140 9872
2205 9927
2270 9982
2061 9959
1996 9904
1931 9849
1866 9794
1801 9739
1736 9684
1671 9629
1606 9574
1541 9519
1476 9464
1411 9409
1346 9354
1281 9299
1216 9244
1151 9189
1086 9134
1021 9079
956 9024
891 8969
826 8914
761 8859
696 8804
631 8749
566 8694
501 8639
436 8584
371 8529
306 8474
241 8419
176 8364
111 8309
46 8254
32 8396
97 8451
162 8506
227 8561
292 8616
357 8671
422 8726
487 8781
552 8836
617 8891
682 8946
747 9001
812 9056
877 9111
942 9166
1007 9221
1072 9276
1137 9331
1202 9386
1267 9441
1332 9496
1397 9551
1462 9606
1527 9661
1592 9716
1657 9771
1722 9826
1787 9881
1852 9936
1917 9991
1708 9968
1643 9913
1578 9858
1513 9803
1448 9748
1383 9693
1318 9638
1253 9583
1188 9528
1123 9473
1058 9418
993 9363
928 9308
863 9253
798 9198
733 9143
668 9088
603 9033
538 8978
473 8923
408 8868
343 8813
278 8758
213 8703
148 8648
83 8593
18 8538
4 8680
69 8735
134 8790
199 8845
264 8900
329 8955
394 9010
459 9065
524 9120
589 9175
654 9230
719 9285
784 9340
849 9395
914 9450
979 9505
1044 9560
1109 9615
1174 9670
1239 9725
1304 9780
1369 9835
1434 9890
1499 9945
1564 10000
1355 9977
1290 9922
1225 9867
1160 9812
1095 9757
1030 9702
965 9647
900 9592
835 9537
770 9482
705 9427
640 9372
575 9317
510 9262
445 9207
380 9152
315 9097
250 9042
185 8987
120 8932
55 8877
41 9019
106 9074
171 9129
236 9184
301 9239
366 9294
431 9349
496 9404
561 9459
626 9514
691 9569
756 9624
821 9679
886 9734
951 9789
1016 9844
1081 9899
1146 9954
1002 9986
937 9931
872 9876
807 9821
742 9766
677 9711
612 9656
547 9601
482 9546
417 9491
352 9436
287 9381
222 9326
157 9271
92 9216
27 9161
13 9303
78 9358
143 9413
208 9468
273 9523
338 9578
403 9633
468 9688
533 9743
598 9798
663 9853
728 9908
793 9963
649 9995
584 9940
519 9885
454 9830
389 9775
324 9720
259 9665
194 9610
129 9555
64 9500
50 9642
115 9697
180 9752
245 9807
310 9862
375 9917
440 9972
231 9949
166 9894
101 9839
36 9784
22 9926
87 9981
152 36
217 91
282 146
347 201
412 256
477 311
542 366
607 421
672 476
737 531
802 586
867 641
932 696
997 751
1062 806
1127 861
1192 916
1257 971
1322 1026
1387 1081
1452 1136
1517 1191
1582 1246
1647 1301
1712 1356
1777 1411
1842 1466
1907 1521
1972 1576
2037 1631
2102 1686
2167 1741
2232 1796
2297 1851
2362 1906
2427 1961
2492 2016
2557 2071
2622 2126
2687 2181
2752 2236
2817 2291
2882 2346
2947 2401
3012 2456
3077 2511
3142 2566
3207 2621
3272 2676
3337 2731
3402 2786
3467 2841
3532 2896
3597 2951
3662 3006
3727 3061
3792 3116
3857 3171
3922 3226
3987 3281
4052 3336
4117 3391
4182 3446
4247 3501
4312 3556
4377 3611
4442 3666
4507 3721
4572 3776
4637 3831
4702 3886
4767 3941
4832 3996
4897 4051
4962 4106
5027 4161
5092 4216
5157 4271
5222 4326
5287 4381
5352 4436
5417 4491
5482 4546
5547 4601
5612 4656
5677 4711
5742 4766
5807 4821
5872 4876
5937 4931
6002 4986
6067 5041
6132 5096
6197 5151
6262 5206
6327 5261
6392 5316
6457 5371
6522 5426
6587 5481
6652 5536
6717 5591
6782 5646
6847 5701
6912 5756
6977 5811
7042 5866
7107 5921
7172 5976
7237 6031
7302 6086
7367 6141
7432 6196
7497 6251
7562 6306
7627 6361
7692 6416
7757 6471
7822 6526
7887 6581
7952 6636
8017 6691
8082 6746
8147 6801
8212 6856
8277 6911
8342 6966
8407 7021
8472 7076
8537 7131
8602 7186
8667 7241
8732 7296
8797 7351
8862 7406
8927 7461
8992 7516
9057 7571
9122 7626
9187 7681
9252 7736
9317 7791
9382 7846
9447 7901
9512 7956
9577 8011
9642 8066
9707 8121
9772 8176
9837 8231
9902 8286
9967 8341
9981 8199
9916 8144
9851 8089
9786 8034
9721 7979
9656 7924
9591 7869
9526 7814
9461 7759
9396 7704
9331 7649
9266 7594
9201 7539
9136 7484
9071 7429
9006 7374
8941 7319
8876 7264
8811 7209
8746 7154
8681 7099
8616 7044
8551 6989
8486 6934
8421 6879
8356 6824
8291 6769
8226 6714
8161 6659
8096 6604
8031 6549
7966 6494
7901 6439
7836 6384
7771 6329
7706 6274
7641 6219
7576 6164
7511 6109
7446 6054
7381 5999
7316 5944
7251 5889
7186 5834
7121 5779
7056 5724
6991 5669
6926 5614
6861 5559
6796 5504
6731 5449
6666 5394
6601 5339
6536 5284
6471 5229
6406 5174
6341 5119
6276 5064
6211 5009
6146 4954
6081 4899
6016 4844
5951 4789
5886 4734
5821 4679
5756 4624
5691 4569
5626 4514
5561 4459
5496 4404
5431 4349
5366 4294
5301 4239
5236 4184
5171 4129
5106 4074
5041 4019
4976 3964
4911 3909
4846 3854
4781 3799
4716 3744
4651 3689
4586 3634
4521 3579
4456 3524
4391 3469
4326 3414
4261 3359
4196 3304
4131 3249
4066 3194
4001 3139
3936 3084
3871 3029
3806 2974
3741 2919
3676 2864
3611 2809
3546 2754
3481 2699
3416 2644
3351 2589
3286 2534
3221 2479
3156 2424
3091 2369
3026 2314
2961 2259
2896 2204
2831 2149
2766 2094
2701 2039
2636 1984
2571 1929
2506 1874
2441 1819
2376 1764
2311 1709
2246 1654
2181 1599
2116 1544
2051 1489
1986 1434
1921 1379
1856 1324
1791 1269
1726 1214
1661 1159
1596 1104
1531 1049
1466 994
1401 939
1336 884
1271 829
1206 774
1141 719
1076 664
1011 609
946 554
881 499
816 444
751 389
686 334
621 279
556 224
491 169
426 114
361 59
296 4
505 27
570 82
635 137
700 192
765 247
830 302
895 357
960 412
1025 467
1090 522
1155 577
1220 632
1285 687
1350 742
1415 797
1480 852
1545 907
1610 962
1675 1017
1740 1072
1805 1127
1870 1182
1935 1237
2000 1292
2065 1347
2130 1402
2195 1457
2260 1512
2325 1567
2390 1622
2455 1677
2520 1732
2585 1787
2650 1842
2715 1897
2780 1952
2845 2007
2910 2062
2975 2117
3040 2172
3105 2227
3170 2282
3235 2337
3300 2392
3365 2447
3430 2502
3495 2557
3560 2612
3625 2667
3690 2722
3755 2777
3820 2832
3885 2887
3950 2942
4015 2997
4080 3052
4145 3107
4210 3162
4275 3217
4340 3272
4405 3327
4470 3382
4535 3437
4600 3492
4665 3547
4730 3602
4795 3657
4860 3712
4925 3767
4990 3822
5055 3877
5120 3932
5185 3987
5250 4042
5315 4097
5380 4152
5445 4207
5510 4262
5575 4317
5640 4372
5705 4427
5770 4482
5835 4537
5900 4592
5965 4647
6030 4702
6095 4757
6160 4812
6225 4867
6290 4922
6355 4977
6420 5032
6485 5087
6550 5142
6615 5197
6680 5252
6745 5307
6810 5362
6875 5417
6940 5472
7005 5527
7070 5582
7135 5637
7200 5692
7265 5747
7330 5802
7395 5857
7460 5912
7525 5967
7590 6022
7655 6077
7720 6132
7785 6187
7850 6242
7915 6297
7980 6352
8045 6407
8110 6462
8175 6517
8240 6572
8305 6627
8370 6682
8435 6737
8500 6792
8565 6847
8630 6902
8695 6957
8760 7012
8825 7067
8890 7122
8955 7177
9020 7232
9085 7287
9150 7342
9215 7397
9280 7452
9345 7507
9410 7562
9475 7617
9540 7672
9605 7727
9670 7782
9735 7837
9800 7892
9865 7947
9930 8002
9995 8057
9944 7860
9879 7805
9814 7750
9749 7695
9684 7640
9619 7585
9554 7530
9489 7475
9424 7420
9359 7365
9294 7310
9229 7255
9164 7200
9099 7145
9034 7090
8969 7035
8904 6980
8839 6925
8774 6870
8709 6815
8644 6760
8579 6705
8514 6650
8449 6595
8384 6540
8319 6485
8254 6430
8189 6375
8124 6320
8059 6265
7994 6210
7929 6155
7864 6100
7799 6045
7734 5990
7669 5935
7604 5880
7539 5825
7474 5770
7409 5715
7344 5660
7279 5605
7214 5550
7149 5495
7084 5440
7019 5385
6954 5330
6889 5275
6824 5220
6759 5165
6694 5110
6629 5055
6564 5000
6499 4945
6434 4890
6369 4835
6304 4780
6239 4725
6174 4670
6109 4615
6044 4560
5979 4505
5914 4450
5849 4395
5784 4340
5719 4285
5654 4230
5589 4175
5524 4120
5459 4065
5394 4010
5329 3955
5264 3900
5199 3845
5134 3790
5069 3735
5004 3680
4939 3625
4874 3570
4809 3515
4744 3460
4679 3405
4614 3350
4549 3295
4484 3240
4419 3185
4354 3130
4289 3075
4224 3020
4159 2965
4094 2910
4029 2855
3964 2800
3899 2745
3834 2690
3769 2635
3704 2580
3639 2525
3574 2470
3509 2415
3444 2360
3379 2305
3314 2250
3249 2195
3184 2140
3119 2085
3054 2030
2989 1975
2924 1920
2859 1865
2794 1810
2729 1755
2664 1700
2599 1645
2534 1590
2469 1535
2404 1480
2339 1425
2274 1370
2209 1315
2144 1260
2079 1205
2014 1150
1949 1095
1884 1040
1819 985
1754 930
1689 875
1624 820
1559 765
1494 710
1429 655
1364 600
1299 545
1234 490
1169 435
1104 380
1039 325
974 270
909 215
844 160
779 105
714 50
858 18
923 73
988 128
1053 183
1118 238
1183 293
1248 348
1313 403
1378 458
1443 513
1508 568
1573 623
1638 678
1703 733
1768 788
1833 843
1898 898
1963 953
2028 1008
2093 1063
2158 1118
2223 1173
2288 1228
2353 1283
2418 1338
2483 1393
2548 1448
2613 1503
2678 1558
2743 1613
2808 1668
2873 1723
2938 1778
3003 1833
3068 1888
3133 1943
3198 1998
3263 2053
3328 2108
3393 2163
3458 2218
3523 2273
3588 2328
3653 2383
3718 2438
3783 2493
3848 2548
3913 2603
3978 2658
4043 2713
4108 2768
4173 2823
4238 2878
4303 2933
4368 2988
4433 3043
4498 3098
4563 3153
4628 3208
4693 3263
4758 3318
4823 3373
4888 3428
4953 3483
5018 3538
5083 3593
5148 3648
5213 3703
5278 3758
5343 3813
5408 3868
5473 3923
5538 3978
5603 4033
5668 4088
5733 4143
5798 4198
5863 4253
5928 4308
5993 4363
6058 4418
6123 4473
6188 4528
6253 4583
6318 4638
6383 4693
6448 4748
6513 4803
6578 4858
6643 4913
6708 4968
6773 5023
6838 5078
6903 5133
6968 5188
7033 5243
7098 5298
7163 5353
7228 5408
7293 5463
7358 5518
7423 5573
7488 5628
7553 5683
7618 5738
7683 5793
7748 5848
7813 5903
7878 5958
7943 6013
8008 6068
8073 6123
8138 6178
8203 6233
8268 6288
8333 6343
8398 6398
8463 6453
8528 6508
8593 6563
8658 6618
8723 6673
8788 6728
8853 6783
8918 6838
8983 6893
9048 6948
9113 7003
9178 7058
9243 7113
9308 7168
9373 7223
9438 7278
9503 7333
9568 7388
9633 7443
9698 7498
9763 7553
9828 7608
9893 7663
9958 7718
9972 7576
9907 7521
9842 7466
9777 7411
9712 7356
9647 7301
9582 7246
9517 7191
9452 7136
9387 7081
9322 7026
9257 6971
9192 6916
9127 6861
9062 6806
8997 6751
8932 6696
8867 6641
8802 6586
8737 6531
8672 6476
8607 6421
8542 6366
8477 6311
8412 6256
8347 6201
8282 6146
8217 6091
8152 6036
8087 5981
8022 5926
7957 5871
7892 5816
7827 5761
7762 5706
7697 5651
7632 5596
7567 5541
7502 5486
7437 5431
7372 5376
7307 5321
7242 5266
7177 5211
7112 5156
7047 5101
6982 5046
6917 4991
6852 4936
6787 4881
6722 4826
6657 4771
6592 4716
6527 4661
6462 4606
6397 4551
6332 4496
6267 4441
6202 4386
6137 4331
6072 4276
6007 4221
5942 4166
5877 4111
5812 4056
5747 4001
5682 3946
5617 3891
5552 3836
5487 3781
5422 3726
5357 3671
5292 3616
5227 3561
5162 3506
5097 3451
5032 3396
4967 3341
4902 3286
4837 3231
4772 3176
4707 3121
4642 3066
4577 3011
4512 2956
4447 2901
4382 2846
4317 2791
4252 2736
4187 2681
4122 2626
4057 2571
3992 2516
3927 2461
3862 2406
3797 2351
3732 2296
3667 2241
3602 2186
3537 2131
3472 2076
3407 2021
3342 1966
3277 1911
3212 1856
3147 1801
3082 1746
3017 1691
2952 1636
2887 1581
2822 1526
2757 1471
2692 1416
2627 1361
2562 1306
2497 1251
2432 1196
2367 1141
2302 1086
2237 1031
2172 976
2107 921
2042 866
1977 811
1912 756
1847 701
1782 646
1717 591
1652 536
1587 481
1522 426
1457 371
1392 316
1327 261
1262 206
1197 151
1132 96
1067 41
1211 9
1276 64
1341 119
1406 174
1471 229
1536 284
1601 339
1666 394
1731 449
1796 504
1861 559
1926 614
1991 669
2056 724
2121 779
2186 834
2251 889
2316 944
2381 999
2446 1054
2511 1109
2576 1164
2641 1219
2706 1274
2771 1329
2836 1384
2901 1439
2966 1494
3031 1549
3096 1604
3161 1659
3226 1714
3291 1769
3356 1824
3421 1879
3486 1934
3551 1989
3616 2044
3681 2099
3746 2154
3811 2209
3876 2264
3941 2319
4006 2374
4071 2429
4136 2484
4201 2539
4266 2594
4331 2649
4396 2704
4461 2759
4526 2814
4591 2869
4656 2924
4721 2979
4786 3034
4851 3089
4916 3144
4981 3199
5046 3254
5111 3309
5176 3364
5241 3419
5306 3474
5371 3529
5436 3584
5501 3639
5566 3694
5631 3749
5696 3804
5761 3859
5826 3914
5891 3969
5956 4024
6021 4079
6086 4134
6151 4189
6216 4244
6281 4299
6346 4354
6411 4409
6476 4464
6541 4519
6606 4574
6671 4629
6736 4684
6801 4739
6866 4794
6931 4849
6996 4904
7061 4959
7126 5014
7191 5069
7256 5124
7321 5179
7386 5234
7451 5289
7516 5344
7581 5399
7646 5454
7711 5509
7776 5564
7841 5619
7906 5674
7971 5729
8036 5784
8101 5839
8166 5894
8231 5949
8296 6004
8361 6059
8426 6114
8491 6169
8556 6224
8621 6279
8686 6334
8751 6389
8816 6444
8881 6499
8946 6554
9011 6609
9076 6664
9141 6719
9206 6774
9271 6829
9336 6884
9401 6939
9466 6994
9531 7049
9596 7104
9661 7159
9726 7214
9791 7269
9856 7324
9921 7379
9986 7434
10000 7292
9935 7237
9870 7182
9805 7127
9740 7072
9675 7017
9610 6962
9545 6907
9480 6852
9415 6797
9350 6742
9285 6687
9220 6632
9155 6577
9090 6522
9025 6467
8960 6412
8895 6357
8830 6302
8765 6247
8700 6192
8635 6137
8570 6082
8505 6027
8440 5972
8375 5917
8310 5862
8245 5807
8180 5752
8115 5697
8050 5642
7985 5587
7920 5532
7855 5477
7790 5422
7725 5367
7660 5312
7595 5257
7530 5202
7465 5147
7400 5092
7335 5037
7270 4982
7205 4927
7140 4872
7075 4817
7010 4762
6945 4707
6880 4652
6815 4597
6750 4542
6685 4487
6620 4432
6555 4377
6490 4322
6425 4267
6360 4212
6295 4157
6230 4102
6165 4047
6100 3992
6035 3937
5970 3882
5905 3827
5840 3772
5775 3717
5710 3662
5645 3607
5580 3552
5515 3497
5450 3442
5385 3387
5320 3332
5255 3277
5190 3222
5125 3167
5060 3112
4995 3057
4930 3002
4865 2947
4800 2892
4735 2837
4670 2782
4605 2727
4540 2672
4475 2617
4410 2562
4345 2507
4280 2452
4215 2397
4150 2342
4085 2287
4020 2232
3955 2177
3890 2122
3825 2067
3760 2012
3695 1957
3630 1902
3565 1847
3500 1792
3435 1737
3370 1682
3305 1627
3240 1572
3175 1517
3110 1462
3045 1407
2980 1352
2915 1297
2850 1242
2785 1187
2720 1132
2655 1077
2590 1022
2525 967
2460 912
2395 857
2330 802
2265 747
2200 692
2135 637
2070 582
2005 527
1940 472
1875 417
1810 362
1745 307
1680 252
1615 197
1550 142
1485 87
1420 32
1629 55
1694 110
1759 165
1824 220
1889 275
1954 330
2019 385
2084 440
2149 495
2214 550
2279 605
2344 660
2409 715
2474 770
2539 825
2604 880
2669 935
2734 990
2799 1045
2864 1100
2929 1155
2994 1210
3059 1265
3124 1320
3189 1375
3254 1430
3319 1485
3384 1540
3449 1595
3514 1650
3579 1705
3644 1760
3709 1815
3774 1870
3839 1925
3904 1980
3969 2035
4034 2090
4099 2145
4164 2200
4229 2255
4294 2310
4359 2365
4424 2420
4489 2475
4554 2530
4619 2585
4684 2640
4749 2695
4814 2750
4879 2805
4944 2860
5009 2915
5074 2970
5139 3025
5204 3080
5269 3135
5334 3190
5399 3245
5464 3300
5529 3355
5594 3410
5659 3465
5724 3520
5789 3575
5854 3630
5919 3685
5984 3740
6049 3795
6114 3850
6179 3905
6244 3960
6309 4015
6374 4070
6439 4125
6504 4180
6569 4235
6634 4290
6699 4345
6764 4400
6829 4455
6894 4510
6959 4565
7024 4620
7089 4675
7154 4730
7219 4785
7284 4840
7349 4895
7414 4950
7479 5005
7544 5060
7609 5115
7674 5170
7739 5225
7804 5280
7869 5335
7934 5390
7999 5445
8064 5500
8129 5555
8194 5610
8259 5665
8324 5720
8389 5775
8454 5830
8519 5885
8584 5940
8649 5995
8714 6050
8779 6105
8844 6160
8909 6215
8974 6270
9039 6325
9104 6380
9169 6435
9234 6490
9299 6545
9364 6600
9429 6655
9494 6710
9559 6765
9624 6820
9689 6875
9754 6930
9819 6985
9884 7040
9949 7095
9963 6953
9898 6898
9833 6843
9768 6788
9703 6733
9638 6678
9573 6623
9508 6568
9443 6513
9378 6458
9313 6403
9248 6348
9183 6293
9118 6238
9053 6183
8988 6128
8923 6073
8858 6018
8793 5963
8728 5908
8663 5853
8598 5798
8533 5743
8468 5688
8403 5633
8338 5578
8273 5523
8208 5468
8143 5413
8078 5358
8013 5303
7948 5248
7883 5193
7818 5138
7753 5083
7688 5028
7623 4973
7558 4918
7493 4863
7428 4808
7363 4753
7298 4698
7233 4643
7168 4588
7103 4533
7038 4478
6973 4423
6908 4368
6843 4313
6778 4258
6713 4203
6648 4148
6583 4093
6518 4038
6453 3983
6388 3928
6323 3873
6258 3818
6193 3763
6128 3708
6063 3653
5998 3598
5933 3543
5868 3488
5803 3433
5738 3378
5673 3323
5608 3268
5543 3213
5478 3158
5413 3103
5348 3048
5283 2993
5218 2938
5153 2883
5088 2828
5023 2773
4958 2718
4893 2663
4828 2608
4763 2553
4698 2498
4633 2443
4568 2388
4503 2333
4438 2278
4373 2223
4308 2168
4243 2113
4178 2058
4113 2003
4048 1948
3983 1893
3918 1838
3853 1783
3788 1728
3723 1673
3658 1618
3593 1563
3528 1508
3463 1453
3398 1398
3333 1343
3268 1288
3203 1233
3138 1178
3073 1123
3008 1068
2943 1013
2878 958
2813 903
2748 848
2683 793
2618 738
2553 683
2488 628
2423 573
2358 518
2293 463
2228 408
2163 353
2098 298
2033 243
1968 188
1903 133
1838 78
1773 23
1982 46
2047 101
2112 156
2177 211
2242 266
2307 321
2372 376
2437 431
2502 486
2567 541
2632 596
2697 651
2762 706
2827 761
2892 816
2957 871
3022 926
3087 981
3152 1036
3217 1091
3282 1146
3347 1201
3412 1256
3477 1311
3542 1366
3607 1421
3672 1476
3737 1531
3802 1586
3867 1641
3932 1696
3997 1751
4062 1806
4127 1861
4192 1916
4257 1971
4322 2026
4387 2081
4452 2136
4517 2191
4582 2246
4647 2301
4712 2356
4777 2411
4842 2466
4907 2521
4972 2576
5037 2631
5102 2686
5167 2741
5232 2796
5297 2851
5362 2906
5427 2961
5492 3016
5557 3071
5622 3126
5687 3181
5752 3236
5817 3291
5882 3346
5947 3401
6012 3456
6077 3511
6142 3566
6207 3621
6272 3676
6337 3731
6402 3786
6467 3841
6532 3896
6597 3951
6662 4006
6727 4061
6792 4116
6857 4171
6922 4226
6987 4281
7052 4336
7117 4391
7182 4446
7247 4501
7312 4556
7377 4611
7442 4666
7507 4721
7572 4776
7637 4831
7702 4886
7767 4941
7832 4996
7897 5051
7962 5106
8027 5161
8092 5216
8157 5271
8222 5326
8287 5381
8352 5436
8417 5491
8482 5546
8547 5601
8612 5656
8677 5711
8742 5766
8807 5821
8872 5876
8937 5931
9002 5986
9067 6041
9132 6096
9197 6151
9262 6206
9327 6261
9392 6316
9457 6371
9522 6426
9587 6481
9652 6536
9717 6591
9782 6646
9847 6701
9912 6756
9977 6811
9991 6669
9926 6614
9861 6559
9796 6504
9731 6449
9666 6394
9601 6339
9536 6284
9471 6229
9406 6174
9341 6119
9276 6064
9211 6009
9146 5954
9081 5899
9016 5844
8951 5789
8886 5734
8821 5679
8756 5624
8691 5569
8626 5514
8561 5459
8496 5404
8431 5349
8366 5294
8301 5239
8236 5184
8171 5129
8106 5074
8041 5019
7976 4964
7911 4909
7846 4854
7781 4799
7716 4744
7651 4689
7586 4634
7521 4579
7456 4524
7391 4469
7326 4414
7261 4359
7196 4304
7131 4249
7066 4194
7001 4139
6936 4084
6871 4029
6806 3974
6741 3919
6676 3864
6611 3809
6546 3754
6481 3699
6416 3644
6351 3589
6286 3534
6221 3479
6156 3424
6091 3369
6026 3314
5961 3259
5896 3204
5831 3149
5766 3094
5701 3039
5636 2984
5571 2929
5506 2874
5441 2819
5376 2764
5311 2709
5246 2654
5181 2599
5116 2544
5051 2489
4986 2434
4921 2379
4856 2324
4791 2269
4726 2214
4661 2159
4596 2104
4531 2049
4466 1994
4401 1939
4336 1884
4271 1829
4206 1774
4141 1719
4076 1664
4011 1609
3946 1554
3881 1499
3816 1444
3751 1389
3686 1334
3621 1279
3556 1224
3491 1169
3426 1114
3361 1059
3296 1004
3231 949
3166 894
3101 839
3036 784
2971 729
2906 674
2841 619
2776 564
2711 509
2646 454
2581 399
2516 344
2451 289
2386 234
2321 179
2256 124
2191 69
2126 14
2335 37
2400 92
2465 147
2530 202
2595 257
2660 312
2725 367
2790 422
2855 477
2920 532
2985 587
3050 642
3115 697
3180 752
3245 807
3310 862
3375 917
3440 972
3505 1027
3570 1082
3635 1137
3700 1192
3765 1247
3830 1302
3895 1357
3960 1412
4025 1467
4090 1522
4155 1577
4220 1632
4285 1687
4350 1742
4415 1797
4480 1852
4545 1907
4610 1962
4675 2017
4740 2072
4805 2127
4870 2182
4935 2237
5000 2292
5065 2347
5130 2402
5195 2457
5260 2512
5325 2567
5390 2622
5455 2677
5520 2732
5585 2787
5650 2842
5715 2897
5780 2952
5845 3007
5910 3062
5975 3117
6040 3172
6105 3227
6170 3282
6235 3337
6300 3392
6365 3447
6430 3502
6495 3557
6560 3612
6625 3667
6690 3722
6755 3777
6820 3832
6885 3887
6950 3942
7015 3997
7080 4052
7145 4107
7210 4162
7275 4217
7340 4272
7405 4327
7470 4382
7535 4437
7600 4492
7665 4547
7730 4602
7795 4657
7860 4712
7925 4767
7990 4822
8055 4877
8120 4932
8185 4987
8250 5042
8315 5097
8380 5152
8445 5207
8510 5262
8575 5317
8640 5372
8705 5427
8770 5482
8835 5537
8900 5592
8965 5647
9030 5702
9095 5757
9160 5812
9225 5867
9290 5922
9355 5977
9420 6032
9485 6087
9550 6142
9615 6197
9680 6252
9745 6307
9810 6362
9875 6417
9940 6472
9954 6330
9889 6275
9824 6220
9759 6165
9694 6110
9629 6055
9564 6000
9499 5945
9434 5890
9369 5835
9304 5780
9239 5725
9174 5670
9109 5615
9044 5560
8979 5505
8914 5450
8849 5395
8784 5340
8719 5285
8654 5230
8589 5175
8524 5120
8459 5065
8394 5010
8329 4955
8264 4900
8199 4845
8134 4790
8069 4735
8004 4680
7939 4625
7874 4570
7809 4515
7744 4460
7679 4405
7614 4350
7549 4295
7484 4240
7419 4185
7354 4130
7289 4075
7224 4020
7159 3965
7094 3910
7029 3855
6964 3800
6899 3745
6834 3690
6769 3635
6704 3580
6639 3525
6574 3470
6509 3415
6444 3360
6379 3305
6314 3250
6249 3195
6184 3140
6119 3085
6054 3030
5989 2975
5924 2920
5859 2865
5794 2810
5729 2755
5664 2700
5599 2645
5534 2590
5469 2535
5404 2480
5339 2425
5274 2370
5209 2315
5144 2260
5079 2205
5014 2150
4949 2095
4884 2040
4819 1985
4754 1930
4689 1875
4624 1820
4559 1765
4494 1710
4429 1655
4364 1600
4299 1545
4234 1490
4169 1435
4104 1380
4039 1325
3974 1270
3909 1215
3844 1160
3779 1105
3714 1050
3649 995
3584 940
3519 885
3454 830
3389 775
3324 720
3259 665
3194 610
3129 555
3064 500
2999 445
2934 390
2869 335
2804 280
2739 225
2674 170
2609 115
2544 60
2479 5
2688 28
2753 83
2818 138
2883 193
2948 248
3013 303
3078 358
3143 413
3208 468
3273 523
3338 578
3403 633
3468 688
3533 743
3598 798
3663 853
3728 908
3793 963
3858 1018
3923 1073
3988 1128
4053 1183
4118 1238
4183 1293
4248 1348
4313 1403
4378 1458
4443 1513
4508 1568
4573 1623
4638 1678
4703 1733
4768 1788
4833 1843
4898 1898
4963 1953
5028 2008
5093 2063
5158 2118
5223 2173
5288 2228
5353 2283
5418 2338
5483 2393
5548 2448
5613 2503
5678 2558
5743 2613
5808 2668
5873 2723
5938 2778
6003 2833
6068 2888
6133 2943
6198 2998
6263 3053
6328 3108
6393 3163
6458 3218
6523 3273
6588 3328
6653 3383
6718 3438
6783 3493
6848 3548
6913 3603
6978 3658
7043 3713
7108 3768
7173 3823
7238 3878
7303 3933
7368 3988
7433 4043
7498 4098
7563 4153
7628 4208
7693 4263
7758 4318
7823 4373
7888 4428
7953 4483
8018 4538
8083 4593
8148 4648
8213 4703
8278 4758
8343 4813
8408 4868
8473 4923
8538 4978
8603 5033
8668 5088
8733 5143
8798 5198
8863 5253
8928 5308
8993 5363
9058 5418
9123 5473
9188 5528
9253 5583
9318 5638
9383 5693
9448 5748
9513 5803
9578 5858
9643 5913
9708 5968
9773 6023
9838 6078
9903 6133
9968 6188
9982 6046
9917 5991
9852 5936
9787 5881
9722 5826
9657 5771
9592 5716
9527 5661
9462 5606
9397 5551
9332 5496
9267 5441
9202 5386
9137 5331
9072 5276
9007 5221
8942 5166
8877 5111
8812 5056
8747 5001
8682 4946
8617 4891
8552 4836
8487 4781
8422 4726
8357 4671
8292 4616
8227 4561
8162 4506
8097 4451
8032 4396
7967 4341
7902 4286
7837 4231
7772 4176
7707 4121
7642 4066
7577 4011
7512 3956
7447 3901
7382 3846
7317 3791
7252 3736
7187 3681
7122 3626
7057 3571
6992 3516
6927 3461
6862 3406
6797 3351
6732 3296
6667 3241
6602 3186
6537 3131
6472 3076
6407 3021
6342 2966
6277 2911
6212 2856
6147 2801
6082 2746
6017 2691
5952 2636
5887 2581
5822 2526
5757 2471
5692 2416
5627 2361
5562 2306
5497 2251
5432 2196
5367 2141
5302 2086
5237 2031
5172 1976
5107 1921
5042 1866
4977 1811
4912 1756
4847 1701
4782 1646
4717 1591
4652 1536
4587 1481
4522 1426
4457 1371
4392 1316
4327 1261
4262 1206
4197 1151
4132 1096
4067 1041
4002 986
3937 931
3872 876
3807 821
3742 766
3677 711
3612 656
3547 601
3482 546
3417 491
3352 436
3287 381
3222 326
3157 271
3092 216
3027 161
2962 106
2897 51
3041 19
3106 74
3171 129
3236 184
3301 239
3366 294
3431 349
3496 404
3561 459
3626 514
3691 569
3756 624
3821 679
3886 734
3951 789
4016 844
4081 899
4146 954
4211 1009
4276 1064
4341 1119
4406 1174
4471 1229
4536 1284
4601 1339
4666 1394
4731 1449
4796 1504
4861 1559
4926 1614
4991 1669
5056 1724
5121 1779
5186 1834
5251 1889
5316 1944
5381 1999
5446 2054
5511 2109
5576 2164
5641 2219
5706 2274
5771 2329
5836 2384
5901 2439
5966 2494
6031 2549
6096 2604
6161 2659
6226 2714
6291 2769
6356 2824
6421 2879
6486 2934
6551 2989
6616 3044
6681 3099
6746 3154
6811 3209
6876 3264
6941 3319
7006 3374
7071 3429
7136 3484
7201 3539
7266 3594
7331 3649
7396 3704
7461 3759
7526 3814
7591 3869
7656 3924
7721 3979
7786 4034
7851 4089
7916 4144
7981 4199
8046 4254
8111 4309
8176 4364
8241 4419
8306 4474
8371 4529
8436 4584
8501 4639
8566 4694
8631 4749
8696 4804
8761 4859
8826 4914
8891 4969
8956 5024
9021 5079
9086 5134
9151 5189
9216 5244
9281 5299
9346 5354
9411 5409
9476 5464
9541 5519
9606 5574
9671 5629
9736 5684
9801 5739
9866 5794
9931 5849
9996 5904
9945 5707
9880 5652
9815 5597
9750 5542
9685 5487
9620 5432
9555 5377
9490 5322
9425 5267
9360 5212
9295 5157
9230 5102
9165 5047
9100 4992
9035 4937
8970 4882
8905 4827
8840 4772
8775 4717
8710 4662
8645 4607
8580 4552
8515 4497
8450 4442
8385 4387
8320 4332
8255 4277
8190 4222
8125 4167
8060 4112
7995 4057
7930 4002
7865 3947
7800 3892
7735 3837
7670 3782
7605 3727
7540 3672
7475 3617
7410 3562
7345 3507
7280 3452
7215 3397
7150 3342
7085 3287
7020 3232
6955 3177
6890 3122
6825 3067
6760 3012
6695 2957
6630 2902
6565 2847
6500 2792
6435 2737
6370 2682
6305 2627
6240 2572
6175 2517
6110 2462
6045 2407
5980 2352
5915 2297
5850 2242
5785 2187
5720 2132
5655 2077
5590 2022
5525 1967
5460 1912
5395 1857
5330 1802
5265 1747
5200 1692
5135 1637
5070 1582
5005 1527
4940 1472
4875 1417
4810 1362
4745 1307
4680 1252
4615 1197
4550 1142
4485 1087
4420 1032
4355 977
4290 922
4225 867
4160 812
4095 757
4030 702
3965 647
3900 592
3835 537
3770 482
3705 427
3640 372
3575 317
3510 262
3445 207
3380 152
3315 97
3250 42
3394 10
3459 65
3524 120
3589 175
3654 230
3719 285
3784 340
3849 395
3914 450
3979 505
4044 560
4109 615
4174 670
4239 725
4304 780
4369 835
4434 890
4499 945
4564 1000
4629 1055
4694 1110
4759 1165
4824 1220
4889 1275
4954 1330
5019 1385
5084 1440
5149 1495
5214 1550
5279 1605
5344 1660
5409 1715
5474 1770
5539 1825
5604 1880
5669 1935
5734 1990
5799 2045
5864 2100
5929 2155
5994 2210
6059 2265
6124 2320
6189 2375
6254 2430
6319 2485
6384 2540
6449 2595
6514 2650
6579 2705
6644 2760
6709 2815
6774 2870
6839 2925
6904 2980
6969 3035
7034 3090
7099 3145
7164 3200
7229 3255
7294 3310
7359 3365
7424 3420
7489 3475
7554 3530
7619 3585
7684 3640
7749 3695
7814 3750
7879 3805
7944 3860
8009 3915
8074 3970
8139 4025
8204 4080
8269 4135
8334 4190
8399 4245
8464 4300
8529 4355
8594 4410
8659 4465
8724 4520
8789 4575
8854 4630
8919 4685
8984 4740
9049 4795
9114 4850
9179 4905
9244 4960
9309 5015
9374 5070
9439 5125
9504 5180
9569 5235
9634 5290
9699 5345
9764 5400
9829 5455
9894 5510
9959 5565
9973 5423
9908 5368
9843 5313
9778 5258
9713 5203
9648 5148
9583 5093
9518 5038
9453 4983
9388 4928
9323 4873
9258 4818
9193 4763
9128 4708
9063 4653
8998 4598
8933 4543
8868 4488
8803 4433
8738 4378
8673 4323
8608 4268
8543 4213
8478 4158
8413 4103
8348 4048
8283 3993
8218 3938
8153 3883
8088 3828
8023 3773
7958 3718
7893 3663
7828 3608
7763 3553
7698 3498
7633 3443
7568 3388
7503 3333
7438 3278
7373 3223
7308 3168
7243 3113
7178 3058
7113 3003
7048 2948
6983 2893
6918 2838
6853 2783
6788 2728
6723 2673
6658 2618
6593 2563
6528 2508
6463 2453
6398 2398
6333 2343
6268 2288
6203 2233
6138 2178
6073 2123
6008 2068
5943 2013
5878 1958
5813 1903
5748 1848
5683 1793
5618 1738
5553 1683
5488 1628
5423 1573
5358 1518
5293 1463
5228 1408
5163 1353
5098 1298
5033 1243
4968 1188
4903 1133
4838 1078
4773 1023
4708 968
4643 913
4578 858
4513 803
4448 748
4383 693
4318 638
4253 583
4188 528
4123 473
4058 418
3993 363
3928 308
3863 253
3798 198
3733 143
3668 88
3603 33
3747 1
3812 56
3877 111
3942 166
4007 221
4072 276
4137 331
4202 386
4267 441
4332 496
4397 551
4462 606
4527 661
4592 716
4657 771
4722 826
4787 881
4852 936
4917 991
4982 1046
5047 1101
5112 1156
5177 1211
5242 1266
5307 1321
5372 1376
5437 1431
5502 1486
5567 1541
5632 1596
5697 1651
5762 1706
5827 1761
5892 1816
5957 1871
6022 1926
6087 1981
6152 2036
6217 2091
6282 2146
6347 2201
6412 2256
6477 2311
6542 2366
6607 2421
6672 2476
6737 2531
6802 2586
6867 2641
6932 2696
6997 2751
7062 2806
7127 2861
7192 2916
7257 2971
7322 3026
7387 3081
7452 3136
7517 3191
7582 3246
7647 3301
7712 3356
7777 3411
7842 3466
7907 3521
7972 3576
8037 3631
8102 3686
8167 3741
8232 3796
8297 3851
8362 3906
8427 3961
8492 4016
8557 4071
8622 4126
8687 4181
8752 4236
8817 4291
8882 4346
8947 4401
9012 4456
9077 4511
9142 4566
9207 4621
9272 4676
9337 4731
9402 4786
9467 4841
9532 4896
9597 4951
9662 5006
9727 5061
9792 5116
9857 5171
9922 5226
9987 5281
9936 5084
9871 5029
9806 4974
9741 4919
9676 4864
9611 4809
9546 4754
9481 4699
9416 4644
9351 4589
9286 4534
9221 4479
9156 4424
9091 4369
9026 4314
8961 4259
8896 4204
8831 4149
8766 4094
8701 4039
8636 3984
8571 3929
8506 3874
8441 3819
8376 3764
8311 3709
8246 3654
8181 3599
8116 3544
8051 3489
7986 3434
7921 3379
7856 3324
7791 3269
7726 3214
7661 3159
7596 3104
7531 3049
7466 2994
7401 2939
7336 2884
7271 2829
7206 2774
7141 2719
7076 2664
7011 2609
6946 2554
6881 2499
6816 2444
6751 2389
6686 2334
6621 2279
6556 2224
6491 2169
6426 2114
6361 2059
6296 2004
6231 1949
6166 1894
6101 1839
6036 1784
5971 1729
5906 1674
5841 1619
5776 1564
5711 1509
5646 1454
5581 1399
5516 1344
5451 1289
5386 1234
5321 1179
5256 1124
5191 1069
5126 1014
5061 959
4996 904
4931 849
4866 794
4801 739
4736 684
4671 629
4606 574
4541 519
4476 464
4411 409
4346 354
4281 299
4216 244
4151 189
4086 134
4021 79
3956 24
4165 47
4230 102
4295 157
4360 212
4425 267
4490 322
4555 377
4620 432
4685 487
4750 542
4815 597
4880 652
4945 707
5010 762
5075 817
5140 872
5205 927
5270 982
5335 1037
5400 1092
5465 1147
5530 1202
5595 1257
5660 1312
5725 1367
5790 1422
5855 1477
5920 1532
5985 1587
6050 1642
6115 1697
6180 1752
6245 1807
6310 1862
6375 1917
6440 1972
6505 2027
6570 2082
6635 2137
6700 2192
6765 2247
6830 2302
6895 2357
6960 2412
7025 2467
7090 2522
7155 2577
7220 2632
7285 2687
7350 2742
7415 2797
7480 2852
7545 2907
7610 2962
7675 3017
7740 3072
7805 3127
7870 3182
7935 3237
8000 3292
8065 3347
8130 3402
8195 3457
8260 3512
8325 3567
8390 3622
8455 3677
8520 3732
8585 3787
8650 3842
8715 3897
8780 3952
8845 4007
8910 4062
8975 4117
9040 4172
9105 4227
9170 4282
9235 4337
9300 4392
9365 4447
9430 4502
9495 4557
9560 4612
9625 4667
9690 4722
9755 4777
9820 4832
9885 4887
9950 4942
9964 4800
9899 4745
9834 4690
9769 4635
9704 4580
9639 4525
9574 4470
9509 4415
9444 4360
9379 4305
9314 4250
9249 4195
9184 4140
9119 4085
9054 4030
8989 3975
8924 3920
8859 3865
8794 3810
8729 3755
8664 3700
8599 3645
8534 3590
8469 3535
8404 3480
8339 3425
8274 3370
8209 3315
8144 3260
8079 3205
8014 3150
7949 3095
7884 3040
7819 2985
7754 2930
7689 2875
7624 2820
7559 2765
7494 2710
7429 2655
7364 2600
7299 2545
7234 2490
7169 2435
7104 2380
7039 2325
6974 2270
6909 2215
6844 2160
6779 2105
6714 2050
6649 1995
6584 1940
6519 1885
6454 1830
6389 1775
6324 1720
6259 1665
6194 1610
6129 1555
6064 1500
5999 1445
5934 1390
5869 1335
5804 1280
5739 1225
5674 1170
5609 1115
5544 1060
5479 1005
5414 950
5349 895
5284 840
5219 785
5154 730
5089 675
5024 620
4959 565
4894 510
4829 455
4764 400
4699 345
4634 290
4569 235
4504 180
4439 125
4374 70
4309 15
4518 38
4583 93
4648 148
4713 203
4778 258
4843 313
4908 368
4973 423
5038 478
5103 533
5168 588
5233 643
5298 698
5363 753
5428 808
5493 863
5558 918
5623 973
5688 1028
5753 1083
5818 1138
5883 1193
5948 1248
6013 1303
6078 1358
6143 1413
6208 1468
6273 1523
6338 1578
6403 1633
6468 1688
6533 1743
6598 1798
6663 1853
6728 1908
6793 1963
6858 2018
6923 2073
6988 2128
7053 2183
7118 2238
7183 2293
7248 2348
7313 2403
7378 2458
7443 2513
7508 2568
7573 2623
7638 2678
7703 2733
7768 2788
7833 2843
7898 2898
7963 2953
8028 3008
8093 3063
8158 3118
8223 3173
8288 3228
8353 3283
8418 3338
8483 3393
8548 3448
8613 3503
8678 3558
8743 3613
8808 3668
8873 3723
8938 3778
9003 3833
9068 3888
9133 3943
9198 3998
9263 4053
9328 4108
9393 4163
9458 4218
9523 4273
9588 4328
9653 4383
9718 4438
9783 4493
9848 4548
9913 4603
9978 4658
9992 4516
9927 4461
9862 4406
9797 4351
9732 4296
9667 4241
9602 4186
9537 4131
9472 4076
9407 4021
9342 3966
9277 3911
9212 3856
9147 3801
9082 3746
9017 3691
8952 3636
8887 3581
8822 3526
8757 3471
8692 3416
8627 3361
8562 3306
8497 3251
8432 3196
8367 3141
8302 3086
8237 3031
8172 2976
8107 2921
8042 2866
7977 2811
7912 2756
7847 2701
7782 2646
7717 2591
7652 2536
7587 2481
7522 2426
7457 2371
7392 2316
7327 2261
7262 2206
7197 2151
7132 2096
7067 2041
7002 1986
6937 1931
6872 1876
6807 1821
6742 1766
6677 1711
6612 1656
6547 1601
6482 1546
6417 1491
6352 1436
6287 1381
6222 1326
6157 1271
6092 1216
6027 1161
5962 1106
5897 1051
5832 996
5767 941
5702 886
5637 831
5572 776
5507 721
5442 666
5377 611
5312 556
5247 501
5182 446
5117 391
5052 336
4987 281
4922 226
4857 171
4792 116
4727 61
4662 6
4871 29
4936 84
5001 139
5066 194
5131 249
5196 304
5261 359
5326 414
5391 469
5456 524
5521 579
5586 634
5651 689
5716 744
5781 799
5846 854
5911 909
5976 964
6041 1019
6106 1074
6171 1129
6236 1184
6301 1239
6366 1294
6431 1349
6496 1404
6561 1459
6626 1514
6691 1569
6756 1624
6821 1679
6886 1734
6951 1789
7016 1844
7081 1899
7146 1954
7211 2009
7276 2064
7341 2119
7406 2174
7471 2229
7536 2284
7601 2339
7666 2394
7731 2449
7796 2504
7861 2559
7926 2614
7991 2669
8056 2724
8121 2779
8186 2834
8251 2889
8316 2944
8381 2999
8446 3054
8511 3109
8576 3164
8641 3219
8706 3274
8771 3329
8836 3384
8901 3439
8966 3494
9031 3549
9096 3604
9161 3659
9226 3714
9291 3769
9356 3824
9421 3879
9486 3934
9551 3989
9616 4044
9681 4099
9746 4154
9811 4209
9876 4264
9941 4319
9955 4177
9890 4122
9825 4067
9760 4012
9695 3957
9630 3902
9565 3847
9500 3792
9435 3737
9370 3682
9305 3627
9240 3572
9175 3517
9110 3462
9045 3407
8980 3352
8915 3297
8850 3242
8785 3187
8720 3132
8655 3077
8590 3022
8525 2967
8460 2912
8395 2857
8330 2802
8265 2747
8200 2692
8135 2637
8070 2582
8005 2527
7940 2472
7875 2417
7810 2362
7745 2307
7680 2252
7615 2197
7550 2142
7485 2087
7420 2032
7355 1977
7290 1922
7225 1867
7160 1812
7095 1757
7030 1702
6965 1647
6900 1592
6835 1537
6770 1482
6705 1427
6640 1372
6575 1317
6510 1262
6445 1207
6380 1152
6315 1097
6250 1042
6185 987
6120 932
6055 877
5990 822
5925 767
5860 712
5795 657
5730 602
5665 547
5600 492
5535 437
5470 382
5405 327
5340 272
5275 217
5210 162
5145 107
5080 52
5224 20
5289 75
5354 130
5419 185
5484 240
5549 295
5614 350
5679 405
5744 460
5809 515
5874 570
5939 625
6004 680
6069 735
6134 790
6199 845
6264 900
6329 955
6394 1010
6459 1065
6524 1120
6589 1175
6654 1230
6719 1285
6784 1340
6849 1395
6914 1450
6979 1505
7044 1560
7109 1615
7174 1670
7239 1725
7304 1780
7369 1835
7434 1890
7499 1945
7564 2000
7629 2055
7694 2110
7759 2165
7824 2220
7889 2275
7954 2330
8019 2385
8084 2440
8149 2495
8214 2550
8279 2605
8344 2660
8409 2715
8474 2770
8539 2825
8604 2880
8669 2935
8734 2990
8799 3045
8864 3100
8929 3155
8994 3210
9059 3265
9124 3320
9189 3375
9254 3430
9319 3485
9384 3540
9449 3595
9514 3650
9579 3705
9644 3760
9709 3815
9774 3870
9839 3925
9904 3980
9969 4035
9983 3893
9918 3838
9853 3783
9788 3728
9723 3673
9658 3618
9593 3563
9528 3508
9463 3453
9398 3398
9333 3343
9268 3288
9203 3233
9138 3178
9073 3123
9008 3068
8943 3013
8878 2958
8813 2903
8748 2848
8683 2793
8618 2738
8553 2683
8488 2628
8423 2573
8358 2518
8293 2463
8228 2408
8163 2353
8098 2298
8033 2243
7968 2188
7903 2133
7838 2078
7773 2023
7708 1968
7643 1913
7578 1858
7513 1803
7448 1748
7383 1693
7318 1638
7253 1583
7188 1528
7123 1473
7058 1418
6993 1363
6928 1308
6863 1253
6798 1198
6733 1143
6668 1088
6603 1033
6538 978
6473 923
6408 868
6343 813
6278 758
6213 703
6148 648
6083 593
6018 538
5953 483
5888 428
5823 373
5758 318
5693 263
5628 208
5563 153
5498 98
5433 43
5577 11
5642 66
5707 121
5772 176
5837 231
5902 286
5967 341
6032 396
6097 451
6162 506
6227 561
6292 616
6357 671
6422 726
6487 781
6552 836
6617 891
6682 946
6747 1001
6812 1056
6877 1111
6942 1166
7007 1221
7072 1276
7137 1331
7202 1386
7267 1441
7332 1496
7397 1551
7462 1606
7527 1661
7592 1716
7657 1771
7722 1826
7787 1881
7852 1936
7917 1991
7982 2046
8047 2101
8112 2156
8177 2211
8242 2266
8307 2321
8372 2376
8437 2431
8502 2486
8567 2541
8632 2596
8697 2651
8762 2706
8827 2761
8892 2816
8957 2871
9022 2926
9087 2981
9152 3036
9217 3091
9282 3146
9347 3201
9412 3256
9477 3311
9542 3366
9607 3421
9672 3476
9737 3531
9802 3586
9867 3641
9932 3696
9997 3751
9946 3554
9881 3499
9816 3444
9751 3389
9686 3334
9621 3279
9556 3224
9491 3169
9426 3114
9361 3059
9296 3004
9231 2949
9166 2894
9101 2839
9036 2784
8971 2729
8906 2674
8841 2619
8776 2564
8711 2509
8646 2454
8581 2399
8516 2344
8451 2289
8386 2234
8321 2179
8256 2124
8191 2069
8126 2014
8061 1959
7996 1904
7931 1849
7866 1794
7801 1739
7736 1684
7671 1629
7606 1574
7541 1519
7476 1464
7411 1409
7346 1354
7281 1299
7216 1244
7151 1189
7086 1134
7021 1079
6956 1024
6891 969
6826 914
6761 859
6696 804
6631 749
6566 694
6501 639
6436 584
6371 529
6306 474
6241 419
6176 364
6111 309
6046 254
5981 199
5916 144
5851 89
5786 34
5930 2
5995 57
6060 112
6125 167
6190 222
6255 277
6320 332
6385 387
6450 442
6515 497
6580 552
6645 607
6710 662
6775 717
6840 772
6905 827
6970 882
7035 937
7100 992
7165 1047
7230 1102
7295 1157
7360 1212
7425 1267
7490 1322
7555 1377
7620 1432
7685 1487
7750 1542
7815 1597
7880 1652
7945 1707
8010 1762
8075 1817
8140 1872
8205 1927
8270 1982
8335 2037
8400 2092
8465 2147
8530 2202
8595 2257
8660 2312
8725 2367
8790 2422
8855 2477
8920 2532
8985 2587
9050 2642
9115 2697
9180 2752
9245 2807
9310 2862
9375 2917
9440 2972
9505 3027
9570 3082
9635 3137
9700 3192
9765 3247
9830 3302
9895 3357
9960 3412
9974 3270
9909 3215
9844 3160
9779 3105
9714 3050
9649 2995
9584 2940
9519 2885
9454 2830
9389 2775
9324 2720
9259 2665
9194 2610
9129 2555
9064 2500
8999 2445
8934 2390
8869 2335
8804 2280
8739 2225
8674 2170
8609 2115
8544 2060
8479 2005
8414 1950
8349 1895
8284 1840
8219 1785
8154 1730
8089 1675
8024 1620
7959 1565
7894 1510
7829 1455
7764 1400
7699 1345
7634 1290
7569 1235
7504 1180
7439 1125
7374 1070
7309 1015
7244 960
7179 905
7114 850
7049 795
6984 740
6919 685
6854 630
6789 575
6724 520
6659 465
6594 410
6529 355
6464 300
6399 245
6334 190
6269 135
6204 80
6139 25
6348 48
6413 103
6478 158
6543 213
6608 268
6673 323
6738 378
6803 433
6868 488
6933 543
6998 598
7063 653
7128 708
7193 763
7258 818
7323 873
7388 928
7453 983
7518 1038
7583 1093
7648 1148
7713 1203
7778 1258
7843 1313
7908 1368
7973 1423
8038 1478
8103 1533
8168 1588
8233 1643
8298 1698
8363 1753
8428 1808
8493 1863
8558 1918
8623 1973
8688 2028
8753 2083
8818 2138
8883 2193
8948 2248
9013 2303
9078 2358
9143 2413
9208 2468
9273 2523
9338 2578
9403 2633
9468 2688
9533 2743
9598 2798
9663 2853
9728 2908
9793 2963
9858 3018
9923 3073
9988 3128
9937 2931
9872 2876
9807 2821
9742 2766
9677 2711
9612 2656
9547 2601
9482 2546
9417 2491
9352 2436
9287 2381
9222 2326
9157 2271
9092 2216
9027 2161
8962 2106
8897 2051
8832 1996
8767 1941
8702 1886
8637 1831
8572 1776
8507 1721
8442 1666
8377 1611
8312 1556
8247 1501
8182 1446
8117 1391
8052 1336
7987 1281
7922 1226
7857 1171
7792 1116
7727 1061
7662 1006
7597 951
7532 896
7467 841
7402 786
7337 731
7272 676
7207 621
7142 566
7077 511
7012 456
6947 401
6882 346
6817 291
6752 236
6687 181
6622 126
6557 71
6492 16
6701 39
6766 94
6831 149
6896 204
6961 259
7026 314
7091 369
7156 424
7221 479
7286 534
7351 589
7416 644
7481 699
7546 754
7611 809
7676 864
7741 919
7806 974
7871 1029
7936 1084
8001 1139
8066 1194
8131 1249
8196 1304
8261 1359
8326 1414
8391 1469
8456 1524
8521 1579
8586 1634
8651 1689
8716 1744
8781 1799
8846 1854
8911 1909
8976 1964
9041 2019
9106 2074
9171 2129
9236 2184
9301 2239
9366 2294
9431 2349
9496 2404
9561 2459
9626 2514
9691 2569
9756 2624
9821 2679
9886 2734
9951 2789
9965 2647
9900 2592
9835 2537
9770 2482
9705 2427
9640 2372
9575 2317
9510 2262
9445 2207
9380 2152
9315 2097
9250 2042
9185 1987
9120 1932
9055 1877
8990 1822
8925 1767
8860 1712
8795 1657
8730 1602
8665 1547
8600 1492
8535 1437
8470 1382
8405 1327
8340 1272
8275 1217
8210 1162
8145 1107
8080 1052
8015 997
7950 942
7885 887
7820 832
7755 777
7690 722
7625 667
7560 612
7495 557
7430 502
7365 447
7300 392
7235 337
7170 282
7105 227
7040 172
6975 117
6910 62
6845 7
7054 30
7119 85
7184 140
7249 195
7314 250
7379 305
7444 360
7509 415
7574 470
7639 525
7704 580
7769 635
7834 690
7899 745
7964 800
8029 855
8094 910
8159 965
8224 1020
8289 1075
8354 1130
8419 1185
8484 1240
8549 1295
8614 1350
8679 1405
8744 1460
8809 1515
8874 1570
8939 1625
9004 1680
9069 1735
9134 1790
9199 1845
9264 1900
9329 1955
9394 2010
9459 2065
9524 2120
9589 2175
9654 2230
9719 2285
9784 2340
9849 2395
9914 2450
9979 2505
9993 2363
9928 2308
9863 2253
9798 2198
9733 2143
9668 2088
9603 2033
9538 1978
9473 1923
9408 1868
9343 1813
9278 1758
9213 1703
9148 1648
9083 1593
9018 1538
8953 1483
8888 1428
8823 1373
8758 1318
8693 1263
8628 1208
8563 1153
8498 1098
8433 1043
8368 988
8303 933
8238 878
8173 823
8108 768
8043 713
7978 658
7913 603
7848 548
7783 493
7718 438
7653 383
7588 328
7523 273
7458 218
7393 163
7328 108
7263 53
7407 21
7472 76
7537 131
7602 186
7667 241
7732 296
7797 351
7862 406
7927 461
7992 516
8057 571
8122 626
8187 681
8252 736
8317 791
8382 846
8447 901
8512 956
8577 1011
8642 1066
8707 1121
8772 1176
8837 1231
8902 1286
8967 1341
9032 1396
9097 1451
9162 1506
9227 1561
9292 1616
9357 1671
9422 1726
9487 1781
9552 1836
9617 1891
9682 1946
9747 2001
9812 2056
9877 2111
9942 2166
9956 2024
9891 1969
9826 1914
9761 1859
9696 1804
9631 1749
9566 1694
9501 1639
9436 1584
9371 1529
9306 1474
9241 1419
9176 1364
9111 1309
9046 1254
8981 1199
8916 1144
8851 1089
8786 1034
8721 979
8656 924
8591 869
8526 814
8461 759
8396 704
8331 649
8266 594
8201 539
8136 484
8071 429
8006 374
7941 319
7876 264
7811 209
7746 154
7681 99
7616 44
7760 12
7825 67
7890 122
7955 177
8020 232
8085 287
8150 342
8215 397
8280 452
8345 507
8410 562
8475 617
8540 672
8605 727
8670 782
8735 837
8800 892
8865 947
8930 1002
8995 1057
9060 1112
9125 1167
9190 1222
9255 1277
9320 1332
9385 1387
9450 1442
9515 1497
9580 1552
9645 1607
9710 1662
9775 1717
9840 1772
9905 1827
9970 1882
9984 1740
9919 1685
9854 1630
9789 1575
9724 1520
9659 1465
9594 1410
9529 1355
9464 1300
9399 1245
9334 1190
9269 1135
9204 1080
9139 1025
9074 970
9009 915
8944 860
8879 805
8814 750
8749 695
8684 640
8619 585
8554 530
8489 475
8424 420
8359 365
8294 310
8229 255
8164 200
8099 145
8034 90
7969 35
8113 3
8178 58
8243 113
8308 168
8373 223
8438 278
8503 333
8568 388
8633 443
8698 498
8763 553
8828 608
8893 663
8958 718
9023 773
9088 828
9153 883
9218 938
9283 993
9348 1048
9413 1103
9478 1158
9543 1213
9608 1268
9673 1323
9738 1378
9803 1433
9868 1488
9933 1543
9998 1598
9947 1401
9882 1346
9817 1291
9752 1236
9687 1181
9622 1126
9557 1071
9492 1016
9427 961
9362 906
9297 851
9232 796
9167 741
9102 686
9037 631
8972 576
8907 521
8842 466
8777 411
8712 356
8647 301
8582 246
8517 191
8452 136
8387 81
8322 26
8531 49
8596 104
8661 159
8726 214
8791 269
8856 324
8921 379
8986 434
9051 489
9116 544
9181 599
9246 654
9311 709
9376 764
9441 819
9506 874
9571 929
9636 984
9701 1039
9766 1094
9831 1149
9896 1204
9961 1259
9975 1117
9910 1062
9845 1007
9780 952
9715 897
9650 842
9585 787
9520 732
9455 677
9390 622
9325 567
9260 512
9195 457
9130 402
9065 347
9000 292
8935 237
8870 182
8805 127
8740 72
8675 17
8884 40
8949 95
9014 150
9079 205
9144 260
9209 315
9274 370
9339 425
9404 480
9469 535
9534 590
9599 645
9664 700
9729 755
9794 810
9859 865
9924 920
9989 975
9938 778
9873 723
9808 668
9743 613
9678 558
9613 503
9548 448
9483 393
9418 338
9353 283
9288 228
9223 173
9158 118
9093 63
9028 8
9237 31
9302 86
9367 141
9432 196
9497 251
9562 306
9627 361
9692 416
9757 471
9822 526
9887 581
9952 636
9966 494
9901 439
9836 384
9771 329
9706 274
9641 219
9576 164
9511 109
9446 54
9590 22
9655 77
9720 132
9785 187
9850 242
9915 297
9980 352
9994 210
9929 155
9864 100
9799 45
9943 13
