25 9
105 76
162 122
244 121
215 32
332 46
450 55
439 132
365 157
302 214
303 315
245 391
208 423
189 466
221 509
134 547
96 550
42 658
55 755
114 725
130 815
206 848
336 847
304 796
279 720
228 642
184 666
315 600
384 660
416 729
511 718
542 663
470 620
417 557
402 497
502 506
611 503
694 498
761 468
792 389
846 366
847 494
820 536
800 593
730 615
621 618
656 760
723 756
860 751
889 662
921 650
1019 636
1040 727
970 740
983 840
1057 821
1099 903
1195 875
1186 944
1217 967
1248 1056
1244 1105
1167 1086
1114 1163
1148 1253
1122 1362
1084 1404
1025 1393
925 1407
936 1323
894 1276
867 1348
873 1496
951 1501
843 1558
795 1540
769 1644
802 1663
825 1706
757 1725
676 1651
598 1661
591 1587
609 1545
586 1434
651 1423
612 1364
595 1284
680 1294
702 1330
775 1429
770 1222
750 1188
803 1130
827 1020
710 1003
658 999
625 1040
630 1136
523 1138
399 1141
435 1190
432 1242
382 1300
383 1369
313 1408
297 1447
324 1531
415 1562
410 1658
360 1635
214 1645
210 1593
168 1559
61 1560
68 1458
163 1388
196 1419
219 1360
268 1288
251 1186
218 1060
177 1063
158 989
231 969
308 984
375 1074
443 1084
513 1001
521 987
588 887
619 813
784 846
832 869
853 904
923 928
999 1008
1058 1016
1030 1101
985 1128
966 1226
1021 1268
1296 1265
1335 1308
1363 1223
1321 1185
1445 1216
1451 1146
1417 1022
1326 1029
1352 959
1383 873
1438 912
1462 851
1517 863
1504 781
1472 758
1467 614
1443 598
1516 641
1547 543
1629 507
1621 406
1596 355
1686 312
1730 322
1723 408
1849 476
1900 549
1927 528
1909 631
1882 661
1933 702
2048 750
2064 814
2112 857
2164 962
2178 1043
2217 1073
2292 1121
2336 1168
2335 1211
2340 1325
2311 1402
2205 1363
2187 1356
2199 1282
2244 1240
2143 1196
2083 1152
1999 1182
1946 1273
1854 1274
1885 1332
1971 1350
2046 1321
2098 1271
2052 1440
2037 1547
1970 1502
1938 1422
1823 1416
1761 1383
1729 1430
1658 1486
1638 1563
1630 1632
1561 1604
1573 1586
1570 1472
1470 1498
1430 1543
1327 1530
1306 1481
1299 1473
1219 1517
1171 1539
1123 1477
1118 1620
1119 1730
1053 1749
928 1773
941 1801
828 1826
654 1840
631 1767
592 1759
453 1766
329 1775
284 1739
276 1804
136 1811
140 1713
116 1648
84 1674
24 1788
77 1875
98 1972
107 2034
57 2097
73 2200
176 2189
261 2222
240 2306
198 2349
171 2422
300 2420
325 2396
344 2448
376 2528
473 2492
485 2588
556 2594
561 2646
639 2676
668 2704
762 2753
831 2768
788 2817
890 2838
904 2878
838 2901
955 2935
1003 2939
1011 2820
1094 2756
1131 2782
1166 2821
1249 2816
1235 2730
1193 2693
1221 2647
1316 2677
1348 2760
1328 2837
1416 2795
1453 2847
1549 2866
1543 2921
1446 2968
1395 2971
1273 2965
1293 3004
1319 3059
1270 3133
1382 3128
1463 3152
1480 3209
1518 3281
1590 3328
1601 3340
1627 3411
1610 3501
1583 3567
1636 3610
1650 3726
1732 3744
1733 3675
1830 3642
1842 3526
1904 3519
1867 3465
1975 3471
2085 3433
2079 3388
2179 3384
2183 3438
2213 3419
2228 3523
2251 3643
2332 3686
2322 3789
2281 3861
2257 3934
2186 3944
2132 3854
2204 3796
2168 3700
2129 3716
2017 3719
1997 3655
2067 3661
2111 3558
2084 3524
1978 3325
2011 3246
1954 3205
1940 3141
1894 3136
1879 3095
1912 3049
1928 2996
1914 2889
1820 2927
1775 2974
1668 2972
1673 2879
1714 2810
1684 2750
1687 2697
1567 2706
1578 2645
1628 2571
1589 2482
1498 2485
1522 2524
1406 2541
1340 2522
1318 2447
1303 2379
1225 2373
1155 2376
1128 2414
1062 2409
1012 2355
971 2252
892 2240
899 2192
911 2307
841 2371
865 2425
935 2456
898 2570
990 2558
1077 2580
1098 2625
1116 2549
1212 2505
1254 2418
1271 2216
1269 2150
1183 2142
1174 2017
1187 1973
1263 1983
1265 2037
1376 2036
1388 1961
1475 2007
1551 2022
1619 2025
1614 1901
1616 1898
1574 1918
1491 1928
1492 1855
1508 1843
1485 1750
1566 1753
1615 1754
1713 1770
1812 1745
1787 1829
1874 1808
1845 1910
1962 1890
2019 1892
2023 1957
2031 2024
1958 1968
1925 2057
1872 2075
1857 2122
1786 2125
1791 2050
1702 1929
1657 2141
1523 2140
1484 2126
1483 2236
1479 2304
1575 2331
1577 2248
1675 2291
1745 2269
1766 2301
1741 2421
1693 2391
1674 2443
1760 2509
1852 2498
1877 2547
1844 2606
1795 2607
1937 2609
1965 2560
1966 2461
2007 2424
1983 2394
1861 2395
1868 2218
1951 2265
1972 2163
2082 2111
2106 2132
2141 2078
2207 2103
2236 2051
2267 1988
2341 1982
2344 2041
2354 2138
2483 2187
2520 2260
2425 2281
2393 2293
2373 2361
2494 2357
2504 2400
2434 2427
2307 2432
2224 2467
2214 2502
2170 2462
2162 2398
2225 2387
2223 2215
2194 2204
2058 2285
2062 2303
2100 2525
2148 2566
2105 2654
2069 2694
1992 2711
2091 2791
2216 2787
2222 2832
2175 2877
2142 2913
2074 2940
2061 2891
2024 3043
2008 3118
2133 3057
2145 3172
2128 3242
2227 3166
2384 3163
2424 3196
2468 3237
2569 3264
2563 3195
2677 3235
2785 3220
2866 3218
2838 3185
2741 3164
2736 3094
2690 3063
2659 3102
2524 3073
2525 3000
2575 2897
2646 2874
2665 2902
2732 2890
2720 2980
2884 2984
2937 2989
2999 3015
3040 3081
2985 3132
3075 3154
3114 3214
3206 3204
3215 3186
3158 3110
3113 3036
3119 2949
3097 2909
3162 2899
3216 2981
3272 3046
3361 3060
3353 3112
3493 3126
3464 3029
3461 2942
3552 2916
3545 2864
3608 2937
3649 3006
3589 3038
3594 3170
3573 3202
3639 3271
3684 3302
3719 3295
3747 3347
3803 3380
3710 3421
3663 3454
3572 3497
3602 3573
3538 3583
3551 3634
3652 3633
3609 3704
3490 3698
3463 3712
3515 3746
3482 3802
3553 3880
3531 3947
3612 3956
3705 3961
3712 4043
3696 4067
3766 4103
3831 4094
3876 4124
3942 4177
4037 4141
4027 4039
3952 4041
3917 3953
4013 3941
4054 3882
4113 3959
4122 4079
4137 4193
4132 4213
4202 4255
4213 4394
4145 4385
4112 4401
4092 4473
3973 4478
3960 4515
3896 4545
3911 4602
3862 4659
3899 4736
3957 4734
4057 4728
4102 4768
4128 4826
4146 4916
4066 4890
4060 4967
4083 5023
3979 5027
3871 5012
3855 4927
3920 4930
3980 4859
3841 4843
3726 4876
3704 4939
3699 4976
3693 5122
3757 5093
3781 5163
3767 5201
3863 5192
3867 5248
3959 5224
4034 5209
4029 5156
3937 5111
4188 5114
4215 5086
4186 5002
4253 4940
4242 4840
4219 4800
4321 4897
4348 4914
4450 4917
4423 4878
4498 4795
4518 4740
4553 4678
4680 4688
4701 4657
4814 4653
4837 4760
4770 4780
4777 4870
4781 4933
4844 4929
4836 5006
4929 5025
4951 4928
5022 4931
5112 4990
5098 5076
5102 5128
5138 5096
5223 5160
5169 5235
5256 5277
5325 5293
5317 5350
5346 5440
5263 5469
5292 5514
5191 5507
5165 5460
5175 5371
5217 5372
5079 5384
5067 5434
5095 5504
4966 5482
4963 5594
5000 5689
4985 5759
5097 5749
5082 5646
5158 5687
5180 5709
5235 5690
5286 5737
5309 5715
5328 5651
5331 5591
5430 5543
5481 5498
5514 5436
5515 5330
5446 5322
5479 5243
5510 5186
5517 5100
5419 5133
5361 5145
5333 5094
5322 4969
5293 4975
5299 4869
5318 4886
5314 4781
5264 4738
5178 4757
5168 4695
5218 4651
5224 4582
5117 4598
5093 4646
5042 4541
4971 4535
4857 4532
4833 4492
4778 4499
4783 4553
4659 4537
4655 4428
4645 4355
4734 4383
4739 4298
4809 4314
4842 4259
4816 4196
4726 4191
4697 4220
4577 4223
4514 4174
4491 4148
4459 4201
4363 4224
4291 4175
4334 4126
4364 4048
4387 3978
4385 3886
4411 3805
4477 3768
4542 3764
4561 3696
4602 3722
4663 3682
4731 3693
4797 3709
4812 3685
4885 3750
4967 3792
4986 3827
5007 3860
4977 3912
5052 3920
5194 3909
5240 3926
5228 3810
5203 3754
5147 3819
5107 3721
5030 3762
5024 3638
4975 3647
4896 3594
4905 3540
5053 3553
5110 3499
5076 3409
5048 3322
5012 3267
4918 3287
4930 3314
4849 3301
4864 3227
4810 3173
4703 3171
4747 3233
4623 3268
4606 3194
4588 3104
4658 3091
4759 3056
4694 2990
4707 2907
4740 2853
4642 2843
4575 2856
4496 2865
4399 2846
4368 2920
4293 2906
4298 2823
4281 2752
4351 2747
4436 2776
4541 2764
4474 2689
4384 2659
4354 2568
4493 2557
4546 2562
4562 2618
4627 2586
4654 2500
4718 2489
4741 2520
4768 2641
4865 2658
4878 2575
4964 2538
5026 2493
4994 2434
5050 2378
4984 2323
5003 2275
5120 2286
5211 2238
5242 2185
5324 2239
5414 2208
5410 2180
5365 2147
5390 2012
5421 1996
5497 2033
5507 1938
5602 1924
5650 1894
5655 1786
5593 1798
5547 1810
5454 1758
5400 1818
5402 1847
5336 1930
5294 1912
5190 1923
5179 1844
5220 1833
5137 1768
5032 1764
5027 1660
4955 1676
4912 1709
4804 1710
4807 1688
4788 1763
4774 1802
4882 1806
4900 1945
4953 1976
4948 2083
4901 2157
4922 2219
4846 2258
4845 2318
4766 2234
4750 2183
4818 2156
4830 2069
4737 2001
4743 1934
4616 1994
4608 2018
4516 2021
4529 1971
4471 1965
4472 2093
4417 2139
4381 2155
4287 2182
4313 2209
4201 2207
4135 2278
4067 2212
4046 2127
4143 2117
4151 2059
4130 1993
4150 1885
4230 1903
4278 1882
4318 1943
4317 2079
4233 2071
4028 2031
3950 2004
3873 2009
3856 2000
3741 1987
3734 2058
3742 2149
3748 2228
3635 2243
3673 2313
3550 2354
3535 2416
3483 2372
3451 2465
3351 2468
3237 2457
3197 2473
3090 2475
3106 2390
3089 2369
3095 2246
3159 2263
3232 2282
3225 2342
3330 2300
3372 2308
3434 2254
3544 2273
3504 2129
3489 2098
3441 2128
3370 2032
3390 1953
3450 1913
3486 1848
3539 1886
3522 1991
3581 2054
3664 2011
3669 1915
3689 1821
3623 1774
3638 1692
3576 1695
3547 1743
3453 1747
3479 1697
3377 1679
3360 1729
3344 1819
3274 1781
3261 1683
3148 1619
3194 1546
3213 1535
3227 1461
3198 1456
3131 1367
3086 1379
3041 1424
3038 1503
2921 1500
2889 1491
2914 1624
2963 1592
2807 1585
2809 1673
2725 1726
2618 1705
2641 1680
2522 1703
2519 1625
2594 1572
2617 1537
2633 1485
2576 1497
2485 1513
2476 1445
2495 1339
2488 1298
2589 1331
2678 1306
2705 1278
2719 1334
2707 1403
2703 1533
2711 1601
2704 1854
2754 1908
2827 1935
2926 1949
2962 2002
3065 2027
3071 1940
3039 1891
3124 1889
3138 1922
3218 1874
3263 1936
3202 2029
3187 2092
3152 2107
3062 2145
2982 2146
2882 2136
2871 2231
2936 2224
2932 2388
2949 2405
2811 2446
2764 2430
2774 2309
2756 2283
2803 2325
2643 2338
2674 2245
2649 2190
2728 2167
2686 2048
2770 2019
2854 2028
2810 1816
2907 1820
2902 1783
2890 1778
3021 1782
3149 1793
3057 1670
3320 1538
3415 1524
3394 1495
3513 1490
3540 1552
3687 1536
3690 1499
3724 1522
3770 1605
3881 1646
3877 1550
3954 1518
3992 1435
3993 1370
4064 1399
4065 1449
4063 1548
4168 1557
4156 1492
4204 1512
4220 1420
4237 1386
4315 1410
4359 1374
4369 1292
4441 1329
4468 1254
4544 1275
4548 1198
4492 1162
4376 1109
4335 1053
4279 1083
4263 1115
4257 1244
4124 1219
4110 1111
4126 1075
3995 1080
4003 994
3987 988
4047 1010
4056 1144
4039 1287
3981 1279
3908 1181
3809 1187
3760 1189
3801 1256
3816 1304
3755 1324
3708 1289
3651 1319
3655 1255
3679 1142
3714 1093
3622 1068
3630 941
3530 956
3508 1091
3511 1153
3413 1184
3429 1205
3368 1263
3374 1328
3288 1338
3277 1227
3229 1177
3189 1212
3120 1179
3134 1089
3224 1087
3311 1134
3325 1007
3333 926
3279 919
3254 818
3233 790
3178 778
3164 898
3084 885
3110 979
3002 947
2946 978
2958 1041
3011 1096
3006 1154
2945 1200
2943 1312
2925 1295
2875 1336
2820 1251
2765 1135
2727 1042
2647 1071
2571 1065
2574 1102
2627 1139
2660 1214
2558 1201
2422 1143
2408 1051
2400 1032
2348 930
2252 917
2272 888
2388 858
2409 780
2330 771
2246 749
2305 671
2325 584
2232 551
2201 606
2114 626
2068 591
2089 693
2101 708
2146 541
2176 445
2226 417
2260 306
2279 204
2317 207
2229 190
2189 183
2135 212
2087 173
2018 215
1953 186
1924 257
1880 285
1848 329
1792 274
1821 138
1750 119
1697 65
1719 29
1580 36
1487 14
1502 114
1489 165
1477 308
1420 283
1368 330
1347 413
1262 420
1252 311
1282 238
1308 251
1289 156
1200 154
1199 54
1267 77
1336 103
1370 81
1070 18
1045 195
1001 277
1007 303
969 261
931 313
859 234
814 193
811 61
758 87
715 104
692 150
657 26
551 40
557 107
490 217
508 289
433 320
371 402
540 410
535 374
664 348
643 295
764 284
915 116
910 96
1111 280
1144 392
1129 493
1065 499
1044 548
962 496
933 524
1207 526
1196 580
1177 616
1153 715
1281 734
1285 687
1342 692
1332 788
1256 844
1302 555
1461 425
1507 434
1598 220
1643 210
1671 196
1891 62
1917 60
2033 73
2153 74
2242 53
2310 58
2381 108
2437 120
2467 8
2566 17
2657 59
2624 136
2540 184
2497 208
2510 240
2462 323
2356 354
2410 433
2392 489
2502 492
2508 504
2450 599
2427 659
2533 664
2584 712
2615 770
2715 766
2666 850
2729 900
2789 910
2841 927
2867 826
2942 805
2941 713
2979 700
3014 688
3008 723
2842 717
2851 669
2855 568
2762 561
2675 556
2708 610
2672 668
2650 457
2779 454
2834 453
2940 442
2939 533
3079 589
3133 587
3117 633
3235 560
3367 545
3418 586
3449 602
3444 491
3501 522
3569 415
3562 365
3610 332
3625 430
3707 383
3694 271
3692 167
3744 141
3754 22
3662 5
3850 4
3921 89
3949 174
3983 242
4006 291
4005 369
4007 427
3974 464
3938 502
3965 398
3840 395
3858 443
3768 474
3728 572
3733 644
3715 709
3685 705
3667 691
3668 546
3861 577
3883 605
3927 647
4086 640
4129 735
4093 797
4041 853
3990 785
3875 787
3857 866
3905 891
3859 957
3888 1018
3740 968
3762 837
3683 828
3584 838
3549 765
3484 753
3516 690
3357 703
3349 657
3300 696
3310 806
3417 801
3404 921
3405 1045
3521 1297
3561 1366
3468 1382
3476 1428
3794 1442
3810 1457
3814 1769
3739 1744
3797 1852
3849 1837
3931 1866
3903 1904
4045 1914
4002 1846
4025 1757
4055 1684
3996 1672
4117 1653
4125 1762
4240 1732
4234 1630
4325 1561
4402 1640
4396 1682
4422 1723
4340 1799
4330 1803
4458 1845
4556 1851
4611 1873
4612 1712
4564 1742
4563 1617
4554 1580
4682 1579
4687 1639
4755 1641
4756 1526
4817 1554
4832 1484
4800 1444
4825 1380
4746 1368
4764 1286
4727 1197
4811 1151
4796 1044
4792 993
4771 886
4633 877
4580 913
4558 831
4566 759
4454 719
4373 752
4419 816
4413 954
4382 960
4414 1012
4582 1049
4614 1081
4625 1113
4601 1243
4595 1373
4662 1340
4657 1465
4513 1463
4470 1508
4412 1459
4105 1381
4154 924
4167 890
4209 963
4247 834
4248 774
4198 675
4181 595
4238 512
4312 519
4309 449
4322 393
4267 304
4196 331
4210 250
4160 223
4164 105
4163 64
4260 95
4307 128
4275 197
4336 254
4401 296
4410 309
4437 168
4522 202
4604 200
4681 218
4761 182
4805 166
4823 276
4754 286
4801 361
4776 396
4782 462
4700 456
4695 510
4765 537
4824 597
4875 646
4937 686
4969 728
5064 726
5015 672
5148 667
5167 730
5254 738
5262 679
5303 630
5277 544
5238 483
5176 495
5160 575
5091 590
5068 471
4943 467
4935 517
4860 407
4987 347
5033 342
5146 362
5265 371
5323 380
5304 264
5233 243
5273 175
5397 171
5476 191
5545 209
5606 222
5608 177
5594 99
5629 97
5538 123
5499 31
5316 47
5216 86
5088 51
5103 12
4947 15
4974 131
5031 176
5005 226
4956 269
5136 228
5134 189
5407 266
5498 326
5575 327
5605 386
5621 448
5716 431
5783 364
5880 375
5933 340
5930 465
5944 538
5886 604
5917 695
5901 769
5872 802
5809 747
5726 737
5678 739
5658 682
5651 574
5744 583
5748 623
5830 527
5838 482
6040 486
6107 469
6088 564
6140 582
6169 628
6221 638
6241 585
6328 521
6261 451
6366 404
6395 400
6411 385
6514 421
6484 478
6462 515
6513 552
6482 608
6374 632
6339 704
6298 733
6200 722
6238 812
6171 889
6173 951
6212 952
6161 1009
6272 1023
6252 1119
6267 1203
6177 1208
6096 1249
6070 1344
6102 1398
6092 1478
6145 1467
6202 1529
6120 1564
6038 1578
6002 1642
5905 1662
5893 1746
5958 1785
5961 1864
5979 1902
6026 1888
6025 1932
6163 1919
6176 1872
6159 1771
6058 1765
6135 1687
6291 1666
6304 1698
6283 1717
6295 1809
6351 1862
6369 1946
6427 1986
6419 2014
6358 2042
6315 2104
6271 2082
6196 2113
6235 2171
6192 2226
6288 2267
6310 2343
6239 2336
6233 2417
6206 2529
6130 2582
6079 2565
6069 2471
6110 2476
6133 2352
6033 2297
6006 2321
5919 2362
5924 2410
5843 2458
5822 2574
5896 2634
5953 2617
6017 2656
6034 2720
6160 2714
6146 2669
6217 2685
6224 2770
6175 2808
6263 2822
6319 2788
6324 2875
6237 2911
6170 2975
6231 3042
6269 3111
6294 3208
6320 3274
6373 3193
6379 3083
6471 3065
6473 3139
6532 3106
6581 3077
6624 2995
6691 3022
6779 3045
6788 3127
6812 3179
6787 3228
6832 3280
6918 3263
6932 3352
6896 3349
7002 3378
6979 3458
6980 3516
7061 3568
7080 3674
7041 3713
6947 3724
6889 3715
6929 3631
6843 3609
6811 3564
6763 3574
6664 3560
6611 3613
6542 3669
6550 3761
6573 3850
6610 3891
6549 3929
6572 4006
6632 4007
6651 3954
6730 3915
6734 3822
6712 3781
6674 3745
6797 3676
6803 3425
6767 3389
6736 3457
6612 3412
6548 3398
6567 3494
6546 3535
6477 3542
6459 3622
6384 3640
6284 3615
6250 3546
6262 3487
6355 3521
6393 3443
6408 3446
6382 3355
6460 3326
6489 3291
6571 3245
6654 3262
6672 3351
6620 3182
6621 2898
6519 2830
6525 2733
6487 2710
6540 2675
6444 2633
6387 2698
6406 2818
6383 2950
6428 2978
6521 2992
6771 2931
6857 2945
6969 2929
7056 2922
7038 2888
7117 2904
7124 2857
7113 2771
7072 2724
7055 2660
6945 2643
6993 2592
7008 2573
6992 2478
7057 2429
7022 2384
6923 2356
6874 2270
6783 2268
6769 2312
6827 2397
6845 2423
6848 2518
6741 2506
6708 2484
6639 2516
6559 2537
6496 2508
6498 2487
6531 2469
6608 2438
6603 2305
6584 2284
6638 2272
6659 2152
6725 2179
6854 2165
6817 2065
6746 2044
6732 1979
6686 2003
6619 1958
6602 1881
6539 1877
6558 1905
6522 1797
6479 1794
6442 1817
6392 1784
6418 1629
6445 1574
6436 1475
6380 1482
6349 1510
6337 1375
6281 1357
6255 1432
5998 1392
5962 1406
5968 1515
5849 1441
5850 1371
5862 1236
5891 1175
5865 1070
5982 1059
5966 1104
6014 1107
6066 1057
6132 1125
6091 937
6090 880
5996 804
6024 710
6077 684
6046 358
6036 288
6113 258
6243 247
6229 305
6179 351
6199 188
6289 145
6303 110
6400 78
6452 109
6463 38
6582 21
6625 6
6722 45
6731 139
6824 133
6856 70
6903 10
6915 143
7046 126
7121 106
7093 203
7146 225
7202 179
7230 253
7248 352
7237 459
7170 477
7204 523
7167 581
7110 621
7040 607
7069 532
7074 412
7037 339
6974 341
6971 426
6892 424
6840 535
6726 501
6684 539
6636 481
6601 379
6568 353
6543 233
6578 187
6660 199
6615 248
6701 259
6711 345
6719 401
6831 307
6862 268
6999 216
7109 336
7389 319
7395 419
7477 363
7509 384
7493 490
7569 452
7597 540
7692 534
7736 529
7716 652
7660 625
7622 764
7629 832
7559 810
7545 789
7486 716
7470 677
7510 676
7427 579
7378 542
7367 629
7396 744
7429 807
7323 808
7294 922
7409 915
7353 992
7393 1033
7464 1034
7502 1017
7570 940
7607 946
7666 1005
7743 1046
7735 1127
7830 1097
7859 1117
7949 1085
8026 1100
8039 1123
7985 1161
8063 1204
8055 1343
7977 1361
7943 1266
7880 1237
7783 1310
7820 1349
7848 1470
7904 1439
7907 1614
7837 1623
7824 1581
7761 1612
7695 1597
7616 1607
7546 1634
7442 1643
7355 1613
7374 1549
7417 1504
7446 1425
7482 1387
7532 1376
7512 1247
7411 1257
7357 1267
7344 1303
7277 1235
7258 1148
7134 1149
7086 1206
7101 1233
7081 1316
7171 1352
7142 1479
7207 1507
7238 1452
7290 1395
7327 1427
7368 1171
7421 1118
7567 1172
7601 1192
7623 1217
7711 1230
7649 1335
7661 1468
7720 1469
7787 1514
7591 1488
7562 1505
7594 1711
7697 1731
7709 1830
7693 1842
7704 1951
7659 1985
7544 1959
7459 1964
7481 2039
7503 2087
7517 2131
7445 2186
7455 2262
7487 2319
7571 2366
7645 2353
7741 2368
7811 2383
7795 2445
7828 2474
7854 2501
7684 2483
7557 2488
7458 2490
7377 2503
7364 2441
7272 2442
7262 2315
7301 2279
7330 2328
7311 2195
7278 2203
7255 2137
7169 2169
7150 2070
7132 1962
7099 1933
7005 1897
6983 1849
6984 1738
7071 1748
7089 1694
7118 1681
7154 1760
7199 1805
7271 1796
7310 1815
7340 1733
7287 1699
7246 1867
7261 1920
7240 2026
7370 2055
7350 1974
7478 1868
7453 1780
7536 1807
7769 1772
7852 1720
7906 1704
7870 1860
7849 1921
7856 2008
7786 2062
7703 2133
7676 2130
7605 2077
7583 2235
7673 2261
7796 2230
7835 2255
7871 2176
8003 2175
7959 2233
8017 2295
8018 2310
8000 2337
8006 2401
7995 2449
8115 2479
8095 2504
8134 2579
8194 2621
8259 2642
8285 2597
8374 2521
8385 2426
8421 2437
8485 2513
8555 2515
8604 2466
8569 2392
8542 2408
8490 2363
8467 2259
8399 2266
8378 2322
8236 2327
8242 2403
8118 2370
8193 2214
8244 2225
8255 2191
8298 2047
8382 2020
8368 1998
8403 1916
8353 1856
8343 1792
8235 1777
8245 1857
8256 1969
8158 1970
8152 2064
8145 2106
8081 2085
7967 2049
7950 2109
7981 1939
7982 1893
8034 1896
8019 1977
8153 1822
8112 1722
8090 1727
8173 1678
8147 1553
8075 1532
8099 1466
8185 1446
8231 1462
8292 1516
8282 1631
8383 1609
8400 1565
8438 1577
8432 1700
8455 1741
8515 1776
8505 1814
8489 1832
8504 1677
8582 1582
8623 1599
8769 1603
8760 1575
8815 1566
8816 1480
8752 1451
8634 1433
8581 1450
8556 1372
8626 1337
8701 1355
8682 1225
8610 1199
8585 1114
8707 1126
8687 1069
8743 1054
8812 1004
8843 985
8905 965
8962 895
8931 798
9016 792
9075 862
9051 938
9125 972
9113 1019
9094 1006
8999 1027
9069 1158
9150 1140
9219 1221
9200 1341
9228 1396
9257 1421
9353 1464
9367 1544
9454 1528
9510 1571
9434 1638
9570 1686
9664 1690
9648 1751
9715 1790
9804 1787
9784 1838
9862 1835
9903 1836
9888 1931
9965 1926
9946 2063
9896 2115
10000 2120
9982 2250
9904 2320
9858 2287
9871 2382
9883 2419
9909 2439
9975 2576
9942 2635
9938 2742
9872 2719
9828 2602
9814 2578
9799 2551
9673 2519
9650 2480
9580 2497
9575 2572
9514 2614
9468 2540
9350 2546
9344 2644
9360 2726
9420 2731
9435 2668
9515 2745
9621 2743
9714 2700
9676 2624
9672 2844
9768 2819
9753 2800
9841 2860
9876 2925
9950 2936
9931 2849
9923 3100
9953 3167
9864 3188
9846 3210
9783 3149
9674 3169
9683 3226
9712 3239
9583 3240
9579 3334
9622 3345
9766 3366
9746 3415
9692 3459
9614 3522
9535 3493
9493 3455
9443 3367
9479 3238
9403 3190
9374 3145
9392 3086
9294 3090
9253 2988
9227 2885
9158 2928
9127 2855
9101 2799
9079 2895
9084 3016
9103 3089
9122 3143
9046 3124
8942 3105
8910 3028
8887 2947
8927 2938
9001 2951
8956 2854
8894 2850
8868 2797
8741 2774
8653 2741
8587 2778
8496 2757
8414 2803
8386 2798
8340 2806
8324 2924
8270 2998
8219 3021
8199 3092
8181 3180
8172 3212
8223 3178
8310 3229
8290 3289
8311 3315
8273 3370
8216 3430
8168 3451
8101 3368
8008 3348
7952 3319
7937 3407
7861 3363
7785 3374
7745 3428
7620 3431
7625 3400
7555 3372
7526 3284
7490 3213
7480 3129
7580 3122
7672 3115
7648 3085
7702 3075
7731 3138
7762 3217
7842 3244
7898 3146
7916 3156
8015 3203
8033 3192
7994 3247
7991 3074
8079 3044
8028 2960
7984 2962
7988 2883
8076 2862
8114 2804
8127 2717
8217 2718
8238 2881
8116 2930
8012 2755
8038 2684
7963 2611
7961 2593
7844 2695
7821 2715
7776 2728
7794 2652
7727 2587
7650 2581
7651 2653
7588 2721
7496 2732
7506 2807
7412 2809
7376 2824
7385 2919
7447 2952
7488 3026
7584 3025
7563 2926
7694 2943
7760 2946
7801 2956
7872 2876
7920 2794
7732 2867
7646 2828
7665 2772
7549 2619
7492 2610
7508 2567
7425 2569
7319 2629
7253 2628
7190 2661
7181 2563
7220 2552
7127 2451
7153 2339
7112 2276
7028 2227
7015 2198
6944 2232
6954 2116
6910 2061
6931 1954
6858 1917
6865 1870
6800 1869
6819 1649
6749 1588
6715 1615
6669 1595
6593 1622
6648 1693
6655 1752
6704 1715
6895 1716
6970 1626
6990 1520
7007 1448
6938 1438
6940 1315
6958 1220
7034 1170
7030 1094
6930 1103
6955 1058
6875 1079
6784 1072
6695 1048
6673 1132
6721 1183
6727 1228
6644 1270
6630 1385
6574 1436
6561 1523
6634 1493
6777 1412
6835 1411
6834 1305
6795 1342
6836 1209
6841 1155
6847 977
6937 970
6991 892
7066 908
7067 827
7130 841
7120 799
7065 748
7212 757
7203 860
7119 974
7107 1036
7256 1013
7260 681
6924 655
6942 588
6922 773
6829 707
6805 680
6716 634
6697 721
6739 762
6790 823
6801 845
6729 953
6683 920
6626 881
6583 833
6499 820
6509 743
6526 699
6417 754
6360 852
6367 906
6457 976
6458 1002
6518 934
6530 1129
6491 1157
6492 1258
6515 1285
6508 1318
6450 1302
6371 1207
6368 1137
6357 1092
6587 1099
6616 617
6490 282
6327 265
6201 27
6149 11
6098 93
6055 115
5970 137
5988 213
5855 255
5709 252
5711 134
5771 84
5821 129
5876 98
5955 34
5503 470
5493 508
5444 500
5384 455
5371 571
5412 622
5525 635
5521 596
5528 767
5449 736
5359 779
5321 843
5278 822
5153 835
5143 905
5083 929
5035 879
4952 867
4942 964
4899 923
4859 819
4870 761
4745 714
4699 724
4704 689
4672 624
4510 613
4505 570
4461 567
4394 637
4407 651
4296 639
4302 878
4675 949
4887 1088
4933 1052
5020 1066
4990 1133
5070 1156
5099 1231
5111 1269
5206 1311
5231 1239
5229 1160
5181 1120
5189 1015
5205 1011
5237 996
5374 983
5436 991
5483 1064
5368 1067
5345 1169
5422 1193
5423 1248
5389 1260
5406 1322
5357 1384
5459 1405
5504 1415
5559 1345
5619 1351
5600 1234
5596 1165
5647 1202
5692 1180
5735 1145
5743 1218
5747 1317
5730 1476
5613 1483
5626 1584
5637 1665
5563 1652
5519 1590
5488 1600
5448 1627
5370 1685
5338 1719
5289 1702
5250 1669
5154 1655
5119 1596
5075 1589
5274 1576
5270 1460
5306 1487
5387 1519
5184 1443
5156 1365
5055 1353
4992 1377
5011 1401
4962 1455
4904 1506
4873 1261
4914 1224
4999 1895
5078 1878
5060 1942
5044 2015
5118 2053
5092 2102
5164 2121
5204 2060
5195 2389
5219 2407
5296 2341
5378 2375
5358 2435
5312 2534
5259 2512
5161 2510
5105 2460
5074 2591
5041 2601
4980 2670
4979 2773
5036 2766
5034 2827
4991 2829
4972 2957
5014 2985
5019 3107
4957 3113
4871 3079
4909 3014
4861 2934
4840 2861
4891 2777
4719 2744
4670 2740
4636 2696
4592 2433
4589 2351
4665 2364
4715 2374
4464 2365
4497 2440
4310 2450
4258 2393
4200 2358
4206 2472
4174 2531
4239 2530
4228 2616
4153 2683
4098 2650
3988 2632
3901 2585
3930 2496
3828 2533
3799 2536
3749 2604
3729 2725
3677 2691
3676 2796
3654 2813
3785 2814
3834 2811
3837 2692
3900 2723
3941 2762
4024 2779
4000 2826
4042 2872
4004 2915
3922 2954
3819 2997
3773 3069
3738 3147
3698 3161
3882 3157
3902 3099
3870 3087
3928 3198
3933 3285
3926 3391
3909 3472
3874 3473
3880 3554
3924 3587
3943 3635
4010 3665
4038 3714
3978 3728
3955 3835
3829 3896
3842 3994
3851 4233
3774 4246
3702 4305
3645 4291
3624 4345
3579 4333
3566 4240
3600 4150
3657 4160
3580 4033
3458 4032
3425 3993
3340 4009
3341 3942
3337 3837
3378 3752
3283 3743
3183 3793
3137 3820
3073 3855
3072 3928
2976 3939
2981 4015
3023 4068
3042 4112
3049 4206
2991 4208
3010 4304
2986 4392
2922 4450
2887 4453
2802 4508
2773 4578
2671 4571
2621 4608
2709 4650
2724 4743
2682 4775
2645 4822
2698 4911
2769 4904
2813 4899
2781 4838
2812 4722
2847 4627
2944 4617
2905 4576
3026 4592
3044 4611
3115 4621
3153 4570
3241 4504
3219 4459
3184 4408
3122 4370
3112 4215
3127 4185
3226 4180
3294 4227
3301 4308
3258 4321
3376 4277
3411 4363
3457 4407
3499 4300
3452 4188
3381 4108
3238 3998
3222 4005
3168 4045
3180 3904
3240 3888
3201 3651
3190 3644
3099 3653
3000 3630
2930 3563
2910 3479
2929 3392
2899 3335
2911 3266
3054 3258
3018 3393
3091 3448
3160 3456
3154 3510
3093 3536
3281 3528
3284 3484
3355 3475
3352 3396
3248 3381
3182 3371
3371 3279
3454 3223
3466 3385
3491 3402
3559 3344
3470 3550
3385 3602
3306 3580
3015 3755
2955 3791
2972 3843
2892 3868
2883 3779
2849 3687
2791 3607
2746 3598
2623 3612
2603 3577
2562 3627
2484 3624
2490 3555
2507 3532
2479 3460
2578 3453
2625 3434
2631 3329
2556 3357
2432 3341
2343 3333
2275 3316
2285 3283
2313 3270
2293 3040
2321 2986
2239 2977
2399 3031
2411 3058
2459 2912
2499 2852
2503 2790
2371 2793
2337 2859
2290 2690
2308 2627
2328 2553
2418 2548
2461 2631
2543 2615
2542 2555
2595 2477
2635 2491
2638 2507
2695 2603
2733 2648
2716 2758
2661 2712
2801 2708
2798 2577
2860 2612
2873 2514
2998 2598
3048 2589
3096 2622
3141 2556
3239 2550
3260 2667
3242 2702
3155 2701
3192 2663
3348 2666
3356 2590
3498 2539
3587 2559
3615 2486
3658 2527
3565 2657
3473 2680
3502 2749
3427 2736
3321 2761
3296 2815
3322 2840
3406 2870
3317 2958
3100 2802
3085 2738
2961 2727
2996 2682
2992 2858
2815 2831
2846 3066
2861 3413
2850 3530
2726 3470
2740 3399
2742 3760
2639 3767
2598 3765
2546 3821
2548 3902
2609 3879
2668 3957
2731 4016
2612 4040
2550 4019
2591 4115
2642 4194
2679 4268
2763 4256
2748 4327
2845 4312
2868 4299
2859 4122
2836 4092
2795 4155
2931 4151
2808 3931
2766 3906
2792 3833
2447 3834
2390 3851
2369 3925
2420 3938
2413 4064
2376 4127
2365 4210
2288 4226
2235 4184
2138 4138
2119 4096
2057 4100
2001 4131
1995 4197
1967 4244
1994 4301
2047 4360
2041 4402
2156 4379
2219 4413
2303 4410
2283 4323
2387 4318
2412 4310
2473 4293
2526 4297
2536 4365
2622 4342
2667 4425
2714 4415
2560 4472
2482 4421
2501 4595
2528 4689
2448 4687
2453 4739
2513 4765
2435 4809
2363 4794
2268 4807
2286 4756
2333 4873
2250 4915
2230 5007
2180 5060
2155 5103
2212 5150
2181 5254
2253 5257
2249 5310
2177 5336
2171 5429
2256 5443
2367 5471
2334 5524
2359 5366
2419 5352
2458 5412
2514 5473
2481 5561
2539 5601
2599 5598
2607 5521
2689 5479
2688 5375
2738 5325
2804 5351
2776 5419
2755 5530
2713 5605
2658 5672
2680 5810
2745 5833
2753 5777
2833 5736
2876 5683
2938 5668
2928 5571
2829 5575
2896 5481
2916 5432
2920 5392
3001 5478
3083 5588
3061 5634
3188 5620
3269 5622
3266 5704
3358 5762
3428 5778
3440 5830
3391 5877
3350 5926
3366 6045
3448 6043
3431 5997
3558 5998
3634 5980
3641 6034
3583 6097
3618 6168
3514 6167
3432 6180
3433 6209
3383 6136
3280 6114
3253 6086
3207 5964
3231 5891
3104 5901
3055 5955
3031 6029
3132 6038
3094 6129
3108 6195
3123 6221
3007 6203
2953 6196
2956 6297
2977 6347
2970 6413
3053 6392
3088 6431
3167 6477
3244 6444
3236 6338
3185 6361
3223 6260
3318 6233
3338 6364
3389 6438
3506 6415
3542 6376
3614 6403
3636 6388
3604 6289
3543 6271
3472 6336
3469 6499
3409 6582
3363 6565
3395 6635
3401 6649
3426 6720
3347 6747
3299 6768
3343 6828
3336 6953
3421 6997
3400 7029
3447 7080
3492 7166
3564 7177
3607 7159
3720 7193
3711 7219
3650 7272
3509 7243
3524 7340
3459 7365
3384 7378
3309 7428
3211 7436
3103 7443
3068 7493
3047 7560
2948 7558
2964 7607
2935 7710
2878 7791
2862 7844
2837 7921
2800 7967
2895 8021
2951 7981
2960 7881
3032 7833
3009 7795
3116 7782
3105 7671
3069 7655
3126 7590
3220 7584
3249 7685
3295 7785
3305 7822
3312 7903
3268 7898
3246 7972
3273 8023
3282 8101
3324 8092
3397 8151
3460 8113
3528 8085
3592 8118
3678 8140
3681 8033
3627 7993
3567 8000
3477 8016
3439 7964
3436 7838
3398 7783
3407 7712
3420 7653
3375 7662
3346 7536
3408 7540
3575 7550
3578 7419
3601 7394
3494 7445
3523 7644
3533 7818
3588 7796
3653 7808
3620 7740
3700 7678
3716 7667
3752 7750
3779 7872
3793 7977
3751 8004
3804 8043
3802 8127
3730 8199
3713 8247
3680 8282
3629 8356
3732 8357
3811 8390
3790 8492
3844 8499
3825 8567
3907 8607
3894 8660
3889 8782
3939 8775
3984 8842
4061 8848
4100 8788
4155 8808
4177 8720
4185 8674
4193 8590
4235 8617
4295 8533
4314 8544
4375 8459
4453 8470
4515 8468
4519 8397
4451 8348
4350 8313
4333 8280
4282 8265
4294 8315
4264 8437
4133 8396
4144 8493
4085 8526
4090 8659
3947 8548
3929 8482
3971 8386
4021 8419
4077 8309
4087 8296
4142 8295
4108 8165
4053 8162
3964 8164
3976 8211
3892 8279
3897 7952
3982 7962
3977 8009
4099 7980
4116 7970
4131 8046
4089 8049
4251 8062
4246 8114
4349 8109
4366 8098
4430 8047
4494 7979
4587 7986
4571 8014
4647 7994
4678 8069
4609 8112
4593 8250
4640 8260
4711 8253
4847 8276
4839 8179
4852 8072
4850 7976
4910 8010
4965 7933
4970 7880
5039 7899
5085 7958
5109 7961
5155 8036
5215 7989
5244 8089
5276 8160
5225 8219
5186 8238
5106 8175
5086 8111
4954 8120
5017 8035
5045 8221
4997 8268
4915 8323
4883 8365
4769 8355
4753 8477
4705 8553
4702 8620
4677 8634
4578 8653
4523 8589
4444 8582
4435 8608
4339 8676
4378 8722
4389 8815
4383 8949
4452 8917
4489 8897
4551 8872
4632 8870
4652 8932
4709 8905
4714 8852
4758 8747
4643 8741
4520 8776
4487 8751
4255 8785
4259 8827
4273 8915
4256 9019
4272 9102
4347 9105
4392 9086
4499 9099
4503 9115
4462 9144
4398 9206
4446 9278
4440 9328
4538 9291
4638 9288
4641 9367
4594 9371
4502 9440
4481 9497
4467 9589
4511 9628
4570 9583
4669 9601
4674 9570
4735 9582
4710 9627
4722 9713
4661 9768
4639 9822
4549 9843
4463 9854
4482 9940
4581 9931
4688 9965
4772 9988
4813 9925
4856 9888
4934 9883
4908 9959
5025 9938
5116 9987
5208 9921
5196 9849
5258 9864
5319 9813
5313 9780
5266 9709
5248 9697
5135 9721
5127 9619
5149 9573
5269 9543
5342 9585
5367 9632
5478 9576
5529 9516
5572 9477
5617 9481
5612 9509
5649 9370
5584 9341
5509 9263
5467 9282
5458 9196
5537 9178
5697 9177
5691 9209
5795 9186
5808 9172
5781 9253
5852 9238
5954 9250
6067 9245
6122 9284
6158 9352
6240 9340
6301 9366
6306 9417
6270 9430
6103 9434
6027 9451
5992 9389
6029 9337
5890 9325
5752 9329
5765 9478
5762 9553
5729 9644
5657 9661
5560 9643
5495 9700
5489 9746
5597 9761
5578 9831
5642 9860
5693 9796
5721 9771
5853 9783
5873 9839
5969 9859
6005 9861
5989 9760
6052 9736
5949 9692
5815 9675
5863 9593
5857 9469
5922 9438
5973 9544
6045 9550
6073 9604
6155 9529
6232 9599
6313 9622
6314 9735
6242 9699
6211 9747
6191 9728
6174 9678
6248 9821
6390 9840
6470 9846
6486 9970
6535 9989
6589 9895
6614 9917
6671 9807
6658 9752
6564 9708
6511 9646
6430 9668
6429 9734
6438 9565
6386 9525
6524 9536
6500 9446
6501 9428
6588 9397
6646 9388
6629 9479
6682 9541
6740 9567
6724 9624
6637 9626
6807 9651
6793 9723
6818 9794
6802 9842
6772 9858
6914 9818
6919 9774
6976 9680
7017 9663
7070 9751
7075 9890
7114 9899
7192 9916
7209 9914
7208 9857
7360 9852
7386 9901
7435 9834
7466 9789
7457 9682
7539 9677
7610 9630
7565 9537
7589 9468
7640 9506
7717 9504
7679 9415
7664 9376
7599 9343
7592 9268
7614 9254
7639 9139
7558 9119
7500 9138
7494 9208
7483 9358
7379 9351
7415 9421
7305 9418
7243 9464
7210 9360
7196 9348
7254 9237
7288 9154
7313 9121
7295 9072
7322 9042
7338 8922
7372 8880
7423 8890
7416 8948
7454 9010
7568 9002
7612 9033
7657 8987
7734 8954
7752 8889
7813 8781
7884 8824
7989 8833
7972 8902
8073 8873
8094 8944
8189 8941
8187 8847
8271 8869
8283 8909
8370 8934
8425 8882
8376 8807
8344 8748
8369 8697
8443 8733
8451 8637
8472 8539
8565 8554
8613 8605
8643 8501
8632 8476
8734 8479
8750 8547
8749 8604
8842 8596
8828 8643
8871 8739
8794 8765
8745 8830
8683 8868
8580 8839
8571 8718
8548 8686
8676 8735
8627 8980
8614 9047
8502 9048
8480 9029
8468 8964
8513 8920
8493 9140
8541 9133
8564 9236
8602 9285
8606 9330
8531 9394
8514 9406
8516 9511
8466 9611
8433 9588
8373 9552
8314 9603
8280 9638
8183 9686
8126 9793
8077 9749
8021 9665
8066 9596
8086 9476
8102 9471
8186 9515
8225 9505
8222 9450
8226 9391
8188 9361
8059 9357
8053 9292
8080 9197
8140 9225
8184 9179
8237 9131
8309 9112
8286 9069
8329 9023
8170 9020
8010 9003
7910 9041
7895 9063
7864 8985
7868 9147
7923 9170
7941 9252
7819 9255
7768 9227
7719 9305
7763 9419
7832 9437
7853 9353
7956 9393
7944 9425
7997 9521
7857 9546
7905 9656
7894 9674
7839 9750
7797 9814
7775 9903
7878 9943
7935 9934
7887 9845
7930 9801
7936 9797
8043 9876
8047 9907
8104 9889
8228 9873
8326 9872
8327 9967
8261 9952
8179 9957
8426 9968
8529 9930
8588 9856
8648 9893
8628 9991
8706 9974
8806 9950
8937 9932
8938 9887
9053 9922
9126 9900
9157 9911
9235 9906
9205 9830
9092 9824
9085 9704
9023 9685
8986 9613
8897 9631
8933 9714
8835 9727
8758 9754
8697 9738
8637 9696
8599 9637
8708 9645
8777 9590
8805 9577
8660 9558
8641 9480
8712 9472
8825 9407
8781 9342
8860 9331
8957 9334
8972 9426
9087 9409
9082 9374
9119 9423
9199 9400
9236 9312
9182 9246
9273 9222
9298 9142
9184 9124
9194 9078
9266 9031
9276 8950
9306 8959
9376 9013
9404 9025
9450 8983
9522 9046
9506 9174
9523 9230
9446 9260
9482 9306
9547 9332
9654 9378
9652 9498
9666 9508
9725 9474
9829 9489
9837 9587
9786 9586
9778 9648
9834 9642
9857 9766
9821 9804
9741 9844
9668 9871
9663 9912
9705 9937
9591 9954
9414 9958
9365 9920
9399 9851
9464 9867
9459 9787
9516 9825
9524 9755
9536 9673
9442 9664
9381 9652
9352 9574
9338 9460
9293 9441
9364 9375
9351 9261
9396 9188
9411 9183
9631 9123
9684 9036
9749 9027
9772 9101
9840 9143
9845 9228
9932 9267
9993 9318
9949 9414
9880 9385
9738 9338
9751 9262
9700 9280
9599 9448
9467 9473
9469 9591
9552 9571
9603 9615
9615 9788
9707 9775
9985 9744
9964 9671
9971 9531
9948 9898
9990 9977
9863 9945
9328 9781
9256 9739
9241 9653
9169 9660
9156 9716
9123 9575
9071 9556
8928 9535
9216 9578
9048 9213
8992 9241
8980 9182
9002 9165
8984 9051
9074 9037
9006 8958
8951 8966
8952 8862
9010 8863
8877 8877
8824 8912
8778 8971
8814 9026
8742 9054
8689 9110
8709 9156
8755 9221
8817 9233
8839 9130
8961 8757
9061 8744
9078 8627
9054 8580
8987 8538
8991 8666
9132 8670
9218 8705
9248 8665
9369 8656
9363 8549
9466 8517
9453 8420
9348 8400
9315 8415
9283 8389
9152 8371
9109 8413
9041 8440
9009 8362
8968 8349
8982 8293
9057 8288
9155 8266
9202 8277
9198 8163
9279 8146
9325 8148
9335 8093
9296 8054
9423 8031
9551 8019
9624 8040
9586 7948
9494 7949
9451 7812
9400 7816
9439 7768
9393 7701
9373 7674
9405 7641
9388 7539
9413 7492
9390 7414
9382 7353
9361 7278
9474 7294
9504 7236
9484 7187
9567 7140
9557 7095
9620 7030
9604 6941
9556 6873
9569 6767
9613 6725
9633 6641
9550 6653
9549 6577
9619 6550
9584 6490
9602 6454
9609 6385
9537 6382
9463 6324
9470 6281
9519 6237
9452 6182
9366 6208
9318 6186
9288 6255
9234 6317
9124 6333
9118 6259
9038 6213
9070 6150
9090 6033
9171 6089
9176 6181
9250 6143
9308 6042
9377 5989
9426 5981
9449 6021
9520 6035
9518 5983
9476 5885
9457 5783
9513 5774
9593 5828
9625 5855
9639 5920
9679 6063
9734 6052
9702 6133
9667 6130
9708 6241
9699 6268
9833 6298
9827 6309
9775 6365
9737 6435
9855 6423
9866 6531
9922 6535
9987 6493
9979 6395
9930 6227
9908 6142
9868 6112
9886 6036
9991 6049
9976 5936
9996 5878
9891 5882
9797 5843
9792 5956
9826 5968
9815 5710
9854 5696
9765 5667
9719 5738
9688 5711
9646 5630
9642 5572
9723 5559
9696 5493
9598 5499
9534 5522
9499 5535
9465 5463
9501 5339
9417 5302
9418 5262
9383 5226
9375 5104
9406 5095
9444 5119
9588 5124
9572 5081
9616 5053
9612 4987
9527 4949
9441 4960
9428 4849
9472 4774
9398 4747
9409 4699
9321 4696
9292 4628
9295 4527
9347 4506
9333 4395
9307 4416
9280 4390
9254 4292
9139 4258
9076 4267
9068 4359
9136 4354
9151 4432
9209 4479
9166 4560
9133 4620
9037 4694
8945 4732
8899 4755
8841 4801
8779 4812
8717 4748
8620 4745
8561 4741
8540 4648
8470 4665
8481 4562
8510 4501
8457 4457
8530 4414
8484 4341
8483 4263
8539 4269
8586 4326
8639 4384
8642 4270
8720 4265
8775 4330
8818 4311
8811 4229
8798 4101
8847 4052
8902 4109
8891 4142
8934 4020
8923 3964
9027 3966
9080 3897
9108 3799
9149 3801
9208 3777
9230 3813
9311 3859
9355 3932
9448 3927
9436 3840
9521 3857
9497 3766
9455 3683
9357 3657
9320 3703
9285 3578
9226 3608
9195 3611
9178 3593
9187 3477
9091 3478
8996 3466
9042 3338
9065 3249
9180 3252
9231 3260
9217 3323
9314 3303
9343 3272
9329 3442
9287 3420
9107 3386
8963 3300
8914 3312
8840 3290
8791 3275
8810 3184
8838 3093
8723 3051
8692 3050
8646 3116
8715 3158
8636 3250
8570 3304
8562 3299
8612 3403
8661 3361
8739 3339
8846 3364
8832 3449
8789 3436
8759 3561
8853 3569
8869 3614
8919 3618
8921 3595
9056 3586
9035 3668
8979 3710
8973 3818
9014 3790
8886 3758
8881 3830
8800 3839
8765 3747
8736 3684
8670 3637
8579 3662
8577 3705
8625 3738
8601 3873
8527 3856
8459 3874
8413 3970
8372 4003
8317 3987
8220 4031
8215 3903
8180 3895
8131 3911
8062 3985
8052 4063
8103 4065
8109 4133
8014 4146
8009 4203
7966 4217
7900 4280
7810 4317
7772 4303
7753 4264
7696 4257
7574 4238
7499 4254
7474 4325
7548 4335
7633 4372
7669 4434
7701 4405
7816 4430
7968 4411
7960 4366
8036 4381
8044 4429
8105 4441
8111 4528
8064 4517
8056 4643
8032 4721
8132 4680
8174 4729
8264 4731
8278 4700
8315 4671
8333 4715
8339 4864
8251 4856
8160 4860
8107 4966
8041 4999
8091 5056
8175 5032
8258 5022
8260 4992
8336 5061
8328 5115
8202 5123
8149 5140
8138 5228
8146 5329
8037 5308
8001 5295
7998 5216
8027 5168
7957 5142
7974 5059
7903 4968
7815 4961
7823 5026
7806 5127
7798 5183
7771 5253
7778 5342
7802 5396
7833 5472
7901 5457
7965 5508
8013 5516
8060 5488
8200 5497
8212 5526
8142 5580
8139 5633
8161 5723
8276 5747
8301 5792
8302 5681
8267 5628
8356 5558
8454 5564
8462 5641
8506 5626
8549 5547
8694 5549
8730 5556
8753 5610
8803 5603
8852 5573
8892 5480
8908 5410
8845 5398
8782 5428
8754 5389
8677 5328
8652 5278
8557 5251
8525 5370
8495 5404
8595 5425
8679 5459
8664 5648
8654 5790
8609 5820
8535 5807
8452 5775
8448 5837
8488 5903
8578 5974
8594 6096
8622 6183
8528 6174
8532 6226
8436 6254
8363 6276
8335 6366
8379 6411
8437 6432
8512 6483
8558 6558
8471 6594
8440 6634
8362 6622
8345 6539
8277 6522
8163 6532
8144 6487
8029 6488
7969 6429
7993 6310
7958 6267
8022 6229
8005 6118
7938 6127
7896 6197
7843 6246
7792 6171
7728 6094
7680 6031
7663 5985
7774 5969
7855 5958
7875 6011
7863 5883
7932 5889
7939 5919
8085 5887
8130 5900
8191 5931
8262 5966
8279 6012
8331 5976
8351 5871
8208 5840
8061 5781
8016 5659
7992 5647
7929 5729
7897 5740
7831 5654
7840 5590
7755 5618
7751 5717
7608 5727
7621 5656
7528 5608
7521 5523
7525 5458
7426 5453
7432 5512
7334 5537
7317 5491
7205 5510
7149 5528
7158 5446
7201 5437
7161 5395
7232 5326
7307 5311
7312 5237
7268 5206
7297 5126
7314 5120
7341 5067
7252 5020
7227 4922
7233 4867
7160 4846
7186 4783
7184 4682
7157 4572
7085 4589
7000 4630
7023 4681
7021 4725
6921 4704
6867 4752
6878 4830
6928 4875
7010 4865
6997 4954
7048 4993
7104 5018
7016 5069
7019 5152
6905 5148
6907 5035
6844 5038
6877 4996
6791 4957
6761 4858
6751 4784
6792 4668
6861 4642
6916 4575
6842 4514
6764 4470
6667 4451
6652 4374
6569 4375
6534 4417
6448 4382
6365 4380
6268 4356
6307 4447
6225 4463
6214 4584
6183 4569
6152 4656
6215 4663
6264 4709
6333 4746
6290 4821
6353 4851
6461 4855
6451 4791
6504 4805
6563 4727
6604 4686
6606 4766
6529 4667
6467 4673
6397 4640
6356 4542
6480 4518
6600 4519
6687 4561
6705 4581
6820 4404
6879 4337
6936 4376
6975 4493
7059 4476
7083 4399
7135 4419
7126 4353
7195 4281
7216 4276
7211 4172
7139 4182
7047 4202
7035 4114
6978 4130
6960 4035
6904 3972
6886 3908
6897 3878
7009 3872
6982 3816
7079 3923
7145 3863
7223 3812
7221 3756
7228 3697
7318 3711
7326 3689
7402 3616
7343 3538
7292 3495
7280 3503
7390 3491
7438 3490
7471 3506
7523 3584
7518 3678
7573 3732
7603 3742
7638 3692
7707 3695
7723 3794
7662 3815
7564 3852
7529 3943
7527 4014
7463 3995
7399 4002
7382 3986
7366 3887
7418 3892
7273 3916
7259 4012
7194 3982
7156 4046
7095 4056
6846 4066
6759 4059
6755 4162
6694 4157
6656 4230
6717 4286
6765 4329
6813 4170
6893 4207
6920 4225
6502 4219
6424 4181
6402 4282
6332 4271
6210 4245
6157 4243
6108 4309
6085 4290
6071 4332
6010 4436
5956 4420
5902 4313
5906 4249
5847 4287
5754 4274
5668 4279
5614 4316
5561 4340
5460 4352
5403 4273
5349 4218
5386 4132
5452 4123
5437 4047
5530 4055
5532 4163
5549 4214
5663 4153
5725 4154
5796 4073
5875 4011
5921 4026
5897 4121
5943 4183
6020 4139
6081 4098
6100 3992
6116 4008
6193 3967
6278 3940
6308 3914
6354 3889
6249 3823
6166 3870
6083 3869
6000 3881
5981 3905
5825 3948
5777 3884
5851 3825
5885 3783
5907 3772
5871 3664
5929 3641
5936 3571
6007 3623
6063 3589
6126 3585
6124 3604
6131 3759
6208 3727
6318 3741
6441 3775
6464 3809
6474 4000
6476 4057
6512 4104
6399 4038
6299 4093
6296 4110
6302 4113
6181 4143
6117 4498
6061 4516
5908 4538
5827 4512
5817 4484
5803 4396
5782 4412
5727 4350
5687 4462
5667 4530
5535 4534
5513 4490
5456 4497
5432 4507
5396 4520
5369 4491
5327 4391
5288 4373
5199 4315
5173 4250
5198 4189
5230 4212
5232 4128
5214 4036
5141 4060
5006 4062
5009 4118
4995 4166
4946 4252
4949 4328
4911 4409
5021 4403
5066 4368
5090 4262
5150 4431
5212 4467
5330 4623
5441 4644
5468 4759
5522 4776
5502 4888
5501 4945
5418 4910
5434 4827
5439 5030
5245 5043
5171 4882
5080 4811
5028 4742
4940 4777
4906 4816
4876 4862
4648 4893
4613 4920
4543 4958
4521 5058
4421 5051
4418 5176
4390 5161
4393 5258
4416 5252
4447 5324
4386 5386
4356 5476
4343 5531
4297 5583
4323 5642
4231 5682
4216 5707
4182 5748
4222 5811
4096 5831
4091 5784
4101 5674
4036 5623
4078 5539
4172 5576
4249 5486
4268 5373
4190 5405
4178 5335
4170 5271
4227 5299
4285 5188
4324 5015
4346 4706
4284 4654
4277 4526
4244 4483
4365 4443
4361 4349
4457 4400
4466 4423
4508 4525
4409 4524
4377 4556
4400 4614
4445 4645
4585 4496
4533 4320
4646 4147
4596 4080
4668 4030
4660 3922
4597 3910
4574 3838
4692 3807
4795 3831
4834 3858
4851 3969
4784 3996
4738 4091
4890 4034
4945 4076
5340 4061
5341 3965
5477 3983
5520 3913
5591 3885
5638 3952
5643 4054
5712 3991
5675 3804
5679 3720
5653 3672
5598 3729
5564 3626
5574 3525
5662 3531
5624 3480
5552 3416
5508 3394
5482 3307
5492 3256
5589 3269
5622 3298
5618 3350
5753 3320
5723 3253
5739 3165
5804 3175
5824 3224
5926 3232
5980 3183
5928 3098
6075 3119
6118 3134
6104 3206
6095 3241
5994 3309
6003 3337
5844 3346
5903 3406
5884 3498
5807 3534
5790 3596
5760 3603
5778 3751
6030 3702
6074 3483
6128 3424
6178 3354
6216 3317
6105 3039
6080 3048
6065 2941
6062 2893
5976 2959
5892 2914
5879 2868
5800 2869
5696 2835
5654 2784
5704 2737
5731 2681
5628 2699
5551 2754
5450 2769
5379 2789
5373 2851
5398 2923
5431 2894
5474 2976
5490 3009
5464 3103
5592 3109
5625 3125
5582 3055
5703 3052
5670 3001
5674 2993
5724 2969
5840 3005
5948 2845
5914 2781
5837 2735
5659 2595
5701 2545
5710 2464
5640 2495
5524 2444
5491 2413
5465 2326
5580 2348
5570 2289
5627 2298
5688 2314
5717 2350
5831 2316
5793 2264
5818 2201
5881 2170
5937 2194
5938 2244
6004 2135
5965 2094
6057 2095
6144 2056
6207 1967
5877 1966
5878 2068
5786 2105
5757 2035
5792 1937
5761 1861
5810 1825
5775 1761
5741 1650
5799 1591
5826 1616
5854 1598
5977 1252
5990 975
5816 950
5749 909
5751 861
5639 842
5587 936
5609 971
5590 1047
5690 1038
5758 1014
5546 899
5455 870
4673 334
4552 367
4560 438
4483 416
4173 405
4203 461
4015 559
3854 290
3853 163
3778 237
3595 158
3445 144
3471 43
3512 68
3497 227
3507 279
3396 262
3462 377
3334 387
3291 399
3271 447
3328 480
3165 479
3171 397
3209 300
3176 230
3156 185
3034 162
3027 239
3030 321
2918 328
2826 317
2790 256
2870 236
2881 135
2934 147
2959 206
2973 30
2865 48
2758 3
2767 159
2640 260
2681 344
2701 359
2586 356
2154 338
2027 349
2038 444
1920 403
1936 373
1739 592
1708 674
1647 685
1665 794
1646 817
1716 864
1717 981
1715 1098
1756 1110
1682 1147
1597 1174
1581 1232
1663 1246
1705 1241
1649 1301
1588 1327
1457 1313
1229 1359
1237 1628
1223 1737
1169 1824
1283 1839
1367 1831
1354 1724
1373 1659
1494 1656
1759 1606
1734 1573
1866 1570
1890 1667
1942 1701
2055 1708
2075 1675
2140 1707
2109 1611
2137 1509
2149 1489
2218 1494
2221 1555
2289 1671
2280 1756
2262 1841
2338 1876
2429 1834
2397 1791
2416 1728
2407 1696
2386 1647
2391 1534
2445 1941
2530 1880
2580 1963
2544 2016
2551 2112
2478 2074
2662 1950
2614 1813
2110 1823
2131 1975
1986 1621
1864 1159
1932 1061
1898 1024
1957 986
2053 995
2059 1031
1955 859
1847 907
1835 791
1811 809
1770 701
1622 914
1587 997
1539 1035
1639 1062
2460 933
2500 872
2521 811
2600 945
2613 1000
2835 1050
2898 1112
3064 1272
3080 463
3087 66
3144 44
3212 69
3331 72
3319 142
3276 130
4008 63
4084 125
4344 56
4406 42
4501 67
4573 118
4637 75
4730 41
4853 83
7052 24
7174 33
7306 50
7286 88
7354 124
7352 221
7441 263
7519 249
7604 278
7613 333
7725 337
7809 370
7780 409
7656 422
7885 446
7912 505
7858 558
7892 654
7976 648
8030 643
8088 706
8159 665
8203 619
8106 554
8069 511
8070 475
8133 487
8151 381
8087 388
7979 368
7942 411
7921 297
7899 273
7922 178
7877 153
7902 82
7818 90
7699 39
7726 7
7593 37
7542 117
7473 101
7403 2
7635 140
7710 170
7790 235
8045 246
8108 164
8097 148
8025 79
8195 19
8234 49
8205 181
8239 267
8240 318
8176 281
8325 272
8396 324
8417 360
8412 440
8398 428
8352 513
8291 520
8269 472
8401 562
8431 611
8442 711
8536 698
8511 777
8617 742
8665 673
8756 645
8849 653
8826 563
8744 514
8746 441
8802 439
8799 382
8861 343
8901 372
8909 418
9025 435
9059 335
9163 325
9144 414
9233 450
9271 378
9249 287
9183 232
9135 198
9050 219
9013 146
8997 161
9005 80
8916 25
8827 16
8792 23
8780 151
8770 201
8819 192
8859 270
8959 298
8949 576
8922 609
9020 601
9007 566
9128 530
9130 612
9221 649
9270 594
9330 553
9384 484
9477 460
9544 458
9502 394
9440 346
9371 350
9387 292
9480 293
9553 299
9634 275
9678 301
9733 231
9825 211
9824 113
9769 111
9791 85
9850 52
9924 35
9926 160
9910 244
9927 314
9867 310
9796 376
9810 436
9750 437
9687 485
9677 518
9782 573
9869 569
9895 627
9977 603
9997 525
9907 473
9760 697
9697 678
9669 784
9777 786
9801 775
9819 856
9798 939
9847 942
9941 961
9944 1090
9962 1122
9986 1210
9878 1238
9848 1354
9900 1409
9963 1391
9983 1453
9998 1525
9937 1664
9884 1657
9917 1714
9762 1636
9773 1521
9806 1551
9698 1542
9690 1400
9781 1414
9726 1326
9720 1262
9731 1194
9802 1167
9870 1078
9774 1021
9671 982
9701 876
9601 865
9585 868
9486 902
9412 854
9386 825
9397 763
9416 694
9456 732
9565 741
9554 670
9503 578
9483 531
9301 683
9284 793
9289 874
9299 948
9319 973
9316 1076
9312 1108
9286 1116
9242 1028
9186 855
9160 776
8795 768
8804 731
8823 897
8766 932
8728 871
8658 824
8673 955
8566 911
8551 882
8392 884
8402 829
8361 746
8354 656
8233 782
8284 849
8294 935
8308 1030
8232 1039
8198 1095
8182 1166
8209 1191
8207 1259
8157 1264
8169 1314
8295 1309
8320 1347
8359 1281
8365 1164
8434 1131
8486 1077
8509 1037
8479 990
8388 966
8155 916
8035 918
8004 896
7933 883
7913 943
7838 925
7845 839
7874 783
7978 772
8113 795
8135 803
7777 745
7750 836
7781 980
7980 1583
8040 1602
8367 1417
8461 1418
8464 1333
8520 1293
8473 1229
8788 1215
8856 1178
8895 1250
8913 1277
8955 1195
9062 1283
9105 1280
9099 1390
9067 1413
9000 1426
8989 1378
8880 1389
8944 1567
8947 1618
8888 1633
8875 1736
8790 1735
8688 1689
8678 1795
8711 1853
8635 1865
8591 1927
8695 1956
8764 1952
8844 1960
8872 2040
8917 2038
8994 1990
9052 1955
9129 1900
9159 1909
9246 1871
9290 1925
9322 1995
9339 2100
9324 2154
9238 2143
9252 2067
9106 2096
9073 2089
9063 2119
9121 2148
9039 2206
9018 2311
8941 2334
8907 2299
8858 2335
8797 2340
8771 2411
8848 2436
8960 2404
8978 2517
8985 2640
9003 2662
9032 2707
8964 2703
8862 2636
8833 2596
8763 2600
8630 2599
8611 2665
8702 2673
8650 2848
8651 2963
8563 2948
8465 2961
8526 2863
8546 3054
8422 3082
8321 3068
8390 3168
8482 3177
8503 3187
8441 3225
8418 3311
8341 3444
8474 3481
8508 3485
8499 3512
8533 3507
8668 3508
8391 3592
8306 3667
8318 3707
8250 3718
8257 3659
8171 3628
8125 3576
8230 3548
7999 3552
8002 3527
7890 3500
7805 3547
7730 3551
7654 3562
7598 3496
7408 3376
7345 3359
7388 3296
7328 3176
7296 3207
7266 3135
7168 3151
7172 3234
7064 3278
7051 3148
6998 3121
7043 3010
6946 3012
6839 3076
6826 2836
6838 2783
6909 2785
6925 2801
6855 2678
6794 2705
6752 2672
6668 2709
6698 2605
6728 2833
7214 2842
7226 2780
7302 2716
7285 2953
7356 3011
7222 3037
7176 3047
7179 3382
7175 3427
7217 3369
7068 3418
7138 3511
7198 3621
7137 3734
7479 3782
7436 4053
7491 4144
7515 4135
7618 4119
7686 4069
7767 4077
7808 4018
7827 3924
7829 3864
7784 3847
7747 3933
7636 3989
7926 3946
7919 3899
8007 3808
8084 3773
8148 3778
8249 3817
8334 3806
8420 3753
8477 3691
8521 3999
8463 4049
8573 4081
8518 4137
8450 4186
8366 4161
8338 4288
8307 4347
8224 4343
8221 4296
8197 4275
8206 4195
8137 4348
8266 4440
8316 4438
8303 4580
8241 4568
7931 4544
7865 4593
7866 4626
7947 4658
7917 4792
7918 4848
7876 4824
7812 4750
7744 4790
7721 4806
7698 4814
7619 4770
7516 4778
7495 4854
7550 4857
7581 4902
7634 4982
7556 5019
7461 5010
7398 4984
7451 4924
7371 4823
7300 4793
7391 4733
7407 4711
7381 4677
7406 4647
7400 4579
7440 4555
7540 4552
7538 4618
7547 4464
7404 4481
7329 4461
7349 4386
7269 4418
7293 4322
7339 4231
7336 4116
7274 4546
7264 4619
7189 4952
7129 5166
7111 5259
7088 5288
7050 5327
6957 5374
6963 5415
6888 5394
6810 5444
6718 5456
6699 5403
6703 5355
6641 5344
6661 5279
6735 5294
6750 5181
6833 5194
6873 5255
6911 5280
6870 5542
6780 5566
6690 5567
6681 5657
6744 5660
6747 5732
6645 5706
6585 5670
6551 5756
6595 5814
6640 5875
6766 5879
6756 5940
6853 5957
6864 6037
6908 6017
6961 5959
7025 5904
7026 5817
6941 5827
6900 5853
6871 5793
6884 5664
6988 5615
6977 5597
7063 5551
7100 5477
7162 5676
7182 5771
7245 5795
7289 5838
7257 5907
7188 5857
7163 5948
7105 6048
7062 6015
7084 6131
7152 6124
7218 6139
7250 6092
7304 6179
7362 6248
7276 6321
7335 6393
7419 6457
7394 6495
7424 6525
7308 6529
7283 6603
7219 6571
7155 6555
7049 6548
7014 6462
6926 6461
6830 6497
6775 6469
6778 6367
6696 6344
6649 6439
6566 6466
6495 6419
6555 6349
6431 6342
6405 6293
6375 6247
6344 6332
6325 6437
6245 6460
6165 6448
6151 6372
6150 6243
6223 6279
6244 6302
6236 6145
6182 6111
6141 6001
6087 5965
5971 5984
5983 6062
6037 6099
6084 6173
5935 6164
5882 6160
5868 6082
5766 6016
5769 5913
5779 5899
5828 5918
5934 5896
5866 5804
5889 5726
5984 5700
5985 5753
6047 5782
6097 5839
6162 5898
6184 5922
6247 5978
6251 6010
6311 6040
6338 5915
6266 5868
6305 5829
6370 5787
6425 5799
6435 5824
6497 5954
6565 5971
6516 6026
6475 6050
6469 6104
6376 6128
6570 6135
6653 6151
6628 6224
6507 6234
6785 6206
6814 6185
6774 6125
6742 6084
6693 6002
6680 5994
6965 6137
6972 6286
6985 6335
6894 6327
6868 6294
6872 6543
6885 6611
6949 6593
6981 6616
6935 6701
6863 6743
6799 6746
6798 6669
6786 6590
6700 6515
6663 6668
6576 6644
6523 6585
6433 6536
6372 6537
6321 6620
6205 6610
6209 6575
6129 6514
6076 6453
5940 6450
5900 6474
5887 6348
5972 6359
6031 6319
6001 6275
5899 6257
5904 6238
5774 6318
5707 6277
5700 6274
5676 6339
5565 6386
5595 6425
5604 6492
5550 6549
5463 6545
5360 6524
5354 6479
5401 6407
5364 6360
5267 6352
5213 6270
5187 6222
5174 6190
5100 6232
5108 6312
5051 6325
5040 6408
4925 6433
4893 6464
4919 6326
4941 6290
4892 6278
4835 6331
4794 6251
4793 6158
4698 6165
4534 6163
4526 6077
4488 6014
4478 5945
4565 5973
4605 5967
4618 6053
4732 6005
4752 5929
4798 5894
4862 5924
4932 5859
5046 5856
5057 5928
4993 5946
5043 6059
5133 6079
5185 6000
5243 6020
5285 5933
5281 5864
5429 5860
5375 5802
5372 5951
5487 5950
5553 5912
5615 5963
5620 6071
5583 6073
5646 6106
5714 6149
5518 6194
5544 6287
5496 6363
5413 6211
5311 6219
5282 6172
5332 6067
5385 6105
5435 6120
5428 6074
5461 5718
5451 5697
5523 5720
5556 5678
5635 5699
5684 5742
5718 5780
5682 5813
5599 5842
5542 5581
5665 5518
5737 5501
5755 5449
5772 5382
5819 5304
5842 5287
5841 5157
5742 5149
5745 5229
5671 5182
5702 5080
5645 5048
5634 4948
5680 4828
5780 4841
5797 4796
5836 4798
5861 4810
5846 4660
5950 4649
6019 4676
6023 4786
5964 4737
5978 4900
6041 4894
6043 4998
6094 5047
6172 5078
6154 4965
6228 4971
6256 5014
6280 5118
6316 5164
6330 5213
6347 5320
6282 5314
6275 5298
6185 5242
6137 5184
6082 5227
6009 5199
5987 5169
5945 5244
5946 5400
5915 5401
6016 5442
6059 5388
6127 5363
6186 5484
6230 5489
6187 5554
6203 5636
6136 5616
6050 5658
6060 5513
5951 5582
5820 5568
5848 5643
5756 5663
5856 5494
5672 5421
5666 5333
5610 5272
5568 5256
5768 4981
5869 4974
5845 5036
5925 5011
5941 4991
6139 4881
6156 4763
6398 4973
6494 5000
6465 5068
6437 5112
6335 5072
6586 5046
6607 5105
6642 5098
6702 5088
6598 5178
6554 5292
6478 5283
6413 5381
6446 5468
6364 5466
6401 5533
6388 5548
6404 5621
6361 5619
6300 5596
6226 5701
6197 5788
6545 5574
6527 5500
6580 5397
6617 4964
6538 4935
6692 4889
6423 4445
5798 4591
5750 4698
5683 4690
5699 4726
5577 4610
4959 4669
4644 4769
4550 4831
4620 5087
4679 5132
4717 5116
4733 5099
4742 5205
4656 5239
4586 5276
4599 5305
4607 5306
4545 5411
4485 5422
4473 5545
4535 5529
4576 5632
4603 5685
4617 5757
4622 5803
4559 5741
4439 5712
4442 5624
4374 5745
4371 5825
4415 5884
4512 5854
4308 5961
4271 5986
4179 5995
4176 6100
4229 6093
4199 6207
4207 6256
4212 6340
4123 6350
4082 6357
4068 6428
3948 6380
3898 6373
3886 6480
3935 6486
3963 6544
4011 6540
4161 6559
4205 6592
4241 6642
4166 6672
4195 6748
4218 6732
4319 6707
4391 6686
4475 6680
4509 6756
4532 6848
4433 6849
4405 6771
4331 6854
4305 6923
4299 6983
4327 7010
4408 6978
4540 6972
4621 6975
4572 7053
4591 7126
4631 7157
4649 7206
4624 7303
4517 7320
4429 7319
4341 7323
4304 7283
4214 7285
4254 7341
4225 7407
4127 7424
4121 7371
4033 7354
3998 7301
4040 7269
3968 7253
3975 7145
3966 7092
4009 7101
3878 7120
3895 7045
3786 7021
3800 6901
3826 6916
3759 6885
3753 6758
3656 6783
3599 6780
3570 6817
3617 6861
3590 6933
3646 6985
3647 7002
3554 7036
3495 6882
3529 6684
3536 6580
3628 6643
3727 6633
3746 6498
3777 6510
3691 6511
3838 6574
3885 6630
3956 6667
3904 6745
3868 6727
3910 6810
3893 6860
4001 6862
3970 6908
4094 6924
4115 6927
4158 6844
4223 6855
4088 6794
4095 6637
4189 6500
4270 6445
4372 6426
4403 6507
4443 6494
4342 6516
4311 6329
4316 6223
4274 6192
4338 6156
4420 6189
4476 6225
4528 6272
4524 6374
4495 6379
4568 6424
4583 6527
4615 6502
4708 6478
4685 6441
4690 6378
4720 6343
4635 6282
4713 6561
4721 6619
4693 6694
4696 6787
4808 6797
4820 6830
4763 6857
4790 6948
4879 6955
4913 6993
4838 7042
4725 7056
4686 7098
4744 7136
4877 7154
4926 7190
5001 7194
4983 7279
4988 7364
4982 7426
5029 7457
5016 7503
4894 7511
4902 7553
4881 7462
4762 7463
4706 7516
4653 7589
4650 7695
4683 7707
4723 7718
4767 7631
4880 7692
4920 7724
4989 7690
5038 7756
5115 7803
5209 7777
5239 7807
5301 7794
5376 7825
5433 7889
5466 7939
5531 7992
5555 8003
5540 7888
5601 7865
5673 7909
5770 7927
5823 7963
5834 7869
5931 7836
5952 7771
5959 7663
5960 7597
6053 7568
6044 7487
6048 7397
5999 7375
5957 7439
5895 7519
5806 7464
5733 7409
5736 7302
5734 7213
5715 7150
5728 7078
5698 6995
5764 6970
5791 6900
5833 6835
5910 6843
5894 6935
5995 6952
6068 6914
6112 6888
6072 6806
6008 6764
5997 6751
6021 6636
6015 6599
5918 6597
5883 6598
5932 6656
5835 6682
5867 6718
5767 6697
5740 6712
5689 6723
5603 6664
5579 6629
5631 6578
5789 6547
5773 6447
5494 6663
5511 6715
5399 6696
5363 6761
5426 6779
5425 6846
5329 6847
5295 6823
5253 6775
5170 6766
5193 6679
5071 6646
5081 6731
4976 6690
4936 6769
4907 6853
5023 6891
5013 6907
5162 6874
5183 6998
5287 7000
5348 7035
5297 7087
5300 7183
5337 7215
5382 7141
5443 7117
5470 7023
5543 7054
5541 6965
5500 6911
5526 6876
5664 6863
5611 7024
5573 7119
5569 7239
5656 7261
5652 7191
5616 7366
5554 7363
5557 7425
5630 7481
5695 7504
5713 7628
5641 7621
5581 7570
5548 7698
5571 7776
5469 7731
5484 7650
5362 7647
5395 7582
5404 7591
5409 7490
5424 7381
5350 7420
5284 7373
5307 7344
5275 7288
5126 7327
5058 7311
5072 7233
5129 7225
5128 7118
5087 7099
5101 7071
4981 7086
4831 7291
4841 7362
4724 7385
4626 7435
4600 7412
4557 7512
4486 7455
4432 7518
4395 7524
4358 7465
4379 7614
4438 7604
4527 7642
4531 7739
4555 7815
4431 7769
4360 7753
4266 7747
4261 7841
4192 7821
4191 7775
4187 7699
4194 7585
4245 7569
4286 7616
4076 7654
4075 7535
4052 7430
3932 7403
3879 7349
3787 7314
3839 7256
3847 7451
3835 7573
3795 7594
3833 7643
3915 7637
3913 7706
3891 7809
3852 7799
3906 7857
4016 7826
4019 7765
3940 7567
3672 7587
3682 7496
3745 7408
3414 7267
3308 7292
3290 7308
3256 7298
3135 7316
3067 7330
3059 7227
3082 7200
3107 7229
3179 7152
3257 7107
3259 7041
3193 6966
3214 6928
3199 6884
3250 6879
3098 6851
3118 6774
3150 6689
3101 6596
3070 6567
2988 6612
3016 6677
3013 6735
2994 6799
2980 6804
2874 6826
2863 6922
2794 6915
2757 6809
2730 6795
2632 6792
2606 6881
2538 6902
2537 6845
2534 6750
2451 6786
2357 6763
2309 6807
2273 6877
2265 7004
2203 6957
2158 6963
2117 7031
2076 7077
2060 7135
2010 7201
1991 7186
1895 7216
1930 7280
1947 7369
1870 7379
1858 7434
1799 7437
1776 7361
1736 7284
1744 7196
1801 7181
1758 7097
1817 7068
1749 6988
1677 6934
1560 6981
1537 7014
1607 7057
1633 7151
1626 7231
1556 7235
1500 7217
1533 7127
1435 7102
1436 7088
1389 7124
1381 7047
1337 6961
1257 6960
1242 7033
1179 7034
1146 7121
1130 7221
1034 7281
977 7326
960 7413
1086 7387
1160 7400
1165 7433
1224 7399
1323 7423
1310 7351
1279 7260
1349 7247
1403 7304
1593 7331
1656 7306
1692 7415
1700 7575
1783 7586
1740 7633
1625 7605
1531 7544
1571 7472
1456 7498
1404 7583
1390 7623
1421 7665
1399 7764
1439 7819
1499 7789
1535 7797
1604 7778
1690 7852
1746 7854
1765 7935
1804 7991
1800 8026
1860 8005
1916 8007
1943 7942
2054 7946
2118 7982
2113 8060
2094 8065
2134 8108
2208 8145
2200 8242
2245 8225
2315 8231
2326 8144
2291 8071
2377 8081
2477 8087
2512 8096
2474 8137
2515 8188
2590 8218
2634 8212
2687 8170
2778 8194
2797 8269
2880 8270
2919 8257
2904 8155
2830 8117
2712 8063
2653 8022
2610 7919
2588 7892
2527 7965
2444 7908
2464 7839
2486 7733
2517 7761
2630 7759
2605 7691
2596 7684
2626 7595
2564 7580
2470 7565
2438 7669
2314 7686
2306 7760
2296 7755
2248 7666
2182 7670
2125 7598
2066 7619
2039 7548
1987 7576
1963 7610
1869 7658
1883 7732
1887 7820
1985 7847
2016 7870
1990 7772
2022 7716
2122 7742
2193 7802
2237 7896
2210 7940
2327 7998
2346 7893
2300 7566
2312 7541
2324 7485
2261 7473
2271 7392
2329 7329
2404 7305
2406 7270
2395 7232
2374 7184
2423 7156
2491 7083
2518 7017
2496 6990
2463 6893
2351 6964
2352 7039
2167 7104
2211 7163
2185 7255
2243 7295
2102 7359
2103 7446
2004 7486
1929 7448
1839 7522
1789 7741
1534 7673
1519 7900
1448 7951
1353 7910
1331 7885
1214 7837
1180 7858
1189 7943
1202 7995
1103 8034
1061 8058
984 8078
997 7971
1024 7947
886 7941
882 7895
958 7817
981 7746
1076 7766
1075 7806
1102 7728
1079 7630
1136 7626
1152 7572
1239 7578
1309 7538
1266 7491
1261 7694
1227 7751
1287 8048
1277 8157
1274 8206
1379 8176
1418 8189
1380 8239
1429 8271
1419 8369
1344 8327
1330 8445
1250 8446
1275 8392
1272 8529
1315 8535
1295 8624
1372 8654
1422 8614
1407 8566
1529 8591
1506 8472
1481 8424
1640 8408
1600 8367
1666 8306
1670 8241
1654 8138
1613 8091
1611 7973
1554 7999
1509 8055
1393 8061
1428 8097
1550 8191
1544 8234
1754 8178
1808 8227
1780 8264
1738 8385
1772 8448
1777 8532
1784 8622
1669 8615
1660 8521
1873 8503
1888 8490
1911 8504
1913 8451
1896 8343
1952 8333
1935 8251
2042 8258
2071 8196
2000 8106
1827 8115
2127 8318
2072 8381
2078 8409
2077 8510
2150 8516
2157 8494
2240 8543
2347 8559
2323 8631
2247 8680
2263 8717
2174 8721
2173 8684
2049 8682
2056 8708
1945 8772
1875 8750
1862 8679
1944 8609
2006 8851
1973 8894
1959 8976
2070 8963
2088 9005
2169 8992
2172 9021
2258 8997
2302 8967
2345 8886
2287 8823
2123 8837
1843 8843
1838 8913
1794 8990
1710 9055
1648 9062
1631 9109
1585 9159
1540 9061
1515 8919
1595 8893
1676 8878
1652 8965
1624 8792
1579 8791
1599 8692
1469 8734
1394 8804
1401 8841
1413 8911
1425 9006
1364 8972
1320 9038
1220 9050
1181 9068
1203 8994
1132 8955
1080 8951
995 8974
989 8871
1018 8801
1074 8777
1173 8764
1208 8816
1232 8795
1357 8770
1127 8883
1097 8657
1164 8606
1182 8595
1093 8524
1112 8444
1089 8425
1104 8364
1083 8340
991 8316
988 8249
1010 8208
1035 8195
1101 8226
1178 8121
945 8169
844 8107
872 8050
747 8030
746 8116
698 8139
576 8136
478 8135
497 8057
515 8042
374 8029
318 7985
288 8013
233 7930
148 7956
152 7859
145 7790
90 7762
99 7676
179 7606
115 7507
70 7551
4 7479
21 7348
133 7416
182 7398
236 7372
254 7468
283 7505
353 7510
358 7480
414 7509
455 7459
519 7525
568 7488
628 7502
649 7489
642 7393
593 7391
581 7240
634 7263
666 7198
729 7162
741 7091
809 7059
869 7143
979 7158
1015 7106
1047 7040
1054 6947
937 6976
940 7008
917 6865
875 6841
808 6903
749 6937
700 6994
696 7020
585 7061
475 7065
500 7109
516 7128
465 7204
447 7336
330 7332
354 7249
277 7248
331 7170
205 7133
239 7096
187 7003
144 6999
41 6992
18 7067
76 7164
65 7208
123 7265
147 7171
135 6833
197 6781
285 6757
317 6742
381 6693
444 6733
528 6760
617 6721
604 6659
587 6569
613 6530
644 6465
670 6397
739 6399
768 6412
813 6509
799 6528
849 6475
959 6508
1002 6588
1028 6640
994 6665
919 6713
870 6710
877 6654
736 6613
707 6734
709 6820
590 6829
636 6887
536 6904
481 6909
431 6890
377 6858
257 6898
271 6931
320 6969
389 7022
404 6587
341 6583
264 6584
191 6573
188 6496
232 6409
293 6394
343 6384
437 6418
518 6470
526 6314
492 6328
507 6280
629 6284
728 6253
725 6154
689 6166
816 6140
801 6081
804 5982
785 5992
732 6041
626 5988
603 6007
563 5970
474 5990
434 6024
356 6027
363 5921
400 5873
407 5861
538 5823
580 5739
546 5695
452 5716
445 5680
367 5722
393 5607
411 5570
338 5532
357 5490
298 5495
274 5520
166 5550
207 5629
211 5708
143 5675
52 5645
58 5593
31 5464
101 5435
66 5368
14 5282
161 5309
181 5204
253 5215
301 5151
289 5102
193 5108
201 5070
174 5039
192 4977
263 4955
345 4941
372 5049
461 5090
531 5052
517 4988
494 4919
484 4815
574 4813
605 4871
684 4932
781 4891
829 4918
848 4872
883 4787
964 4764
963 4879
914 4926
1042 4913
1020 5004
1126 4985
1113 5064
1138 5131
1240 5082
1276 5154
1329 5219
1226 5245
1201 5345
1206 5433
1149 5417
1109 5385
1088 5358
1060 5418
973 5430
927 5341
818 5331
810 5260
819 5158
817 5040
790 4986
719 5041
606 5031
583 5153
665 5189
704 5177
721 5220
691 5275
655 5332
735 5347
798 5467
823 5445
824 5552
793 5534
836 5638
834 5758
797 5805
774 5800
880 5835
929 5862
1033 5851
1095 5906
1139 5874
1188 5937
1247 5938
1245 5867
1311 5821
1324 5902
1409 5949
1412 6004
1374 6039
1384 6110
1455 6176
1454 6239
1536 6218
1555 6178
1528 6070
1620 6098
1721 6119
1699 6177
1793 6204
1833 6147
1824 6087
1781 6057
1818 5999
1763 5962
1742 5863
1695 5832
1594 5826
1634 5752
1513 5746
1450 5728
1360 5735
1333 5661
1259 5694
1236 5713
1172 5613
1175 5579
1092 5617
1029 5546
926 5569
976 5698
980 5765
1091 5769
1108 5770
1124 6006
1063 6013
974 6025
954 6101
1013 6115
1008 6217
1049 6311
1133 6299
1159 6354
1238 6375
1218 6300
1234 6169
1156 6199
1241 6018
902 5991
918 6263
850 6295
845 6303
961 6355
996 6420
1038 6446
1142 6468
1163 6546
1205 6581
1228 6638
1117 6658
1115 6724
1087 6796
1017 6801
1150 6869
1191 6913
1222 6894
1366 6896
1441 6921
1501 6886
1478 6816
1423 6754
1378 6739
1298 6772
1313 6688
1312 6589
1415 6553
1510 6506
1503 6467
1496 6471
1482 6369
1545 6390
1662 6421
1685 6351
1728 6353
1810 6334
1853 6285
1846 6443
1797 6442
1803 6504
1941 6505
2002 6568
2015 6660
2029 6728
2026 6836
1980 6852
1918 6958
1901 7001
1850 6939
1819 6889
1748 6840
1751 6788
1609 6803
1603 6740
1568 6706
1582 6652
1632 6673
1641 6563
1726 6586
1706 6624
1822 6639
1893 6704
1906 6702
1939 6671
2188 6661
2165 6708
2202 6776
2108 6897
2030 6980
2025 7335
2428 7454
2559 7404
2648 7390
2702 7411
2786 7380
2814 7368
2818 7452
2799 7559
2788 7603
2831 7600
2853 7639
2739 7786
2737 7848
2699 7823
2644 7470
2669 7286
2581 7310
2579 7241
2597 7105
2654 7148
2684 7049
2722 7082
2852 7081
2924 7060
3005 7044
2978 7125
2912 7212
2819 7195
2744 7197
2771 7296
2825 7268
2947 7328
2954 7447
2974 6940
3092 6986
3139 7015
3326 7165
3289 6647
3265 6552
2885 6554
2917 6518
2772 6501
2692 6463
2697 6362
2749 6401
2796 6391
2832 6416
2856 6301
2877 6273
2710 6269
2685 6235
2691 6122
2775 6144
2897 6107
2879 6047
2909 6030
2952 5944
2950 5847
3017 5848
2984 5773
3081 5786
3136 5797
3140 5806
2888 5897
2844 5935
2759 5911
2608 5914
2552 5932
2509 5880
2475 5836
2469 5767
2454 5693
2383 5692
2355 5779
2320 5886
2362 5927
2452 5977
2401 6056
2361 6072
2417 6103
2304 6108
2297 6210
2350 6244
2380 6396
2316 6422
2299 6458
2276 6512
2277 6618
2360 6607
2389 6600
2465 6566
2489 6632
2593 6674
2651 6614
2734 6615
2816 6655
2823 6741
2636 6945
2602 6541
2587 6551
2582 6491
2430 6451
2440 6346
2493 6291
2523 6316
2541 6265
2592 6152
2583 6032
2706 6019
2696 6003
2601 5796
2529 5725
2282 5662
2159 5688
2198 5754
2206 5764
2197 5849
2241 5852
2231 5952
2191 5960
2163 6008
2234 6044
2233 6161
2130 6155
2065 6187
2013 6228
1982 6240
1964 6358
2032 6341
2050 6406
2151 6402
2166 6330
2161 6242
2270 6377
2107 6542
1903 6410
1915 6109
1926 6095
2045 6023
2051 5941
2093 5846
1981 5850
2020 5772
1956 5734
1988 5684
2009 5578
2099 5625
2136 5555
2209 5586
2092 5483
2086 5354
1984 5313
1902 5285
1807 5307
1796 5221
1851 5218
1841 5121
1788 5162
1813 5054
1778 5021
1771 4972
1683 4946
1661 5017
1569 5062
1488 5074
1511 4989
1362 4995
1343 5024
1396 5109
1437 5143
1449 5238
1572 5198
1605 5196
1642 5207
1586 5296
1557 5380
1562 5447
1493 5393
1444 5465
1358 5474
1305 5505
1251 5525
1307 5377
1140 5289
1050 5291
1026 5187
972 5230
975 5107
939 5075
1107 4836
1081 4802
1120 4761
1100 4712
1105 4625
1078 4604
1071 4558
1056 4468
1067 4369
956 4367
878 4344
888 4241
887 4173
881 4082
993 4058
1016 4085
1027 4134
992 4152
987 4232
1090 4248
1162 4236
1157 4164
1134 4042
1253 4028
1243 3976
1322 3949
1334 3871
1284 3893
1290 3800
1375 3787
1468 3866
1466 3936
1541 3937
1576 4027
1659 4078
1709 4029
1664 3977
1757 3951
1691 3883
1720 3844
1591 3841
1564 3797
1552 3699
1495 3731
1490 3658
1414 3572
1391 3543
1377 3450
1458 3464
1527 3435
1471 3377
1371 3305
1338 3231
1210 3261
1170 3265
1137 3327
1231 3356
1297 3488
1255 3565
1325 3605
1294 3679
1198 3739
1184 3842
1161 3930
1069 3921
1041 3867
1046 3769
978 3737
953 3811
944 3918
842 3862
858 3771
879 3688
906 3639
916 3570
885 3557
891 3492
756 3518
663 3539
543 3513
501 3469
471 3432
441 3379
440 3276
564 3294
571 3308
615 3313
635 3251
610 3117
567 3123
469 3140
454 3018
522 3033
541 2970
673 2983
669 3024
763 2994
779 3064
862 3080
861 3155
863 3211
957 3222
982 3197
1073 3201
1048 3120
1064 3078
1135 3071
1158 3153
1168 2967
946 3013
908 2722
851 2688
794 2639
752 2564
685 2532
712 2459
686 2431
633 2399
726 2380
742 2223
693 2205
614 2181
554 2217
565 2110
549 2073
548 1980
552 1879
487 1884
424 1911
380 1947
369 1883
333 2006
286 2043
278 2101
378 2124
420 2196
421 2251
352 2280
451 2332
570 2330
547 2452
429 2630
426 2739
387 2792
419 2892
405 2917
362 2900
335 2910
291 2933
312 3007
267 3019
118 3008
59 2982
23 3032
33 3137
138 3114
102 3215
79 3282
50 3331
169 3310
242 3336
250 3255
292 3200
337 3191
326 3230
316 3375
310 3461
262 3482
230 3514
260 3625
235 3708
186 3694
141 3788
160 3814
53 3876
82 3981
74 4024
113 4050
125 4102
85 4120
81 4251
122 4228
224 4221
272 4179
348 4140
370 4044
468 4083
488 4199
413 4211
395 4283
422 4306
307 4351
322 4427
241 4465
238 4522
164 4590
124 4666
56 4661
54 4710
157 4720
223 4788
222 4847
178 4842
305 4804
359 4754
364 4652
403 4674
386 4564
428 4540
418 4469
514 4437
562 4371
652 4388
632 4474
675 4509
731 4521
724 4426
738 4331
718 4261
599 4285
607 4295
637 4169
653 4099
646 3988
734 3984
812 3974
744 4072
782 4149
559 4178
558 4001
525 3958
430 3963
347 3901
373 3848
342 3770
323 3677
476 3730
480 3828
544 3785
577 3865
667 3894
708 3845
777 3798
695 3725
616 3654
584 3649
486 3619
463 3549
385 3529
104 3556
67 3600
35 3632
19 3735
129 3968
255 3960
265 3900
202 4097
220 4364
137 4398
94 4444
109 4460
72 4362
20 4536
22 4818
60 4978
100 5009
88 5139
401 5170
366 5266
349 5343
256 5353
520 5359
499 5317
483 5265
553 5290
479 5409
545 5496
597 5502
623 5485
624 5538
677 5671
717 5686
681 5731
660 5872
529 6064
510 6138
438 6121
392 6193
398 6212
423 6230
212 6236
237 6191
190 6153
150 6083
246 6055
209 5905
217 5834
155 5815
156 5798
75 5794
17 5818
95 5909
139 5925
1 6051
32 6102
46 6262
47 6307
112 6381
170 6283
11 6452
80 6591
78 6625
111 6657
69 6730
2 6850
216 6687
472 6648
509 6626
311 6482
1300 6459
1369 6417
1386 6320
1397 6296
1618 6292
1602 5993
1530 5917
1473 5841
1474 5609
1514 5595
1565 5639
1612 5585
1694 5637
1790 5631
1767 5587
1865 5602
1859 5544
1931 5503
1889 5448
1961 5431
2014 5231
2035 5193
1979 5180
1974 5066
2044 5092
2040 4959
2144 4962
2097 4844
2116 4819
2139 4718
2080 4670
2012 4702
1922 4612
1921 4531
1908 4477
1829 4435
1737 4378
1672 4393
1645 4424
1718 4480
1698 4503
1727 4557
1703 4616
1681 4708
1653 4693
1802 4691
1779 4719
1814 4762
1774 4825
1667 4834
1512 4808
1520 4797
1424 4832
1350 4839
1246 4852
1258 4950
1410 4909
1447 4723
1361 4705
1291 4713
1230 4679
1213 4559
1192 4573
1141 4495
1211 4433
1204 4361
1268 4294
1292 4200
1355 4165
1442 4171
1405 4242
1365 4260
1359 4324
1434 4357
1432 4422
1440 4502
1525 4494
1532 4551
1548 4632
1431 4622
1345 4631
1351 4588
1314 4448
1559 4377
1563 4204
1635 4235
1711 4198
1755 4205
1805 4216
1816 4187
1837 4095
1886 3979
1968 3990
1989 4017
2021 3917
2005 3898
1960 3849
1949 3749
1884 3776
1834 3890
1769 3566
1743 3476
1798 3395
1806 3387
1825 3292
1747 3236
1678 3248
1679 3097
1712 3070
1773 3142
1608 3108
1558 3131
1542 3084
1476 3020
1460 2664
1768 2751
1855 2763
1828 2825
2196 2729
2441 2713
2364 3489
2398 3545
2442 3763
2342 4023
2294 4089
2455 4192
2124 4234
2081 4239
2073 4513
2160 4554
2192 4485
2184 4636
2264 4605
2269 4583
2349 4567
2405 4543
2385 4641
2382 4983
2372 5037
2426 5013
2506 5065
2487 5129
2396 5146
2457 5208
2555 5179
2652 5197
2700 5211
2782 5223
2780 5175
2806 5165
2839 5233
2966 5222
2957 5173
3056 5174
3146 5191
3151 5236
3130 5356
3066 5323
3046 5284
3037 5055
3025 4953
2995 4921
3012 4868
2965 4845
2983 4730
3022 4744
3102 4753
3195 4850
3200 4905
3286 4937
3302 4944
3329 4829
3339 4772
3423 4751
3387 4672
3380 4574
3443 4586
3467 4609
3563 4585
3648 4603
3631 4547
3598 4456
3674 4449
3709 4452
3832 4442
3824 4346
3945 4358
3985 4289
4050 4319
4049 4247
4048 4566
4032 4624
4118 4597
4148 4662
3761 4684
3765 4724
3661 4703
3597 4675
3574 4782
3537 4874
3474 4883
3485 4925
3517 4947
3525 5045
3606 5044
3596 5171
3582 5234
3603 5263
3619 5316
3632 5451
3643 5527
3593 5563
3577 5635
3446 5627
3419 5600
3364 5650
3354 5557
3362 5420
3267 5402
3297 5367
3304 5334
3298 5232
3365 5190
3386 5270
3430 5249
3438 5113
3437 5063
3392 5079
3204 5089
3228 5155
3173 5003
2927 5034
2843 5033
2864 4951
2747 5057
2611 5091
2577 4956
2567 4898
2471 4901
2545 5286
2565 5360
2319 5247
1976 4912
1876 4906
1907 4853
1897 4837
1910 4789
1831 4599
1878 4334
1689 4167
1521 4117
1459 4075
1304 4074
1125 4307
947 4471
900 4439
905 4539
855 4523
874 4601
998 4615
727 4634
697 4613
671 4767
796 4758
579 4683
537 4714
498 4735
594 4533
287 4635
154 3408
91 3437
44 2884
194 2908
227 2882
226 2748
165 2734
146 2687
92 2746
149 2805
117 2554
29 2543
5 2499
10 2360
34 2296
131 2292
234 2583
299 2638
339 2674
539 2765
575 2834
622 2880
760 3181
765 3288
771 3358
753 3404
699 3414
884 3321
949 3353
968 3401
1023 3383
1051 3422
1052 3517
1121 3467
1147 3597
1110 3660
1031 3645
766 3636
965 2686
1036 2220
1004 2158
1000 2134
1032 2045
1096 1984
1039 1887
897 1978
907 1992
920 2066
864 2076
740 2090
772 2159
672 2052
690 1999
703 1944
713 1899
442 2013
273 1948
185 1906
108 1299
37 1320
16 1290
26 1173
127 1124
62 1025
12 931
89 893
409 894
436 901
754 958
503 1346
489 1397
467 1471
1009 1610
986 1637
1055 1569
1106 2271
1400 2210
1387 2164
51 2608
39 432
38 316
120 302
159 224
204 241
87 205
48 169
3292 2168
3303 2173
3686 2118
3887 2178
3869 2257
3872 2386
3823 2428
3771 2406
3798 2359
3997 2329
3994 2294
3969 2161
4062 2385
4107 2415
4079 2481
4074 2542
4175 2759
4136 2887
4141 3002
4106 2999
4044 3035
4081 3150
4114 3130
4072 3216
4139 3259
4221 3257
4184 3365
4283 3373
4306 3405
4326 3324
4353 3273
4332 3174
4424 3199
4460 3286
4539 3297
4537 3390
4590 3417
4628 3397
4634 3468
4728 3474
4712 3505
4691 3541
4525 3520
4426 3515
4355 3502
4262 3537
4250 3601
4328 3681
4329 3733
4289 3748
4224 3832
4138 3826
4140 3774
4104 3673
4069 3599
4109 3533
4169 3462
4208 3452
4051 3445
4071 3342
3808 3243
3791 3559
3775 3629
3843 3666
3821 3757
3718 3723
3701 3875
3621 3824
4280 3973
4290 4025
4500 4051
4490 3907
4456 3617
4455 3447
4428 3362
4427 3027
4480 2973
4547 2932
4567 3023
4303 3041
4226 3053
4236 3101
3722 2964
4367 2344
4469 2249
4569 2253
4610 2213
4598 2184
4619 2151
4898 2470
5159 2626
5298 2613
5381 2651
5415 2679
5539 2649
5534 2561
5471 2511
5576 2162
5623 2166
5632 2081
5585 2088
5974 2523
6359 2535
6345 2453
6421 2381
6503 2367
6488 2277
6396 2221
6422 2172
6560 2144
6533 2086
7027 2010
7076 1511
7173 1594
6898 1541
8375 2114
8439 2108
8492 2080
8598 2072
8693 2099
8696 2123
8714 2153
8703 2202
8647 2242
8559 2211
8545 2193
8608 2347
8831 2229
8801 2174
8912 2199
8784 2023
8896 1858
8974 1859
9012 1850
9034 1721
8975 1718
9097 1654
9112 1668
9146 1556
9215 1527
9229 1608
9302 1691
9345 1734
9300 1789
9354 1828
9495 1827
9488 1779
9533 1800
9560 1812
9608 1863
9659 1907
9742 1989
9785 2084
9853 2046
9718 2160
9727 2247
9626 2241
9629 2197
9566 2237
9528 2177
9491 2188
9485 2256
9471 2324
9385 2290
9358 2346
9291 2302
9212 2274
9172 2288
9102 2345
9110 2455
9066 2463
9044 2584
9148 2544
9161 2637
9244 2623
9258 2526
9262 2494
9309 2454
9433 2412
9600 2377
9649 2333
9709 2402
9776 2317
9606 2030
9564 2005
9545 1997
9478 1981
9460 2091
9197 1755
9043 1568
9111 1454
9430 1431
9427 1358
9389 1307
9458 1296
9395 1213
9445 1150
9475 1082
9532 998
9561 1026
9605 1055
9590 1176
9573 1245
9617 1291
9530 1394
9539 1437
9607 1474
9694 1106
9969 830
9973 800
9643 152
9563 112
9526 28
9391 13
9422 100
9419 149
9362 172
9237 155
9243 57
9193 91
9657 1
8592 20
8618 92
8644 127
8698 245
8690 357
8575 390
8544 429
8547 565
8638 516
8629 488
8554 294
8497 229
8517 180
8381 194
8389 71
8428 102
8445 94
8447 2671
8397 2655
8507 2620
8774 2886
8773 2944
9305 2841
9275 2767
9394 2903
9437 2871
9447 2987
9481 3061
9589 3096
9541 3159
9555 2979
9638 3017
9670 2966
9711 3003
9735 2991
9852 3062
9803 3318
9915 3332
9902 3410
9875 3429
9835 3504
9745 3582
9695 3656
9794 3680
9851 3706
9890 3650
9943 3646
9959 3581
9901 3786
9830 3803
9757 3780
9779 3853
9761 3975
9817 3962
9812 4004
9739 4088
9704 4158
9610 4156
9577 4105
9562 4087
9568 3971
9636 4013
9627 3919
9628 3877
9656 3784
9582 3717
9587 3690
9540 3588
9415 3590
9380 3575
9263 3945
9261 4037
9189 3997
9096 4021
9120 4070
9206 4125
9192 4159
9045 4176
8935 4278
8904 4339
8850 4455
8898 4511
8939 4563
8966 4629
8983 4482
9022 4505
9083 4475
8767 4488
8657 4486
8616 4510
8640 4607
8786 4596
8793 4633
8809 4685
8954 4835
9047 4887
9036 4979
8940 4997
8876 4970
8820 5005
8732 4980
8757 5077
8787 5106
8870 5117
8971 5144
8967 5083
9064 5084
9058 5125
9086 5246
9089 5312
9147 5365
9154 5424
9225 5391
9268 5441
9304 5408
9323 5390
9255 5240
9179 5241
9153 5195
9170 5042
9220 5028
9239 4938
9326 4936
9346 5029
9282 5147
9281 4861
9337 4803
9222 4771
9196 4749
9093 4799
9142 4895
9137 4994
8988 5274
8925 5346
8834 5281
8740 5210
8672 5138
8645 5050
8597 5008
8560 4963
8619 4942
8655 4892
8519 4820
8476 4779
8449 4866
8444 4908
8380 4934
8423 5071
8453 5185
8406 5225
8384 5297
8458 5315
8332 5340
8299 5348
8305 5406
8296 5455
8252 5273
7881 5268
7975 5379
7675 5376
7748 5475
7770 5519
7687 5562
7609 5487
7606 5203
7552 5214
7484 5212
7489 5134
7524 5141
7624 5110
7602 5085
7705 5097
7764 4903
7756 4638
7683 4692
7691 4549
7706 4550
7789 4190
7879 4136
7908 4107
7934 4090
7951 3736
7946 3663
7860 3671
7841 3740
8054 3648
8042 3426
7888 3030
7642 3219
9224 3189
9578 2873
9992 3293
9999 3829
9918 3935
9913 4086
9873 4145
9967 4168
9914 4266
9894 4272
9849 4302
9919 4336
9893 4466
9968 4446
9970 4600
9933 4637
9961 4701
9816 4717
9800 4664
9842 4639
9881 4587
9787 4529
9756 4500
9689 4565
9685 4606
9538 4577
9543 4655
9558 4707
9645 4773
9732 4785
9730 4877
9743 4907
9811 4923
9832 4885
9939 4896
9911 4943
9899 5016
9981 5001
9954 5130
9978 5202
9892 5217
9877 5167
9789 5172
9771 5073
9641 5137
9661 5261
9574 5269
9682 5337
9754 5300
9770 5399
9755 5427
9885 5462
9887 5511
9906 5577
9947 5653
9951 5743
9955 5414
9994 5383
9879 5318
9681 4884
9595 4863
9594 4454
9611 4387
9680 4406
9703 4397
9512 4389
9525 4284
9492 4253
9640 4237
9736 4222
9334 4209
9327 4084
9379 4111
9431 4106
9473 4010
9407 4338
9424 4458
9401 4594
9372 5565
9432 5614
9340 5665
9349 5766
9278 5763
9269 5819
9313 5845
9201 5916
9190 5996
9207 6009
9173 5791
9114 5812
9033 5789
9004 5822
8932 5816
8943 5733
8866 5724
8762 5776
8785 5865
8813 5892
8772 5942
8675 5910
8674 6028
8731 6060
8738 6198
8718 6216
8656 6258
8691 6308
8735 6371
8722 6430
8671 6473
8684 6513
8724 6534
8854 6572
8822 6617
8751 6685
8727 6782
8761 6813
8649 6827
8669 6749
8624 6698
8576 6705
8600 6650
8534 6821
8429 6839
8456 6765
8395 6703
8281 6683
8275 6726
8165 6716
8031 6709
7940 6711
7970 6608
7986 6579
8011 6623
8083 6570
8119 6601
8110 6883
8098 6971
8067 7011
7973 6973
7964 7090
7911 7134
7886 7192
7873 7289
7862 7367
7914 7360
7983 7402
8065 7396
8078 7475
8143 7467
8177 7508
8156 7613
8093 7556
8096 7689
8128 7729
8048 7723
8046 7804
8192 7813
8204 7829
8210 7792
8272 7687
8323 7709
8371 7677
8407 7640
8524 7632
8522 7532
8538 7478
8584 7388
8603 7382
8663 7466
8662 7545
8666 7602
8713 7609
8776 7593
8878 7618
8906 7611
8948 7515
9021 7483
8995 7421
8915 7357
8863 7315
8890 7275
8965 7237
8976 7161
9019 7169
9049 7258
9116 7282
9081 7350
9185 7383
9213 7317
9203 7245
9168 7174
9174 7072
9211 7050
9095 7027
9072 6938
8977 6946
8998 6822
9098 6812
9088 6800
9141 6736
9223 6778
9214 6872
9177 6866
9162 6951
9232 6918
9310 6991
9370 7062
9410 7069
9359 7112
9297 7180
9264 7429
9251 7581
9274 7624
9245 7725
9138 7715
9140 7608
9117 7557
9115 7460
9031 7571
9017 7648
9024 7720
9015 7849
8926 7878
8936 7800
8884 7738
8729 7719
8686 7702
8553 7711
8574 7862
8567 7916
8659 7944
8633 8006
8589 8041
8615 8129
8572 8159
8478 8173
8475 8255
8460 8334
8393 8335
8416 8406
8501 8402
8590 8344
8631 8350
8596 8294
8685 8240
8716 8263
8705 8375
8719 8142
8737 8032
8768 7918
8808 7934
8829 7876
8726 7830
8680 7875
8430 7835
8411 7798
8319 7879
8348 7938
8268 7945
8120 7924
8023 7959
8050 8017
8117 8059
8136 8128
8058 8147
7948 8134
7928 8095
7850 8076
7867 8174
7889 8233
7915 8298
7971 8380
7927 8436
7945 8523
7893 8593
7791 8598
7766 8625
7807 8642
7759 8703
7671 8602
7585 8619
7534 8561
7422 8540
7397 8489
7420 8458
7449 8345
7380 8337
7282 8329
7281 8291
7303 8168
7251 8150
7263 8056
7337 8012
7320 7925
7325 7851
7284 7853
7244 7937
7187 7894
7125 7906
7097 7828
7098 7781
7147 7717
7178 7688
7229 7681
7324 7664
7359 7714
7298 7737
7439 7693
7468 7767
7462 7850
7513 7832
7553 7902
7600 7788
7652 7735
7637 7625
7688 7547
7746 7534
7825 7529
7924 7574
7990 7661
7953 7734
7834 7749
7779 7773
7749 7682
7846 7675
7909 7824
7869 7884
7847 7955
7799 7929
7765 7882
7690 7840
7677 7975
7715 8077
7627 8080
7615 8183
7632 8236
7587 8299
7611 8328
7595 8378
7575 8417
7678 8438
7729 8473
7804 8460
7814 8342
7739 8325
7737 8185
7782 8217
7535 8172
7476 8133
7469 8045
7520 8044
7437 7988
7456 8220
7361 8224
7299 8433
7316 8505
7215 8537
7131 8570
7103 8495
7018 8488
6995 8474
7020 8573
6964 8639
6962 8746
7032 8745
7042 8677
7165 8693
7224 8685
7241 8737
7141 8767
7180 8806
7060 8829
7096 8956
7087 9009
7148 8993
7177 9092
7197 9145
7073 9195
7004 9207
6968 9160
6882 9169
6890 9234
6906 9232
6951 9310
7001 9303
7033 9411
7106 9482
7151 9517
7140 9610
7082 9581
6943 9530
6948 9500
6806 9452
6760 9427
6738 9302
6762 9257
6707 9198
6657 9218
6596 9211
6613 9152
6591 9128
6577 9082
6627 9052
6635 8991
6599 8981
6547 8892
6605 8845
6590 8754
6677 8761
6713 8755
6709 8803
6822 8794
6876 8881
6902 8900
6851 8924
6781 8916
6768 9053
6825 9039
6933 9011
6989 9000
7249 8953
7267 8899
7347 8798
7434 8797
7514 8867
7522 8921
7530 8728
7475 8650
7321 8644
7626 8790
7641 8811
7647 8513
8071 8457
8129 8422
8201 8427
8254 8398
8162 8372
8166 8207
8265 8202
8304 8190
8313 8214
8293 8158
8355 8094
8229 8084
8435 8008
8494 7983
8911 7987
8883 8066
8929 8102
8970 8100
9029 8125
9030 8038
9040 7990
9131 8068
9188 7911
9259 7901
9260 7866
9317 7917
9167 7831
9592 7811
9581 7736
9644 7758
9713 7721
9710 7634
9655 7638
9647 7564
9632 7471
9653 7342
9660 7287
9717 7290
9740 7318
9838 7297
9820 7376
9920 7374
9995 7440
9921 7528
9822 7521
9818 7477
9759 7497
9758 7561
9807 7612
9836 7727
9912 7752
9925 7873
9952 7932
9940 8002
9889 8027
9861 8126
9882 8230
9780 8232
9721 8192
9665 8222
9635 8181
9596 8273
9658 8304
9597 8393
9630 8462
9546 8456
9548 8577
9511 8621
9498 8645
9531 8759
9529 8866
9576 8914
9618 8977
9637 8861
9752 8895
9788 8933
9808 8945
9843 8858
9934 8840
9956 8774
9897 8731
9945 8647
9859 8603
9865 8528
9874 8467
9905 8412
9936 8332
9929 8297
9839 8311
9767 8387
9747 8418
9706 8520
9623 8600
9675 8668
9662 8706
9728 8743
9763 8651
9972 8511
9984 8906
9898 9034
9958 9100
9928 9136
9408 8856
9341 8819
9331 8773
9425 8768
9267 8864
9191 8935
9175 8784
9134 8809
9145 8512
9210 8541
9240 8500
8930 8430
8874 8478
8889 8301
8882 8248
8830 8182
9378 8246
9496 8262
9500 8308
9508 8166
9461 8154
9729 8082
9744 7968
9691 7960
9693 7897
9716 7887
9844 7914
9831 7846
9989 7629
9980 7214
9966 7167
9960 7100
9805 7116
9795 7038
9860 7005
9809 6936
9823 6878
9764 6880
9686 6837
9722 6798
9856 6762
9916 6719
9935 6631
9813 6609
9793 6576
9790 6651
9974 6808
9957 6930
9724 6989
9517 6979
9438 6920
9421 6838
9336 6819
9356 6738
9462 6770
9487 6692
9332 6621
9265 6662
9164 6627
9104 6564
9055 6519
9026 6456
8950 6440
8857 6404
8900 6337
8946 6306
8958 6288
8864 6252
8807 6175
8920 6113
8873 6065
8893 5975
8953 5953
9028 5934
8990 6080
9077 6383
9165 6485
9277 6481
9272 6523
9342 6521
9429 6517
9402 6476
9303 6414
9368 6323
9509 6123
9559 5652
9247 5584
9143 5560
9100 5536
8993 5515
9011 5454
8981 5644
9060 5691
9181 5669
9204 5679
8593 5744
8404 6075
8350 6091
8394 6157
8405 6146
8214 6170
8213 6249
8150 6245
8124 6188
8092 6304
8196 6368
8253 6387
8248 6427
8543 6370
8487 6313
8167 6068
8051 6069
7987 6054
8068 5972
7712 5890
7685 5808
7577 5844
7579 5923
7554 5761
7431 5702
7443 5666
7342 5649
7331 5705
7242 5612
7036 5677
7039 5721
6987 5730
7375 5876
7405 5858
7392 5943
7401 5987
7428 6058
7414 6126
7533 6088
7572 6117
7531 6215
7497 6214
7485 6322
7561 6356
7655 6400
7667 6436
7733 6405
7757 6345
7817 6389
7826 6484
7836 6520
7803 6606
7800 6675
7742 6790
7722 6834
7674 6875
7670 6785
7590 6818
7578 6759
7444 6752
7410 6824
7387 6814
7383 6962
7460 6906
7472 7009
7505 7055
7551 6996
7566 7149
7617 7110
7700 7052
7689 6954
7758 6950
7822 6929
7788 7026
7851 7046
7773 7155
7754 7309
7708 7276
7682 7251
7576 7244
7541 7345
7498 7322
7465 7185
7413 7228
7363 7252
7332 7355
7275 7338
7265 7210
7164 7209
7122 7132
7123 7051
7013 7074
6956 7076
6939 7138
6899 7172
6883 7223
6850 7313
6869 7405
6782 7427
6758 7395
6745 7299
6678 7358
6562 7356
6541 7422
6643 7484
6633 7506
6723 7530
6852 7562
6860 7672
6927 7646
6994 7599
7029 7533
7053 7495
6934 7474
6953 7325
7011 7346
6986 7274
7091 7277
7115 7343
7166 7417
7236 7453
7235 7555
7193 7527
7369 7543
7358 7469
7430 7432
7450 7523
7543 7513
7586 7418
7668 7438
7681 7370
7724 7410
7891 7450
7962 7266
8072 7300
8123 7324
8178 7226
8211 7242
8357 7238
8469 7257
8498 7182
8552 7111
8550 7032
8500 7016
8523 6982
8446 6949
8349 6925
8342 6856
8287 6910
8227 6892
8154 6943
8121 7093
8141 7137
8089 7199
8297 7144
8300 7073
8347 7037
8387 7114
8377 7377
8358 7401
8424 7384
8415 7500
8408 7514
8346 7552
8263 7592
8274 7431
8288 7321
8583 7222
8607 7207
8667 7103
8733 7131
8748 7063
8704 6968
8605 6942
8621 7013
8867 7012
8855 6984
8903 7058
8885 7153
8747 7293
8725 7307
8796 7442
8836 7444
8837 7517
9489 7537
9505 7542
9507 7499
9490 7386
9542 7339
9651 7188
9748 7189
9571 7657
9988 8104
8330 8487
8322 8514
8247 8576
8246 8662
8218 8758
8164 8756
8100 8779
8049 8699
7955 8694
7954 8712
8122 8646
8082 8578
8190 8522
8057 8303
8074 8272
7925 7996
7560 7683
7092 7660
6917 7793
6880 7842
6912 7891
6952 7953
7058 7969
7078 8018
7136 8037
7128 8184
7108 8290
7144 8319
7045 8320
6996 8286
7012 8201
7024 8156
6959 8132
6881 8103
6815 8073
6743 8067
6688 8110
6770 8152
6776 8235
6809 8204
6849 8330
6866 8421
6966 8360
6748 8370
6685 8346
6666 8283
6675 8435
6710 8441
6665 8506
6720 8592
6754 8640
6823 8633
6891 8584
6901 8563
6622 8611
6536 8628
6537 8572
6420 8586
6317 8569
6293 8613
6253 8583
6222 8471
6190 8481
6078 8497
6064 8551
6111 8534
6115 8663
6093 8671
6056 8729
6039 8814
6134 8810
6198 8771
6227 8726
6329 8696
6426 8713
6453 8689
6362 8793
6342 8875
6340 8923
6322 9008
6286 8986
6259 9012
6265 8876
6407 8859
6403 8968
6481 9060
6493 9117
6466 9290
6432 9363
6385 9229
6350 9184
6274 9176
6276 9242
6189 9168
6143 9059
6099 9090
6022 9173
5916 9107
5870 9084
5947 9007
5920 8938
5942 8835
5913 8800
5927 8652
5839 8658
5811 8704
5785 8724
5720 8802
5677 8787
5669 8826
5648 8937
5636 9035
5586 9049
5558 8962
5473 8996
5416 9066
5320 9077
5271 9044
5200 9070
5227 8989
5172 8903
5177 8813
5192 8727
5246 8766
5249 8673
5343 8725
5442 8742
5527 8707
5562 8683
5661 8695
5705 8630
5722 8588
5685 8545
5660 8426
5588 8403
5607 8310
5633 8287
5567 8300
5506 8358
5440 8374
5393 8384
5392 8498
5377 8575
5391 8638
5417 8612
5462 8585
5536 8550
5475 8449
5447 8229
5427 8161
5394 8105
5356 8075
5480 8070
5516 8123
5644 8079
5708 8064
5681 8131
5794 8130
5829 8149
5859 8086
5912 8028
5923 7950
6018 7997
6119 8015
6089 8053
6148 7954
6101 7883
6012 7868
6051 7744
6011 7700
5888 7713
5864 7636
5787 7577
5784 7745
5694 7743
5719 7814
5706 8261
5746 8361
5788 8432
5813 8434
5832 8391
5909 8373
6013 8336
5986 8274
5963 8186
6054 8193
6049 8216
6147 8292
6114 8339
6257 8331
6277 8285
6352 8314
6447 8326
6456 8267
6389 8223
6312 8180
6273 8143
6297 8099
6341 8052
6412 8083
6485 8153
6528 8122
6506 8025
6553 7923
6679 7913
6662 8001
6804 7957
6796 7915
6789 7855
6828 7748
6757 7704
6737 7680
6647 7679
6579 7651
6575 7596
6592 7730
6609 7805
6650 7780
6505 7810
6472 7757
6454 7856
6416 7926
6309 7931
6331 7863
6326 7770
6260 7763
6220 7864
6219 7905
6194 8119
6168 7708
6153 7601
6195 7588
6279 7531
6246 7449
6164 7441
6109 7347
6167 7246
6254 7205
6234 7146
6125 7129
6086 7173
6035 7203
5939 7202
5898 7262
5911 7123
5812 7139
5858 7018
5991 7079
6032 7084
6123 7007
6180 6974
6218 6959
6258 7043
6343 7094
6346 7115
6334 7234
6377 7337
6414 7312
6468 7271
6556 7220
6552 7147
6623 7179
6676 7218
6753 7168
6706 7048
6689 7064
6597 6977
6631 6932
6544 6895
6455 6956
6449 7006
6510 7066
6439 7160
6391 6917
6415 6871
6348 6805
6323 6773
6213 6802
6204 6737
6188 6714
6121 6670
6409 6666
6483 6722
6594 6755
6618 6777
6670 6832
6733 6867
6773 6905
6821 6967
6859 7025
6967 6919
7031 6926
7054 6864
7090 6793
7133 6789
7183 6815
7225 6868
7206 6912
7200 6987
7239 7113
7279 7085
7373 7089
7384 7122
7003 7178
6950 6842
6887 6825
7094 6695
7143 6691
7231 6744
7315 6729
7346 6676
7467 6645
7501 6595
7537 6604
7658 6628
7628 6533
7714 6503
7718 6266
7630 6261
7653 6200
7507 6449
7234 6489
7159 6434
7044 6398
7102 6315
7077 6205
7213 6231
7191 6264
7333 6022
7452 5319
7504 5303
8020 4880
8568 5101
8699 4129
8721 4071
8681 4022
8710 3980
8700 3950
8821 3955
8918 6538
8969 6678
9008 6700
8924 6784
8879 6753
8865 6870
8024 6859
7996 6811
7883 6831
7882 6791
6381 7456
6378 7501
6410 7494
6434 7563
6440 7635
6394 7622
6287 7645
6285 7389
5802 7334
5445 7254
5380 6944
5279 6602
5257 6562
5226 6455
5140 6472
5142 6526
5047 6557
4996 6556
4819 6560
4858 6681
4779 6717
4684 6899
4484 7075
4370 7108
4434 7176
4465 7211
4504 7224
4789 7250
5139 7406
5131 7546
5182 7617
5222 7579
5236 7476
5260 7696
5145 7703
5094 7668
4826 7754
4829 7843
4751 7827
4671 7874
4749 7966
4748 8011
4757 8124
4506 8200
4448 8203
4449 8171
4388 7936
4425 7871
4320 7886
4232 7978
4630 8352
4664 8401
4629 8556
4866 8597
4938 8594
4931 8661
4889 8690
4886 8752
4958 8738
5002 8789
5059 8838
4923 8825
4921 8926
4950 9017
5056 8998
5096 9014
5125 9148
5122 9203
5073 9202
5054 9166
4961 9171
4998 9249
5063 9323
5123 9308
5113 9424
5037 9443
5049 9512
4924 9520
4927 9612
4895 9597
4854 9633
5004 9641
5008 9811
5061 9792
4939 9756
4897 9767
4791 9809
4507 9776
4479 9725
4397 9703
4404 9620
4337 9650
4362 9564
4345 9496
4269 9458
4197 9459
4243 9540
4211 9618
4157 9616
4119 9559
4018 9584
4030 9608
3989 9548
4022 9491
3951 9488
3967 9398
3860 9408
3812 9383
3796 9380
3782 9492
3756 9513
3644 9563
3637 9607
3591 9683
3640 9730
3586 9795
3548 9880
3556 9964
3475 9985
3369 10000
3252 9980
3121 9961
3163 9879
3210 9815
3203 9722
3217 9662
3175 9667
3142 9702
3043 9654
3004 9745
2969 9737
2923 9694
2894 9706
2840 9691
2760 9672
2752 9782
2656 9784
2676 9812
2735 9868
2793 9908
2821 9927
2906 9973
3003 9947
2993 9847
3019 9838
2886 9826
2872 9503
2822 9494
2743 9487
2750 9554
2683 9572
2670 9605
2557 9623
2472 9609
2466 9547
2443 9486
2339 9499
2255 9501
2295 9449
2284 9377
2353 9355
2414 9333
2449 9297
2366 9275
2358 9141
2331 9075
2220 9087
2238 9118
2120 9126
2043 9134
1998 9151
1977 9244
2063 9235
2036 9311
2121 9321
2215 9270
2195 9214
2421 9181
2505 9226
2553 9192
2620 9199
2619 9273
2694 9327
2717 9386
2693 9433
2561 9399
2532 9402
2570 9528
2378 9557
2394 9724
2415 9740
2531 9763
2554 9866
2446 9870
2368 9865
2370 9999
2403 9997
2259 9962
2254 9897
2152 9905
2090 9869
2115 9829
2147 9772
2190 9684
2278 9676
2266 9711
2318 9689
2096 9688
2126 9568
2028 9598
1996 9635
1950 9555
1969 9483
1948 9372
1892 9354
1836 9412
1735 9404
1707 9359
1680 9345
1724 9299
1688 9217
1826 9220
1863 9180
1881 9071
1934 9089
1762 9146
1752 8817
1701 8786
1524 9256
1526 9368
1464 9362
1505 9445
1402 9490
1426 9523
1317 9545
1278 9514
1209 9485
1194 9466
1151 9507
1185 9629
1176 9707
1260 9681
1280 9732
1301 9758
1215 9835
1154 9828
1072 9810
1022 9759
901 9762
932 9802
856 9850
866 9949
952 9971
1068 9984
1190 9951
1264 9902
1341 9929
1427 9918
1392 9862
1465 9841
1538 9885
1592 9942
1623 9926
1606 9836
1584 9765
1651 9777
1753 9720
1815 9748
1809 9823
1923 9837
1919 9910
2034 9913
2003 9798
1993 9790
1871 9606
1840 9539
1782 9522
1722 9621
1696 9634
1617 9569
1553 9600
1546 9657
1486 9640
1497 9726
1339 9614
1356 9429
1385 9309
1398 9279
1408 9271
1433 9167
1346 9132
1233 9122
1145 9200
1143 9274
1085 9265
1082 9390
1043 9439
950 9461
913 9392
893 9403
806 9326
839 9251
791 9215
716 9175
679 9204
662 9149
569 9129
532 9067
477 9016
456 9104
397 9164
394 9224
482 9223
530 9247
449 9315
388 9324
391 9470
412 9527
351 9524
290 9436
243 9384
266 9269
275 9191
180 9163
167 9083
83 9095
13 9162
6 9293
8 9336
132 9304
142 9298
106 9495
43 9484
28 9561
103 9566
203 9519
213 9636
195 9693
153 9778
247 9773
249 9832
350 9855
328 9909
280 9966
406 9939
390 9800
458 9805
460 9710
496 9695
504 9602
512 9502
527 9456
495 9416
578 9382
641 9396
640 9444
714 9454
705 9365
682 9549
767 9594
789 9625
815 9649
833 9712
786 9731
759 9886
743 9983
688 9944
645 9896
627 9785
555 9741
608 9647
533 9875
566 9948
173 9894
119 9928
40 9963
3 9863
30 9698
86 9715
340 9690
903 9659
930 9592
1005 9617
1014 9534
826 9526
948 9201
924 9108
896 9106
876 9096
922 9058
1006 9080
1037 9103
787 9088
780 8930
830 8961
821 8836
822 8778
745 8828
638 8850
550 8846
506 8796
459 8821
427 8901
368 8988
296 9022
309 9098
225 8973
175 8947
200 8874
281 8865
346 8820
295 8749
327 8711
334 8700
229 8636
252 8587
172 8618
121 8562
9 8581
7 8649
15 8714
151 8719
93 8844
49 8982
560 8969
601 8943
661 9024
620 8709
600 8678
674 8675
711 8616
755 8702
868 8626
835 8568
805 8496
778 8465
748 8515
618 8508
602 8466
505 8461
448 8486
493 8542
573 8558
457 8632
491 8716
321 8530
314 8411
248 8416
183 8439
71 8423
63 8377
110 8379
45 8275
64 8187
126 8197
128 8210
258 8167
319 8177
408 8205
379 8254
269 8259
282 8359
396 8382
462 8305
534 8324
582 8237
683 8289
650 8354
783 8347
773 8278
854 8243
840 8383
967 8455
934 8518
943 8669
938 8730
1197 9314
1216 9322
1286 9286
1644 9467
2095 9463
2104 9453
2480 9081
2535 9056
2549 8984
2629 8970
2628 8884
2498 8854
2511 8818
2516 8710
2547 8688
2604 8723
2664 8691
2721 8667
2761 8732
2817 8736
2901 8753
2903 8687
2891 8672
3035 8655
3024 8557
2971 8574
2908 8491
2848 8483
2869 8525
2751 8519
2673 8536
2585 8531
2572 8429
2663 8405
2637 8376
2573 8302
2433 8244
2439 8388
2431 8431
2379 8447
2402 8502
2298 8464
2274 8338
2301 8317
2375 8715
2436 8760
2456 8931
2655 9057
2723 9015
2718 9114
2824 9189
2787 9239
2900 9240
2915 9316
2990 9294
3078 9276
3077 9185
3058 9094
2989 9079
2997 9120
3177 9137
3181 9093
3221 9043
3230 9135
3315 9205
3382 9194
3412 9190
3403 9073
3327 9065
3342 8999
3379 8885
3478 8898
3481 8928
3568 8929
3560 8888
3611 8918
3613 8857
3670 8763
3783 8783
3784 8805
3818 8853
3792 8940
3884 8936
3962 8979
4070 8942
4111 8995
4162 9085
4171 9155
4147 9295
4159 9346
4035 9320
3972 9283
4059 9243
4017 9187
3958 9153
3916 9091
3830 9116
3848 9030
3723 9004
3633 9076
3666 9158
3735 9161
3706 9210
3865 9212
4026 9064
4276 9289
4300 9335
4357 9381
4716 9422
4667 9493
4868 9455
4903 9442
4884 9347
4960 9364
4786 9369
4775 9216
4773 9157
4815 9150
4863 9097
4855 9266
4676 9125
4651 9028
4729 9040
4821 8960
4827 8812
5089 8698
5121 8610
5152 8579
5124 8452
5069 8450
5077 8399
5104 8366
5210 8453
5261 8527
5272 8341
5352 8281
5308 7922
5874 8252
5993 8443
5967 8565
5860 8552
5805 8896
5801 8946
5759 8910
5738 9032
6042 8952
6138 8927
6363 8428
6443 8414
6520 8410
6517 8363
6557 8215
6913 8039
6816 9319
6808 9562
6837 9981
6714 9996
6973 9904
7006 9919
7185 9718
7247 9687
7270 9753
7365 9743
7348 9639
7309 9580
7291 9560
7433 9595
7713 9670
7740 9701
7631 9769
7596 9791
7582 9882
7643 9853
7644 9953
7511 9972
7448 9992
7351 9264
7116 9258
7793 9111
7738 9045
8243 9231
8312 9317
8364 9296
8409 9248
8427 9344
8410 9465
8360 9435
8337 9729
8289 9799
8419 9806
8491 9719
8537 9742
8783 9808
8851 9819
6336 9969
6292 9994
6142 9986
6106 9878
6028 9955
5975 9956
5814 9915
5763 9924
5776 9874
5686 9982
5512 9995
5457 9978
5438 9892
5315 9933
5290 9431
5339 9420
5408 9475
5420 9349
5383 9313
5268 9301
5202 9259
5310 9219
5326 9193
5251 9127
5351 8957
5335 8887
5405 8879
5505 8831
5280 8834
5010 8546
4944 8480
4888 8485
4530 8975
4579 9074
4292 9770
4265 9877
4288 9946
4301 9975
4352 9884
4180 9820
4152 9779
4073 9733
3991 9764
3961 9803
4012 9848
4014 9936
3936 9998
3890 9993
3721 9941
3671 9979
3697 9833
3725 9816
3813 9827
3822 9757
3788 9717
3776 9658
3864 9679
3866 9579
3986 9669
4165 9935
3416 9881
3456 9786
3465 9655
3345 9666
3335 9705
3332 9817
3373 9542
3422 9532
3435 9457
3393 9401
3402 9379
3313 9356
3255 9307
3287 9272
3174 9287
3186 9373
3243 9447
3293 9510
3172 9551
3060 9533
3125 9462
3033 9410
3045 9395
2967 9413
2933 9518
2805 9350
2893 9018
2828 8939
2784 8925
2768 8822
2858 8849
2975 8860
2968 8907
3036 8908
3063 8891
3129 8855
3169 8799
3208 8780
3251 8832
3275 8904
3145 8978
3020 8762
3161 8641
3170 8507
3157 8469
3076 8454
3051 8312
3052 8256
3111 8245
3128 8322
3166 8198
3234 8213
3247 8368
3262 8404
3245 8509
3314 8475
3307 8564
3323 8629
3359 8701
3264 8681
3424 8769
3541 8740
3496 8664
3518 8599
3532 8601
3455 8571
3410 8484
3442 8351
3505 8353
3546 8407
3695 8463
3703 8560
3626 8555
3659 8635
3758 8648
3557 9001
3526 9113
3555 9277
3500 9281
3571 9339
3616 9300
3605 9405
3585 9432
3660 9387
3510 9538
2616 9960
2568 9976
1856 9990
1764 9923
1725 9891
2492 8623
2777 8442
2783 8395
2913 8394
2857 8321
2987 8090
3028 8020
3050 7912
3147 7904
3143 7890
3109 8088
3074 8141
3388 8284
3399 8307
3503 8228
3488 8209
4149 7230
4103 7175
4217 7142
4252 7070
4183 7028
4080 7019
4043 6250
3944 6220
3946 6134
4023 6132
4020 6061
3999 6076
4120 6141
4058 5947
3953 5930
3912 5888
3845 5869
3736 5881
3764 5939
3806 5979
3815 6090
3789 6085
3772 6202
3827 6201
3836 6184
3717 6159
3731 6305
3642 5870
3534 5866
3520 5751
3675 5755
3763 5714
3750 5655
3805 5673
3807 5599
3743 5540
3780 5461
3817 5413
3820 5349
3737 5369
3923 5357
3919 5439
3934 5589
3918 5640
3925 5768
3846 5719
3688 5604
3527 5438
3480 5450
3519 5387
3487 5338
3191 5426
3196 5506
3205 5517
3270 4817
3285 4716
3278 4697
3316 4489
3029 4487
3769 4548
3665 4833
4031 5301
4097 5423
4134 5895
4380 6066
4874 6078
4872 6116
4917 6148
4916 6046
5065 6162
5114 5893
4848 5801
4803 5785
4760 5750
4785 5606
4802 5611
4822 5541
4799 5509
4736 5452
4689 5416
4666 5553
4780 5321
4828 5250
4843 5136
4978 5135
5018 5200
5062 5267
4968 5264
4928 5364
4869 5378
4867 5407
4584 5159
4536 6605
1452 6699
1288 7130
909 7264
895 7273
857 7352
852 7461
733 7458
776 7520
807 7549
912 7554
942 7656
871 7697
837 7774
701 7779
687 7705
678 7652
720 7620
524 7649
466 7615
355 7627
294 7659
259 7726
270 7845
306 7834
361 7784
464 7787
425 7860
446 7920
596 7907
648 7861
722 7877
706 7974
647 7984
659 8024
589 7801
572 7722
737 7333
751 7259
1066 7482
1059 7526
36 7867
27 7928
97 8051
199 8074
1411 5592
1655 5492
1704 5470
1731 5361
1637 5362
1832 5703
1785 5760
1899 5809
1905 5908
4806 3440
4787 3360
4973 3423
5151 3343
5255 3330
5247 3254
5221 3162
5130 3160
5157 3221
5207 3067
5197 3034
5188 2955
5241 2905
5234 2812
5201 2775
5163 2786
5166 2839
5084 3088
5305 3072
5353 3144
5344 3277
5334 3306
5388 3463
5453 3486
5485 3509
5355 3544
5291 3579
5283 3606
5347 3670
5411 3652
5472 3701
5486 3846
5366 3795
5302 3836
5132 3620
5144 3591
5252 3439
5732 3441
5566 2896
5533 2918
3914 1740
