78 33
47 150
18 217
184 230
188 197
207 262
160 341
97 370
37 425
3 589
35 623
108 632
110 593
236 610
302 635
279 729
323 771
336 824
339 911
274 915
205 888
169 985
141 1066
124 1114
83 1181
70 1204
99 1324
125 1374
163 1296
227 1320
275 1231
280 1150
364 1147
341 1054
406 1030
458 927
469 889
556 833
553 740
583 692
637 655
642 767
708 800
710 858
685 885
647 989
596 954
682 1061
750 1052
828 1041
910 1039
897 1169
958 1139
1033 1100
1094 1171
1062 1215
1180 1189
1224 1212
1254 1121
1284 1045
1179 1050
1128 980
1077 902
1095 827
1107 836
1131 738
1139 680
1212 685
1255 703
1316 688
1339 783
1326 806
1274 834
1249 926
1351 991
1360 1084
1406 1079
1370 1138
1440 1200
1421 1259
1308 1260
1365 1323
1402 1408
1481 1354
1577 1301
1593 1279
1557 1198
1526 1093
1566 997
1447 999
1484 860
1556 816
1542 781
1637 776
1715 766
1747 630
1668 629
1619 542
1585 488
1636 455
1744 432
1793 393
1835 411
1906 444
1907 354
1872 312
1809 268
1777 296
1612 307
1606 240
1614 196
1527 198
1531 282
1519 336
1476 406
1411 372
1394 329
1387 427
1296 415
1214 390
1191 378
1160 431
1143 538
1288 539
1301 529
1422 504
1523 556
1518 626
1456 656
1437 739
1609 848
1676 958
1672 1059
1702 1101
1628 1133
1698 1208
1707 1232
1678 1328
1723 1367
1846 1337
1923 1332
1942 1452
1959 1509
2021 1473
2023 1375
2089 1254
2082 1191
1981 1203
1948 1196
1877 1226
1890 1126
1838 1044
1792 1002
1768 978
1859 936
1834 891
1800 859
1853 797
1868 687
1903 720
1935 700
2025 726
2015 663
2108 694
2122 792
2154 814
2248 805
2272 784
2309 798
2318 842
2432 869
2440 764
2425 667
2310 662
2252 695
2330 553
2319 494
2261 483
2202 522
2130 546
2098 535
2093 446
2136 445
2128 311
2077 333
2134 234
2115 182
2045 175
2001 207
1971 170
1962 248
1841 168
1794 137
1820 54
1917 64
2072 77
2132 21
2201 48
2236 181
2228 228
2288 310
2326 382
2447 364
2434 462
2441 536
2509 441
2512 294
2560 316
2653 346
2669 239
2706 233
2752 195
2683 140
2595 149
2542 75
2490 113
2379 69
2409 9
2335 154
2433 238
2397 291
2799 356
2782 403
2856 397
2833 448
2855 532
2923 490
2963 515
3043 561
3021 618
2999 679
2981 787
3032 785
3018 817
2975 867
2876 890
2925 949
2864 992
2826 1085
2842 1164
2893 1219
2912 1209
2900 1306
2969 1304
2947 1401
3014 1435
3071 1502
3202 1488
3157 1440
3151 1350
3082 1312
3064 1268
3161 1228
3189 1179
3203 1275
3212 1397
3327 1391
3352 1449
3289 1519
3318 1583
3361 1657
3407 1694
3431 1758
3336 1777
3260 1764
3255 1810
3121 1814
3132 1780
3122 1645
3229 1628
3194 1582
3004 1683
3013 1732
2971 1731
2926 1640
2810 1609
2852 1553
2911 1504
2813 1474
2768 1526
2698 1523
2673 1625
2552 1634
2570 1554
2561 1496
2609 1425
2556 1379
2500 1315
2463 1274
2592 1269
2613 1299
2678 1321
2742 1372
2744 1411
2746 1225
2692 1143
2713 1119
2646 1096
2598 1134
2504 1063
2405 1065
2410 1137
2378 1173
2286 1161
2280 1248
2317 1272
2177 1293
2176 1322
2234 1355
2213 1430
2155 1448
2182 1538
2214 1556
2142 1648
2094 1688
1932 1690
1941 1793
2026 1789
2060 1825
2144 1828
2165 1798
2195 1926
2227 1933
2242 1899
2294 1767
2329 1769
2390 1802
2448 1783
2476 1829
2507 1936
2421 1965
2374 1979
2420 2045
2304 2064
2285 2081
2351 2118
2429 2175
2387 2232
2467 2251
2511 2258
2508 2351
2464 2331
2414 2458
2365 2417
2315 2376
2282 2319
2212 2269
2146 2235
2117 2314
2091 2358
2063 2288
2054 2152
2174 2154
2220 2145
2119 2083
1953 2088
1929 2139
1826 2129
1796 2101
1727 2084
1652 2087
1649 2172
1576 2221
1539 2136
1520 2047
1462 2076
1425 2153
1389 2178
1364 2237
1348 2338
1291 2333
1247 2287
1164 2325
1079 2354
1054 2260
1108 2212
1125 2192
1012 2105
1048 2056
1066 1984
1085 1886
1133 1827
1132 1742
1076 1720
1103 1691
1124 1565
1060 1534
1024 1615
932 1670
884 1675
885 1580
904 1552
798 1585
679 1589
664 1610
563 1588
581 1679
603 1759
525 1786
507 1862
451 1904
410 1872
383 1934
402 2033
301 2048
270 2067
321 2124
411 2157
510 2135
474 2247
385 2264
240 2267
214 2341
168 2345
123 2292
30 2279
34 2320
19 2482
9 2532
69 2618
167 2646
173 2542
197 2477
268 2405
330 2365
378 2431
435 2403
462 2400
549 2377
548 2297
617 2219
655 2167
822 2168
790 2121
770 2060
788 1920
836 1948
880 2006
953 2059
933 2116
963 2231
869 2224
851 2375
783 2362
802 2433
705 2459
680 2446
657 2539
727 2518
816 2579
874 2649
909 2635
952 2553
945 2457
983 2397
1035 2434
1138 2423
1130 2526
1078 2549
1055 2645
1019 2735
990 2781
984 2821
1047 2865
1150 2871
1213 2881
1293 2923
1313 2820
1272 2774
1171 2740
1186 2626
1289 2642
1283 2555
1304 2536
1262 2487
1393 2494
1412 2485
1423 2381
1482 2271
1594 2330
1662 2294
1671 2301
1765 2284
1788 2371
1860 2404
1904 2367
1886 2323
1874 2225
1976 2217
2016 2009
2008 1943
1986 1851
1839 1816
1830 1754
1751 1782
1770 1805
1692 1803
1646 1740
1583 1707
1540 1654
1584 1569
1625 1505
1645 1463
1586 1416
1656 1616
1712 1604
1815 1602
1812 1516
1781 1494
1782 1542
1855 1483
2081 1517
2373 1527
2383 1477
2385 1370
2439 1422
2454 1567
2496 1698
2523 1714
2610 1739
2725 1748
2753 1700
2837 1704
2774 1813
2848 1890
2879 1953
2850 2016
2790 2065
2798 2161
2771 2250
2686 2229
2594 2191
2588 2082
2652 2115
2671 2030
2704 1970
2631 1964
2591 1895
2648 1871
2952 1880
2962 1939
3041 1911
3033 1884
3125 1987
3165 2040
3081 2077
2973 2063
2980 2151
3016 2187
3044 2216
3115 2185
3242 2186
3228 2277
3167 2270
3174 2363
3213 2337
3307 2349
3323 2261
3325 2149
3316 2058
3285 2061
3201 1954
3388 1955
3395 1863
3468 1919
3494 1896
3531 1869
3530 1796
3521 1944
3498 2013
3529 2068
3532 2173
3606 2200
3701 2180
3679 2243
3700 2308
3727 2324
3793 2290
3834 2281
3848 2340
3814 2442
3709 2419
3690 2489
3660 2577
3675 2610
3738 2598
3846 2587
3824 2696
3858 2717
3786 2673
3712 2791
3716 2878
3666 2864
3643 2937
3741 2978
3779 3038
3833 3026
3884 2939
3860 2896
3927 2889
3935 2787
4043 2784
4039 2860
4112 2870
4159 2932
4216 2913
4228 2801
4169 2730
4293 2720
4321 2708
4350 2677
4416 2662
4499 2710
4551 2687
4575 2749
4626 2743
4702 2711
4717 2678
4809 2689
4891 2702
4903 2655
5073 2653
5193 2663
5158 2748
5098 2799
4998 2798
4996 2824
5008 2883
5028 2955
4980 2960
5071 3005
5142 2974
5132 3068
5125 3157
5052 3201
5006 3139
4957 3170
4927 3261
4827 3235
4799 3263
4736 3333
4664 3305
4640 3294
4598 3273
4554 3370
4457 3368
4460 3418
4346 3425
4287 3484
4290 3565
4301 3619
4326 3729
4403 3706
4488 3678
4541 3641
4515 3588
4540 3479
4652 3495
4646 3549
4671 3605
4763 3581
4801 3604
4793 3627
4790 3723
4698 3717
4594 3795
4563 3857
4667 3895
4690 3902
4786 3912
4772 3868
4872 3853
4884 3798
4959 3779
4971 3850
5092 3821
5101 3741
5048 3732
5100 3642
5116 3610
5108 3538
5066 3572
4982 3571
4900 3545
4885 3453
4880 3352
4994 3360
5003 3436
4989 3457
5122 3454
5078 3380
5175 3372
5251 3343
5253 3444
5263 3552
5349 3573
5406 3542
5426 3622
5369 3664
5317 3759
5294 3757
5318 3820
5235 3859
5189 3910
5272 3923
5365 3929
5422 3883
5460 3920
5485 4057
5497 4114
5576 4076
5569 3984
5674 4004
5688 3994
5790 4033
5827 4090
5831 4142
5771 4172
5755 4233
5758 4313
5836 4295
5829 4341
5821 4467
5795 4503
5736 4470
5694 4426
5693 4527
5658 4616
5579 4573
5546 4656
5466 4626
5470 4521
5465 4485
5592 4457
5597 4356
5651 4311
5650 4230
5655 4153
5583 4180
5542 4206
5479 4304
5401 4285
5347 4226
5358 4177
5289 4276
5295 4393
5293 4424
5361 4402
5368 4397
5310 4518
5273 4593
5240 4664
5194 4673
5180 4774
5244 4776
5246 4817
5335 4814
5458 4802
5478 4756
5528 4754
5629 4723
5718 4742
5802 4760
5830 4846
5812 4978
5770 5020
5686 5003
5714 4927
5711 4890
5689 4885
5633 4913
5556 4870
5538 4979
5551 5032
5535 5116
5623 5103
5601 5220
5541 5286
5559 5375
5482 5377
5419 5421
5326 5470
5286 5533
5374 5536
5463 5531
5547 5528
5516 5488
5645 5507
5638 5402
5695 5330
5703 5329
5752 5266
5734 5131
5810 5153
5974 5165
5950 5253
5884 5293
5886 5338
5910 5400
5909 5476
5956 5509
6025 5569
6066 5654
6149 5678
6207 5659
6191 5715
6236 5784
6229 5818
6311 5791
6333 5855
6454 5837
6598 5833
6608 5822
6600 5777
6639 5789
6705 5716
6684 5664
6717 5646
6745 5535
6748 5455
6672 5445
6644 5361
6587 5389
6552 5289
6425 5257
6336 5232
6253 5240
6182 5282
6088 5281
6125 5350
6146 5434
6231 5429
6193 5522
6202 5574
6321 5594
6320 5607
6497 5577
6547 5595
6580 5655
6482 5700
6491 5712
6494 5949
6513 5961
6461 6003
6393 5946
6388 6072
6354 6110
6282 6091
6263 6217
6203 6181
6153 6155
6171 6233
6074 6238
6087 6191
5958 6235
5901 6193
5855 6158
5799 6172
5778 6222
5854 6234
5902 6332
5897 6370
5892 6443
5987 6495
5994 6503
6010 6518
6072 6492
6101 6513
6051 6604
6134 6640
6140 6724
6078 6701
5939 6687
5914 6729
5877 6726
5809 6651
5792 6617
5800 6537
5845 6556
5682 6514
5697 6491
5706 6473
5598 6455
5496 6469
5481 6601
5425 6593
5380 6647
5355 6775
5423 6760
5517 6761
5513 6691
5616 6728
5639 6831
5532 6828
5403 6847
5437 6905
5321 6925
5287 6910
5314 6841
5222 6845
5172 6865
5081 6870
5091 6956
5129 6926
5137 7019
5141 7108
5211 7106
5238 7089
5302 7016
5377 7165
5382 7227
5438 7205
5475 7186
5524 7247
5527 7332
5447 7309
5388 7384
5370 7409
5435 7450
5502 7474
5464 7522
5308 7525
5224 7561
5187 7575
5190 7496
5259 7446
5165 7396
5083 7442
5041 7506
4992 7509
4907 7489
4860 7510
4791 7507
4816 7466
4742 7407
4751 7317
4838 7292
4871 7353
4976 7397
5053 7351
5123 7299
5089 7214
4995 7266
4966 7140
5005 7115
5017 7060
4905 7038
4890 7070
4893 7198
4788 7146
4706 7216
4627 7246
4642 7311
4578 7392
4529 7432
4481 7448
4491 7533
4579 7519
4697 7528
4660 7463
4631 7617
4573 7668
4464 7669
4419 7769
4511 7781
4608 7804
4588 7866
4615 7932
4486 7925
4510 7965
4461 7869
4374 7867
4327 7789
4255 7783
4179 7825
4171 7744
4148 7674
4180 7594
4252 7605
4276 7560
4211 7493
4117 7476
4014 7481
3937 7505
3896 7469
3936 7418
3970 7369
4021 7305
4016 7270
3996 7219
3922 7189
3910 7091
3869 7126
3815 7093
3784 7080
3720 7130
3737 7221
3685 7290
3748 7352
3843 7293
3877 7319
3758 7497
3750 7574
3821 7576
3862 7646
3975 7609
4036 7599
4010 7683
4070 7758
4061 7818
3924 7810
3928 7773
3873 7788
3879 7817
3754 7831
3734 7912
3678 7880
3657 7995
3614 8088
3635 8120
3553 8171
3562 8225
3499 8288
3518 8362
3505 8448
3454 8468
3461 8538
3537 8581
3549 8648
3511 8723
3405 8711
3409 8675
3364 8659
3313 8727
3280 8828
3322 8885
3410 8887
3460 8940
3592 8947
3625 8938
3664 8865
3638 8789
3581 8817
3719 8794
3791 8833
3841 8808
3901 8818
3883 8706
3926 8674
3882 8610
3825 8548
3780 8572
3740 8624
3649 8607
3683 8562
3652 8489
3733 8405
3745 8398
3746 8227
3699 8207
3772 8164
3827 8116
3839 8059
3751 8052
3859 7954
3908 7955
4030 7937
4122 7931
4120 8004
4057 8030
3992 8024
3938 8162
3951 8293
3855 8283
3866 8345
3929 8434
3897 8474
3902 8511
4013 8532
4015 8633
3987 8724
4075 8722
4172 8747
4190 8834
4236 8873
4241 8791
4325 8820
4422 8851
4450 8798
4521 8778
4553 8862
4559 8931
4451 8932
4344 8964
4296 8972
4288 9058
4265 9104
4358 9141
4383 9050
4496 9054
4527 9066
4619 9013
4689 8991
4730 9014
4770 8983
4839 8951
4867 8889
4937 8869
4915 8782
4870 8796
4771 8809
4737 8725
4700 8735
4757 8653
4804 8686
4920 8690
5040 8670
5032 8784
5093 8867
5046 8946
5049 9008
4973 8994
4943 9094
4942 9136
4875 9128
4851 9076
4746 9152
4693 9149
4694 9260
4719 9319
4634 9356
4550 9303
4502 9211
4493 9186
4462 9250
4447 9342
4392 9325
4320 9271
4261 9253
4176 9276
4204 9307
4114 9368
4076 9379
4052 9415
3986 9497
3997 9510
4032 9561
4124 9567
4213 9590
4202 9686
4195 9687
4152 9711
4249 9757
4217 9816
4186 9837
4087 9794
3976 9795
3983 9879
4007 9901
4055 9889
4103 9978
3925 9958
3831 9997
3795 9998
3648 9962
3591 9930
3539 9856
3442 9892
3392 9904
3399 9862
3351 9778
3424 9741
3444 9662
3310 9672
3253 9656
3230 9714
3186 9678
3146 9727
3066 9751
3049 9689
3037 9581
2964 9586
2910 9606
2887 9580
2824 9618
2806 9717
2797 9792
2823 9804
2791 9868
2802 9911
2736 9991
2637 9932
2600 9934
2568 9851
2630 9820
2677 9776
2657 9659
2569 9640
2580 9600
2633 9565
2599 9499
2684 9470
2761 9466
2789 9508
2899 9479
2979 9486
3024 9481
3116 9543
3204 9541
3290 9495
3376 9469
3367 9538
3482 9540
3558 9511
3520 9424
3452 9433
3390 9397
3346 9294
3287 9288
3248 9372
3152 9398
3148 9446
3137 9248
3069 9277
2988 9237
3001 9338
2905 9358
2877 9314
2808 9282
2762 9196
2709 9217
2639 9259
2615 9323
2551 9290
2549 9384
2489 9386
2475 9453
2491 9559
2320 9574
2296 9552
2279 9601
2314 9625
2408 9683
2371 9759
2355 9847
2260 9878
2278 9972
2331 9966
2417 9963
2458 9874
2480 9773
2559 9735
2751 9682
2940 9737
2920 9858
2953 9924
3002 9880
3126 9893
3131 9974
3100 9964
3231 9984
3224 9876
3480 9985
3588 9764
3693 9782
3672 9814
3723 9809
3722 9742
3695 9642
3761 9647
3809 9675
3891 9712
3947 9663
4017 9645
3872 9582
3792 9523
3816 9464
3810 9369
3749 9360
3762 9408
3694 9336
3563 9310
3574 9256
3609 9261
3547 9174
3466 9127
3432 9067
3375 9114
3368 9023
3324 8992
3278 9078
3254 9159
3190 9169
3040 9143
3042 9087
2946 9105
2927 9088
2886 9110
2832 9048
2858 8981
2870 8895
2909 8850
2936 8945
3020 8984
3175 9001
3153 8908
3102 8855
3101 8774
3072 8704
3095 8631
3133 8615
3117 8596
3208 8652
3216 8769
3262 8919
3039 8829
2997 8728
2998 8660
2929 8545
2874 8564
2836 8635
2772 8658
2741 8563
2697 8560
2760 8499
2638 8484
2577 8412
2565 8373
2629 8317
2654 8233
2720 8221
2840 8223
2868 8138
2904 8130
2937 8080
2849 8051
2892 7967
2934 7940
2944 7871
3091 7885
3089 7952
3048 8009
3138 8075
3106 8124
3108 8243
3034 8268
3053 8323
3038 8410
3026 8501
2913 8436
2860 8415
2866 8353
2922 8333
2996 8211
3006 8168
3218 8163
3251 8071
3306 8102
3334 8237
3273 8258
3291 8389
3339 8417
3371 8397
3415 8355
3426 8178
3458 8079
3556 8064
3513 7922
3470 7842
3474 7778
3527 7766
3528 7805
3386 7815
3374 7732
3283 7712
3308 7651
3222 7657
3187 7694
3168 7774
3111 7809
3055 7743
2994 7729
2978 7691
3031 7656
2965 7578
2846 7591
2882 7633
2792 7730
2816 7771
2776 7840
2803 7896
2731 7909
2685 7921
2593 7890
2540 7929
2534 8040
2546 8106
2466 8103
2395 8095
2400 8121
2418 8014
2422 7951
2402 7868
2312 7884
2241 7903
2175 7898
2139 7960
2163 8041
2162 8158
2219 8107
2273 8016
2303 7999
2284 7821
2271 7749
2323 7770
2292 7652
2301 7637
2336 7597
2419 7554
2492 7472
2566 7483
2597 7517
2605 7529
2729 7540
2703 7621
2667 7604
2690 7716
2576 7660
2494 7695
2453 7734
2590 7792
2628 7832
2691 8087
2735 8086
2787 8136
2662 8126
2516 8208
2436 8296
2465 8325
2391 8365
2295 8352
2311 8425
2306 8556
2258 8586
2207 8640
2183 8714
2143 8805
2196 8924
2224 8962
2343 8980
2406 8969
2359 9060
2367 9151
2403 9139
2469 9099
2596 9113
2583 9043
2623 9042
2712 9022
2680 8952
2730 8929
2764 8886
2696 8845
2688 8738
2757 8781
2827 8759
2557 8757
2518 8680
2603 8669
2532 8569
2407 8526
2461 8457
2423 8665
2435 8726
2479 8803
2533 8892
2563 8974
2665 9133
2727 9350
2488 9238
2325 9295
2321 9328
2322 9425
2239 9427
2203 9399
2169 9357
2137 9450
2161 9517
2048 9545
2047 9484
2050 9366
2046 9285
2127 9251
2167 9190
2097 9156
2040 9068
2031 8968
2044 8879
1902 8882
1869 8950
1926 8963
1912 9069
1833 9024
1734 9037
1691 9019
1658 8997
1653 9129
1597 9184
1522 9204
1469 9286
1448 9346
1461 9419
1377 9422
1373 9312
1375 9227
1334 9176
1281 9178
1240 9229
1142 9226
1147 9161
1061 9111
1097 9064
1122 8989
1163 9029
1229 9027
1309 9018
1271 8971
1306 8902
1244 8871
1261 8737
1267 8629
1264 8551
1349 8553
1352 8684
1407 8678
1384 8746
1451 8770
1479 8853
1396 8848
1533 8807
1551 8904
1493 8959
1487 9071
1436 9103
1560 9082
1567 9315
1677 9361
1693 9278
1714 9272
1757 9380
1786 9426
1900 9404
1945 9403
1979 9394
1893 9321
1891 9258
1901 9249
1845 9167
1774 9148
1784 8960
1823 8842
1752 8812
1753 8707
1779 8672
1804 8663
1791 8574
1861 8575
1913 8576
1930 8641
2034 8618
2113 8621
2158 8549
2209 8486
2187 8409
2110 8384
2062 8294
2007 8343
1946 8316
1842 8318
1817 8269
1783 8270
1703 8313
1642 8334
1622 8271
1592 8273
1465 8282
1483 8396
1546 8388
1507 8481
1457 8487
1466 8578
1537 8593
1578 8617
1607 8565
1632 8657
1679 8712
1599 8748
1694 8874
1848 8734
1908 8785
2002 8713
2032 8522
2014 8450
1994 8426
1862 8459
1716 8439
1660 8416
1391 8427
1341 8379
1330 8275
1275 8262
1165 8278
1134 8341
1026 8349
986 8392
1001 8449
964 8458
844 8479
808 8523
757 8555
640 8571
626 8628
574 8645
540 8743
472 8771
438 8685
369 8732
359 8638
251 8626
218 8525
196 8540
285 8495
342 8533
408 8537
422 8440
386 8429
503 8462
541 8531
587 8390
607 8340
628 8421
725 8408
744 8367
835 8368
819 8251
848 8186
852 8068
906 8056
913 7936
894 7908
813 7860
768 7853
676 7876
700 7799
692 7688
775 7701
765 7648
830 7615
920 7606
891 7539
911 7503
935 7416
923 7380
857 7400
812 7480
771 7524
714 7445
683 7453
621 7356
558 7350
546 7413
436 7415
460 7376
377 7339
303 7260
277 7215
175 7236
68 7203
11 7150
21 7037
1 6985
113 7036
136 7114
210 7111
238 7053
245 6947
320 6959
374 7022
418 7066
437 6994
492 6884
535 6863
585 6919
638 6916
656 6874
739 6853
743 6948
754 7005
823 6981
922 7004
907 6920
972 6900
1098 6901
1148 6921
1120 7001
1040 7014
1037 7160
994 7172
961 7208
1039 7255
1113 7288
1166 7347
1101 7401
1075 7391
1038 7440
1023 7583
1027 7699
991 7714
1063 7723
1136 7738
1236 7753
1340 7754
1350 7673
1269 7626
1277 7579
1331 7543
1353 7477
1414 7449
1430 7514
1534 7531
1550 7425
1569 7365
1620 7399
1633 7437
1673 7511
1719 7502
1739 7422
1808 7395
1799 7329
1880 7251
1914 7253
2011 7261
1996 7109
1938 7040
1889 7043
1866 7139
1704 7128
1680 7049
1732 7034
1759 6934
1803 6917
1749 6881
1763 6792
1689 6772
1685 6815
1638 6918
1554 6929
1492 6912
1458 6855
1450 6796
1501 6805
1563 6717
1510 6663
1427 6627
1399 6614
1297 6592
1241 6633
1127 6622
1049 6605
1059 6581
1051 6475
1121 6447
1117 6515
1235 6471
1307 6480
1337 6534
1374 6398
1346 6299
1434 6264
1439 6336
1477 6436
1508 6474
1555 6505
1602 6465
1604 6386
1558 6399
1544 6275
1695 6258
1743 6227
1816 6178
1798 6133
1827 6082
1722 6042
1756 5984
1801 5927
1807 5817
1669 5814
1608 5796
1600 5863
1659 5902
1717 5870
1721 5707
1726 5635
1654 5643
1655 5532
1697 5452
1789 5431
1758 5384
1840 5395
1851 5493
1769 5517
1896 5571
1937 5558
1992 5621
2085 5627
2141 5644
2140 5766
2159 5812
2135 5905
2222 5897
2216 5953
2131 6006
2067 5990
2030 6079
1947 6028
1909 5995
1952 6137
1963 6254
1863 6290
1847 6334
1780 6355
1728 6415
1750 6558
1819 6538
1865 6467
1999 6470
1982 6529
2017 6554
2070 6497
2109 6494
2170 6544
2205 6526
2232 6611
2156 6606
2166 6732
2204 6738
2181 6802
2243 6872
2254 6958
2247 7041
2200 7020
2129 6996
2053 6998
2078 7050
2100 7159
2106 7155
2249 7156
2266 7274
2283 7318
2375 7354
2345 7405
2238 7431
2151 7443
2147 7379
2095 7355
2041 7492
1960 7471
1897 7459
1894 7544
1955 7592
1954 7624
2009 7565
2066 7642
2138 7654
2148 7548
2262 7532
2455 7373
2520 7308
2555 7244
2459 7217
2445 7191
2368 7220
2360 7102
2305 7065
2332 6978
2451 6945
2428 6885
2399 6786
2431 6750
2364 6699
2313 6813
2521 6778
2536 6861
2619 6854
2659 6950
2721 6973
2756 7059
2749 7145
2647 7138
2611 7026
2581 6963
2486 7006
2517 7067
2503 7101
2681 7258
2737 7295
2733 7321
2719 7403
2695 7464
2642 7334
2825 7262
2894 7307
2933 7232
2891 7168
2906 7117
2918 7073
2878 7042
2896 6993
2961 6923
2984 6822
3030 6782
2917 6789
2857 6739
2880 6680
2845 6591
2941 6549
3011 6566
2990 6609
3007 6483
2954 6451
2908 6349
2885 6305
2898 6224
2956 6194
2986 6241
3022 6253
3047 6166
3163 6153
3214 6125
3223 6210
3192 6284
3176 6338
3164 6457
3142 6512
3226 6477
3363 6482
3326 6390
3300 6391
3304 6294
3463 6283
3504 6346
3561 6289
3631 6276
3634 6312
3628 6453
3586 6498
3641 6547
3551 6571
3573 6635
3687 6645
3703 6664
3826 6653
3849 6716
3920 6718
3944 6641
3967 6560
4025 6578
4090 6621
4128 6595
4185 6660
4244 6669
4239 6735
4306 6712
4312 6820
4262 6850
4177 6883
4200 6977
4220 6992
4230 7107
4178 7083
4295 7081
4353 7099
4401 7127
4501 7118
4494 7095
4503 6983
4420 6967
4317 6942
4425 6832
4442 6731
4414 6612
4360 6649
4333 6530
4271 6541
4234 6499
4189 6484
4240 6328
4219 6288
4136 6280
4115 6326
4099 6361
3953 6350
3945 6257
4054 6229
4097 6148
4111 6104
4130 6085
4210 6063
4227 6177
4351 6204
4368 6156
4478 6173
4504 6207
4609 6208
4676 6182
4729 6161
4766 6094
4829 6037
4852 6128
4894 6214
4944 6197
4953 6231
5010 6228
5047 6120
5055 6044
5051 5928
4991 5847
5023 5811
4950 5786
4859 5841
4812 5911
4712 5904
4703 5894
4591 5914
4613 5966
4614 6023
4576 6103
4509 6001
4428 6038
4429 5962
4410 5899
4399 5825
4341 5739
4324 5690
4264 5724
4206 5624
4149 5673
4107 5736
4083 5753
4062 5827
4126 5831
4205 5874
4300 5935
4309 5977
4367 6014
4132 5965
4042 5957
3961 5936
3903 5892
3867 5872
3794 5878
3735 5907
3774 6011
3878 6009
3838 5948
3952 6065
3981 6106
4011 6033
3865 6198
3804 6213
3799 6273
3765 6344
3874 6377
3822 6456
3775 6500
3732 6506
3837 6555
3921 6463
4005 6440
4370 6442
4473 6446
4437 6502
4555 6493
4560 6577
4536 6607
4679 6639
4724 6678
4711 6721
4675 6776
4681 6803
4715 6899
4723 6968
4726 7002
4645 6952
4582 7017
4638 7104
4674 7082
4525 7252
4475 7298
4384 7284
4330 7302
4299 7277
4308 7195
4160 7190
4153 7210
4174 7327
4260 7330
4434 7382
4363 7456
4379 7516
4347 7627
4267 7894
4214 7906
4268 8001
4343 8000
4304 8077
4340 8160
4352 8206
4446 8193
4455 8298
4514 8322
4472 8374
4435 8428
4415 8518
4373 8503
4322 8471
4250 8477
4209 8520
4182 8494
4094 8485
4106 8595
4146 8632
4272 8613
4315 8667
4361 8716
4477 8619
4520 8584
4577 8644
4603 8636
4620 8521
4632 8493
4596 8418
4668 8381
4708 8407
4716 8329
4741 8246
4792 8191
4802 8119
4798 8025
4853 8046
4878 7989
4979 8007
5000 7923
4975 7843
5038 7822
5084 7718
5075 7632
5147 7677
5231 7655
5215 7747
5167 7765
5173 7872
5226 7865
5243 7949
5210 8033
5212 8123
5114 8099
5037 8083
5031 8170
5131 8190
5109 8256
5085 8300
5059 8351
5153 8370
5170 8430
5204 8492
5203 8597
5296 8622
5398 8608
5446 8679
5453 8779
5530 8777
5562 8698
5659 8664
5605 8600
5585 8524
5476 8517
5505 8482
5449 8401
5454 8394
5540 8376
5591 8295
5681 8309
5751 8266
5823 8239
5791 8140
5875 8134
5867 8100
5937 8161
6022 8115
6033 8089
6113 8026
6119 7970
6070 7981
6097 7837
6104 7801
6135 7784
6045 7750
5984 7790
5943 7844
5957 7907
5865 7897
5820 7956
5750 7977
5756 8029
5748 7882
5743 7772
5673 7757
5666 7680
5570 7670
5595 7582
5698 7553
5641 7475
5668 7374
5713 7366
5776 7427
5781 7501
5803 7504
5786 7610
5805 7696
5834 7777
5948 7630
5992 7593
6055 7623
6065 7559
6132 7530
6023 7488
5923 7495
5898 7414
5835 7398
5997 7367
6020 7358
6121 7338
6210 7342
6199 7429
6250 7421
6331 7444
6329 7323
6281 7271
6378 7267
6440 7264
6526 7231
6535 7174
6602 7199
6728 7201
6706 7144
6734 7064
6823 7072
6916 7062
6942 7112
6935 6987
7002 6971
7004 7029
7125 7010
7165 6957
7189 6898
7197 6784
7230 6770
7263 6830
7347 6819
7353 6747
7332 6657
7296 6677
7291 6576
7330 6511
7358 6418
7357 6392
7416 6425
7521 6428
7630 6435
7614 6330
7503 6317
7491 6311
7543 6260
7500 6203
7440 6167
7450 6076
7374 6041
7375 5979
7408 5950
7378 5884
7254 5877
7211 5974
7205 6025
7170 6040
7142 5968
7047 5926
7088 5815
7161 5826
7126 5717
7069 5741
6946 5748
6970 5677
6953 5580
6896 5605
6870 5511
6825 5487
6865 5379
6947 5378
6996 5411
7005 5450
7034 5396
7040 5554
7024 5617
7102 5632
7163 5561
7162 5473
7209 5494
7240 5383
7176 5303
7148 5260
7190 5190
7245 5211
7335 5184
7320 5267
7397 5347
7418 5326
7517 5319
7635 5334
7646 5291
7706 5302
7752 5277
7763 5177
7844 5200
7870 5285
7849 5356
7803 5428
7766 5410
7659 5426
7615 5501
7554 5458
7475 5485
7386 5468
7404 5545
7399 5552
7429 5666
7549 5668
7607 5680
7588 5704
7644 5713
7707 5769
7775 5823
7825 5780
7824 5885
7924 5844
7936 5793
7987 5681
8008 5638
7930 5575
7855 5537
7736 5560
7767 5684
7851 5689
8102 5697
8074 5735
8179 5783
8249 5790
8304 5751
8403 5726
8402 5652
8358 5667
8345 5593
8251 5610
8230 5572
8196 5556
8215 5435
8255 5390
8248 5280
8164 5227
8167 5147
8202 5126
8200 5031
8279 5018
8336 5065
8394 4992
8468 5022
8500 5112
8561 5163
8647 5168
8630 5252
8560 5278
8453 5317
8369 5322
8391 5239
8411 5254
8368 5196
8443 5415
8529 5399
8518 5466
8498 5503
8657 5500
8668 5519
8732 5538
8740 5497
8839 5467
8911 5516
8898 5584
8951 5661
9040 5629
9042 5599
9160 5567
9247 5530
9277 5481
9260 5394
9302 5318
9346 5236
9418 5206
9373 5157
9498 5148
9560 5158
9551 5235
9603 5216
9639 5121
9636 5080
9713 5013
9683 4936
9752 4931
9792 4897
9815 4989
9915 4967
9940 4872
9847 4828
9872 4714
9907 4717
9982 4649
9954 4581
9968 4472
9957 4399
9871 4475
9821 4575
9809 4633
9766 4685
9769 4710
9691 4768
9662 4807
9659 4646
9666 4598
9753 4549
9728 4441
9734 4345
9725 4292
9804 4352
9870 4261
9920 4250
9909 4196
9859 4167
9793 4147
9640 4122
9586 4164
9576 4213
9615 4217
9625 4377
9606 4423
9502 4437
9452 4428
9443 4308
9399 4324
9405 4252
9366 4278
9231 4238
9140 4218
9146 4171
9055 4151
9037 4066
8998 4049
8927 4113
8896 4099
8843 4117
8778 4157
8807 4222
8774 4268
8706 4347
8670 4387
8642 4406
8519 4414
8460 4451
8386 4443
8409 4353
8322 4380
8274 4337
8208 4300
8181 4234
8260 4183
8360 4215
8413 4208
8491 4190
8556 4192
8633 4184
8608 4232
8599 4303
8520 4242
8590 4094
8609 3974
8549 3969
8473 3951
8448 4036
8381 4108
8308 4050
8289 4027
8364 3946
8372 3842
8410 3810
8384 3730
8458 3738
8512 3722
8495 3684
8541 3633
8547 3529
8551 3497
8463 3486
8490 3554
8337 3516
8353 3500
8219 3544
8186 3530
8124 3460
8088 3462
8078 3384
7968 3403
7928 3391
7864 3311
7863 3239
7795 3249
7760 3351
7662 3337
7586 3347
7589 3236
7515 3200
7494 3186
7454 3283
7409 3310
7324 3339
7253 3397
7241 3492
7184 3508
7118 3417
7119 3334
7095 3272
7109 3207
7139 3163
7138 3080
7022 3087
7038 3159
6957 3216
6845 3218
6872 3138
6908 3106
6915 3069
6835 3042
6795 2998
6744 3001
6654 3028
6606 2962
6583 2928
6478 2924
6420 2879
6370 2856
6310 2910
6262 2940
6219 2867
6189 2800
6145 2836
6056 2869
6027 2970
6047 3011
6115 2945
5935 2930
5922 2812
5874 2847
5887 2736
5981 2747
6058 2718
6089 2632
6122 2614
6123 2504
6103 2413
6049 2409
5988 2438
5924 2391
5806 2388
5789 2327
5721 2285
5675 2373
5764 2440
5728 2563
5760 2611
5826 2659
5949 2638
5926 2565
5891 2534
5868 2496
6008 2590
6208 2573
6290 2664
6386 2697
6372 2714
6487 2728
6548 2712
6566 2666
6624 2691
6610 2750
6646 2822
6514 2851
6521 3048
6421 3044
6395 3061
6237 3056
6194 3088
6206 3116
6314 3152
6274 3262
6358 3287
6355 3322
6419 3306
6413 3242
6542 3227
6559 3173
6496 3164
6661 3155
6640 3225
6601 3331
6581 3346
6596 3476
6590 3574
6616 3607
6651 3553
6760 3558
6856 3563
6956 3534
7016 3505
6984 3451
7019 3409
7014 3361
6990 3367
6895 3365
6887 3411
6785 3465
6698 3442
6772 3328
6746 3284
6721 3123
6762 2876
6868 2863
6867 2909
6969 2966
7046 2957
7101 2934
7043 2880
7070 2775
7085 2700
7133 2713
7175 2648
7282 2628
7306 2634
7308 2548
7244 2546
7158 2524
7155 2450
7177 2385
7234 2398
7300 2445
7325 2426
7340 2355
7346 2253
7281 2241
7294 2114
7373 2131
7419 2102
7442 2014
7420 1958
7348 1986
7337 2054
7219 2004
7180 1993
7236 1916
7218 1861
7131 1860
7152 1753
7100 1755
7054 1643
7150 1641
7202 1697
7278 1774
7372 1799
7384 1856
7460 1834
7484 1721
7457 1636
7574 1620
7604 1632
7622 1702
7621 1807
7569 1800
7583 1854
7633 1927
7719 1980
7835 1994
7959 1997
7932 2035
7862 2099
7829 2177
7879 2207
7977 2220
7993 2195
8035 2182
8081 2256
8166 2211
8199 2142
8225 2143
8325 2113
8347 2039
8313 1999
8252 2028
8226 1922
8189 1912
8103 1897
8058 1972
8111 2038
8091 2100
7975 1887
7885 1882
7786 1833
7802 1763
7790 1734
7903 1751
7976 1684
8041 1674
8140 1661
8194 1726
8245 1676
8302 1646
8415 1639
8429 1570
8346 1557
8218 1563
8107 1562
8089 1584
8068 1478
7994 1470
7991 1549
7857 1536
7821 1612
7750 1642
7737 1512
7677 1513
7717 1457
7733 1398
7663 1384
7676 1284
7761 1280
7785 1194
7787 1051
7840 1028
7886 974
7880 857
7772 868
7712 940
7698 986
7651 1037
7650 1113
7535 1158
7559 1214
7461 1250
7449 1343
7525 1369
7477 1420
7467 1508
7382 1480
7342 1560
7298 1574
7345 1662
7181 1547
7092 1544
7065 1427
7057 1382
7149 1399
7187 1443
7246 1454
7292 1396
7349 1348
7272 1264
7312 1216
7377 1183
7403 1112
7424 1055
7383 1023
7446 979
7558 944
7578 1021
7628 871
7507 878
7469 809
7470 773
7479 639
7556 631
7612 628
7599 708
7715 719
7699 762
7828 788
7907 755
7995 813
8009 844
7986 939
8061 961
8118 948
8158 1022
8213 1107
8198 1145
8182 1243
8227 1326
8268 1285
8311 1224
8351 1193
8471 1195
8503 1157
8461 1076
8513 1040
8528 962
8536 879
8660 897
8694 914
8724 941
8712 1011
8738 1116
8700 1165
8682 1256
8731 1257
8715 1338
8691 1345
8600 1361
8524 1424
8464 1500
8393 1412
8382 1314
8434 1325
8450 1246
8522 1281
8648 1456
8710 1461
8688 1573
8701 1590
8717 1663
8723 1722
8830 1737
8847 1659
8812 1591
8957 1576
8949 1469
8875 1460
8938 1386
9025 1405
9046 1381
9116 1432
9191 1357
9206 1305
9129 1289
9067 1220
9063 1177
8989 1166
8959 1239
8887 1253
8861 1197
8855 1092
8873 903
8922 931
8980 883
8986 1010
9087 1000
9158 1009
9162 984
9244 998
9245 1043
9292 1102
9322 1082
9311 1140
9328 1222
9208 1211
9139 1136
9059 1060
9131 875
9099 819
9143 757
9236 746
9195 693
9288 614
9280 569
9317 552
9314 459
9250 493
9169 512
9090 500
9061 502
9105 476
8969 467
8879 482
8869 513
8787 501
8794 416
8725 389
8631 367
8616 401
8564 383
8572 498
8639 575
8698 607
8739 674
8828 677
8842 705
8925 731
8941 651
8954 597
9056 642
9009 714
8890 825
8785 880
8747 768
8683 763
8591 713
8574 691
8506 577
8401 579
8383 521
8282 516
8263 453
8330 409
8310 349
8246 328
8243 273
8323 263
8306 117
8201 135
8137 115
8136 52
8084 61
8022 169
7941 265
7974 303
7887 323
7873 456
7796 443
7757 384
7731 288
7634 317
7620 267
7592 204
7695 186
7801 201
7816 165
7783 148
7776 51
7884 56
7927 76
7902 107
7627 46
7573 32
7513 104
7398 53
7406 22
7411 171
7380 187
7309 250
7266 231
7303 321
7279 352
7173 350
7207 417
7160 465
7117 547
7067 563
7078 644
7076 723
7141 751
7214 722
7232 828
7186 856
7174 965
7216 947
7262 1034
7255 1130
7123 1106
7080 1078
7044 1105
6985 1182
7012 1247
6999 1287
7145 1265
7146 1016
7090 970
7060 870
6944 835
6873 849
6884 922
6922 981
6974 1020
6880 1132
6827 1095
6727 1097
6757 1160
6743 1221
6811 1261
6837 1340
6902 1365
6813 1433
6779 1466
6778 1506
6647 1503
6612 1446
6556 1462
6576 1530
6443 1521
6447 1403
6402 1395
6515 1376
6499 1236
6492 1187
6522 1117
6433 1077
6390 1073
6353 1125
6289 1104
6226 1013
6186 973
6086 1008
6120 1058
5964 1047
5968 969
6032 929
6004 854
5998 832
6002 717
5925 711
5883 733
5864 699
5763 736
5708 686
5640 605
5588 600
5539 641
5499 675
5488 567
5350 560
5264 590
5225 620
5198 697
5229 786
5134 793
5102 822
5044 893
5058 908
5026 1015
4978 1025
4958 976
4897 938
4904 845
4817 826
4795 810
4794 756
4828 735
4956 761
4948 689
5030 690
5060 709
5106 598
5029 581
4952 518
4946 489
5001 440
5080 347
5104 314
5163 295
5262 286
5258 374
5216 419
5313 414
5373 326
5421 298
5480 344
5525 338
5504 412
5468 407
5636 491
5671 537
5787 525
5847 562
5846 452
5871 394
5913 362
5904 281
5869 261
5938 192
5941 99
5828 91
5808 155
5738 132
5684 215
5642 180
5536 205
5500 184
5522 123
5473 55
5501 11
5637 2
5772 20
5741 283
5663 324
5788 379
5732 442
5917 475
6001 520
5986 592
5975 652
6050 613
6143 603
6218 615
6220 710
6148 795
6112 882
6288 930
6299 829
6307 804
6357 782
6451 802
6422 724
6410 698
6318 650
6292 582
6373 566
6424 507
6408 472
6332 413
6356 334
6369 244
6405 271
6534 274
6543 191
6469 174
6630 172
6638 284
6618 301
6592 377
6579 405
6615 474
6607 559
6553 541
6516 616
6604 683
6599 779
6665 777
6627 821
6686 905
6550 898
6504 924
6452 971
6400 923
6546 1007
6621 1027
6670 1155
6623 1263
6586 1258
6694 1378
6753 1389
6940 1484
6955 1518
6979 1617
6859 1633
6858 1586
6824 1725
6781 1779
6786 1831
6861 1847
6943 1840
6938 1746
7001 1898
7061 1924
7031 2018
6975 1977
6931 2049
6840 2029
6817 1996
6761 1991
6713 2037
6645 2023
6678 1978
6676 1893
6541 1844
6480 1892
6490 1930
6520 1961
6585 2075
6569 2158
6622 2156
6671 2213
6711 2242
6783 2170
6820 2159
6924 2223
6893 2275
6862 2329
6911 2343
6936 2429
7026 2478
7021 2519
6992 2609
6918 2567
6815 2531
6801 2484
6737 2476
6683 2530
6710 2568
6768 2608
6849 2640
6831 2761
6960 2737
6967 2802
7193 2811
7249 2776
7273 2830
7390 2835
7402 2916
7367 2987
7338 3058
7407 3047
7274 3006
7204 2949
7228 3137
7248 3248
7305 3197
7363 3221
7379 3434
7414 3424
7540 3435
7516 3561
7481 3592
7428 3629
7538 3635
7465 3709
7389 3755
7431 3824
7351 3893
7301 3949
7295 4024
7304 4105
7271 4197
7261 4248
7154 4267
7116 4326
7075 4408
7008 4379
6954 4362
6993 4439
6897 4442
6919 4505
6806 4509
6733 4548
6722 4462
6668 4513
6648 4494
6575 4466
6544 4528
6403 4517
6394 4594
6362 4635
6266 4647
6204 4587
6176 4571
6181 4486
6244 4484
6315 4415
6342 4388
6441 4407
6500 4348
6530 4361
6634 4358
6577 4297
6582 4179
6613 4178
6707 4181
6688 4210
6788 4280
6780 4328
6832 4346
6854 4259
6914 4269
7018 4272
6987 4095
6901 4106
6883 4119
6860 4077
6763 4017
6735 3999
6805 3966
6907 3954
6904 3866
6826 3843
6776 3823
6800 3711
6816 3661
6701 3655
6687 3704
6655 3871
6674 3937
6518 3939
6483 3903
6473 3892
6351 3909
6291 3916
6316 3874
6242 3887
6197 3897
6190 3901
6076 3925
5989 3936
5963 4014
5976 4103
6039 4088
6060 4152
6053 4231
6147 4241
6155 4200
6106 4315
6034 4335
5977 4344
5954 4409
6075 4413
6063 4540
5991 4577
6048 4648
6116 4615
6151 4733
6164 4838
6168 4929
6162 5028
6222 5030
6243 5102
6371 5100
6330 5146
6445 5139
6471 5053
6524 5048
6650 5051
6594 4982
6614 4926
6659 4813
6649 4799
6708 4765
6730 4669
6657 4672
6538 4678
6467 4679
6555 4757
6517 4834
6462 4857
6428 4909
6411 4798
6325 4812
6284 4796
6317 4741
6296 4924
6306 4984
6230 4880
6005 4900
6007 4966
5945 4974
5955 5033
5899 5014
6080 5077
6096 5150
6144 5194
6278 5343
6364 5387
6430 5388
6382 5442
6486 5451
6508 5472
6653 5541
6767 5355
6752 5268
6808 5274
6787 5192
6689 5197
6652 5219
6572 5138
6789 5064
6818 5049
6838 4951
6774 4963
6739 4862
6876 4891
6917 4910
6920 4840
6885 4788
6982 4786
6952 4692
6843 4671
7035 4641
7129 4675
7099 4718
7194 4716
7223 4789
7316 4782
7299 4868
7364 4859
7423 4871
7417 4795
7381 4676
7401 4614
7343 4542
7354 4416
7366 4378
7283 4354
7260 4430
7220 4516
7122 4497
7045 4507
7113 4584
7286 4658
7522 4654
7551 4752
7580 4810
7637 4827
7702 4869
7664 4922
7728 4975
7847 4980
7858 5034
7949 5025
7944 4957
7916 4833
7921 4761
7856 4746
7745 4739
7639 4708
7696 4625
7687 4591
7703 4550
7711 4435
7684 4373
7636 4405
7585 4490
7539 4522
7492 4512
7488 4449
7451 4301
7459 4205
7497 4131
7519 4139
7480 4074
7557 4070
7493 3995
7564 3933
7613 3922
7561 3848
7563 3760
7671 3773
7643 3808
7710 3735
7658 3680
7645 3584
7661 3471
7748 3487
7817 3446
7837 3575
7780 3583
7759 3643
7853 3624
7923 3663
7950 3721
7962 3815
7899 3794
7839 3802
7798 3861
7827 3975
7789 4000
7741 4025
7700 4054
7718 4155
7641 4129
7674 4274
7744 4275
7799 4314
7804 4386
7812 4469
7836 4562
7838 4602
7788 4629
7937 4620
7983 4567
8024 4506
8051 4604
8120 4566
8236 4535
8283 4495
8315 4554
8262 4612
8184 4651
8193 4751
8269 4758
8332 4750
8359 4808
8287 4875
8235 4905
8171 4896
8163 4971
8098 4925
8086 4884
8031 5037
8033 5145
7939 5183
7979 5288
7989 5310
8006 5270
8067 5391
8075 5447
8079 5505
8108 5490
7990 5486
8125 5374
8355 5480
8577 5592
8592 5602
8611 5604
8625 5799
8646 5832
8542 5858
8514 5903
8452 5944
8449 5852
8352 5830
8207 5851
8188 5882
8173 5958
8256 5960
8210 6043
8216 6101
8174 6151
8092 6202
8110 6286
8112 6322
8114 6421
8070 6468
8034 6532
7971 6587
7931 6662
7891 6644
7889 6542
7908 6438
7875 6403
7897 6310
7911 6302
7915 6236
7841 6247
7774 6272
7764 6200
7693 6220
7642 6163
7584 6184
7560 6015
7593 5989
7691 5963
7713 5937
7742 6007
7692 6089
7882 6099
7898 6127
7901 6035
7876 5981
7980 5980
8012 5929
8097 5880
8106 6060
8038 6097
8037 6143
7972 6176
8027 6365
8224 6375
8305 6394
8281 6462
8228 6517
8232 6637
8168 6596
8127 6695
8122 6713
8085 6670
8072 6777
7985 6756
7942 6879
7970 6949
7978 7023
8011 7071
8057 7133
7951 7125
7832 7105
7818 7092
7762 7177
7721 7218
7631 7204
7629 7192
7572 7119
7609 7054
7511 7003
7473 6966
7439 7015
7432 7134
7355 7173
7395 7237
7476 7268
7504 7301
7582 7297
7610 7314
7672 7410
7743 7438
7749 7557
7730 7622
7688 7685
7680 7737
7773 7706
7845 7776
7965 7768
7952 7807
8042 7826
8040 7735
8050 7653
8145 7658
8152 7570
8003 7558
7953 7596
7945 7636
7893 7643
7823 7547
7819 7498
7861 7386
7914 7315
7948 7281
7866 7249
7777 7325
7966 7430
8020 7465
8043 7394
8109 7447
8149 7337
8156 7263
8169 7187
8187 7069
8150 6989
8100 6984
8104 6886
8073 6890
8203 6893
8254 6935
8342 6907
8362 6869
8445 6849
8419 6940
8425 7009
8537 7018
8627 7052
8728 7075
8762 7178
8825 7152
8827 7254
8775 7272
8776 7370
8759 7468
8742 7542
8636 7567
8581 7588
8586 7620
8658 7689
8651 7780
8727 7798
8681 7850
8733 7913
8751 7895
8690 7958
8653 8060
8559 8094
8546 8165
8510 8202
8466 8244
8470 8307
8398 8299
8339 8337
8265 8336
8266 8287
8185 8249
8151 8361
8148 8411
8116 8505
8039 8466
8019 8554
7918 8502
7905 8476
7867 8402
7813 8326
7723 8305
7705 8291
7638 8263
7617 8321
7531 8342
7490 8332
7426 8280
7385 8315
7387 8229
7371 8182
7464 8156
7547 8174
7532 8226
7601 8076
7600 7943
7640 7939
7619 7874
7709 7873
7826 7904
7883 7891
7935 7946
8046 7919
8153 7861
8247 7857
8242 7779
8165 7759
8253 7650
8328 7613
8344 7569
8416 7595
8431 7645
8442 7756
8361 7721
8343 7888
8356 7911
8267 7964
8257 8069
8303 8113
8241 8159
8135 8122
8090 8065
8162 8035
8170 7992
8375 8057
8417 8050
8451 7971
8477 7877
8515 7914
8582 7830
8540 7727
8550 7485
8568 7360
8605 7346
8637 7408
8634 7256
8622 7200
8565 7245
8494 7225
8483 7196
8534 7143
8400 7142
8292 7124
8312 7048
8294 7028
8296 7223
8301 7250
8259 7361
8341 7363
8390 7433
8440 7434
8478 7378
8250 7479
8280 7520
8021 7235
7869 6922
7877 6835
7848 6795
7784 6825
7726 6800
7649 6780
7579 6814
7514 6741
7478 6681
7520 6646
7602 6650
7683 6579
7791 6568
7794 6696
7768 6458
7738 6329
7505 6548
7448 6536
7435 6793
7410 6848
7326 6990
7313 7039
7267 7007
7269 6944
7226 7182
7225 7282
7179 7340
7172 7452
7053 7460
7029 7568
7055 7619
7108 7550
7105 7693
7107 7703
7096 7709
7089 7854
7028 7916
6983 7905
6927 7899
6793 7893
6715 7902
6633 7839
6673 7740
6754 7724
6719 7665
6712 7600
6636 7580
6611 7649
6591 7638
6549 7598
6470 7635
6503 7707
6450 7785
6438 7819
6439 7918
6361 7934
6272 7917
6303 7863
6249 7852
6228 7748
6201 7684
6175 7678
6269 7546
6381 7577
6347 7616
6374 7710
6406 7521
6442 7490
6493 7389
6564 7426
6573 7326
6695 7312
6677 7286
6747 7324
6834 7372
6928 7364
6926 7436
6790 7439
6809 7482
6700 7486
6871 7552
6913 7587
6951 7664
6963 7760
6822 7751
6814 7679
6852 7808
6829 7947
6821 8034
6769 8048
6812 8112
6702 8108
6682 8205
6643 8192
6588 8175
6528 8213
6495 8284
6448 8371
6337 8393
6324 8437
6261 8399
6225 8452
6271 8530
6302 8605
6322 8599
6232 8627
6195 8649
6265 8740
6363 8792
6352 8824
6449 8861
6506 8804
6472 8751
6563 8753
6619 8717
6749 8702
6716 8646
6660 8609
6617 8557
6578 8498
6570 8383
6699 8338
6732 8267
6794 8324
6807 8382
6836 8419
6905 8454
6866 8515
6759 8483
6696 8491
6798 8588
6803 8630
6909 8676
6932 8733
7007 8695
7011 8790
6988 8837
7071 8891
7064 8907
7110 9011
7097 9083
7198 9137
7243 9132
7224 9205
7153 9241
7167 9349
7208 9309
7307 9273
7452 9275
7413 9324
7394 9371
7438 9401
7331 9412
7285 9475
7287 9512
7359 9585
7352 9685
7344 9726
7415 9734
7422 9812
7327 9805
7206 9840
7200 9774
7201 9745
7217 9654
7147 9641
7124 9596
7066 9562
7025 9666
6934 9680
6842 9691
6828 9723
6750 9777
6725 9688
6681 9716
6692 9587
6720 9573
6635 9604
6593 9627
6565 9539
6584 9460
6666 9496
6740 9435
6810 9468
6906 9405
6898 9390
6930 9396
7017 9437
7036 9362
7134 9402
7013 9221
7020 9185
6968 9134
6961 9047
6899 9046
6878 9117
6869 9270
6777 9242
6729 9329
6625 9341
6605 9240
6527 9255
6401 9264
6379 9298
6437 9311
6426 9429
6429 9504
6392 9525
6375 9623
6432 9607
6275 9602
6270 9529
6184 9516
6215 9441
6161 9406
6166 9340
6273 9344
6326 9355
6343 9456
6539 9381
6567 9125
6620 9124
6632 9026
6595 9006
6667 8982
6741 9009
6756 8913
6709 8894
6631 8878
6557 8935
6485 9025
6409 8990
6367 8987
6341 9079
6359 9135
6459 9147
6254 9106
6224 9020
6276 8956
6233 8866
6173 8830
6092 8827
6102 8761
6016 8750
6038 8677
5978 8634
6021 8590
5952 8536
5972 8432
5921 8386
5888 8363
5916 8297
6052 8301
6035 8272
6130 8303
6138 8195
6198 8214
6217 8187
6286 8255
6340 8290
6384 8177
6446 8133
6477 8058
6540 8049
6562 7968
6603 8006
6663 7998
6519 7879
6365 8078
6221 8005
5919 8011
5606 8047
5561 8090
5582 8154
5653 8179
5646 8228
5489 8265
5455 8147
5414 8054
5394 8021
5346 7988
5405 7924
5412 7834
5360 7806
5393 7763
5420 7687
5471 7711
5555 7787
5549 7851
5604 7875
5626 7945
5572 7953
5338 8167
5311 8217
5275 8240
5270 8310
5381 8312
5353 8467
5339 8510
5120 8516
5079 8504
5013 8472
4984 8463
4970 8542
4877 8567
4843 8445
4836 8350
4922 8400
4931 8248
4898 8231
4938 8117
5096 7978
5103 7944
4933 7755
4923 7686
4896 7659
4787 7692
4721 7722
4678 7775
4831 7761
4821 7841
4774 7855
4714 7983
4683 8042
4552 8073
4538 8146
4607 8149
4605 8220
4558 8245
4251 8238
4191 8257
4223 8308
4165 8319
4096 8216
4050 8197
4183 8135
4208 8144
4426 8061
4355 8385
4022 8369
4000 8395
3626 8327
3200 8360
3169 8414
3235 8500
3281 8546
3320 8541
3394 8015
3401 7979
3355 7942
3237 7920
3215 7864
3188 7973
3182 7585
3097 7562
3045 7470
2928 7461
2865 7424
2966 7368
3056 7310
3036 7226
3110 7224
3139 7162
3154 7046
3135 7000
3079 6999
3078 7085
3015 7154
3282 7179
3298 7206
3349 7238
3402 7259
3457 7320
3478 7411
3430 7508
3378 7515
3360 7441
3350 7385
3286 7420
3170 7419
3195 7383
3241 7335
3294 7541
3404 7601
3577 7634
3568 7512
3617 7484
3594 7454
3621 7387
3567 7333
3580 7211
3624 7185
3486 7169
3508 7123
3536 7090
3487 7055
3441 6960
3459 6896
3440 6788
3546 6783
3596 6844
3601 6895
3603 6988
3607 7032
3560 6951
3714 6997
3817 6979
3797 6811
3742 6773
3647 6759
3321 6753
3299 6676
3347 6632
3414 6626
3464 6572
3309 6562
3295 6569
3193 6624
3206 6790
3172 6799
3177 6891
3083 6877
3279 6873
3329 6894
3317 6980
3335 7031
3369 7121
3276 7097
3244 6976
3062 6693
2745 6674
2781 6787
2800 6836
2841 6897
2682 6771
2658 6603
2621 6583
2547 6539
2578 6490
2601 6476
2468 6439
2456 6323
2497 6262
2519 6243
2564 6185
2471 6175
2394 6223
2297 6206
2270 6301
2342 6320
2337 6432
2289 6445
2333 6524
2427 6563
2460 6625
2530 6665
2728 6525
2785 6461
2821 6422
2765 6364
2664 6366
2694 6293
2705 6274
2655 6199
2636 6061
2572 6053
2554 5939
2640 5934
2626 5868
2505 5886
2473 5910
2482 5848
2484 5771
2524 5764
2558 5682
2483 5657
2381 5693
2398 5758
2352 5869
2356 5930
2339 6036
2338 6113
2269 6049
2206 6139
2124 6170
2079 6180
2112 6221
2092 6281
2111 6342
2039 6360
1944 6395
1965 6698
1993 6768
1969 6827
2020 6868
1940 6911
1867 6876
1806 6740
1814 6652
1735 6638
1643 6655
1626 6552
1488 6559
1395 6737
1382 6888
1378 6906
1413 7011
1530 7008
1472 7132
1506 7171
1613 7166
1610 7296
1524 7279
1478 7265
1475 7343
1354 7348
1280 7336
1256 7428
1175 7537
1158 7628
1074 7812
1109 7878
1170 7930
1226 7963
1227 7881
1193 8019
1068 7994
1031 8022
1032 8132
1053 8224
1118 8188
974 8196
938 8277
728 8281
653 8236
678 8131
677 8097
715 8110
745 8036
764 7972
618 7927
598 7848
488 7862
440 7910
382 7870
398 7993
464 8028
566 8031
572 7990
545 8184
518 8261
498 8304
340 8311
293 8335
258 8285
186 8306
77 8279
28 8328
90 8464
122 8465
82 8566
61 8643
103 8647
119 8752
126 8836
156 8912
254 8914
228 8810
269 8787
332 8849
439 8868
444 8926
502 8909
514 9007
499 9062
479 9162
489 9219
524 9201
554 9163
608 9131
605 9021
694 8996
758 8998
755 9016
807 9051
834 8961
818 8900
796 8883
850 8764
858 8661
779 8671
777 8720
616 8793
641 8841
560 8840
393 8966
311 9073
263 9052
178 9055
38 9056
92 9115
115 9168
138 9269
144 9318
213 9293
232 9330
315 9335
368 9262
376 9155
231 9146
33 9213
59 9359
39 9445
98 9558
145 9568
193 9628
255 9629
334 9635
361 9583
297 9557
198 9491
216 9471
400 9489
425 9434
513 9443
522 9519
454 9527
420 9632
519 9724
575 9700
486 9790
448 9832
427 9903
337 9936
282 9992
183 9950
117 9873
52 9853
22 9957
85 9721
149 9707
249 9761
203 9827
310 9845
371 9798
551 9887
579 9940
627 9912
659 9877
688 9788
736 9749
803 9690
921 9703
942 9665
970 9579
1088 9593
1082 9671
1168 9651
1204 9626
1197 9733
1208 9760
1230 9823
1140 9839
1173 9943
1207 9959
1368 9970
1404 9982
1392 9818
1460 9802
1494 9770
1590 9756
1580 9825
1572 9910
1663 9946
1705 9922
1760 9855
1700 9801
1666 9718
1773 9722
1829 9766
1916 9808
1879 9849
1933 9942
1825 9967
2099 9954
2133 9898
2073 9850
1974 9765
2012 9709
2035 9669
2000 9619
1988 9575
1831 9578
1805 9639
1746 9617
1627 9634
1535 9624
1444 9594
1388 9595
1366 9653
1342 9736
1429 9698
1294 9513
1217 9452
1194 9449
1159 9524
1017 9418
1045 9364
927 9333
912 9436
881 9438
845 9400
773 9334
747 9233
665 9222
711 9102
842 9166
879 9243
967 9246
1071 9231
1185 9301
1215 9317
949 9107
903 9091
959 8976
1011 8977
1090 8872
1106 8813
1083 8775
1105 8730
1155 8625
1190 8506
1206 8469
1177 8420
1222 8375
1329 8189
1295 8142
1298 8074
1369 8055
1376 7975
1455 8010
1532 8008
1568 7974
1497 7959
1529 7858
1485 7823
1446 7764
1381 7814
1438 7631
1515 7708
1561 7697
1634 7611
1736 7672
1730 7791
1740 7816
1640 7796
1623 7859
1674 7928
1661 8032
1611 8111
1565 8143
1499 8139
1776 8104
1775 8067
1822 8043
1832 7997
1762 7969
1843 7849
1964 7824
1998 7800
2013 7846
2105 7793
2059 7739
1885 7705
1870 7676
1918 7390
1708 7240
1335 7273
1319 7188
1202 7197
1239 7242
1279 7084
1327 7068
1290 6986
1286 6821
1199 6812
1203 6774
1187 6706
1020 6727
955 6742
973 6667
900 6618
908 6519
854 6522
889 6420
914 6409
960 6333
962 6237
860 6245
859 6315
789 6331
726 6215
693 6226
721 6144
648 6131
622 6100
588 6098
589 6140
441 6105
447 6075
373 6086
360 6123
345 5987
412 5964
417 5859
389 5808
491 5794
577 5779
571 5669
649 5695
691 5738
782 5727
804 5676
787 5588
718 5625
741 5477
669 5416
645 5360
529 5363
506 5436
528 5527
613 5546
473 5590
457 5631
313 5609
256 5637
265 5543
221 5491
327 5460
387 5513
423 5499
430 5392
414 5263
307 5272
317 5345
246 5341
181 5340
206 5246
133 5214
185 5136
223 5135
226 5066
176 5069
54 5040
87 4901
86 4888
118 4914
195 4874
239 4848
271 4762
381 4770
363 4803
416 4841
407 4930
348 4954
333 5009
260 4962
366 5129
459 5117
561 5090
606 5056
600 4969
689 4988
706 4919
699 4860
778 4889
815 4866
826 4726
862 4700
954 4732
979 4674
1021 4715
1099 4688
1123 4702
1176 4630
1237 4660
1276 4738
1324 4787
1317 4902
1385 4895
1505 4883
1498 4835
1467 4947
1548 4932
1570 5024
1644 4958
1681 4893
1731 4823
1787 4735
1857 4711
1871 4653
1878 4600
1928 4608
1924 4499
1991 4514
2006 4502
2051 4458
2114 4560
2084 4638
2150 4645
2208 4632
2210 4713
2198 4753
2256 4805
2316 4745
2363 4670
2437 4619
2438 4592
2396 4569
2501 4557
2526 4450
2474 4420
2444 4365
2372 4433
2348 4317
2370 4282
2404 4239
2416 4161
2382 4125
2308 4030
2293 3961
2344 3908
2347 3809
2388 3790
2415 3786
2411 3814
2380 3687
2493 3665
2541 3637
2607 3611
2676 3590
2723 3512
2718 3421
2666 3364
2617 3264
2522 3260
2470 3222
2442 3122
2353 3115
2361 3082
2481 3054
2513 3009
2531 2976
2498 2906
2452 2855
2472 2763
2515 2795
2544 2810
2537 2647
2485 2670
2457 2522
2384 2538
2327 2605
2287 2574
2276 2660
2302 2722
2281 2765
2268 2839
2349 2804
2386 2933
2235 2983
2229 3063
2199 3053
2164 2954
2102 2890
2037 2849
2019 2964
1967 2925
1919 2823
1873 2818
1892 2771
1978 2768
1961 2695
1875 2683
1910 2564
1837 2556
1754 2503
1690 2455
1713 2421
1598 2443
1639 2523
1709 2604
1688 2639
1737 2742
1745 2827
1686 2850
1651 2794
1516 2814
1459 2837
1420 2764
1400 2725
1380 2644
1495 2668
1502 2688
1543 2731
1504 2560
1491 2527
1921 2490
2036 2427
2126 2498
2180 2561
2186 2661
2125 2726
2088 2756
2056 2698
2028 2599
2221 2412
2535 2495
2585 2525
2612 2502
2604 2603
2707 2616
2716 2572
2693 2466
2632 2387
2780 2395
2793 2420
2873 2425
2939 2437
3008 2408
3012 2368
2972 2359
2943 2268
2889 2310
2867 2222
2890 2134
2907 2562
2830 2622
2812 2508
3035 2586
3054 2658
2982 2675
2921 2739
2861 2769
2809 2809
2743 2805
2766 2779
2672 2733
2674 2897
2656 2935
2715 2922
2758 3018
2807 3094
2804 3151
2769 3153
2763 3229
2786 3327
2851 3398
2843 3449
2914 3389
2897 3299
2950 3297
3029 3301
3128 3296
3134 3350
3233 3381
3256 3478
3144 3483
3059 3493
3003 3511
2974 3474
2968 3560
2924 3608
2875 3550
2819 3620
2748 3658
2732 3710
2738 3803
2614 3822
2584 3785
2620 3705
2641 3496
2514 3504
2478 3490
2495 3555
2545 3429
2502 3382
2443 3355
2392 3400
2341 3472
2354 3519
2230 3525
2178 3524
2168 3463
2233 3461
2190 3387
2068 3369
1983 3402
2022 3509
2090 3488
2027 3636
1984 3594
1985 3695
2004 3724
1922 3703
1895 3672
1898 3562
1856 3469
1811 3395
1725 3354
1699 3373
1724 3298
1696 3217
1767 3156
1852 3150
1810 3089
1748 3014
1687 3000
1706 2929
1802 2947
1670 3108
1616 3095
1571 3065
1464 3077
1511 2996
1401 2972
1362 2993
1344 3036
1270 3027
1181 3098
1221 3190
1234 3223
1157 3269
1119 3188
1096 3199
995 3135
890 3117
872 3079
901 3030
863 2963
780 2986
684 2995
672 3012
584 3059
567 3103
578 3206
650 3202
661 3175
734 3121
800 3093
799 3219
829 3241
861 3340
791 3357
774 3413
840 3432
948 3494
992 3537
1030 3587
1003 3632
999 3671
993 3746
1073 3737
1153 3739
1152 3816
1065 3845
978 3849
975 3928
1014 3943
1000 4042
1064 4067
1034 4185
1050 4253
977 4216
965 4154
866 4235
793 4273
746 4351
668 4316
666 4412
704 4429
720 4533
698 4607
749 4637
732 4704
611 4759
511 4773
517 4851
497 5012
542 5182
576 5217
675 5160
724 5110
871 5098
868 5130
856 5208
939 5156
1010 5132
980 5017
1070 5008
1018 4946
976 4873
926 4916
878 4970
794 5002
763 5298
696 5265
785 5382
892 5353
951 5380
971 5412
1007 5444
876 5454
925 5510
895 5587
918 5656
1029 5630
1110 5620
1086 5585
1112 5524
1167 5474
1228 5449
1257 5529
1250 5608
1345 5581
1359 5479
1417 5448
1441 5381
1525 5406
1553 5368
1664 5349
1683 5276
1772 5279
1790 5195
1824 5127
1738 5083
1657 5099
1629 5191
1574 5175
1528 5228
1416 5222
1386 5238
1273 5241
1265 5309
1347 5358
1332 5143
1470 5141
1480 5078
1358 5026
1242 5042
1259 4987
1192 5006
1198 4938
1220 4837
1135 4847
1091 4861
1084 4536
1141 4537
1162 4500
1218 4553
1320 4519
1292 4481
1303 4436
1258 4363
1321 4331
1361 4224
1355 4187
1424 4170
1503 4188
1541 4240
1463 4264
1435 4396
1500 4459
1536 4483
1615 4465
1621 4538
1631 4627
1549 4599
1581 4694
1617 4748
1588 4781
1408 4747
1419 4640
1390 4603
1445 4530
1587 4369
1624 4305
1710 4291
1720 4349
1733 4418
1818 4440
1864 4364
1882 4266
1987 4293
1995 4329
2075 4312
2071 4220
2172 4212
2211 4140
2123 4133
2104 4059
2042 4003
2018 3987
2024 4116
1927 4085
1920 4160
1849 4143
1766 4191
1675 4255
1618 4137
1603 4051
1589 4022
1545 3988
1630 3958
1579 3888
1682 3854
1701 3817
1647 3763
1605 3677
1596 3662
1513 3708
1489 3626
1564 3551
1573 3485
1665 3466
1711 3468
1785 3520
1761 3646
1813 3725
1797 3743
1850 3841
1884 3911
1939 3905
1977 3832
2064 3829
2101 3784
2152 3855
2173 3917
2215 4018
2245 3830
2275 3720
2157 3696
2244 3601
2290 3314
2366 3254
2225 3215
2263 3140
2145 3143
2065 3169
2086 3237
2116 3257
1997 3228
1970 3180
1966 3091
2052 3025
1911 3313
1836 3282
1559 3275
1591 3326
1471 3386
1433 3440
1315 3428
1287 3499
1246 3513
1178 3522
1169 3407
1174 3371
1201 3358
1363 3316
1415 3266
1397 3246
1336 3182
1490 3198
1521 3192
1635 3536
1405 3546
1343 3559
1310 3623
1238 3694
1232 3748
1263 3844
1371 3858
1356 3799
1431 3762
1468 3833
1453 3957
1403 4007
1318 4037
1322 3955
1252 3972
1156 3978
1154 4001
1211 4055
1282 4128
1233 4221
1149 4194
1182 4286
1111 4385
1008 4398
988 4453
1009 4474
902 4525
841 4558
801 4464
896 4318
946 4350
809 4127
719 4115
670 4118
662 4026
731 4034
753 3997
839 4009
843 3965
827 3869
786 3836
761 3750
730 3649
847 3667
883 3715
898 3547
695 3540
703 3526
591 3533
543 3464
480 3445
496 3502
490 3617
526 3690
512 3733
467 3744
455 3860
521 3915
564 3898
601 3885
610 3973
593 4035
470 3970
380 3944
247 3918
266 3876
325 3827
309 3752
294 3700
244 3714
170 3783
159 3828
15 3812
43 3751
45 3640
129 3683
164 3585
202 3473
190 3414
300 3383
305 3375
421 3374
395 3426
291 3507
367 3597
365 3652
602 3686
644 3787
633 3404
671 3396
580 3332
446 3233
335 3243
295 3224
222 3130
191 3097
154 3171
148 3271
132 3323
67 3303
55 3280
29 3456
10 3510
26 3105
91 3034
88 2891
51 2901
93 2770
187 2762
165 2816
233 2904
278 2866
312 2838
328 2789
429 2783
449 2873
504 2842
527 2920
426 2952
329 2919
237 3017
182 2969
391 3081
384 3124
403 3134
466 3071
413 2680
394 2657
346 2575
230 2593
250 2615
273 2729
559 2706
586 2620
536 2596
475 2506
570 2463
697 2309
738 2273
614 2008
590 2002
552 1981
660 1903
643 1859
760 1865
820 1838
937 1841
941 1736
870 1761
723 1781
748 1677
690 1498
735 1392
795 1417
833 1415
865 1331
915 1368
936 1442
1016 1458
1081 1400
1144 1409
1126 1317
1188 1300
1253 1356
1205 1495
1209 1501
1311 1493
1314 1537
1432 1550
1428 1673
1328 1678
1357 1713
1409 1778
1473 1801
1547 1868
1517 1909
1496 1931
1372 1914
1323 1883
1278 1855
1285 1768
1231 1626
1251 1960
1200 1982
1189 2015
1266 2051
1268 2103
1305 2001
1641 2000
1742 1925
1876 1952
1905 1967
1828 2034
2299 1672
2350 1668
2328 1018
2259 1017
2253 975
2357 957
2446 993
2573 910
2622 928
2724 901
2714 823
2687 841
2645 750
2634 648
2587 673
2589 584
2661 587
2750 583
2817 659
2783 696
2779 727
2847 770
2539 721
2538 838
2734 1019
2916 1071
2902 1108
3075 1124
3129 1033
3114 960
3028 956
3005 1006
3205 1005
3258 988
3365 955
3406 932
3503 942
3522 850
3467 839
3453 775
3433 649
3373 640
3379 519
3393 470
3451 544
3578 576
3608 621
3535 645
3542 707
3618 794
3637 872
3653 994
3584 1029
3642 1091
3651 1120
3736 1199
3812 1190
3842 1251
3760 1276
3627 1282
3583 1218
3507 1162
3422 1149
3353 1153
3362 1090
3275 1141
3348 1234
3411 1213
3477 1353
3449 1406
3595 1407
3602 1404
3582 1383
3633 1385
3705 1377
3713 1464
3731 1539
3801 1568
3811 1649
3828 1743
3757 1809
3711 1771
3680 1819
3673 1727
3707 1693
3691 1647
3611 1587
3519 1618
3483 1598
3540 1522
3808 1429
3906 1465
3899 1351
3972 1349
3974 1292
4092 1309
4127 1283
4088 1235
4060 1159
4137 1129
4184 1038
4072 1026
4093 977
4091 886
4116 876
4131 916
4235 952
4319 966
4405 963
4417 899
4375 851
4294 865
4310 737
4254 745
4273 653
4342 619
4364 549
4369 450
4423 400
4467 487
4466 534
4507 574
4612 586
4649 608
4752 617
4764 509
4822 496
4789 460
4779 399
4849 381
4823 280
4704 278
4623 275
4545 249
4543 330
4487 290
4531 153
4566 73
4476 72
4348 78
4337 103
4275 66
4246 156
4173 146
4154 213
4207 220
4313 251
4305 355
4226 359
4188 348
4105 430
4037 439
4020 395
3934 418
3889 485
3854 578
3776 524
3747 479
3682 408
3702 366
3612 369
3564 385
3566 477
3490 421
3495 302
3420 241
3398 226
3343 318
3277 331
3185 358
3232 253
3249 160
3305 159
3292 81
3342 67
3500 86
3481 119
3571 108
3548 25
3692 14
3781 23
3836 7
3829 164
3777 202
3752 193
3630 199
3656 258
3590 254
3863 225
3948 216
3982 151
4018 177
4019 256
3960 322
3881 339
3943 96
4049 6
4157 16
4402 144
4663 145
4749 176
4845 136
4892 30
4949 41
5034 37
5027 133
4993 189
4969 272
4928 305
5042 269
5115 129
5174 97
5209 94
5283 126
5336 161
5330 214
5334 59
5169 478
4868 565
4863 602
4567 646
4452 664
4433 741
4526 759
4655 774
4699 812
4722 912
4725 1001
4643 996
4648 1048
4561 1075
4548 1122
4606 1170
4595 1201
4666 1297
4713 1302
4740 1288
4665 1373
4695 1418
4777 1491
4769 1525
4818 1476
4850 1388
4906 1310
4889 1255
4983 1290
5011 1245
5022 1168
4968 1144
4888 1080
4808 1176
4735 1110
4580 950
4589 862
4483 1003
4394 1053
4292 1064
4328 1111
4278 1192
4274 1238
4282 1341
4331 1363
4362 1426
4298 1492
4222 1541
4170 1520
4181 1455
4064 1438
4110 1371
4141 1631
4033 1603
4002 1566
3988 1637
3990 1712
4006 1729
4074 1812
4166 1775
4187 1845
4224 1891
4203 1941
4140 1942
4001 1932
3955 1983
3917 2022
3892 2078
3880 2108
3904 2190
3950 2226
4047 2262
4108 2283
4046 2372
3995 2346
3957 2453
3969 2511
3965 2650
4026 2612
4080 2571
4150 2535
4147 2613
4215 2601
4243 2509
4248 2470
4134 2464
4077 2435
4167 2383
4291 2384
4357 2382
4381 2441
4424 2510
4482 2422
4459 2386
4506 2356
4570 2401
4571 2298
4669 2300
4644 2332
4727 2390
4761 2472
4688 2475
4625 2541
4604 2631
4539 2580
4332 2597
4345 2829
4339 3004
4380 2980
4418 3067
4372 3111
4438 3149
4411 3205
4303 3209
4270 3194
4193 3231
4238 3288
4280 3335
4382 3330
4413 3501
4391 3531
4142 3532
4129 3450
4071 3491
4029 3548
3964 3506
3933 3482
3871 3420
3847 3319
3886 3251
3915 3270
3978 3342
4095 3363
4135 3309
4113 3187
4048 3181
4027 3212
3977 3168
3820 3160
3718 3141
3676 3075
3661 3195
3615 3293
3570 3281
3524 3312
3488 3348
3382 3376
3408 3431
3358 3455
3319 3577
3250 3595
3257 3666
3337 3727
3293 3781
3284 3847
3385 3870
3372 3941
3491 3942
3497 3900
3514 3865
3559 3968
3597 4021
3655 4081
3724 4093
3755 4123
3887 4134
3912 4089
3900 4053
3864 3985
3966 3947
4058 3934
4067 3899
4192 3932
4237 3889
4263 3906
4335 3894
4329 3959
4338 4084
4386 4126
4289 4159
4156 4165
4119 4228
4085 4132
4065 4062
4163 4056
4259 4043
4448 3979
4522 3982
4544 4008
4618 4016
4732 4023
4733 4138
4687 4136
4720 4202
4734 4310
4658 4320
4592 4339
4621 4271
4572 4225
4480 4227
4484 4195
4518 4156
4492 4087
4396 4251
4404 4332
4318 4342
4266 4390
4297 4431
4354 4460
4349 4515
4406 4510
4427 4456
4599 4432
4654 4480
4628 4534
4547 4564
4586 4661
4528 4701
4490 4696
4393 4771
4407 4792
4387 4825
4463 4844
4542 4820
4637 4811
4691 4712
4685 4659
4754 4618
4753 4532
4807 4583
4835 4624
4932 4582
4960 4677
5025 4639
5068 4520
5110 4547
5127 4401
5070 4343
5012 4287
4985 4211
4873 4199
4881 4098
4926 4130
4936 3996
4955 4011
5007 3992
5069 4013
5072 4158
5128 4182
5155 4219
5176 4325
5045 4448
4916 4447
4837 4445
4869 4400
4909 4323
4824 4279
4731 4427
4775 4766
4854 4764
4848 4809
4914 4772
5016 4794
5014 4845
4962 4855
4963 4964
4965 5079
5036 5081
5033 5125
5111 5084
5112 5179
5107 5218
5009 5242
4967 5198
4930 5301
4910 5299
4833 5308
4782 5290
4778 5376
4825 5413
4796 5475
4858 5579
4919 5578
4901 5672
4826 5640
4744 5650
4747 5778
4653 5800
4651 5809
4568 5821
4556 5773
4611 5670
4512 5619
4530 5591
4468 5612
4439 5548
4336 5525
4233 5520
4196 5478
4256 5443
4194 5357
4201 5304
4133 5244
4089 5234
4081 5193
4102 5164
4082 5055
4144 5015
4109 4977
4009 4949
3946 4955
3898 4933
3956 4853
3971 4775
4031 4740
3999 4686
4098 4699
4161 4749
4232 4780
4277 4852
4245 4918
4175 4876
4066 4863
3853 4816
3893 4737
3819 4698
3739 4724
3668 4730
3665 4818
3589 4777
3473 4784
3525 4849
3455 4898
3391 4864
3421 4972
3356 4985
3302 5095
3261 5140
3199 5122
3207 5071
3141 5097
3080 5058
3105 4994
3076 4937
3077 4829
3109 4824
3107 4720
3096 4705
3063 4634
3060 4546
2995 4572
2987 4455
3046 4468
3087 4376
3099 4284
3149 4236
3166 4334
3209 4367
3197 4492
3274 4496
3240 4544
3265 4611
3196 4650
3120 4586
2958 4663
2919 4703
2784 4722
2818 4643
2710 4668
2644 4652
2582 4610
2663 4539
2708 4508
2795 4476
2872 4501
2888 4446
2931 4389
2844 4359
2767 4374
2770 4223
2773 4186
2805 4175
2853 4209
2989 4201
2957 4168
2983 4048
2884 4019
2834 3967
2726 3980
2675 3945
2668 4028
2778 4063
2699 4150
2586 4163
2579 4247
2608 4254
2627 4321
2574 4394
2624 4461
2543 4736
2477 4728
2413 4804
2377 4822
2376 4920
2426 4921
2548 4899
2550 4956
2635 4976
2649 4878
2651 4790
2794 4831
2831 4806
2838 4791
2839 4903
2788 4911
2829 5068
2935 5074
2938 4999
2955 4854
3225 4830
3227 4908
3269 4779
3301 4755
3370 4657
3418 4605
3479 4574
3502 4628
3557 4568
3572 4489
3662 4511
3663 4434
3710 4444
3759 4383
3850 4327
3798 4249
3684 4258
3629 4309
3569 4333
3462 4319
3489 4281
3515 4246
3446 4169
3439 4083
3397 4060
3303 4162
3288 4173
3264 4237
3314 4265
3330 4302
3389 4482
3357 4556
3456 4438
3565 4144
3636 4174
3671 3953
3689 3879
3753 3880
3764 3913
3818 3881
3913 3852
3894 3712
3830 3698
3725 3692
3688 3612
3788 3600
3857 3535
3940 3625
3963 3740
4012 3753
4121 3768
4198 3811
4229 3749
4218 3675
4155 3628
4069 3659
3766 3792
3645 3756
3545 3734
3554 3668
3413 3691
3381 3631
3425 3788
3501 3541
3493 3523
3576 3475
3619 3568
3708 3467
3669 3423
3670 3366
3704 3325
3706 3295
3448 3252
3445 3193
3340 3179
3344 3238
3271 3240
3270 3120
3243 3046
3191 3051
3179 3144
3074 3210
3050 3101
3019 3060
2942 3029
2859 2988
2992 2902
3000 2831
3088 2844
3061 2782
3119 2724
3136 2679
3267 2651
3246 2529
3178 2513
3159 2454
3238 2449
3315 2481
3417 2516
3380 2578
3396 2630
3469 2692
3543 2690
3599 2754
3616 2744
3516 2861
3412 2862
3377 2826
3400 2780
3429 2786
3297 2788
3268 2893
3236 2942
3171 2915
3173 2884
3065 2927
3333 2973
3366 3022
3423 2950
3538 2994
3555 3024
3552 3142
3476 3092
3506 2576
3472 2410
3447 2304
3541 2293
3587 2336
3579 2439
3416 2210
3435 2164
3650 2069
3721 2024
3800 1949
3851 1973
3875 1853
3916 1806
3914 1595
3918 1152
3868 1057
3769 1056
3770 990
3870 937
3861 884
3907 906
3959 1024
3979 803
3968 728
3991 681
4045 732
4101 748
4151 672
4168 594
4056 612
4040 548
3984 558
3806 668
3726 684
3717 701
3728 820
3802 789
3674 571
3272 588
3263 611
3296 712
3311 734
3198 758
3221 873
3162 866
3328 896
3485 1067
3127 654
3181 531
3145 473
3067 435
3051 309
3092 203
3130 229
3140 167
3158 34
3009 62
3023 109
2991 106
2945 26
2862 18
2775 13
2822 110
2854 232
2901 218
2930 388
2679 492
2643 31
1729 82
1684 70
1514 36
1426 71
1398 89
1410 163
1383 227
1454 222
1312 111
1300 24
1172 35
1069 40
930 58
905 162
873 152
805 90
752 120
767 1
624 85
568 92
547 118
500 142
485 65
375 27
379 124
299 143
235 60
199 79
362 297
428 300
415 361
354 386
296 396
248 433
338 468
397 508
431 540
443 437
573 480
635 457
707 481
766 528
838 495
886 505
916 451
887 380
864 299
776 246
701 315
623 313
636 277
599 236
609 158
592 337
612 533
538 568
483 666
442 718
288 530
177 499
131 753
76 715
101 855
72 892
100 920
53 1046
229 1074
530 1087
533 1115
495 1123
493 1205
569 1244
597 1307
663 1277
717 1294
687 1327
722 1156
625 1135
824 1242
969 1291
934 909
944 864
899 830
982 791
1058 716
1015 624
996 638
1004 596
943 585
882 676
772 643
811 749
821 918
781 967
550 1414
445 1387
390 1316
396 1270
298 1402
304 1434
358 1524
241 1529
194 1481
151 1546
134 1644
62 1660
20 1735
48 1843
60 1969
42 2079
75 2169
208 2181
180 2119
192 2032
172 1923
204 1901
209 1858
179 1821
211 1766
171 1728
215 1681
318 1606
409 1622
482 1535
476 1497
432 1790
352 1811
343 1752
36 1515
7 1410
989 1937
888 2790
846 2807
751 2773
756 2686
652 2674
674 2752
667 2806
716 2858
928 2907
1089 2938
1116 2941
1087 3040
1005 3290
966 3267
947 3353
1013 3393
1042 3427
1102 3645
1741 3926
1771 4038
1821 4029
1778 4595
1755 4621
1899 4801
1934 4778
1958 4836
2055 4858
2049 4769
2087 4944
2153 4928
2160 4882
2300 4968
2274 5029
2389 5041
2401 5072
2430 5178
2412 5215
2529 5205
2525 5114
2602 5113
2670 5096
2701 5050
2759 5128
2814 5167
2811 5247
2717 5212
2625 5213
2618 5354
2562 5367
2499 5369
2528 5459
2606 5498
2567 5542
2660 5583
2700 5660
2702 5675
2650 5729
2777 5792
2820 5767
2828 5674
2903 5694
2949 5730
2985 5816
3025 5875
2977 5938
2970 6012
3070 6032
3124 6057
3112 5978
3086 5925
3180 5843
3247 5888
3239 5951
3219 6017
3312 6024
3331 5921
3341 5876
3428 5891
3510 5895
3605 5883
3600 5975
3620 5998
3604 6055
3610 6119
3496 6145
3509 6186
3354 6157
3434 6020
3438 5994
3533 6016
3512 5732
3465 5699
3384 5719
3403 5774
3234 5772
3220 5691
3183 5615
3052 5613
3027 5562
2967 5496
2883 5515
2932 5597
2951 5373
3010 5364
3017 5287
2915 5300
2895 5314
2754 5325
2755 5461
2740 5539
2815 5407
3093 5440
3150 5471
3155 5508
3259 5526
3338 5551
3345 5647
3534 5634
3517 5589
3523 5495
3484 5502
3443 5404
3383 5441
3387 5336
3332 5296
3245 5259
3210 5315
3184 5327
3156 5262
3058 5161
2993 5111
3419 5118
3471 5094
3526 5054
3544 5159
3623 5185
3640 5237
3646 5313
3550 5312
3575 5275
3492 5324
3450 5224
3359 5187
3252 5418
3113 5708
3094 5721
2869 5829
2739 5835
2711 5924
2801 5993
2747 6074
2796 6142
2835 6192
2881 6084
3057 6352
3427 6408
3436 6400
3785 6135
3771 5737
3697 5788
3658 5651
3729 5639
3805 5633
3919 5648
3930 5563
3931 5492
3840 5506
3852 5437
3782 5469
3744 5564
3698 5555
3686 5408
3789 5331
3856 5333
3845 5284
3911 5258
3949 5316
4035 5332
4086 5427
4059 5565
4145 5568
4051 5665
3962 5760
3888 5722
4449 5710
4458 5433
4533 5430
4590 5362
4624 5328
4602 5297
4565 5210
4500 5231
4508 5173
4456 5124
4398 5088
4430 5001
4470 4983
4356 4965
4247 5052
4283 5171
4314 5154
4302 5226
4281 5243
4389 5320
4431 5366
4390 5419
4661 5425
4672 5573
4705 5557
4814 5723
5065 5731
5064 5626
5090 5518
5149 5540
5191 5606
5221 5683
5181 5711
5277 5745
5332 5757
5427 5765
5457 5871
5445 5956
5389 5982
5383 6064
5439 6090
5484 6129
5550 6190
5656 6216
5669 6121
5634 6059
5537 6029
5545 5912
5594 5861
5602 5806
5589 5746
5647 5761
5731 5749
5690 5696
5726 5628
5780 5559
5814 5582
5853 5686
5842 5743
5969 5770
6030 5755
5993 5824
6085 5819
6163 5890
6183 5906
6268 5955
6090 5971
6000 5942
6036 6045
5940 6039
5837 6005
5862 5959
5819 5893
5735 5864
5665 5908
5701 5988
5774 6054
5783 6369
5664 6371
5564 6321
5514 6291
5442 6297
5397 6319
5417 6363
5316 6404
5256 6416
5242 6351
5184 6306
5118 6268
5086 6368
5074 6434
5124 6411
5148 6516
5219 6510
5309 6501
5300 6270
5356 6252
5274 6187
5267 6092
5333 6117
5196 6046
5162 5969
5156 5862
5285 5856
5276 5947
5367 5887
5331 5645
5452 5636
5590 5653
5966 5663
6011 5417
6013 5393
5832 5409
5793 5414
5281 5403
5261 5321
5329 5335
5327 5221
5344 5115
5340 5086
5284 5087
5290 5104
5409 5036
5395 4993
5469 4942
5220 4981
5192 4894
5130 4940
5095 4998
4879 5038
4844 5108
4785 5123
4767 5047
4739 5000
4810 4991
4797 4881
4677 4953
4585 4934
4601 5044
4597 5067
4657 5101
4864 5251
4918 5422
5019 5484
5105 5446
5061 5371
5177 5342
5213 5269
5444 5230
5411 5174
5390 4729
5303 4687
5785 4662
5859 4589
5894 4623
5934 4684
5965 4706
6003 4767
5982 4842
5942 4245
5863 3976
5860 3846
5912 3826
5870 3778
5947 3731
5999 3693
6017 3796
6057 3819
6111 3772
6108 3660
6083 3638
6031 3539
5960 3514
5903 3433
5841 3480
5856 3564
5817 3606
5733 3676
5712 3775
5621 3804
5609 3800
5552 3806
5531 3707
5490 3702
5510 3673
5618 3615
5662 3528
5747 3515
5722 3441
5660 3415
5600 3410
5581 3349
5607 3255
5614 3191
5586 3146
5587 3021
5620 3019
5622 2999
5534 2990
5512 2892
5472 2917
5433 2843
5354 2853
5254 2848
5280 2918
5268 3041
5328 3016
5385 2981
5424 3057
5450 3133
5345 3113
5255 3178
5288 3258
5185 3265
5400 3244
5467 3259
5491 3304
5543 3232
5765 3234
5784 3359
5699 3362
5885 3318
5896 3286
5936 3279
5985 3315
6009 3377
6084 3406
6107 3430
6118 3385
6251 3399
6298 3448
6368 3498
6360 3557
6328 3603
6297 3616
6216 3586
6192 3567
6241 3728
6338 3776
6479 3716
6498 3685
6532 3630
6561 3780
6597 3831
6626 4086
6489 4110
6502 4047
6434 4058
6383 4068
6376 4189
6416 4207
6304 4243
6277 4283
6255 4330
6248 4109
6256 4065
6167 4039
5759 3914
5742 3873
5526 3517
5441 3477
5371 3452
5366 3329
5208 3644
5178 3818
5252 4005
5312 4032
5217 4104
5152 4079
4830 3927
4913 3674
4748 3447
4718 3196
4684 3132
4692 3084
4773 3033
4783 2985
4855 2903
4874 2888
4765 2840
4641 2877
4633 2992
4569 2977
4523 3083
4581 3145
4866 3100
4895 3104
4917 3037
5166 2885
5278 2721
5305 2715
5315 2665
5297 2625
5250 2559
5143 2566
5063 2514
5067 2451
5126 2447
5077 2328
5119 2272
5195 2302
5207 2303
5248 2295
5320 2316
5337 2202
5410 2203
5399 2189
5428 2147
5407 2042
5324 2043
5247 2093
5223 2196
5159 2198
4988 2199
5020 2240
4981 2282
4951 2374
4947 2469
4899 2465
4819 2507
4756 2595
4977 2528
4842 2311
4800 2244
4815 2208
4781 2140
4768 2071
4841 2092
4857 2128
4882 1968
4840 1881
4945 1894
4990 1938
5024 1963
5021 2057
4987 2053
5054 2126
5160 2007
5164 1985
5206 1935
5197 1804
5265 1852
5269 1749
5232 1682
5139 1708
5097 1715
5094 1611
5144 1650
5183 1572
5205 1471
5113 1441
5088 1393
5135 1380
5236 1364
5304 1303
5348 1278
5436 1233
5461 1128
5456 1094
5519 1068
5557 972
5691 945
5672 881
5754 853
5807 913
5804 1014
5762 987
5766 1070
5775 1131
5852 1151
5857 1230
5931 1227
6019 1206
6006 1184
5962 1148
5946 1362
5890 1335
5818 1431
5746 1447
5657 1468
5599 1490
5615 1594
5683 1627
5707 1680
5745 1578
5858 1528
5930 1532
5959 1451
6042 1499
6018 1581
5995 1601
6091 1607
6117 1558
6165 1621
6257 1559
6294 1658
6396 1685
6436 1656
6385 1599
6339 1765
6414 1795
6350 1905
6312 1873
6279 1928
6238 1835
6196 1874
6188 1791
6209 1745
6037 1705
5920 1717
5889 1785
5876 1817
5971 1857
6054 1837
6043 1908
5983 1992
5944 2027
5895 1990
5844 2025
5825 2184
5907 2205
5873 2248
6040 2236
6067 2174
5979 2148
6012 2334
6154 2392
6264 2424
6313 2378
6300 2360
6415 2357
6501 2379
6475 2452
6510 2479
6558 2501
6389 2505
6387 2471
6423 2594
6464 2617
6468 2280
6348 2278
6235 2296
6185 2194
6205 2163
6133 2234
6156 2011
6178 1998
6095 2020
6247 2041
6397 2055
6418 2095
6474 2117
6380 2166
6551 2206
6664 2380
6680 2402
6799 2321
7062 2339
7063 2230
7128 2188
7159 2218
7114 2097
7037 2120
6997 2138
7455 2233
7466 2369
7434 2460
7463 2540
7512 2544
7506 2667
7471 2654
7430 2732
7368 2741
7534 2797
7541 2859
7496 2868
7533 2965
7587 3072
7668 3096
7714 3148
7686 3189
7682 3203
7729 3020
7740 2984
7681 2931
7678 2815
7716 2757
7808 2745
7805 2841
7781 2857
7904 2875
7925 2914
7859 2936
7888 3015
7874 3119
7981 3131
7998 3076
8093 3074
8076 3129
8134 3114
8142 3032
8212 2991
8240 3066
8327 3064
8316 2997
8290 3136
8291 3204
8348 3176
8374 3250
8412 3292
8439 3378
8555 3344
8629 3390
8644 3422
8714 3412
8721 3317
8624 3285
8664 3177
8736 3185
8804 3184
8823 3220
8784 3230
8976 3211
8936 3147
8997 3045
9092 3035
9112 3099
9072 3118
9127 3161
9085 3208
9167 3276
9144 3388
9181 3401
9229 3419
9249 3341
9316 3336
9296 3291
9419 3300
9480 3302
9513 3277
9522 3321
9512 3405
9438 3439
9395 3527
9351 3489
9264 3582
9190 3570
9205 3639
9089 3657
9101 3689
9014 3719
8987 3765
8988 3801
9023 3864
9008 3907
8955 3956
8811 3962
8798 3919
8748 3835
8692 3867
8659 3771
8768 3742
8891 3736
8903 3656
8871 3654
8865 3556
8940 3598
8943 3437
9004 3408
9019 3307
8962 3320
8852 3379
8815 3458
8766 3589
8718 3614
8667 3621
8665 3591
8340 3669
8299 3647
8144 3648
8048 3682
8063 3579
7960 3569
7964 3278
8015 3247
8129 3214
8195 3338
8229 3392
8234 3438
8314 3308
8511 3226
8465 3128
8526 3070
8566 3107
8669 3039
8680 2943
8741 2900
8779 2921
8801 2852
8832 2793
8790 2772
8819 2684
8808 2600
8745 2583
8704 2656
8656 2719
8626 2694
8589 2703
8580 2641
8632 2589
8545 2547
8455 2545
8435 2456
8438 2366
8507 2335
8517 2406
8628 2411
8693 2347
8743 2344
8769 2407
8858 2499
8906 2474
8984 2517
9021 2558
8975 2623
8946 2709
9058 2672
9062 2759
9130 2760
9178 2828
9224 2886
9309 2854
9335 2951
9294 2979
9305 3043
9257 3050
9228 3172
9345 3126
9387 3245
9537 3162
9488 3102
9449 3010
9484 2968
9520 2975
9583 3003
9610 2946
9526 2887
9432 2874
9506 2796
9415 2727
9315 2701
9326 2671
9284 2681
9202 2705
9192 2619
9218 2588
9166 2582
9168 2492
9258 2461
9301 2444
9403 2436
9420 2312
9354 2307
9356 2291
9365 2160
9289 2201
9232 2133
9173 2179
9115 2254
9106 2353
9057 2389
9086 2432
9016 2289
8991 2305
8993 2239
9032 2107
9030 2096
9119 2080
9098 1974
9134 1913
9048 1885
8972 1889
8854 1878
8831 1945
8771 1902
8713 1842
8620 1888
8617 1957
8575 1929
8532 1864
8479 1906
8447 1818
8406 1741
8380 1762
8350 1846
8233 1826
8239 1788
8082 1760
8023 1823
7943 1394
7894 1352
7871 1298
7909 1267
7933 1163
7926 1089
7854 1118
8016 1154
8066 1223
8054 1333
8130 1390
8172 1419
8288 1472
8558 1600
8596 1630
8603 1638
8606 1738
8543 1719
8501 2044
8426 2021
8480 2122
8571 2155
8613 2132
8676 2031
8789 2085
8860 2094
8902 2104
8912 2090
8876 2171
8796 2193
8749 2238
8638 2286
8570 2255
8469 2274
8318 2215
8261 2265
8217 2394
8223 2448
8176 2483
8128 2552
8126 2676
8064 2699
8069 2758
8105 2834
8101 2908
8053 2898
8014 2944
7955 2751
7973 2606
7947 2543
7900 2512
7852 2500
7792 2493
7701 2533
7667 2467
7571 2468
7570 2350
7625 2352
7732 2315
7751 2246
7685 2249
7704 2137
7655 2127
7611 2098
7596 2146
7590 2209
7542 2091
7508 1975
7755 2089
7834 2348
7920 2361
7940 2414
8025 2396
8004 2473
8017 2515
7881 2607
7722 2643
7673 2624
7647 2592
7648 2707
8192 2746
8244 2755
8275 2682
8334 2636
8363 2581
8427 2627
8454 2734
8366 2716
8395 2817
8420 2819
8284 2825
8286 2521
8307 2416
8326 2393
8159 2370
8888 2342
8848 2299
8909 1976
8961 1747
9031 1730
8999 1696
9053 1613
9050 1540
9138 1579
9114 1666
9170 1750
9240 1710
9243 1593
9295 1605
9310 1577
9344 1619
9424 1671
9429 1718
9381 1724
9337 1839
9293 1850
9333 1946
9251 1956
9252 2010
9307 2017
9444 1966
9470 2072
9503 2070
9544 2130
9478 2183
9482 2263
9538 2245
9547 2399
9594 2415
9623 2430
9655 2520
9599 2569
9479 2551
9376 2554
9451 2637
9575 2685
9648 2669
9692 2777
9720 2766
9730 2803
9642 2833
9746 2961
9829 2958
9811 3049
9754 3090
9699 3078
9724 3158
9651 3183
9706 3253
9613 3274
9629 3345
9622 3443
9592 3503
9628 3599
9626 3670
9554 3653
9472 3679
9487 3726
9510 3754
9548 3834
9556 3924
9624 3890
9710 3896
9733 3963
9830 3981
9876 4040
9978 4072
9980 3884
9929 3921
9943 3797
9846 3793
9845 3838
9702 3789
9684 3745
9774 3650
9801 3634
9799 3596
9858 3566
9956 3580
9931 3699
9946 3416
9960 3356
9911 3256
9868 3289
9832 3324
9820 3481
9721 3470
9723 3394
9865 3112
9905 3055
9928 3165
9962 2967
9919 2899
9864 2813
9896 2738
9914 2704
9983 2693
9948 2584
9867 2585
9890 2621
9758 2602
9741 2550
9726 2486
9810 2418
9805 2317
9716 2313
9695 2326
9693 2228
9674 2197
9739 2257
9855 2266
9938 2214
9964 2141
9993 2086
9992 1950
9869 1876
9778 1867
9762 1940
9812 1971
9836 2005
9740 2003
9663 2019
9698 1917
9632 1849
9580 1824
9565 1770
9553 1699
9672 1723
9712 1744
9798 1667
9852 1653
9851 1514
9921 1507
9901 1467
9910 1344
9848 1358
9807 1428
9737 1445
9731 1311
9673 1359
9678 1249
9686 1146
9708 1109
9786 1099
9818 1072
9795 946
9891 964
9898 895
9994 925
9991 831
9972 704
9925 606
9874 633
9893 503
9841 469
9719 463
9664 434
9670 340
9711 306
9715 247
9661 259
9533 270
9483 260
9455 325
9558 357
9552 497
9617 570
9595 599
9535 636
9467 634
9414 580
9412 471
9341 353
9312 276
9281 289
9209 335
9196 345
9077 320
9027 292
9028 200
8970 221
8937 190
8846 206
8755 219
8662 210
8661 112
8612 74
8705 57
8780 116
8880 130
8901 19
8899 4
9068 39
9199 12
9186 127
9282 102
9276 68
9352 38
9348 121
9404 194
9460 47
9514 63
9555 125
9627 105
9641 17
9707 29
9837 49
9923 95
9971 147
9853 166
9790 157
9835 279
9904 342
9895 371
9986 422
9995 554
9748 526
9700 604
9742 671
9773 796
9755 861
9669 815
9589 837
9564 934
9481 951
9391 935
9434 846
9369 801
9332 760
9450 742
9525 706
9608 730
9665 959
9690 1004
9597 1088
9582 1180
9495 1167
9459 1083
9468 1273
9469 1347
9570 1329
9542 1295
9388 1308
9380 1413
9421 1510
9454 1489
9585 1482
9618 1486
9566 1543
9650 1564
9634 1635
9800 1561
9988 1608
9959 1776
9932 1808
9840 1794
9808 2110
9749 2109
9563 1907
9453 1822
9110 1820
9300 1487
8826 1318
8621 1062
8389 1098
8264 1086
8297 995
8324 907
8320 874
8298 847
8285 752
8385 769
8436 811
8476 790
8418 657
8317 665
8300 625
8175 627
8143 725
8052 765
8056 609
8095 550
8131 466
8060 436
7999 438
8030 365
8141 375
8080 293
8161 243
8211 10
8338 8
8421 45
8525 50
8521 173
8475 134
8484 245
8481 308
8456 424
8598 255
8862 332
8952 327
9159 237
9355 637
9211 894
9863 772
9951 1049
9934 1172
9883 1188
9834 1229
9794 1240
9926 1266
9977 287
8197 511
7954 543
7946 601
7850 647
7746 622
7708 573
7665 523
7537 517
7552 447
7603 428
7518 368
7441 343
7487 285
7391 426
7447 484
7483 551
7333 506
7213 564
7151 658
7284 660
7341 682
7314 754
7360 807
7339 904
6989 747
6958 670
6846 661
6764 678
6784 702
6770 808
6851 780
6886 591
6910 514
6971 454
6986 391
7033 423
7072 363
7086 224
7115 211
7027 188
6995 209
6939 179
6891 139
6875 84
6751 80
6723 138
6658 43
6589 87
6484 5
6309 83
6323 131
6280 183
6214 223
6159 252
6129 319
6062 376
6014 429
6158 420
6239 398
6234 449
6137 510
6044 208
6079 101
6093 28
6157 44
6213 88
6200 122
6444 373
6765 387
6758 402
6844 404
6833 304
6797 235
6863 212
7000 100
7094 98
7183 93
7188 114
7239 128
7231 15
6726 572
6792 983
6349 1271
6319 1319
6240 1313
6187 1334
6077 1342
6114 1252
6169 1185
6260 1241
6223 1423
6136 1421
6308 1437
6536 1669
6554 1733
6679 1701
6675 1695
6704 1692
5851 1651
5740 1797
5625 1787
5624 1870
5678 1947
5725 1910
5782 1900
5704 2073
5705 2125
5635 2176
5560 2150
5508 2074
5523 1989
5494 1962
5483 1830
5518 1832
5364 1815
5363 1792
5415 1756
5352 1664
5378 1597
5459 1571
5507 1545
5503 1614
5486 1624
5575 1709
5627 2012
5610 2259
5544 2276
5509 2306
5462 2322
5434 2491
5443 2557
5511 2570
5533 2633
5430 2629
5372 2537
5357 2428
5279 2462
5578 2488
5608 2497
5644 2591
5654 2652
5628 2785
5548 2778
5495 2792
5719 2753
5737 2832
5700 2894
5797 2911
5811 2959
5843 3007
5932 3062
5970 3127
5900 3154
6041 3167
6109 3166
6124 3213
6081 3268
5739 3109
5761 3073
6246 2767
6714 2723
6460 3459
6457 3518
6973 3609
7112 3602
7083 3681
7093 3713
7157 3701
7258 3697
7264 3761
7227 3813
7143 3840
7079 3807
6977 3758
6864 3774
7009 3971
7052 4006
7091 4111
7171 4061
7185 3990
7203 3952
7182 4198
7376 4260
7545 4277
7581 4306
7811 4166
7892 4214
7917 4257
7922 4145
7896 4080
7906 4064
8047 4045
8099 3977
8155 3983
8146 4012
8204 3938
8180 3882
8276 3863
8258 3770
8178 3766
8071 3782
8059 3875
7988 3950
8049 4176
8132 4149
8077 4262
8062 4372
8133 4371
8154 4425
8096 4419
7984 4355
7912 4487
8001 4707
7822 4879
7779 5070
7608 5027
7616 5133
7566 5106
7565 5223
7458 5209
7405 5155
7396 5060
7482 5061
7510 5007
7526 4973
7498 4904
7365 4952
7297 5004
7233 4959
7106 4961
7084 4941
7087 4843
7104 4850
7156 5075
7023 5082
7010 5134
6966 5091
6874 5119
6950 5199
6980 5261
7058 5229
7288 5107
7276 5576
7247 5618
7310 5671
7268 5747
7315 5787
7444 5797
7472 5805
7529 5854
7606 5853
7544 5586
7290 6130
7302 6183
7275 6259
7370 6240
7140 6232
7144 6138
7050 6134
7082 6070
6945 6056
6962 5996
6847 6034
6802 5999
6771 6002
6718 6000
6691 5945
6669 6088
6697 6136
6703 6159
6656 6261
6755 6309
6791 6230
6819 6250
6882 6169
6937 6162
6972 6279
7056 6292
7098 6343
7120 6356
7132 6450
7068 6454
7048 6546
6994 6574
6959 6620
6888 6648
6850 6748
6978 6743
7015 6700
7049 6763
7041 6823
6991 6875
6879 6862
6855 6914
6775 6928
6693 6903
6641 6852
6637 6762
6571 6715
6560 6631
6545 6580
6455 6634
6458 6704
6346 6711
6293 6682
6301 6616
6334 6589
6267 6564
6287 6413
6344 6459
6335 6353
6258 6337
6172 6388
6141 6407
6068 6357
6142 6047
6391 6205
6466 6150
6525 6188
6505 6256
6481 6282
6465 6367
6523 6383
6609 6382
6629 6441
6731 6449
6685 6521
6738 6585
6742 6656
6642 6629
6736 6781
6766 6808
6509 6843
6533 6908
6453 6939
6398 6991
6295 6982
6211 7030
6170 7044
6150 6924
6179 6866
6259 6871
6345 6856
6404 6809
6227 6779
6029 6806
5996 6867
5927 6943
5880 6965
5928 7056
5849 7096
5798 7033
5710 6975
5677 6938
5723 6889
5824 6842
5749 6752
5687 6613
5573 6582
5568 6969
5566 7061
5580 7135
5613 7147
5603 7230
5716 7207
5729 7180
5816 7194
5878 7209
5951 7248
5967 7163
6024 7100
6082 7137
6139 7158
6127 7229
6094 7269
6252 7110
6327 7181
6412 7149
6427 7076
6377 7088
6529 7063
6662 7024
6889 7193
6853 7257
6912 7289
7003 7291
7077 7313
7121 7222
7137 7116
7074 7122
7256 7393
7293 7478
7336 7455
7311 7555
7317 7667
7412 7662
7462 7713
7400 7795
7393 7847
7486 7838
7550 7813
7562 7794
7568 7641
7524 7538
7453 7563
7489 7417
7555 7423
7456 7359
7356 7322
7222 7586
7215 7640
7265 7741
7235 7828
7210 7915
7178 7900
7136 7980
7081 8063
7111 8141
7030 8148
6976 8166
6948 8084
6900 8222
6923 8292
6925 8302
7032 8358
7073 8403
7130 8423
7212 8378
7191 8344
7221 8264
7169 8247
7059 8259
7252 8180
7192 8066
7280 8023
7334 8020
7321 7987
7502 8013
7499 7938
7421 8096
7694 8125
7735 8127
7769 8092
7806 8081
7910 8085
7890 8150
7919 8198
7961 8242
8018 8314
8000 8366
8029 8172
8065 8203
7833 8204
7782 7985
7754 8470
7690 8490
7598 8455
7474 8442
7323 8488
7329 8527
7289 8580
7270 8673
7350 8694
7433 8683
7443 8741
7427 8815
7328 8788
7319 8838
7250 8897
7199 8923
7168 8859
7242 8767
7127 8705
7166 8612
7164 8561
7042 8534
6998 8547
6877 8802
6830 8760
6857 8911
6949 8978
6965 9245
6724 9142
6894 9560
6903 9571
6981 9758
7006 9815
7051 9789
7103 9836
7039 9906
6964 9928
6929 9842
6892 9848
6839 9918
6796 9897
6773 9914
6690 9948
6574 9920
6568 9843
6628 9830
6507 9755
6488 9746
6407 9831
6366 9817
6305 9786
6285 9732
6245 9844
6283 9921
6399 9947
6417 9941
6174 9969
6073 9975
5908 9979
5872 9955
5815 9900
5767 9917
5685 9907
5680 9863
5753 9819
5768 9767
5840 9747
5838 9608
5881 9584
5911 9521
5906 9461
5893 9383
5980 9377
6015 9320
5929 9297
5822 9257
5724 9279
5715 9331
5649 9351
5619 9457
5553 9477
5565 9549
5676 9553
5702 9563
5777 9622
5769 9494
5839 9487
6071 9421
6100 9569
6160 9631
6046 9679
5990 9708
5961 9673
6026 9800
6028 9821
6131 9828
6128 9787
5933 9867
5692 9740
5567 9728
5571 9806
5477 9811
5418 9902
5391 9919
5323 9861
5234 9869
5161 9871
5168 9977
5087 9988
4929 9968
4847 9976
4758 9944
4728 9885
4659 9857
4616 9762
4587 9743
4495 9783
4516 9838
4485 9852
4465 10000
4400 9956
4269 9938
4323 9864
4376 9779
4359 9611
4395 9534
4421 9548
4440 9644
4535 9658
4639 9661
4647 9588
4600 9555
4557 9492
4650 9488
4743 9451
4755 9566
4834 9572
4832 9609
4776 9660
4760 9799
4813 9829
4856 9769
4940 9775
5018 9791
5056 9803
4997 9697
5002 9612
5043 9518
5050 9480
4986 9463
4912 9503
4846 9407
4876 9367
4935 9353
4921 9289
5035 9306
5039 9209
5004 9150
5151 9193
5133 9247
5257 9252
5239 9327
5306 9332
5291 9413
5325 9467
5408 9482
5448 9547
5376 9599
5341 9636
5249 9664
5214 9591
5182 9620
5186 9710
5298 9768
5387 9729
5432 9704
5474 9657
5515 9638
5611 9677
5584 9935
5260 9931
4934 9875
4686 9986
4562 9987
4441 9430
4397 9455
4284 9474
4158 9473
4123 9172
4003 9171
3989 9197
3923 9220
3885 9299
3909 9354
4038 9254
4023 9077
3993 9035
4068 8995
4079 8877
4199 8927
4164 9065
3832 9070
3743 9101
3756 9015
3790 8921
3823 8934
3941 8939
3803 9180
3796 9212
3659 9154
3639 9095
3593 9057
3475 9305
3437 9296
3644 9447
3681 9533
3585 9610
3835 9833
4583 9181
4762 9230
4806 9265
5150 9100
5237 9130
5241 9017
5233 8937
5179 8925
5188 8898
5201 8816
5218 8701
5154 8682
5145 8736
5322 8754
5404 8832
5431 8905
5359 8888
5343 8942
5342 9086
5375 9188
5379 9281
5416 9352
5506 9389
5498 9214
5558 9218
5563 9200
5617 9210
5631 9109
5679 9034
5720 9040
5773 8955
5879 8973
5918 8986
5848 9028
5905 9112
5866 9179
5794 9121
5973 9063
6069 9074
6059 9118
6126 9044
6110 8979
6064 8975
5953 8852
5850 8846
5833 8795
5813 8700
5915 8744
5730 8780
5727 8860
5696 8863
5648 8922
5593 8880
5521 8933
5529 9039
5493 9108
5451 9010
5643 8776
5757 8606
5744 8514
5801 8519
5779 8453
5861 8444
5796 8357
5632 8433
6099 8438
6105 8446
6152 8513
6435 8497
6476 8528
6512 8573
6463 8603
6531 8642
6180 9198
6177 9208
6212 9235
6098 9223
5199 9388
5171 9439
5117 9550
4630 8806
4738 8509
5301 7698
5271 7294
5228 7331
5492 7077
5661 7051
6061 6954
6431 6535
6456 6448
6511 6460
6841 6508
6890 6419
6933 6412
6921 6373
6881 6376
7237 6381
7238 6444
7135 6527
7196 6642
7553 6953
7669 6927
7697 6887
7727 6955
7739 7013
7675 7545
7654 8582
7577 8583
7595 8601
7653 8691
7657 8765
7594 8749
7725 8745
7753 8655
7814 8616
7809 8544
7800 8543
7878 8755
7957 8766
7982 8693
8002 8696
8026 8799
8044 8811
8138 8843
8119 8910
8055 8965
7996 9003
8010 9072
7958 9165
7969 9274
8028 9284
8032 9347
7963 9365
7842 9374
7765 9378
7778 9416
7670 9417
7679 9542
7756 9514
7895 9493
7956 9500
7997 9535
8007 9576
8094 9603
8113 9643
8123 9564
8121 9392
8160 9411
8222 9420
8214 9391
8335 9313
8319 9234
8295 9236
8333 9173
8441 9157
8509 9153
8472 9239
8588 9215
8673 9206
8686 9189
8709 9122
8772 9098
8837 9075
8851 8949
8920 8930
8968 9002
9044 8901
9035 8823
8994 8835
8974 8721
8917 8688
9013 8654
9078 8710
9145 8692
9156 8739
9235 8731
9204 8668
9225 8589
9306 8598
9357 8639
9349 8742
9359 8822
9291 8825
9272 8920
9370 8954
9431 8915
9475 8884
9543 8899
9643 8906
9658 8854
9722 8876
9759 8903
9861 8870
9944 8875
9939 8800
9927 8620
9947 8570
9828 8529
9701 8535
9688 8592
9681 8604
9743 8689
9750 8715
9817 8718
9826 8697
9604 8768
9581 8758
9540 8681
9486 8651
9499 8577
9536 8587
9569 8406
9621 8422
9649 8391
9638 8274
9598 8234
9571 8200
9493 8199
9402 8219
9378 8215
9384 8346
9413 8330
9505 8348
9426 8435
9347 8461
9256 8447
9266 8387
9174 8354
9125 8260
9248 8252
9242 8157
9182 8152
9172 8091
9210 8018
9234 7935
9188 7892
9255 7829
9253 7797
9189 7736
9117 7639
9103 7556
9080 7518
9135 7473
9213 7534
9287 7612
9363 7581
9436 7573
9485 7603
9515 7666
9609 7663
9697 7719
9803 7700
9791 7767
9879 7786
9912 7733
9913 7644
9814 7551
9806 7499
9709 7494
9676 7451
9633 7527
9568 7526
9550 7458
9497 7412
9524 7344
9528 7241
9607 7239
9647 7164
9572 7151
9587 7045
9675 7035
9679 6962
9780 6995
9824 7012
9918 6972
9884 6930
9885 6817
9850 6764
9842 6673
9787 6683
9767 6703
9656 6708
9559 6685
9496 6666
9500 6722
9519 6758
9574 6882
9631 6857
9772 6834
9961 6797
9974 6878
9969 7027
9970 7183
9945 7300
9857 7275
9888 7377
9902 7371
9990 7487
10000 7523
9764 7572
9747 7608
9784 7886
9782 7957
9827 7996
9886 8027
9958 8017
9916 7966
9900 7856
9979 7802
9903 8114
9873 8181
9880 8230
9917 8212
9761 8218
9756 8155
9660 8173
9644 8070
9541 8039
9464 8012
9439 7926
9471 7889
9397 7883
9379 7948
9343 8038
9342 8109
9137 7982
9075 8002
9073 7961
8971 7901
8995 7845
9017 7836
9015 7742
9010 7629
8948 7647
8918 7704
8844 7725
8883 7811
8817 7991
8786 8072
8840 8098
8886 8101
8919 8044
8982 8118
9026 8153
8981 8235
9012 8289
9047 8331
8923 8320
8892 8286
8841 8364
8788 8347
8802 8443
8758 8480
8799 8568
8805 8662
8806 8708
8761 8699
8746 8783
8697 8831
8726 8928
8767 8890
8818 8826
8643 8709
8523 8729
8457 8756
8487 8801
8502 8864
8423 8944
8397 8948
8371 9036
8414 9059
8593 9041
8618 8985
8585 8957
8654 9089
8803 9199
8885 9263
8942 9228
8935 9182
9002 9203
9051 9183
9122 9224
9261 9207
9259 9126
9180 9123
9201 9080
9171 9031
9128 8941
9132 8858
9093 9090
9320 9061
9368 9116
9422 9192
9401 9283
9324 9300
9367 9395
9374 9459
9353 9528
9423 9520
9386 9630
9298 9655
9278 9556
9153 9537
9097 9577
9100 9667
9136 9633
9207 9720
9185 9750
9064 9797
9006 9884
9024 9960
8983 9994
9152 9971
9133 9891
9214 9895
9285 9926
9330 9909
9360 9854
9406 9937
9400 9763
9465 9793
9490 9824
9532 9866
9584 9796
9630 9841
9620 9945
9596 9925
9714 9949
9823 9896
9894 9913
9936 9951
9999 9846
9965 9771
9887 9738
9854 9684
9757 9725
9705 9695
9694 9699
9668 9705
9646 9551
9751 9522
9771 9476
9844 9462
9862 9546
9933 9506
9922 9490
9906 9343
9860 9322
9937 9291
9875 9202
9813 9119
9802 9096
9779 9032
9882 8970
9966 8967
9998 9030
9996 9177
9717 9158
9677 9195
9685 9232
9727 9225
9729 9326
9689 9348
9667 9410
9549 9432
9492 9414
9477 9382
9530 9302
9534 9280
9593 9145
9611 9097
9567 9038
9578 8988
9466 9004
9445 8762
9108 8508
9104 8473
9096 8478
9038 8512
8947 8507
8934 8460
8881 8539
8678 8558
8607 8602
8587 8585
8573 8623
8444 8637
8379 8650
8357 8719
8377 8821
8293 8857
8273 8773
8270 8943
8206 9093
8183 9092
8231 9138
8139 9175
8087 9140
8115 9287
8036 9465
7860 9598
7846 9652
7797 9648
7771 9702
7656 9706
7632 9681
7597 9694
7548 9744
7527 9886
7509 9965
7495 9961
7623 9953
7624 9899
7758 9923
7810 9882
7830 9780
7734 9835
7967 9813
8013 9753
8083 9807
8191 9785
8190 9870
8209 9883
8238 9929
8329 9888
8388 9939
8505 9952
8497 9915
8459 9826
8496 9739
8538 9719
8553 9668
8544 9589
8610 9532
8663 9605
8722 9616
8757 9530
8809 9509
8889 9483
8915 9498
8990 9570
8973 9692
8928 9752
8926 9822
8866 9894
8874 9905
8763 9981
8614 9973
8641 9881
8569 9859
8720 9860
8650 9781
8791 9754
8835 9730
8856 9693
8838 9316
8730 9292
8750 9393
8719 9423
8684 9370
8601 9409
8563 9375
8533 9428
8396 9440
8407 9454
8399 9531
8462 9544
8433 9649
8309 9614
8277 9592
8278 9715
8205 9696
8370 9748
8432 9373
8964 9339
9003 9376
9036 9458
9193 9472
9238 9444
9254 9385
9177 9363
9507 9597
9508 9670
9494 9676
9797 9810
9984 9650
9942 8404
9953 8380
9889 8451
9763 8441
9765 8377
9839 8339
9783 8062
9680 7962
9619 7887
9516 7950
9518 7803
9561 7762
9417 7726
9377 7752
9331 7681
9329 7491
9299 7467
9323 7316
9334 7278
9274 7285
9246 7304
9165 7341
9082 7349
9095 7276
9149 7234
9197 7170
9275 7167
9273 7094
9164 7074
9091 7079
9094 6961
9126 6931
9071 6892
8958 6846
8877 6833
8797 6801
8773 6798
8687 6829
8649 6909
8557 6904
8567 6837
8531 6791
8474 6745
8499 6671
8548 6615
8535 6599
8404 6597
8378 6557
8408 6479
8392 6405
8485 6379
8554 6387
8583 6427
8679 6410
8729 6396
8695 6345
8675 6278
8753 6255
8864 6246
8908 6244
8910 6154
8897 6111
8895 6073
8913 6083
9022 6081
9041 6165
9033 6219
9102 6196
9107 6251
9150 6303
9212 6397
9198 6431
9241 6452
9325 6507
9393 6472
9428 6509
9462 6433
9509 6401
9557 6354
9654 6378
9612 6424
9601 6590
9579 6598
9614 6623
9738 6533
9781 6464
9849 6487
9950 6478
9975 6594
9897 6588
9989 6668
9981 6300
9908 6359
9856 6277
9816 6308
9796 6316
9785 6242
9788 6116
9831 6108
9838 6067
9777 6052
9645 6027
9605 6102
9573 6168
9539 6248
9657 6225
9446 6189
9385 6152
9362 6068
9283 6031
9151 6030
9123 5941
9083 5933
9079 5802
9109 5803
9088 5744
9118 5718
9142 5688
9000 5734
8960 5846
8853 5850
8857 5776
8814 5685
8744 5687
8702 5756
8782 5839
8783 5916
8859 5922
8905 5970
8677 5985
8696 6050
8703 6149
8640 6160
8552 6239
8482 6298
8354 6285
8376 6174
8428 6195
8504 6114
8508 6021
8488 6026
8373 5997
8365 6062
8221 6269
8271 6730
8331 6733
8349 6692
8604 6689
8699 6710
8764 6608
8735 6565
8645 6550
8707 6486
8821 6586
8822 6659
8916 6636
8900 6734
8992 6723
9084 6736
9076 6661
9141 6707
9175 6697
9230 6714
9304 6690
9319 6765
9269 6804
9179 6839
9223 6941
9318 6936
9382 6880
9409 6859
9430 6970
9527 6964
9441 7087
9389 7078
9416 7157
9364 7184
9456 7287
9411 7357
9602 7388
9732 7303
9718 7283
9745 7129
9735 7058
9825 7153
9001 7113
8977 7098
8950 7136
8978 7212
8967 7328
8921 7404
8884 7381
8868 7435
8894 7566
8945 7549
8836 7607
8793 7625
9018 7406
8924 6974
8833 7025
8820 6915
8800 6933
8979 6553
9039 6520
9005 6485
8985 6414
9029 6384
8907 6372
8870 6430
8829 6318
8756 6096
9217 6107
9226 6212
9308 6209
9410 6266
9427 6313
9394 6341
9268 6567
9215 6610
9187 6584
9222 5920
9239 5889
9339 5865
9390 5919
9458 5954
9521 5943
9546 5879
9637 5900
9671 5917
9736 5913
9744 5834
9770 5763
9819 5804
9822 5720
9881 5649
9963 5603
9941 5553
9899 5512
9987 5456
9967 5323
9952 5255
9892 5295
9877 5344
9833 5405
9760 5397
9775 5432
9682 5465
9590 5464
9600 5611
9653 5600
9687 5616
9703 5658
9635 5725
9577 5768
9463 5703
9448 5614
9392 5623
9321 5596
9271 5622
9267 5775
9350 5742
9407 5813
9461 6051
9531 6077
9976 6126
9997 6048
9955 5991
9866 5909
9935 5810
9985 5705
9789 5598
9523 5566
9437 5544
9447 5489
9396 5462
9425 5372
9529 5365
9696 5348
9776 5250
9768 5181
9843 5176
9878 5089
9924 5093
9949 5152
9474 5076
9517 5021
9501 4995
9491 4906
9408 4887
9398 4996
9336 5016
9290 5062
9163 5063
9216 5137
9194 5162
9227 5248
9200 5292
9111 5337
9054 5307
8966 5283
8904 5359
8834 5346
8734 5311
8765 5273
8849 5204
8845 5172
8929 5151
8882 5073
8893 4948
8939 4939
9007 4935
9049 4886
9034 4800
8931 4819
8914 4785
8816 4839
8813 4725
8850 4683
8953 4665
8963 4552
8872 4559
8878 4479
8792 4478
8824 4370
8933 4410
8965 4395
8932 4296
9011 4270
9052 4307
9043 4452
9066 4541
9069 4606
9148 4636
9176 4719
9233 4743
9279 4695
9361 4682
9440 4655
9433 4585
9358 4561
9313 4491
9237 4543
9161 4531
9203 4471
9155 4417
9124 4392
9220 4338
9262 4148
9263 4041
9340 4078
9375 4112
9442 4141
9489 4044
9435 3998
9383 3948
9297 3931
9270 3877
9303 3825
9338 3777
9286 3747
9372 3688
9457 3576
9473 3878
9591 4002
9616 3993
9652 4010
9704 4052
9545 4336
9588 4523
9562 4689
9504 4721
9476 4734
9511 4821
9371 4793
9327 4832
9265 4892
9219 4917
9113 4923
9157 4815
9020 5023
8996 5035
9045 5186
9081 5207
9065 5439
9120 5453
8956 5463
8655 5386
8708 5105
8674 5045
8685 4997
8594 5011
8576 4986
8578 4826
8602 4783
8595 4731
8672 4691
8737 4763
8716 4867
8623 4856
8493 4797
8430 4877
8422 4915
8446 4680
8387 4690
8539 4601
8562 4588
8619 4576
8752 4597
8770 4617
8492 4524
8530 3891
8689 4015
8711 4046
8863 3805
9154 3767
9183 3851
9184 3930
9121 4071
9070 3543
9074 2953
9147 2982
9060 2845
8930 2895
8944 2926
8867 2989
8810 3031
8760 3023
8671 2846
8584 2882
8516 2912
8467 2956
8489 3008
9221 2318
9930 2364
9973 2480
8405 933
8177 852
8005 1036
7872 1439
7618 1453
7591 1450
7546 1555
7807 555
5882 877
5596 840
5574 799
5630 778
5429 818
5392 843
5402 744
5384 669
5307 743
5299 953
5351 982
5396 1042
5282 1081
5319 1142
5245 1174
5266 1202
5138 1210
5136 1103
5146 1031
5200 943
5230 900
5440 919
5667 1069
5612 1175
5577 1178
5554 1262
5520 1366
5487 1346
5652 1360
5709 1336
5670 1286
5717 1217
5413 1459
5386 1485
5292 1551
5099 1511
5015 1475
4974 1436
4924 1533
4883 1575
4862 1652
4861 1703
4939 1686
4964 1772
5076 1848
5362 1918
4750 1988
4707 1866
4710 1773
4662 1716
4680 1665
4701 1629
4610 1548
4524 1531
4513 1479
4479 1444
4444 1339
4436 1237
4412 1186
4371 1207
4549 1330
4517 1623
4471 1596
4388 1592
4409 1655
4454 1706
4534 1711
4617 1836
4584 1877
4622 1921
4593 2036
4629 2066
4696 2162
4505 2112
4469 2062
4366 2046
4307 2111
4257 2144
4285 2204
4311 2252
4489 2227
4453 2165
4443 1959
4445 1875
4365 1879
4385 1915
4334 1784
4253 1757
4286 1687
4316 1689
4221 2026
4197 2050
4139 2106
4100 2123
4041 2052
3622 1951
4532 1995
4564 2808
4498 2872
4474 2905
4279 3013
4118 3085
4078 3052
4063 2971
3985 2948
3973 3002
3954 4121
3895 4204
3998 4288
4008 4294
4034 4322
3994 4366
4024 4403
4104 4381
4138 4422
4125 4555
4225 4570
4212 4681
4162 4642
4377 4613
4231 4299
4004 4504
3942 4463
3876 4493
3844 4563
3905 4580
3787 4590
3773 4622
3632 4667
3598 4943
3677 4960
3768 4950
3767 4865
3763 5043
3813 5005
3783 5149
3807 5188
3715 5245
3613 5092
3939 5059
3932 5142
2506 5019
2307 5169
2246 5201
2218 5189
2192 5225
2171 5170
2118 5085
2076 5046
2061 5120
1950 5144
1949 5057
1925 4945
1844 4912
1795 4907
1854 5010
1887 5233
1936 5256
1951 5306
2010 5370
1968 5423
2057 5483
2096 5504
2194 5523
2191 5457
2250 5482
2264 5547
2334 5534
2449 5521
2424 5438
2393 5420
2369 5339
2362 5294
2237 5385
2121 5305
2038 5249
2029 5781
1943 5759
1888 5733
1883 5679
1972 5866
2074 5845
2257 5701
2265 5641
2450 6008
2575 6327
2069 6688
2058 6749
2184 7228
2043 7986
1975 7976
1990 8045
2003 8037
2005 8169
1915 8183
1931 8210
1858 8137
2193 8250
2291 8253
2358 8241
2324 8687
2340 8763
2298 8772
2277 8856
2346 8844
2267 9085
2255 9164
2226 9267
1989 9194
2120 9012
2149 9646
2188 9713
2223 9772
2179 9989
1718 9502
1648 9515
1595 9478
1601 9448
1552 9501
849 9554
729 9526
702 9485
658 9431
651 9387
646 9536
673 9615
709 9613
784 9865
837 9834
867 9784
832 9927
740 9993
1002 9933
998 9916
1052 9890
957 9872
1025 9731
516 9345
463 9304
73 9621
95 8958
31 8896
12 8797
6 8128
13 8093
150 8053
142 7984
49 7941
64 7835
107 7833
94 7715
147 7731
146 7690
65 7661
127 7589
96 7536
140 7462
158 7375
225 7345
283 7402
306 7500
372 7513
465 7535
461 7618
531 7584
544 7671
555 7702
471 7745
322 7746
242 7782
262 7827
252 7933
292 8003
351 8082
357 8105
287 8145
324 8209
404 8232
434 8151
189 8129
116 8201
267 7602
259 7571
319 7614
634 7590
630 7243
712 7233
742 7161
817 7141
831 7202
853 7086
631 7103
620 7047
539 7057
520 7176
456 7148
388 7175
405 7213
534 7280
762 7362
893 7728
956 7820
950 8594
929 8614
1006 8666
997 8786
917 8819
1041 8559
1137 7120
1072 6818
855 6824
875 6769
759 6767
686 6725
713 6679
737 6575
733 6489
681 6531
639 6602
594 6504
537 6488
487 6496
481 6543
347 6523
281 6528
284 6423
289 6335
290 6271
392 6296
399 6324
401 6340
515 6358
508 6265
450 6201
217 6147
155 6146
161 6078
212 6069
257 5967
200 5918
261 5842
224 5740
114 5714
128 5662
106 5570
71 5550
16 5601
56 5728
120 5801
89 5836
57 5973
58 6022
5 6179
111 6218
84 6249
104 6374
41 6362
153 6402
4 6481
24 6619
74 6573
121 6600
109 6686
166 6702
234 6654
308 6643
316 6720
286 6754
272 6860
344 6840
468 6757
453 6675
523 6684
595 6705
615 6406
632 6380
370 6466
143 6807
137 6913
8 6816
46 6755
81 7306
2 7457
532 5915
562 5881
619 5873
629 5931
769 5901
797 5857
814 5849
810 5782
985 5795
1057 5828
1080 5750
1114 5706
1104 5898
1092 5992
1129 6019
1146 5972
1245 5940
1243 5820
1302 5807
1299 5754
1367 5752
1418 5785
1449 5838
1452 5976
1443 6013
1379 6010
1333 5983
1325 6112
1248 6109
1223 6093
1260 6211
1195 6295
1161 6307
1036 6304
1056 6263
1067 6122
1044 6080
919 6058
931 6118
806 6124
792 6087
825 6018
877 5932
924 5923
940 5867
1115 6164
1225 6393
1474 6132
1562 6115
1575 6071
1650 6066
1667 6141
1538 5952
1512 5702
1582 5698
1442 5642
1486 5549
1509 5514
1338 5692
1151 5398
1100 5351
1093 5202
1145 5203
1183 5166
1216 5109
968 5264
44 5271
32 5352
50 5401
102 5424
17 5180
27 4709
80 4666
63 4578
135 4579
130 4609
105 4498
14 4473
25 4382
66 4289
112 4244
139 4135
152 4091
79 4069
23 4124
40 3935
162 3991
243 4102
264 4100
331 4097
326 4120
433 4096
505 4146
494 4193
484 4229
509 4298
478 4404
419 4375
353 4391
349 4477
356 4526
276 4488
201 4529
253 4631
355 4697
424 4727
452 4693
501 4596
477 4551
604 4545
582 4644
557 4454
565 4384
654 4203
314 4256
220 4290
219 4368
174 4357
157 4744
350 5709
2231 4565
2240 4421
2189 4411
2185 4340
2217 4360
2251 4263
2462 4020
2487 3986
2510 3989
2553 4073
2527 3862
2863 3839
2959 3856
2960 3940
3068 3964
3123 3960
3103 3886
3090 3872
3073 3791
3118 3769
3098 3651
3104 3613
3160 3593
3211 3904
3217 4092
3147 4082
3143 4101
3085 4107
3084 4075
2948 3764
2871 3718
2976 3174
2689 3086
2616 3125
2571 3110
2197 1127
2107 1032
2103 968
2080 921
2083 863
1973 887
1957 917
1956 1012
2033 1035
1980 557
1881 595
1764 545
1210 242
1184 264
1196 185
1219 141
1043 178
1046 257
987 266
981 351
1022 360
1028 410
3266 464
4242 461
4258 527
4574 458
4636 486
4656 392
4709 42
4635 3
4408 3837
4432 6287
4378 6314
4497 6348
4519 6347
4682 6325
4759 6339
4780 6267
4784 6417
4865 6385
4887 6437
4954 6429
4972 6389
4961 6570
5057 6561
5082 6672
5140 6630
5202 6694
5227 6709
5121 6746
5062 6766
4999 6719
4911 6658
4803 6628
4811 6551
4745 6540
4673 6545
4670 6426
4537 6794
4546 6810
4805 6838
4820 6785
4902 6864
4886 6902
4908 6937
4053 6946
4028 7021
4044 7131
3958 6932
3980 6826
3890 6851
4084 6858
4073 6751
4143 6744
3654 7564
3696 7682
3730 7675
3778 7717
3667 7720
2722 8372
4925 6004
4941 5986
5157 6171
6537 6095
6782 5840
6804 5762
6848 5896
6941 5860
8527 5798
8777 5039
8795 4990
7392 4031
7318 3618
7277 3578
7362 3521
7259 8413
7425 8591
7388 8916
7445 8999
7437 9045
7361 9053
7369 9144
7436 9187
7575 9160
7605 9170
7576 9268
7626 9308
7660 9244
7724 9266
7720 9191
7843 9216
7815 9120
7865 9081
7770 9049
7747 8953
7689 8917
7652 8839
7536 8893
7530 9000
7523 9033
7666 9084
7820 8918
7793 8881
7831 8814
7929 8847
7938 8936
8157 8703
8117 8656
8220 8611
8237 8579
8272 8456
8321 8496
8367 8550
8486 8552
8579 8475
8615 8431
8635 8359
8597 8356
8666 8276
8652 8194
8781 8176
8754 8254
8424 8185
8437 8424
7257 8993
7229 9005
7501 9337
7528 9442
7567 9507
7485 9505
7468 9637
7322 9990
7251 9999
7195 9983
7868 9980
8045 9995
8147 9996
7992 9908
7913 9701
7934 9674
