2 2
5 5
22 22
24 24
27 27
29 29
42 42
43 43
44 44
45 45
59 59
67 67
68 68
70 70
73 73
74 74
79 79
81 81
82 82
89 108
106 106
113 113
117 117
127 127
138 138
163 116
186 186
202 202
203 203
204 204
210 210
215 215
218 218
233 233
235 235
254 254
261 261
265 282
275 275
280 280
282 265
290 290
295 295
297 297
303 303
307 307
314 314
323 323
326 326
329 329
330 330
336 336
352 352
353 353
359 359
363 363
377 377
399 399
406 406
408 408
419 419
425 425
426 426
460 460
476 476
488 488
493 493
496 496
497 497
499 499
500 500
505 505
509 509
521 521
528 528
540 540
554 554
556 556
560 560
561 561
562 562
566 566
567 567
568 568
571 571
575 575
580 580
585 585
594 594
599 599
602 602
606 606
607 607
612 612
622 622
633 633
642 642
649 649
651 651
656 656
660 660
662 662
686 686
696 696
698 698
703 703
714 714
738 738
747 747
751 730
760 760
761 761
774 780
785 785
786 786
804 804
808 808
815 815
823 823
844 844
849 849
850 850
852 852
854 854
862 862
863 863
874 874
877 877
879 879
893 893
894 894
902 902
914 882
931 851
934 934
941 941
947 947
950 950
955 955
958 958
971 971
981 981
982 982
983 983
987 987
988 988
993 993
1001 1001
1015 1015
1019 1019
1023 1023
1027 1027
1042 1042
1055 1055
1060 1060
1076 1076
1084 1084
1096 1096
1102 1102
1104 1104
1109 1109
1118 1118
1125 1125
1132 1132
1140 1140
1141 1141
1144 1144
1158 1158
1167 1167
1170 1178
1166 1181
1183 1183
1195 1195
1196 1196
1201 1201
1203 1203
1206 1206
1215 1215
1218 1218
1230 1230
1232 1232
1246 1246
1252 1252
1263 1263
1264 1264
1270 1270
1275 1275
1285 1285
1286 1286
1291 1291
1295 1295
1300 1300
1320 1320
1328 1328
1331 1331
1332 1332
1348 1348
1358 1358
1365 1317
1383 1383
1386 1386
1387 1387
1390 1390
1401 1401
1405 1405
1406 1406
1408 1408
1429 1429
1433 1433
1453 1453
1455 1455
1456 1456
1464 1464
1478 1478
1488 1488
1489 1489
1500 1500
1509 1509
1512 1512
1515 1515
1523 1523
1525 1525
1514 1532
1539 1539
1559 1559
1575 1575
1581 1581
1589 1577
1597 1597
1602 1602
1619 1619
1622 1622
1625 1625
1628 1628
1630 1630
1638 1638
1642 1642
1648 1648
1650 1650
1657 1657
1665 1665
1683 1683
1700 1700
1718 1718
1730 1730
1733 1733
1736 1736
1747 1747
1749 1749
1753 1753
1757 1757
1760 1760
1776 1776
1778 1778
1785 1785
1793 1793
1795 1795
1796 1796
1798 1798
1802 1802
1803 1803
1817 1817
1823 1823
1829 1835
1840 1840
1845 1845
1852 1852
1855 1855
1873 1873
1878 1878
1888 1888
1900 1900
1903 1903
1907 1907
1911 1911
1914 1914
1921 1921
1932 1932
1939 1939
1950 1950
1954 1954
1955 1955
1957 1957
1970 1970
1974 1974
1975 1975
1978 1978
1982 1982
1996 1996
2010 2010
2022 2022
2025 2025
2028 2028
2034 2034
2039 2039
2063 2063
2066 2066
2068 2068
2074 2074
2077 2077
2084 2089
2094 2094
2095 2095
2110 2110
2118 2118
2125 2125
2129 2129
2130 2130
2131 2131
2133 2133
2141 2141
2161 2161
2168 2168
2170 2170
2176 2176
2185 2185
2193 2193
2194 2194
2206 2186
2209 2209
2220 2220
2239 2239
2242 2242
2243 2243
2252 2252
2254 2254
2258 2258
2260 2260
2267 2267
2280 2280
2289 2289
2297 2297
2304 2298
2302 2302
2312 2312
2314 2314
2323 2323
2324 2324
2329 2329
2342 2342
2343 2343
2344 2344
2347 2347
2349 2349
2378 2378
2383 2383
2385 2385
2393 2393
2397 2397
2400 2400
2410 2410
2418 2418
2421 2421
2427 2427
2429 2429
2433 2433
2434 2434
2445 2445
2461 2461
2463 2463
2462 2479
2486 2486
2490 2490
2495 2495
2513 2513
2519 2519
2520 2520
2522 2522
2526 2526
2528 2528
2529 2529
2545 2545
2553 2553
2565 2565
2580 2580
2600 2600
2610 2610
2615 2605
2622 2622
2631 2631
2634 2634
2635 2635
2636 2636
2637 2637
2641 2641
2648 2648
2649 2649
2657 2657
2666 2666
2668 2668
2664 2625
2689 2577
2724 2566
2725 2516
2780 2482
2830 2542
2855 2582
2937 2563
2964 2590
2990 2614
3040 2671
3075 2686
3033 2737
3145 2724
3163 2733
3185 2723
3209 2778
3231 2775
3293 2818
3310 2854
3318 2940
3377 2932
3385 2934
3403 2903
3476 2896
3487 2851
3574 2831
3553 2764
3602 2748
3610 2695
3642 2801
3683 2798
3680 2902
3712 2879
3757 2957
3776 3037
3860 3055
3886 3084
3842 3121
3854 3189
3921 3191
3972 3323
3951 3358
3963 3434
3845 3428
3818 3375
3794 3348
3792 3252
3742 3228
3741 3225
3752 3151
3745 3117
3677 2986
3586 3007
3569 3015
3506 3021
3440 3063
3356 3025
3233 3016
3174 3087
3089 3089
3086 3086
3083 3083
3082 3082
3092 3092
3093 3093
3100 3100
3110 3110
3112 3112
3116 3116
3128 3128
3132 3132
3138 3138
3146 3146
3154 3154
3167 3167
3170 3170
3181 3181
3206 3206
3202 3213
3222 3222
3248 3248
3250 3250
3253 3253
3257 3257
3262 3262
3271 3271
3289 3289
3291 3291
3302 3302
3312 3312
3321 3321
3324 3324
3328 3328
3298 3326
3308 3344
3349 3349
3351 3351
3352 3352
3373 3373
3386 3386
3393 3393
3394 3394
3411 3411
3425 3425
3426 3426
3427 3427
3443 3443
3457 3457
3460 3460
3465 3465
3477 3477
3488 3488
3492 3492
3499 3499
3502 3502
3509 3509
3513 3513
3524 3524
3528 3528
3535 3535
3538 3538
3546 3546
3552 3552
3558 3558
3559 3559
3557 3544
3578 3578
3590 3590
3598 3598
3619 3619
3622 3622
3624 3624
3625 3625
3626 3626
3654 3628
3644 3644
3646 3646
3647 3647
3640 3658
3659 3659
3665 3653
3666 3666
3672 3672
3674 3674
3682 3682
3694 3694
3695 3695
3696 3696
3704 3704
3705 3705
3706 3706
3718 3718
3723 3723
3727 3727
3731 3731
3732 3732
3735 3735
3736 3736
3743 3743
3747 3747
3756 3756
3766 3766
3772 3772
3784 3784
3791 3791
3798 3798
3807 3807
3815 3815
3816 3816
3819 3819
3823 3823
3825 3825
3834 3834
3835 3835
3836 3836
3844 3844
3846 3846
3855 3855
3869 3869
3876 3876
3881 3881
3887 3887
3889 3889
3910 3910
3924 3924
3929 3929
3932 3932
3945 3945
3953 3953
3961 3961
3970 3970
3975 3975
3978 3978
3986 3973
3987 3987
3993 3993
3997 3997
4026 4026
4031 4031
4034 4034
4041 4041
4058 4058
4061 4061
4070 4070
4081 4081
4083 4083
4085 4085
4091 4091
4097 4097
4105 4105
4112 4112
4121 4121
4148 4148
4154 4154
4171 4171
4175 4175
4177 4177
4180 4180
4184 4184
4187 4187
4197 4197
4204 4204
4209 4209
4219 4219
4223 4223
4228 4228
4239 4239
4253 4253
4255 4255
4263 4263
4264 4264
4272 4272
4275 4275
4278 4278
4277 4269
4292 4292
4310 4310
4313 4313
4335 4335
4338 4338
4342 4342
4345 4345
4346 4346
4351 4351
4359 4359
4363 4363
4366 4366
4375 4375
4378 4378
4388 4388
4393 4393
4398 4398
4412 4412
4416 4416
4419 4419
4429 4429
4450 4450
4454 4454
4458 4458
4463 4463
4464 4464
4467 4467
4468 4468
4481 4481
4489 4489
4498 4498
4505 4505
4510 4510
4513 4513
4520 4520
4531 4531
4539 4539
4552 4552
4555 4559
4561 4561
4566 4566
4573 4573
4577 4577
4584 4584
4589 4589
4592 4592
4603 4603
4604 4604
4608 4608
4626 4626
4639 4639
4640 4640
4642 4642
4643 4643
4644 4644
4662 4662
4669 4669
4674 4674
4687 4687
4691 4691
4704 4704
4706 4706
4708 4708
4709 4709
4712 4712
4721 4721
4730 4730
4744 4744
4752 4752
4763 4763
4771 4771
4793 4747
4794 4794
4807 4807
4814 4814
4821 4821
4831 4831
4835 4835
4847 4847
4848 4848
4853 4853
4855 4855
4870 4870
4880 4869
4876 4876
4885 4885
4903 4903
4904 4904
4906 4906
4911 4911
4917 4917
4923 4923
4925 4925
4927 4927
4929 4929
4931 4931
4933 4933
4936 4936
4945 4945
4946 4946
4947 4947
4955 4973
4974 4974
4975 4975
4976 4976
4982 4982
5005 5005
5021 5021
5022 5022
5023 5023
5027 5027
5030 5030
5047 5047
5053 5053
5055 5055
5066 5066
5075 5075
5081 5081
5087 5087
5093 5093
5094 5094
5100 5100
5097 5109
5105 5112
5106 5106
5110 5110
5113 5113
5117 5117
5129 5129
5137 5137
5152 5152
5156 5156
5163 5163
5167 5167
5169 5169
5180 5180
5187 5187
5192 5192
5195 5195
5196 5196
5207 5207
5220 5220
5225 5225
5236 5236
5241 5241
5248 5248
5263 5263
5267 5267
5278 5278
5288 5288
5289 5289
5302 5302
5318 5318
5335 5335
5337 5337
5345 5345
5349 5349
5358 5358
5370 5370
5366 5329
5410 5304
5428 5319
5460 5324
5452 5389
5403 5403
5408 5408
5430 5430
5435 5435
5451 5451
5454 5454
5475 5475
5486 5486
5487 5487
5488 5488
5493 5493
5497 5497
5501 5501
5502 5502
5505 5505
5507 5507
5508 5508
5510 5510
5533 5533
5542 5542
5551 5551
5555 5555
5562 5562
5564 5564
5582 5582
5583 5583
5585 5596
5598 5598
5611 5611
5616 5616
5635 5635
5638 5638
5646 5646
5655 5655
5665 5665
5671 5671
5679 5679
5695 5695
5696 5696
5697 5697
5708 5708
5709 5709
5730 5730
5742 5742
5760 5760
5772 5772
5783 5783
5795 5737
5777 5692
5745 5685
5754 5599
5807 5595
5842 5547
5903 5509
6018 5516
6000 5548
6073 5546
6090 5544
6035 5590
6143 5615
6204 5642
6180 5693
6133 5701
6109 5886
6250 5873
6249 5826
6274 5998
6243 6106
6187 6125
6194 6163
6165 6165
6162 6162
6155 6155
6152 6152
6151 6151
6144 6144
6141 6141
6130 6130
6122 6122
6120 6120
6119 6119
6117 6117
6096 6096
6094 6094
6074 6074
6064 6064
6060 6060
6058 6058
6042 6049
6040 6040
6033 6033
6032 6032
6029 6029
6011 6011
5997 5997
5996 5996
5990 5990
5988 5988
5973 5973
5971 5971
5968 5968
5965 5965
5960 5960
5956 5956
5954 5954
5952 5952
5949 5949
5947 5947
5945 5945
5934 5934
5928 5928
5922 5922
5912 5912
5898 5898
5890 5890
5889 5889
5878 5878
5877 5877
5875 5875
5861 5861
5857 5857
5856 5856
5853 5853
5852 5852
5838 5838
5831 5831
5829 5829
5828 5828
5823 5823
5822 5822
5820 5820
5816 5816
5929 5834
5868 5725
5879 6045
5824 6050
5859 6102
5919 6019
5789 5983
5636 5985
5607 6006
5597 5940
5527 5933
5509 5903
5516 5841
5547 5842
5535 5776
5536 5710
5561 5672
5479 5750
5294 5700
5308 5684
5306 5669
5145 5690
5132 5792
5165 5797
5184 5867
5200 5893
5205 5925
5291 5910
5305 5905
5371 5976
5361 6091
5311 6156
5232 6195
5160 6169
5120 6183
5009 6188
4948 6265
4838 6242
4842 6300
4823 6384
4747 6468
4624 6444
4542 6430
4576 6527
4500 6564
4443 6556
4301 6566
4305 6592
4332 6615
4324 6679
4304 6738
4328 6775
4247 6779
4242 6905
4290 6916
4318 6876
4276 6978
4296 7022
4357 7086
4379 7073
4405 7132
4391 7214
4404 7313
4401 7336
4436 7355
4515 7334
4527 7297
4596 7232
4653 7371
4651 7388
4693 7502
4666 7541
4583 7515
4579 7512
4606 7611
4703 7653
4782 7618
4772 7729
4757 7820
4702 7788
4508 7816
4475 7840
4418 7946
4474 8018
4453 8071
4519 8053
4568 7954
4753 8031
4839 8076
4829 8089
4987 8111
4998 8026
5024 8038
5086 8022
5072 7981
5063 7880
5059 7812
5045 7711
4973 7646
4962 7655
4939 7661
4902 7651
4883 7721
4935 7593
5002 7558
5119 7533
5133 7571
5327 7574
5330 7443
5348 7438
5280 7481
5245 7378
5249 7314
5244 7308
5186 7311
5214 7204
5272 7164
5179 7097
5164 7104
5048 7042
4965 7040
4979 7007
4970 6908
5000 6888
5052 6896
4941 6883
4920 6890
4869 6877
4871 6958
4897 6944
4894 7095
4746 7061
4638 7075
4611 6942
4574 6941
4556 6898
4557 6861
4588 6839
4534 6802
4550 6752
4607 6765
4595 6677
4582 6644
4497 6655
4403 6674
4384 6708
4179 6707
4101 6742
4043 6702
3977 6694
3927 6658
3843 6696
3847 6713
3839 6763
3891 6803
3938 6859
4048 6857
4038 6813
4135 6863
4078 6976
4086 7004
4064 7028
4084 7070
3955 7056
3940 7058
3943 7079
3913 7026
3856 7049
3857 6957
3781 6867
3708 6828
3713 6724
3715 6638
3788 6617
3746 6555
3859 6515
3806 6443
3902 6427
3896 6295
3778 6284
3762 6289
3676 6277
3643 6288
3531 6343
3491 6403
3534 6455
3599 6462
3447 6517
3418 6685
3480 6731
3517 6771
3554 6720
3547 6914
3567 6925
3585 6974
3503 6966
3464 6892
3463 6862
3322 6937
3314 7009
3287 7030
3224 6972
3108 6938
3143 6871
3065 6821
3042 6796
3058 6705
3009 6698
3031 6599
3012 6559
2978 6514
2912 6509
2888 6570
2806 6558
2751 6518
2703 6537
2679 6520
2728 6467
2831 6484
2862 6464
2793 6399
2881 6341
2925 6285
2909 6248
2884 6225
2875 6128
2910 6121
2950 6114
3002 6069
3115 6053
3139 6072
3118 6095
3107 6012
3071 5978
3207 5977
3256 5982
3246 5897
3355 5916
3366 5836
3497 5819
3592 5810
3657 5811
3651 5793
3595 5942
3588 5963
3573 5969
3572 6016
3729 5961
3740 5931
3782 5941
3795 5958
3831 5999
3828 6036
3801 6051
3931 6059
4019 6001
4047 5939
4066 5884
4075 5845
4037 5830
3988 5865
3965 5863
3950 5716
3906 5732
3909 5656
3962 5608
4088 5594
4132 5648
4190 5652
4217 5519
4218 5464
4257 5441
4300 5462
4447 5471
4594 5468
4558 5422
4548 5251
4518 5205
4459 5208
4439 5186
4484 5264
4486 5032
4525 5071
4585 5020
4692 5024
4672 4899
4705 4765
4729 4766
4623 4755
4799 4819
4961 4813
5040 4818
5127 4832
5115 4748
5095 4725
5026 4682
4969 4693
4938 4658
4886 4651
4908 4724
4963 4574
5025 4523
5043 4439
5008 4400
4960 4392
4930 4459
4834 4530
4798 4563
4633 4493
4598 4377
4545 4381
4449 4368
4451 4284
4438 4286
4349 4324
4256 4330
4258 4347
4267 4352
4181 4323
4185 4449
4156 4476
4114 4526
4127 4659
4206 4646
4220 4707
4229 4722
4289 4692
4358 4652
4422 4598
4528 4602
4492 4525
4466 4529
4410 4490
4396 4447
4387 4432
4652 4358
4700 4258
4713 4259
4766 4270
4859 4267
4863 4080
4795 4119
4660 4115
4649 4113
4630 4155
4569 4123
4516 4137
4407 4048
4392 3994
4452 3944
4501 3942
4462 3885
4493 3832
4479 3800
4554 3760
4563 3720
4645 3740
4655 3686
4656 3684
4680 3692
4737 3642
4719 3575
4668 3566
4580 3618
4402 3636
4399 3592
4369 3545
4307 3594
4361 3678
4350 3865
4356 3894
4315 3873
4198 3854
4157 3853
4174 3893
4072 3992
4045 4107
4039 4120
4004 4162
4001 4226
3992 4325
3785 4298
3821 4231
3858 4185
3895 4130
3812 4132
3809 4073
3786 4040
3749 4046
3841 3982
3916 3956
3897 3806
3837 3763
3770 3703
3710 3641
3739 3554
3800 3495
3875 3479
3871 3617
3923 3638
4002 3605
4060 3616
4107 3529
4200 3406
4178 3354
4302 3333
4327 3327
4347 3269
4380 3227
4444 3129
4522 3118
4526 3162
4487 3076
4581 2997
4586 2963
4637 3004
4776 3036
4761 3145
4786 3193
4854 3159
4901 3182
4928 3122
4968 3096
5062 3078
5080 3010
5178 3014
5269 2983
5292 2923
5261 2906
5262 2819
5343 2813
5307 2697
5284 2699
5386 2669
5462 2722
5602 2782
5641 2827
5647 2840
5634 2899
5605 2878
5630 2950
5663 2929
5676 2916
5714 2926
5758 2944
5817 2939
5869 2960
5927 3060
5981 3038
6005 3097
6053 3115
6077 3190
5969 3186
5944 3224
5888 3198
5791 3223
5728 3192
5659 3184
5660 3211
5682 3245
5666 3320
5628 3365
5545 3361
5540 3363
5541 3316
5441 3301
5431 3304
5407 3397
5453 3419
5490 3450
5503 3481
5567 3473
5710 3414
5711 3374
5752 3342
5775 3490
5763 3562
5658 3591
5625 3750
5656 3817
5664 3866
5645 3928
5596 3985
5685 3995
5680 4017
5670 4153
5717 4139
5769 4122
5855 4142
5866 4256
5891 4276
5931 4301
5938 4431
5883 4484
5819 4469
5712 4444
5707 4415
5702 4277
5784 4288
5606 4234
5643 4193
5469 4245
5473 4409
5355 4427
5283 4452
5197 4453
5107 4425
5124 4395
5151 4320
5176 4344
5219 4333
5218 4257
5211 4190
5256 4135
5277 4134
5314 4151
5287 4087
5268 4030
5233 3870
5175 3868
5103 3867
5135 3960
5061 4027
5073 4159
5070 4217
5149 4241
4943 4129
4950 4109
4777 3919
4745 3950
4635 3912
4609 3851
4553 3882
4711 3802
4722 3767
4913 3639
4985 3541
5004 3533
5029 3561
5056 3565
5051 3548
5121 3579
5177 3613
5228 3572
5281 3623
5286 3620
5298 3655
5340 3714
5364 3752
5367 3812
5416 3874
5402 3954
5461 3946
5470 4035
5397 4099
5530 3850
5456 3755
5482 3722
5440 3693
5390 3698
5466 3608
5360 3451
5332 3469
5300 3448
5290 3512
5099 3416
5057 3382
5018 3330
4972 3217
4866 3309
4837 3297
4783 3343
4803 3403
4836 3432
4840 3504
4767 3470
4775 3456
4685 3402
4675 3400
4547 3368
4560 3274
4728 3266
4671 3203
4881 3384
4827 2961
4851 2849
4759 2857
4762 2834
4665 2736
4663 2728
4686 2681
4726 2650
4699 2613
4661 2589
4610 2550
4562 2571
4456 2586
4426 2643
4336 2593
4234 2583
4237 2624
4210 2533
4128 2468
4093 2502
4055 2530
4012 2503
3933 2555
3853 2568
3796 2572
3775 2523
3753 2465
3709 2477
3675 2389
3648 2382
3527 2392
3471 2426
3564 2469
3612 2508
3568 2587
3532 2623
3473 2599
3406 2676
3388 2704
3265 2629
3204 2567
3151 2617
3095 2518
3004 2453
2999 2450
2960 2406
2998 2352
3068 2361
3066 2248
3030 2222
3111 2152
3194 2154
3205 2128
3193 2078
3200 2056
3281 2067
3280 1983
3259 2000
3236 1894
3173 1913
3125 1965
2961 1947
2935 1942
2939 1966
2921 2003
2927 2038
2929 1864
2997 1899
3164 1816
3191 1735
3294 1743
3344 1720
3383 1739
3412 1716
3436 1680
3435 1813
3390 1883
3362 1860
3587 1850
3615 1877
3583 1994
3533 2029
3496 2044
3495 2166
3451 2227
3498 2301
3337 2360
3331 2366
3303 2394
3264 2246
3235 2183
3326 2164
3320 2138
3361 2136
3611 2173
3722 2204
3820 2278
3838 2285
3939 2276
3983 2250
3920 2179
3917 2073
3878 2055
3822 2059
3824 1934
3865 1779
3903 1765
3861 1681
3733 1754
3702 1764
3638 1744
3589 1704
3565 1692
3581 1617
3616 1620
3628 1535
3744 1538
3789 1445
3849 1443
3850 1407
3867 1388
3883 1472
3959 1533
3994 1422
4044 1452
4144 1438
4124 1508
4195 1547
4303 1541
4326 1556
4309 1503
4312 1425
4348 1413
4244 1361
4227 1276
4169 1248
4173 1209
4036 1221
3944 1217
3892 1261
3814 1153
3716 1129
3650 1148
3636 1189
3688 1243
3724 1360
3703 1437
3662 1430
3575 1418
3501 1499
3519 1572
3247 1586
3094 1566
2974 1569
2863 1584
2872 1610
2857 1693
2698 1713
2650 1653
2566 1616
2460 1685
2387 1759
2372 1780
2327 1723
2255 1782
2237 1787
2232 1762
2208 1755
2173 1839
2111 1851
2092 1800
2017 1824
1998 1837
1922 1829
1969 1897
1967 1935
1917 2017
1837 1998
1894 2114
1886 2165
1902 2275
1890 2375
1841 2336
1786 2304
1723 2327
1617 2338
1636 2295
1482 2261
1450 2232
1412 2214
1414 2255
1439 2286
1329 2313
1335 2474
1411 2576
1403 2656
1413 2715
1434 2713
1376 2765
1410 2816
1435 2847
1479 2845
1481 2887
1516 2860
1564 2891
1553 2905
1490 2945
1440 3057
1442 3126
1370 3075
1363 3196
1308 3254
1243 3263
1237 3305
1298 3350
1344 3356
1330 3415
1250 3453
1225 3519
1266 3563
1168 3478
1163 3379
1160 3251
1069 3215
1012 3244
1004 3278
1034 3149
1075 3119
1095 3069
972 2999
975 2969
885 2956
762 3012
654 3029
666 2933
631 2803
756 2792
733 2768
817 2701
841 2692
830 2663
870 2667
951 2611
1007 2675
1135 2640
1202 2602
1182 2512
1216 2409
1039 2413
1024 2374
1062 2372
994 2325
978 2404
963 2448
892 2476
833 2483
861 2373
821 2335
802 2224
764 2187
717 2231
555 2217
455 2229
431 2226
449 2188
300 2175
271 2105
309 2075
327 2053
238 2065
211 2139
182 2191
159 2221
184 2274
195 2306
207 2358
183 2369
205 2399
135 2332
55 2371
16 2390
21 2467
56 2499
65 2493
50 2601
37 2655
33 2731
11 2755
190 2757
197 2814
169 2907
219 3023
310 2970
379 2922
423 2884
465 2848
484 2817
467 2795
404 2812
348 2865
292 2738
272 2684
269 2682
208 2687
152 2556
273 2549
361 2607
579 2595
570 2707
593 2485
542 2457
547 2384
533 2380
532 2364
591 2334
691 2405
740 2046
707 2012
644 2009
641 2011
629 2052
531 2079
511 1964
478 1918
463 1834
447 1777
490 1698
458 1634
436 1637
405 1601
366 1609
360 1624
343 1715
283 1656
200 1521
206 1513
141 1448
109 1309
83 1288
120 1115
88 1026
116 978
61 956
69 896
78 845
15 826
41 776
98 763
144 801
162 861
213 828
244 891
296 1028
249 1085
332 1205
339 1234
321 1364
288 1411
445 1365
523 1308
621 1330
639 1342
736 1339
741 1321
729 1428
661 1514
665 1570
559 1522
522 1530
534 1546
573 1792
712 1781
709 1709
801 1663
910 1596
960 1643
1041 1702
1087 1714
1093 1722
1094 1588
1146 1583
1059 1557
1054 1484
1010 1494
1120 1495
1129 1451
1131 1266
1139 1212
1154 1093
1247 1114
1349 1077
1399 1106
1484 1054
1492 975
1430 924
1422 901
1393 883
1388 886
1354 909
1276 927
1290 853
1253 848
1151 838
1165 926
1058 939
1052 807
1005 836
969 693
935 682
872 683
856 709
828 652
813 664
805 769
776 827
694 816
678 953
569 963
462 984
427 986
414 870
415 743
380 750
368 657
255 628
173 625
175 639
170 708
227 712
222 529
274 547
386 503
434 526
504 586
552 583
583 552
527 466
545 368
598 325
617 319
635 383
636 431
668 618
829 511
944 559
1020 604
1073 617
1043 536
1162 523
1142 502
1217 532
1317 515
1369 517
1396 582
1309 615
1277 733
1187 715
1366 758
1384 753
1424 779
1445 791
1505 772
1496 737
1431 717
1423 676
1508 658
1494 468
1544 463
1517 382
1463 428
1418 451
1688 433
1710 388
1737 369
1750 450
1810 441
1805 530
1790 589
1759 674
1920 663
1916 624
1929 579
1928 513
1884 506
1709 508
1644 557
1643 872
1670 864
1732 831
1834 789
1876 837
1918 903
1972 908
2000 796
2046 740
2070 833
2163 878
2213 880
2281 858
2365 782
2492 765
2487 751
2452 697
2514 667
2516 542
2517 495
2404 550
2386 452
2401 418
2442 269
2428 200
2425 176
2464 125
2547 129
2552 80
2413 57
2358 119
2309 158
2221 159
2199 140
2191 182
2202 216
2212 309
2159 292
2264 266
2316 270
2502 324
2532 317
2613 268
2639 257
2697 256
2704 281
2688 143
2655 161
2621 183
2601 220
2817 217
2865 185
2809 128
2843 32
2711 89
2722 458
2792 465
2800 462
2756 520
2684 524
2672 574
2758 611
2772 678
2745 805
2757 818
2741 835
2752 871
2794 839
2848 783
2919 794
2982 822
2996 755
3035 701
2963 655
2938 464
2943 443
3016 422
3032 437
3106 440
3190 405
3232 393
3261 346
3196 299
3178 236
3334 242
3375 206
3340 155
3338 137
3242 111
3429 86
3494 13
3600 14
3700 34
3737 98
3750 115
3641 145
3617 122
3597 240
3631 253
3632 274
3606 338
3514 412
3512 477
3515 514
3529 527
3469 569
3416 677
3424 732
3489 788
3541 781
3571 798
3697 735
3691 692
3690 627
3670 597
3630 601
3760 475
3827 482
3898 446
3915 531
3967 577
3976 646
4003 680
4056 671
4183 685
4233 723
4268 720
4295 759
4308 774
4262 817
4280 885
4222 889
4141 970
4125 1061
4211 1071
4224 1068
4285 1016
4317 997
4322 959
4316 1041
4395 1047
4431 1043
4465 1013
4471 1074
4511 1088
4503 1187
4535 1274
4540 1287
4619 1296
4658 1326
4676 1368
4755 1417
4787 1412
4810 1480
4822 1518
4857 1474
4888 1400
4892 1378
4909 1356
4940 1268
4864 1211
4811 1256
4792 1180
4758 1124
4768 1090
4797 1075
4754 1056
4670 1066
4677 1092
4648 969
4740 907
4784 890
4802 921
4817 999
4981 1049
5031 985
5076 916
5150 943
5141 1020
5191 1009
5198 1105
5190 1228
5224 1284
5333 1229
5384 1185
5377 1123
5363 1100
5468 1072
5529 1063
5464 994
5455 944
5494 951
5401 965
5375 923
5317 905
5296 936
5237 725
5238 716
5213 736
5206 700
5212 675
5172 729
5049 744
5007 795
5019 840
4921 865
4873 813
4867 668
4773 702
4731 626
4694 653
4710 766
4696 799
4707 857
4601 806
4494 754
4472 728
4514 719
4408 666
4430 638
4432 630
4373 546
4389 479
4321 457
4252 455
4249 417
4139 439
4136 380
4150 358
4063 360
4030 453
3991 487
3928 293
3942 259
3866 337
3829 191
3802 214
3966 118
4013 112
4098 142
4193 167
4216 178
4269 188
4281 247
4331 304
4506 284
4495 168
4460 139
4440 192
4509 87
4461 16
4455 10
4368 49
4279 51
4186 71
4201 91
4131 7
4077 36
4587 28
4673 55
4748 69
4743 90
4732 95
4750 25
4856 20
4926 9
4900 76
4915 193
4934 246
5013 208
5003 165
5044 109
5188 18
5276 17
5250 66
5301 174
5379 197
5372 232
5338 272
5309 402
5229 407
5240 386
5148 471
5092 490
5067 587
5038 641
4991 522
4898 373
4826 285
4788 228
4650 264
4631 170
4591 374
4546 459
4533 537
4678 491
4724 486
4266 620
4260 645
4225 600
4168 598
3982 793
4000 819
4017 866
4040 899
4042 1116
3999 1147
3908 1089
3914 787
3774 790
3353 868
3400 917
3363 1036
3307 1199
3432 1193
3479 1182
3483 1155
3542 1175
3444 1292
3441 1325
3368 1362
3371 1389
3225 1377
3104 1393
3088 1376
3039 1399
3048 1415
3034 1477
3160 1496
3153 1301
3123 1127
3076 1086
3021 1062
2980 1050
2983 990
2914 1008
2896 904
2885 898
2833 940
2787 1018
2823 1078
2856 1138
2776 1161
2696 1157
2644 1151
2597 1131
2527 1240
2506 1239
2448 1267
2419 1257
2320 1245
2338 1219
2381 1163
2368 1044
2396 1034
2454 991
2414 931
2298 1038
2266 1058
2272 1098
2198 1139
2181 1191
1990 1208
1994 1233
1992 1159
1995 1152
1927 1160
1926 1188
1908 1197
1893 1198
1870 1227
1824 1231
1815 1299
1726 1259
1696 1337
1697 1440
1728 1542
1761 1629
1717 1679
1594 1705
1536 1612
1582 1497
1577 1458
1503 1363
1569 1293
1389 1253
1374 1224
1223 1297
1045 1315
853 1290
867 1247
900 1241
878 1375
898 1064
953 1053
966 1048
1009 1083
976 1137
811 1012
797 1005
506 1091
468 1156
443 1170
475 1202
9 1097
14 684
115 494
176 410
145 311
104 349
97 356
76 345
119 252
114 196
252 53
356 97
382 75
387 3
530 50
588 38
672 41
723 39
684 194
502 201
491 260
525 289
481 332
416 271
370 224
417 169
508 107
845 144
916 147
995 160
1003 121
1035 153
1016 213
1022 315
1021 381
986 427
1082 351
1209 321
1156 241
1152 231
1114 223
1181 126
1212 114
1288 83
1347 92
1283 172
1299 207
1507 141
1606 179
1632 243
1721 263
1744 226
1832 199
1811 84
1779 94
1637 110
1635 60
1627 62
1666 146
2008 78
2042 187
2059 212
2072 354
2097 415
2012 389
1966 296
1901 328
2055 512
2023 616
1985 673
2117 623
2246 591
2331 621
2336 661
2616 699
2606 762
2663 830
3060 809
3029 925
3126 912
3165 976
3210 843
3255 820
3284 741
3272 710
3290 672
3282 650
3240 659
3159 690
3234 518
3274 507
3023 219
3504 157
2643 403
2174 473
2205 40
2248 1007
2062 1025
1872 995
1787 962
1741 967
1752 1082
1679 1111
1701 1164
1772 1186
1827 1459
1856 1466
1862 1487
1892 1562
1937 1662
1942 1684
2018 1688
2005 1644
2047 1639
2036 1574
2087 1537
2113 1560
2151 1526
2137 1450
2171 1409
2207 1473
2215 1589
2188 1613
2144 1687
2020 1761
1983 1767
1797 1750
1740 1818
1671 1799
1654 1844
1662 1937
1634 2016
1639 2047
1705 2113
1542 2121
1524 2171
1294 2119
1304 2096
1271 2085
1224 2116
1208 1990
1185 1865
1145 1858
1013 1891
884 1875
857 1828
904 1815
871 1943
767 1985
820 2058
875 2122
1026 2167
1083 2062
1352 1895
1391 1901
1340 1842
1321 1857
1361 1758
1400 1742
1425 1697
1409 1666
1319 1545
1301 1540
1267 1587
1198 1667
1226 1756
1339 1470
1899 1396
1984 1420
2016 1305
2109 1333
2313 1323
2374 1402
2369 1475
2322 1501
2334 1554
2356 1561
2443 1476
2459 1436
2576 1370
2582 1371
2579 1335
2564 1336
2652 1446
2678 1469
2694 1454
2699 1520
2746 1594
2773 1392
2847 1435
2908 1382
2923 1350
2986 1250
3056 1165
3049 1664
2771 1960
2733 1987
2715 1910
2632 1922
2623 2057
2589 2033
2677 2159
2670 2212
2667 2326
2747 2321
2765 2265
2845 2200
2926 2291
3166 2303
3179 2866
3046 2859
3057 2842
2956 2867
2871 2871
2873 2873
2877 2877
2882 2882
2894 2894
2898 2898
2901 2901
2904 2904
2917 2917
2918 2930
2931 2931
2941 2941
2949 2949
2951 2951
2958 2958
2972 2972
2977 2977
2984 2984
2988 2988
2989 2989
2995 2995
3001 3001
3005 3005
3020 3020
3054 3013
3047 3047
3062 3062
2981 3106
2967 3125
2942 3079
3026 3165
3142 3258
3228 3287
3252 3313
3186 3360
3199 3378
3220 3486
3275 3433
3315 3463
3343 3454
3421 3602
3466 3697
3549 3737
3511 3799
3478 3830
3508 3948
3521 4186
3579 4200
3561 4268
3545 4369
3637 4399
3664 4389
3678 4410
3805 4408
3813 4383
3832 4437
3817 4560
3864 4581
3877 4696
3862 4878
3899 4896
3941 4863
3946 4935
4022 4868
4095 4867
4116 4781
4142 4803
4129 4943
4207 4963
4159 5073
4140 5219
4015 5217
3930 5165
3870 5233
3751 5272
3711 5171
3771 5131
3797 5054
3863 5063
3685 5039
3684 4997
3679 4960
3608 4910
3577 4849
3548 4850
3507 4804
3520 4694
3510 4679
3459 4698
3381 4715
3357 4737
3229 4750
3158 4801
3120 4817
3008 4811
3036 4776
2911 4812
2797 4820
2782 4800
2815 4783
2827 4762
2749 4775
2682 4859
2557 4838
2550 4841
2535 4810
2510 4701
2496 4681
2482 4710
2472 4723
2440 4729
2403 4666
2233 4660
2238 4582
2251 4537
2263 4451
2339 4390
2402 4403
2432 4386
2391 4326
2355 4297
2287 4295
2177 4314
2096 4337
2108 4405
2082 4462
2080 4482
1935 4479
1958 4541
1938 4600
1962 4628
1844 4667
1808 4675
1780 4648
1655 4637
1667 4550
1722 4553
1719 4524
1770 4434
1774 4371
1661 4354
1541 4303
1530 4304
1457 4373
1368 4327
1385 4285
1407 4196
1350 4176
1351 4075
1262 4044
1249 4052
1236 4025
1199 3972
1177 3965
1220 3941
1293 3968
1426 3984
1428 3891
1454 3878
1459 3818
1574 3820
1561 3862
1588 3769
1692 3751
1734 3721
1765 3612
1812 3570
1813 3435
1763 3336
1693 3293
1653 3366
1614 3332
1595 3429
1598 3445
1560 3455
1567 3540
1586 3648
1497 3614
1438 3668
1427 3510
1446 3413
1487 3285
1540 3157
1587 3123
1673 3111
1685 3073
1731 3043
1704 2948
1865 2943
1864 3032
1971 3074
2032 3091
2030 3109
2099 3107
2093 3158
2142 3177
2124 3241
2048 3294
1964 3295
1968 3283
1986 3230
1897 3209
1848 3249
1859 3280
1851 3306
1816 3164
1951 3392
1924 3475
1991 3516
2049 3518
2029 3542
2172 3549
2223 3527
2230 3645
2244 3631
2265 3669
2123 3656
1943 3615
1883 3768
1885 3922
1847 3915
1821 3981
1948 3963
2004 4013
2009 4016
2056 4053
2075 4126
2104 4128
2155 4195
1933 4248
1934 4125
1725 4110
1646 4166
1621 4157
1629 4183
1549 4140
1528 4156
1751 4227
1868 4411
1572 4532
1475 4534
1419 4593
1417 4623
1381 4645
1380 4579
1375 4445
1287 4420
1222 4446
1149 4436
1127 4456
1098 4418
1025 4414
984 4401
880 4473
1074 4497
1086 4487
1112 4536
1106 4599
1092 4677
1128 4685
1150 4668
1063 4770
1115 4862
1175 4845
1211 4912
1176 5001
1164 5103
1306 5078
1324 5049
1359 5059
1334 5101
1402 5123
1491 5038
1548 5035
1522 4978
1521 4968
1585 4882
1474 4857
1382 4900
1337 4891
1338 4797
1360 4802
1280 4815
1274 4733
1392 4714
1566 4761
1748 4892
1684 4964
1756 5143
1758 5282
1804 5240
1863 5257
1905 5300
1923 5313
1925 5284
1973 5198
1997 5154
2102 5174
2152 5177
2150 5083
2106 5013
2079 4958
2081 4952
2006 4895
2053 4773
2098 4759
2107 4718
2115 4695
2160 4680
2203 4769
2245 4731
2366 4861
2446 4907
2430 4967
2515 4948
2483 5048
2478 5069
2521 5080
2508 5202
2567 5239
2530 5290
2633 5266
2645 5133
2658 5064
2627 5040
2705 5072
2854 5179
2826 5229
2795 5297
2822 5386
2905 5353
2860 5485
2755 5479
2729 5426
2574 5449
2505 5480
2503 5528
2524 5524
2540 5629
2596 5649
2642 5636
2647 5721
2614 5749
2620 5759
2551 5763
2536 5743
2546 5722
2436 5712
2411 5802
2407 5806
2406 5869
2449 5864
2455 5906
2362 5892
2328 5957
2359 6028
2241 6039
2256 6068
2216 5966
2183 5980
2101 6017
2076 6086
2085 6129
2002 6158
2014 6177
2052 6244
1874 6266
1959 6355
1882 6436
1853 6512
1867 6530
1838 6538
1767 6551
1742 6541
1768 6497
1809 6389
1682 6346
1698 6271
1623 6276
1599 6133
1513 6112
1437 6124
1460 6160
1458 6224
1364 6274
1303 6301
1191 6329
1130 6278
1053 6324
1011 6359
998 6287
929 6272
918 6407
772 6438
792 6470
775 6516
825 6507
744 6486
763 6307
749 6238
726 6198
697 6159
766 6157
897 6078
932 6111
948 6046
989 6034
1033 6100
1038 6113
1051 6199
1172 6142
1213 6148
1260 6041
1105 6026
1190 5915
1188 5807
1107 5825
1091 5775
1036 5789
1028 5817
985 5798
991 5774
1008 5908
913 5938
905 5885
859 5860
787 5899
745 5894
778 5754
846 5744
807 5573
689 5550
706 5455
737 5443
752 5332
724 5320
688 5310
718 5259
716 5238
701 5164
671 5095
715 5036
770 5074
831 5091
822 5034
839 4999
865 4921
771 4937
682 4949
667 4979
690 4854
643 4851
510 4826
503 4764
390 4805
391 4889
313 4816
308 4987
335 5090
400 5098
413 5151
429 5141
383 5148
357 5178
281 5134
349 5308
319 5360
325 5393
262 5446
279 5560
358 5549
338 5522
342 5605
388 5588
412 5538
474 5535
489 5496
495 5474
582 5482
418 5447
479 5352
563 5258
544 5210
541 5107
451 5062
432 4678
411 4551
384 4499
334 4528
284 4506
304 4610
264 4650
131 4625
171 4568
147 4475
165 4394
199 4311
228 4312
306 4364
433 4299
457 4321
483 4307
605 4306
619 4291
618 4387
576 4372
705 4336
676 4507
658 4504
669 4542
648 4555
647 4586
645 4620
710 4631
750 4595
769 4671
742 4686
719 4727
891 4735
952 4676
1050 4983
1057 5041
957 5157
899 5122
806 5147
847 5203
848 5247
911 5273
923 5375
794 5330
1077 5242
1192 5249
1171 5296
1231 5301
1239 5327
1214 5338
1251 5361
1242 5275
1327 5277
1296 5234
1498 5256
1501 5321
1477 5424
1518 5442
1529 5539
1532 5670
1495 5714
1535 5785
1511 5913
1493 5900
1473 5907
1466 5994
1436 6030
1395 5950
1537 6004
1580 6023
1603 5984
1596 5962
1658 5981
1668 6014
1686 5943
1674 5874
1680 5858
1755 5872
1769 5855
1887 5844
1871 5883
1880 5930
1946 5970
1976 5835
2090 5805
2083 5756
2103 5755
2204 5745
2218 5741
2135 5667
2190 5571
2147 5518
2192 5417
2262 5415
2317 5445
2351 5429
2354 5371
2352 5295
2409 5331
2370 5199
2231 5116
2293 5029
2038 5056
2031 5348
2044 5420
2021 5559
1993 5553
1801 5610
1784 5504
1712 5465
1640 5342
1592 5184
1576 5125
1372 4953
1861 4830
1866 4834
1846 5383
1860 5680
1702 5704
1713 5746
1631 5729
1610 5653
1432 5627
1394 5579
1241 5600
1136 5626
1040 5657
1064 5686
961 5631
954 5614
637 5659
473 5688
315 5673
286 5675
340 5752
351 5766
257 5815
192 5800
99 5832
110 5920
156 5896
35 5901
62 6043
107 6137
148 6147
129 6201
101 6205
111 6334
112 6379
3 6388
10 6268
39 6524
90 6660
77 6756
63 6777
128 6897
167 6910
160 7018
196 7043
229 7085
243 7083
236 7148
277 7178
344 7180
367 7238
466 7240
482 7284
459 7318
376 7392
369 7412
354 7414
185 7425
136 7424
125 7358
85 7341
75 7522
134 7517
143 7531
149 7548
214 7546
189 7587
168 7482
266 7641
209 7706
180 7796
130 7807
91 7811
86 7777
38 7699
53 7872
64 7932
54 8045
6 8061
12 8137
47 8227
142 8287
150 8372
193 8367
230 8307
311 8209
394 8246
402 8172
398 8095
337 8074
328 8067
373 7989
247 7973
164 7970
179 8012
188 8114
472 8079
529 8010
565 7999
595 7842
520 7817
514 7808
589 7727
623 7730
679 7733
646 7691
650 7566
692 7599
699 7490
664 7475
753 7496
773 7503
784 7476
782 7397
866 7383
919 7389
915 7431
940 7584
890 7594
881 7598
887 7690
827 7717
795 7681
783 7769
779 7766
731 7763
739 7904
810 7933
873 7994
920 8069
973 8036
999 7900
942 7873
876 7870
838 7832
921 7804
1030 7823
1157 7716
1138 7627
1173 7592
1161 7527
1122 7489
1108 7407
1100 7338
1169 7365
1189 7266
1014 7257
1000 7127
1006 7113
959 7069
860 7047
837 6955
843 6936
768 6940
789 6970
732 6855
693 6881
590 6891
587 6920
441 6924
364 6878
324 6904
267 6783
263 6668
420 6653
428 6608
430 6533
378 6503
355 6363
375 6311
298 6308
287 6175
220 6118
259 6071
318 6025
350 6003
371 5911
299 5914
584 5974
616 5986
538 6065
519 6167
486 6174
498 6230
624 6232
597 6283
558 6330
452 6350
444 6136
224 6425
403 6739
516 6833
628 6774
655 6791
754 6773
758 6772
735 6726
746 6692
798 6691
882 6616
906 6603
1065 6591
1137 6576
1174 6492
1207 6487
1235 6526
1257 6457
1178 6432
1378 6459
1342 6567
1333 6585
1310 6595
1281 6602
1346 6614
1316 6671
1219 6665
1116 6715
1119 6844
1101 6903
1029 6982
1031 6810
888 6812
1282 6879
1254 6929
1318 6975
1326 7019
1451 7036
1562 7060
1556 7121
1533 7160
1520 7269
1499 7280
1584 7301
1583 7309
1601 7352
1605 7393
1669 7370
1687 7403
1681 7460
1766 7498
1800 7542
1843 7654
1877 7628
1945 7582
1949 7449
1944 7360
1814 7346
1825 7395
1792 7282
1839 7263
1831 7151
1830 7092
1879 7125
1965 7122
2003 7128
1988 7096
1930 7023
1904 7024
1913 6961
2024 6969
2011 6934
1931 6847
1806 6840
1720 6834
1678 6786
1656 6718
1557 6723
1506 6659
1615 6593
1715 6669
1788 6675
1819 6678
1896 6582
2057 6560
2064 6482
2120 6404
2271 6463
2247 6544
2269 6622
2273 6664
2330 6730
2340 6754
2437 6769
2412 6806
2438 6954
2509 6935
2493 7051
2569 7130
2575 7235
2559 7275
2537 7340
2441 7302
2226 7322
2219 7270
2225 7166
2227 7139
2154 7141
2067 7207
2060 7276
2138 7312
2119 7373
2112 7385
2149 7474
2156 7525
2114 7597
2091 7596
2071 7665
2078 7679
1999 7686
1909 7713
1724 7677
1676 7671
1672 7902
1716 7894
1783 7888
1773 7859
1836 7861
1869 7942
1828 7995
1858 8056
1854 8141
1881 8152
1919 8130
1980 8203
1952 8253
2007 8280
2045 8266
2040 8238
2145 8247
2196 8285
2284 8264
2277 8231
2279 8205
2234 8161
2375 8159
2315 8080
2249 7988
2235 7977
2275 7895
2353 7920
2348 7934
2318 7778
2408 7783
2457 7813
2467 7644
2539 7595
2712 7585
2700 7550
2656 7495
2629 7468
2592 7448
2676 7359
2734 7390
2739 7295
2779 7271
2653 7227
2706 7029
2788 7037
2816 7053
2820 7054
2852 7020
2836 6984
2774 6989
2683 6931
2805 6819
2818 6820
2825 6832
2886 6853
2900 6790
2890 6667
2930 6646
3114 6639
3135 6630
3176 6625
3152 6581
3099 6569
3109 6552
3059 6500
3007 6439
3238 6480
3268 6309
3345 6305
3382 6367
3387 6211
3389 6097
3446 6105
3277 6098
3286 6149
3226 6190
3131 6217
2764 6241
2750 6135
2740 6093
2850 6066
2859 5989
2841 5987
2810 5975
2709 5870
2690 5801
2701 5758
2770 5735
2812 5663
2791 5566
2947 5609
2976 5662
3053 5668
3024 5706
3011 5780
3098 5751
3180 5833
3162 5644
3201 5602
3188 5576
3177 5568
3237 5532
3292 5503
3316 5541
3365 5628
3398 5702
3493 5691
3522 5625
3544 5630
3687 5622
3769 5613
3759 5589
3826 5689
3793 5423
3726 5433
3635 5448
3645 5520
3661 5357
3649 5218
3453 5232
3474 5271
3397 5265
3350 5261
3360 5286
3300 5222
3311 5387
3384 5391
3422 5440
3445 5513
3505 5410
3526 5334
3555 5096
3516 5037
3456 5058
3402 5050
3399 5104
3437 5138
3378 4988
3335 5004
3346 4918
3410 4944
3450 4914
3470 4920
3189 4915
3182 4901
3215 4977
3147 5018
3045 5002
3085 4950
3038 5188
3055 5246
2985 5231
2915 5153
3081 5326
3136 5453
3263 5444
3239 5405
3297 5678
3269 5713
3072 5580
2878 5778
2609 5876
2604 5927
2568 5921
2555 5880
2561 5849
2489 5814
2458 6087
2447 6081
2611 6080
2665 6215
2586 6279
2578 6366
2617 6354
2484 6356
2491 6375
2500 6385
2435 6344
2431 6340
2444 6264
2325 6153
2371 6429
2473 6513
2485 6573
2548 6577
2590 6489
2594 6710
2481 6688
2346 6606
2136 6695
1989 6734
2175 6869
2261 6887
2292 7126
2319 7111
2283 7199
2240 7379
2276 7634
2294 7696
2236 7685
2167 7708
2146 7649
2050 7896
1987 7979
1977 8035
2041 8084
2116 8073
2069 8150
2051 8434
2001 8393
1941 8407
1875 8348
1794 8290
1789 8428
1675 8382
1664 8257
1708 8169
1706 8119
1782 8118
1593 8085
1504 8049
1573 7976
1545 7939
1565 7909
1579 7867
1608 7875
1633 7882
1486 7919
1469 7910
1468 7801
1470 7735
1421 7754
1397 7622
1471 7581
1502 7491
1546 7466
1415 7411
1325 7524
1278 7484
1356 7237
1379 7221
1651 7217
1641 7288
1613 6988
1711 6991
1607 6884
1461 6874
1452 6841
1367 6843
1371 6755
1345 6766
1551 6420
1272 5862
1292 5494
1123 5377
155 5339
72 5303
66 5250
8 5268
36 5344
46 5359
92 5401
34 5438
60 5484
118 5581
157 5557
177 5577
122 5727
52 5711
17 5170
28 4913
19 4898
51 4809
124 4955
4 4391
153 4194
178 4216
158 4108
132 4104
139 4124
194 4036
240 4078
289 4021
301 4004
316 4042
381 4014
446 4006
437 3990
438 3988
421 4072
526 4024
577 4077
600 4089
625 4182
680 4043
713 4009
700 3969
687 3909
677 3902
653 3884
586 3903
613 3939
550 3943
517 3906
572 3780
543 3748
551 3738
461 3662
470 3600
454 3585
487 3560
507 3607
456 3480
385 3505
320 3484
294 3472
302 3399
276 3329
237 3322
331 3317
393 3232
333 3163
480 3180
535 3174
564 3260
494 3268
539 3347
638 3337
652 3341
659 3372
734 3459
720 3553
834 3482
858 3494
912 3398
903 3370
868 3353
824 3377
956 3420
1047 3573
992 3634
1037 3709
946 3712
917 3733
908 3808
990 3759
1046 3839
1048 4082
996 4074
930 4038
886 4019
819 4000
832 4094
835 4210
927 4163
928 4260
1153 4220
1255 4249
1259 4355
1186 4348
1159 4357
1180 4064
1099 4066
889 3930
812 3896
803 3847
799 3838
759 3831
791 3789
790 3774
389 3822
317 3927
172 3897
154 3940
146 3979
108 3974
31 3905
18 3872
100 3777
161 3707
221 3547
198 3523
191 3468
341 3556
345 3630
346 3635
133 3264
424 3026
471 3046
492 3058
512 2962
464 2938
440 2964
681 3114
818 3143
814 3200
869 3235
711 3259
925 3105
1268 3144
1279 3018
1315 2826
1200 2726
1117 2744
1090 2790
1061 2810
1067 2836
1056 2552
1519 2644
1659 2735
1775 2772
1754 2598
1842 2569
1799 2514
1818 2472
1739 2430
1677 2501
1645 2475
1570 2454
2013 2455
1963 2402
2033 2216
2122 2177
2228 2182
2288 2218
2301 2213
2321 2237
2361 2142
2296 2070
2210 2083
2180 2037
2222 1929
2200 1904
2274 1853
2307 1981
2377 1927
2480 1831
2476 2277
2453 2330
2474 2365
2525 2350
2607 2363
2593 2411
2558 2447
2591 2496
2468 2558
2398 2541
2399 2471
2341 2422
2182 2442
2128 2546
2089 2561
2086 2645
2054 2718
2127 2746
2061 2815
2015 2825
2229 2910
2187 2954
2153 3042
2195 3137
2286 3048
2360 3031
2466 3039
2450 3067
2507 3066
2603 3080
2584 3103
2625 3059
2659 2980
2556 2990
2543 2982
2538 2976
2504 2895
2511 2855
2605 2850
2630 2800
2626 2770
2608 2741
2661 2716
2708 2708
2720 2720
2721 2721
2730 2730
2732 2732
2742 2742
2748 2739
2753 2753
2762 2762
2766 2766
2767 2767
2785 2785
2789 2789
2796 2796
2799 2799
2804 2804
2808 2808
2811 2811
2837 2837
2844 2844
2858 2858
2861 2861
2864 2864
2828 2947
2777 3009
2761 3085
2714 3088
2759 3237
2784 3303
2839 3331
2922 3362
2940 3318
3019 3371
3069 3493
3063 3525
3091 3534
3077 3577
2948 3589
2913 3496
2889 3511
2903 3437
2687 3431
2675 3430
2671 3485
2599 3487
2533 3514
2477 3503
2469 3564
2549 3584
2598 3690
2534 3749
2572 3796
2544 3858
2420 3809
2475 3681
2380 3627
2394 3532
2389 3474
2382 3396
2439 3376
2426 3256
2350 3270
2253 3367
2337 3543
2570 3409
2554 3296
2624 3247
2628 3231
2494 3194
2405 2909
2335 2773
2285 2763
2310 2696
2333 2659
2542 2654
2531 2754
2736 2822
2716 2661
2775 2628
2870 2694
2992 2946
2876 3233
3241 3166
3401 3188
3404 3255
3372 3240
3481 3292
3580 3418
3605 3404
3707 3314
3714 3310
3570 3148
3904 2998
3890 2975
3979 2952
4011 2897
4010 2868
4046 2911
4020 3006
4007 3068
3969 3054
4138 3052
4155 3022
4166 3176
4243 3135
4079 3220
4102 3273
4074 3299
4241 3447
4427 3408
4448 2925
4360 2828
4507 2709
4544 2439
4617 2480
4641 2317
4605 2294
4590 2293
4614 2271
4549 2279
4571 2201
4543 2174
4483 2148
4496 2111
4502 2090
4654 2099
4627 2150
4621 2153
4717 2206
4718 2315
4769 2415
4800 2444
4907 2446
4957 2428
4918 2345
5035 2264
5058 2240
5085 2195
5082 2181
5125 2098
5155 2064
5168 2134
5199 2160
5227 2093
5352 2091
5378 2043
5356 1945
5303 1969
5322 2205
5279 2207
5254 2259
5222 2249
5321 2333
5373 2281
5444 2308
5521 2299
5619 2346
5629 2339
5751 2270
5761 2230
5826 2253
5895 2215
5935 2198
5940 2234
6068 2256
6098 2244
6161 2127
6220 2180
6255 2190
6259 2147
6283 2155
6292 2296
6215 2318
6233 2416
6289 2396
6160 2443
6159 2452
6099 2515
6070 2536
6066 2615
6009 2604
5962 2596
5905 2532
5894 2412
5892 2362
5726 2438
5722 2478
5719 2507
5681 2489
5753 2618
5721 2703
5744 2743
5734 2806
5835 2820
5864 2786
5873 2711
5915 2678
5834 2658
5811 2727
5987 2841
6145 2886
6183 2856
6190 2846
6207 2863
6195 2771
6335 2788
6388 2662
6364 2620
6358 2524
6203 2551
6202 2592
6552 2665
6658 2638
6668 2491
6695 2517
6793 2521
6768 2473
6769 2437
6834 2419
6775 2348
6763 2341
6654 2247
6644 2238
6542 2223
6513 2228
6528 2107
6481 2086
6447 1953
6423 1872
6419 1825
6422 1820
6389 1790
6378 1768
6363 1741
6379 1706
6332 1627
6287 1493
6200 1516
6191 1524
6167 1439
6054 1485
6047 1506
6065 1528
6055 1607
5986 1670
5943 1725
5942 1870
5872 1890
5851 1830
5774 1805
5764 1876
5762 1976
5785 1971
5718 2013
5677 2004
5689 2045
5591 2061
5576 2104
5633 2123
5649 2151
5518 2144
5553 1993
5599 1836
5610 1801
5642 1847
5674 1752
5700 1719
5767 1727
5803 1711
5821 1632
5765 1595
5694 1568
5683 1467
5600 1457
5549 1490
5495 1449
5405 1391
5331 1395
5185 1416
5134 1398
5011 1432
4997 1444
4967 1551
4966 1582
4978 1649
4896 1674
4815 1734
4843 1784
4952 1770
4964 1856
4942 1879
4937 1959
4922 2024
4989 1997
5016 2006
4890 2097
4801 2021
4818 1892
4778 1866
4760 1871
4720 1925
4868 1926
4751 2126
4796 2172
4804 2579
4875 2543
4884 2664
4865 2679
4891 2714
4984 2677
4999 2794
5020 2883
5142 2885
5143 2756
5069 2729
5210 2497
5246 2498
5258 2488
5266 2441
5226 2464
5353 2466
5404 2540
5123 2340
5102 1732
5128 1661
5112 1631
5138 1591
5204 1593
5282 1604
5376 1590
5387 1552
5396 1699
5320 1691
5415 1786
5484 1635
5571 1673
5615 1606
5621 1352
5662 1381
5713 1324
5715 1265
5776 1367
5778 1374
5802 1369
5843 1306
5925 1384
5958 1372
6019 1357
6045 1272
6113 1204
6110 1200
6156 1146
6221 1134
6232 1046
6256 1069
6353 1120
6350 1179
6338 1238
6273 1242
6387 1279
6425 1073
6444 1059
6359 1011
6368 1002
6405 935
6380 895
6313 922
6269 915
6267 911
6310 867
6499 910
6551 900
6544 812
6507 825
6472 707
6438 634
6462 565
6411 534
6430 429
6383 432
6344 397
6333 396
6308 298
6295 244
6199 250
6101 248
6135 166
6132 64
6238 15
6288 52
6325 99
6272 132
6400 173
6434 258
6442 339
6583 480
6607 492
6617 449
6731 456
6720 510
6652 541
6637 631
6586 608
6559 576
6602 721
6726 742
6760 739
6749 821
6738 929
6743 961
6815 914
6810 1031
6829 1154
6847 1184
6892 1145
7033 1121
7072 1037
7126 1006
7127 1000
7151 876
7252 846
7420 856
7576 842
7648 884
7714 881
7732 824
7736 713
7682 727
7653 724
7689 644
7778 504
7815 472
7970 467
8002 545
8004 632
7986 726
8031 748
8032 811
7933 810
7888 829
7879 777
7810 778
7784 919
7941 952
7946 979
7957 1004
8010 1045
7994 873
8111 847
8119 930
8196 980
8194 1095
8260 1035
8323 949
8375 933
8388 841
8481 897
8548 964
8510 1029
8530 1067
8431 1039
8424 1010
8475 1214
8506 1225
8560 1222
8666 1226
8659 1172
8716 1177
8742 1235
8808 1207
8843 1173
8841 1143
8762 1108
8744 1107
8760 1080
8769 1022
8749 1014
8715 992
8726 948
8801 913
8905 918
8995 892
8937 814
8861 800
8835 792
8798 764
8816 731
8823 718
8878 704
9008 665
9044 643
9112 635
9117 749
9034 784
9180 694
9265 613
9311 592
9309 564
9342 605
9392 588
9435 563
9517 596
9475 687
9448 746
9362 803
9416 954
9502 974
9514 938
9598 920
9640 942
9659 968
9624 972
9650 998
9646 1079
9612 1190
9603 1338
9662 1414
9656 1441
9708 1380
9828 1345
9866 1303
9803 1216
9768 1150
9910 1174
9929 1135
9941 996
9933 957
9925 937
9884 1003
9840 973
9764 928
9753 932
9748 887
9823 860
9817 705
9862 695
9855 484
9838 435
9781 379
9691 367
9657 310
9634 301
9647 205
9637 123
9628 26
9608 8
9571 21
9562 63
9505 37
9420 61
9314 77
9302 104
9296 189
9196 222
9153 277
9106 344
9134 413
9055 391
9083 481
8934 394
8985 342
8902 318
8901 249
8847 181
8966 151
8860 361
8856 421
8805 448
8793 372
8776 340
8595 341
8590 378
8618 305
8485 398
8480 436
8452 424
8445 442
8428 485
8367 470
8376 535
8292 525
8257 637
8264 679
8270 773
8214 752
8213 832
8138 533
8112 543
8125 434
8089 375
8169 376
8188 364
8212 288
8207 190
8139 134
8021 133
8024 152
8073 209
8048 322
8029 335
7980 267
7876 278
7870 362
7741 347
7742 313
7594 316
7522 245
7467 273
7432 251
7444 171
7475 162
7554 150
7567 101
7562 6
7711 48
7670 102
7754 120
7758 131
7807 130
7819 149
7825 156
7852 175
7796 180
7820 88
7802 33
7886 11
7916 177
7912 573
7477 590
7499 478
7544 447
7478 370
7439 400
7434 343
7382 320
7339 414
7331 461
7377 469
7311 548
7315 595
7275 581
7246 538
7259 516
7240 404
7211 395
7189 348
7249 331
7128 276
7078 287
7017 234
7024 148
7054 100
7101 96
7175 135
7250 136
7233 85
7268 72
7306 31
7221 1
7353 184
6931 221
6886 306
6869 300
6811 401
6771 392
6674 283
6669 211
6626 163
6629 103
6826 105
6795 65
6912 93
6993 357
6986 501
7067 454
7079 430
7143 614
7191 629
7207 669
7220 670
7281 654
7350 745
6956 756
6830 768
6882 691
6785 609
6817 572
6725 636
6924 960
6992 1237
6961 1271
6928 1351
6926 1424
6861 1431
6874 1461
6896 1510
6985 1553
7041 1605
7121 1549
7145 1507
7214 1543
7239 1548
7231 1567
7234 1592
7263 1505
7296 1504
7335 1479
7385 1353
7386 1340
7365 1319
7305 1314
7375 1254
7366 1244
7468 1210
7413 1094
7274 1122
7178 1346
7164 1344
7087 1318
7015 1355
6747 1349
6762 1255
6744 1171
6642 1168
6600 1176
6620 1099
6554 1021
6509 977
6597 1341
6562 1527
6576 1675
6517 1655
6728 1677
6745 1676
6740 1615
6828 1668
6835 1941
6802 1999
6777 2007
6734 1989
6742 2092
6758 2108
6809 2041
6647 2030
6610 2020
6678 1819
7018 1827
7052 1861
7045 1745
7135 1804
7258 1806
7242 1773
7302 1869
7304 1893
7332 1995
7341 2048
7373 2132
7286 2120
7261 2137
7251 2196
7257 2283
7202 2262
7160 2266
7161 2310
7167 2370
7140 2359
7090 2388
7068 2451
7029 2460
7085 2510
7123 2481
7179 2539
7171 2594
7182 2797
7183 2833
7217 2783
7089 2805
7091 2913
7122 2967
7209 2942
7287 2928
7351 2936
7369 2985
7326 2994
7273 3019
7213 3040
7310 3071
7291 3094
7290 3325
7253 3334
7185 3275
7158 3412
7146 3508
7196 3517
7349 3498
7357 3489
7423 3423
7400 3388
7402 3335
7492 3357
7520 3444
7511 3501
7424 3568
7417 3685
7418 3745
7430 3826
7447 3833
7480 3913
7547 3951
7549 3959
7497 4045
7389 4049
7346 4033
7343 4096
7374 4117
7403 4106
7452 4172
7527 4191
7578 4240
7627 4237
7610 4293
7716 4309
7739 4296
7845 4294
7861 4274
7865 4319
7866 4382
7882 4516
7851 4594
7770 4575
7779 4656
7790 4699
7726 4745
7706 4760
7669 4808
7674 4823
7646 4828
7603 4793
7470 4792
7518 4856
7484 4909
7441 4879
7407 4934
7309 4930
7289 4941
7342 4884
7192 4872
7197 4842
7188 4734
7165 4739
7111 4738
7095 4751
7084 4790
7049 4833
6979 4837
6962 4972
7040 4965
7092 4887
7181 5003
7194 5099
7266 5111
7283 5168
7372 5161
7404 5135
7416 5046
7463 5079
7531 4992
7698 4995
7745 4996
7673 4924
7813 4871
7811 4798
7837 4778
7909 4774
8030 4772
8066 4717
8129 4711
8116 4740
8133 4874
8079 4881
7979 4864
7934 4951
7963 4981
8019 5076
8049 5126
8017 5173
7951 5158
7789 5183
7782 5260
7737 5333
7662 5368
7684 5402
7623 5412
7628 5500
7579 5491
7574 5506
7543 5457
7517 5478
7460 5472
7410 5570
7414 5620
7359 5585
7285 5517
7272 5514
7322 5432
7241 5390
7180 5414
7156 5406
7172 5469
7125 5466
7070 5369
7102 5159
7132 5144
7035 5142
6970 5146
6957 5102
7004 5088
6927 5182
6894 5252
6820 5191
6816 5346
6757 5323
6735 5279
6667 5262
6643 5270
6659 5172
6606 5089
6525 5077
6539 5060
6498 5092
6459 5115
6398 5097
6385 5139
6322 5084
6260 5043
6188 5009
6177 4940
6114 4890
6108 4742
6192 4726
6265 4700
6240 4785
6245 4836
6309 4888
6349 4919
6392 4877
6415 4846
6450 4824
6503 4839
6650 4894
6677 4916
6679 4716
6655 4665
6638 4673
6454 4683
6455 4615
6443 4622
6374 4585
6375 4661
6320 4632
6300 4533
6271 4522
6282 4478
6285 4448
6341 4501
6334 4362
6297 4315
6402 4318
6448 4353
6483 4422
6555 4385
6577 4283
6592 4246
6733 4250
6766 4308
6803 4361
6879 4329
6904 4331
6905 4242
6972 4208
6976 4145
6945 4084
6864 4086
6916 4028
7011 4012
7056 3955
7023 3880
7025 3857
7034 3843
7020 3795
6990 3783
6984 3785
7010 3663
6941 3660
6940 3621
6846 3632
6707 3651
6663 3593
6627 3586
6589 3583
6571 3650
6616 3711
6587 3786
6468 3758
6474 3892
6463 4018
6418 4057
6530 4098
6527 4147
6502 4158
6377 4181
6303 4202
6331 4238
6252 4168
6258 4152
6164 4090
6104 4095
6039 4212
6016 4214
6140 4289
6163 4384
6050 4480
6027 4556
6021 4606
5970 4630
5910 4601
5850 4663
5867 4689
5749 4728
5747 4757
5652 4719
5731 4619
5729 4548
5485 4545
5447 4690
5357 4624
5334 4756
5336 4969
5342 5000
5411 5006
5448 5010
5425 5070
5433 5155
5563 5130
5594 5031
5531 4993
5517 4942
5463 4926
5385 4928
5208 4961
5158 5033
5275 5044
5161 5190
5126 5224
5111 5211
5079 5214
4995 5200
4990 5292
4953 5299
5001 5367
5108 5365
5159 5384
5162 5398
5203 5381
5239 5363
5234 5317
5182 5315
5170 5276
5074 5309
4924 5149
4819 5145
4765 5213
4727 5322
4701 5382
4683 5512
4690 5561
4695 5592
4664 5591
4632 5607
4597 5731
4551 5781
4537 5787
4477 5723
4364 5677
4355 5818
4325 5794
4288 5859
4236 5909
4212 6015
4273 6038
4250 6076
4196 6127
4158 6221
4152 6258
4087 6214
4053 6090
4119 5972
4329 6022
4376 6048
4423 6139
4565 6161
4681 6164
4742 6108
4833 6099
4820 6021
4830 5944
4785 5959
4688 5918
4538 5951
4517 5995
4524 6027
4523 6255
4512 6250
4612 6299
4716 6270
4809 6180
4912 6009
4951 6031
4959 5964
4994 5879
5014 5779
4983 5703
4986 5687
5028 5617
4944 5536
4849 5531
4832 5545
4774 5537
4764 5525
4779 5495
4749 5556
4789 5676
4862 5866
4872 5868
5098 5929
5065 6005
5231 6024
5216 6044
5157 6322
5122 6345
5109 6357
5071 6361
5064 6395
5032 6320
4993 6506
5077 6525
5089 6523
5090 6635
5202 6636
5201 6647
5193 6579
5140 6703
5147 6829
5242 6747
5388 6764
5399 6728
5450 6711
5457 6682
5439 6549
5395 6511
5393 6587
5310 6641
5295 6471
5265 6458
5274 6398
5316 6393
5326 6353
5347 6323
5351 6267
5382 6256
5445 6293
5504 6371
5500 6377
5574 6401
5590 6423
5506 6481
5480 6488
5420 6451
5381 6418
5323 6445
5144 6437
4905 6594
4879 6611
4874 6574
4860 6680
4988 6693
4956 6750
4958 6758
4790 6826
4723 6886
4697 6751
4470 6921
4421 6947
4213 7279
4108 7222
4104 7224
4122 7356
4094 7437
4109 7561
4115 7578
4050 7534
4014 7506
3934 7537
3779 7535
3698 7612
3701 7663
3653 7702
3656 7714
3652 7742
3754 7743
3758 7800
3901 7793
3935 7849
3911 7948
3803 7967
3738 7952
3748 8019
3764 8127
3721 8134
3699 8165
3689 8197
3692 8251
3720 8327
3780 8355
3879 8400
3919 8394
3960 8417
3990 8360
4032 8352
3985 8268
3989 8178
3957 8145
3926 8125
4005 8103
4067 8138
4172 8194
4192 8182
4226 8192
4240 8282
4214 8293
4176 8362
4199 8415
4191 8501
4161 8479
4113 8503
4080 8534
4118 8587
4024 8603
3995 8705
4033 8735
4071 8711
4137 8691
4194 8734
4100 8771
4153 8848
4306 8829
4381 8840
4397 8865
4469 8920
4536 8880
4629 8913
4659 8909
4657 8856
4841 8889
4825 8949
4806 9020
4824 9202
4816 9284
4850 9270
4895 9304
4882 9355
4910 9376
4858 9431
4812 9443
4781 9390
4739 9370
4684 9405
4679 9325
4529 9314
4488 9229
4570 9131
4625 9156
4636 9197
4521 9008
4434 9063
4352 9101
4341 9345
4333 9364
4367 9347
4254 9311
4208 9331
4170 9426
4096 9425
4057 9507
4065 9558
4062 9564
4188 9556
4203 9529
4235 9521
4230 9592
4343 9572
4372 9615
4344 9692
4433 9681
4567 9696
4628 9759
4647 9799
4572 9842
4485 9817
4476 9813
4425 9851
4354 9807
4286 9901
4238 9878
4145 9870
4130 9811
4089 9829
4049 9822
4027 9905
4008 9968
3922 9976
3851 9954
3808 9986
3663 9974
3671 9945
3582 9902
3629 9828
3454 9794
3475 9743
3380 9755
3348 9740
3391 9706
3396 9581
3296 9613
3249 9603
3245 9711
3219 9731
3197 9787
3097 9779
3078 9790
3044 9724
2991 9713
2970 9705
2946 9730
2868 9733
2880 9770
2798 9802
2802 9708
2723 9686
2681 9697
2640 9682
2638 9648
2692 9622
2673 9552
2618 9534
2585 9489
2563 9475
2693 9458
2768 9392
2803 9396
2763 9341
2727 9350
2691 9277
2662 9300
2602 9255
2499 9239
2451 9269
2423 9323
2345 9285
2282 9335
2303 9421
2270 9470
2278 9480
2217 9524
2132 9538
2088 9629
2197 9644
2257 9625
2290 9602
2300 9675
2291 9751
2373 9709
2422 9761
2465 9841
2479 9914
2518 9915
2595 9898
2587 9949
2424 9909
2363 9899
2376 9994
2224 9924
2201 9847
2166 9862
2058 9866
2065 9913
2037 9963
1981 9721
1936 9684
1820 9660
1826 9641
1764 9645
1762 9765
1707 9887
1699 9960
1626 9875
1616 9874
1611 9856
1571 9776
1472 9771
1485 9718
1448 9650
1420 9670
1527 9634
1647 9637
1727 9415
1743 9379
1735 9332
1746 9256
1781 9253
1833 9250
1953 9264
1956 9305
1961 9399
1895 9473
1915 9541
1960 9553
1822 9429
1807 9398
1591 9367
1543 9365
1510 9430
1404 9423
1398 9416
1444 9329
1447 9251
1441 9204
1480 9230
1476 9154
1465 9116
1462 9061
1362 9090
1373 8973
1244 8985
1265 9022
1233 9086
1227 9130
1184 9196
1097 9089
1126 9025
1080 8997
1110 8956
1103 8887
1071 8867
1068 8817
1072 8723
964 8718
945 8676
937 8665
997 8618
1018 8607
1002 8588
1017 8519
1044 8492
1089 8564
1111 8585
1134 8637
1204 8589
1229 8568
1284 8610
1240 8750
1238 8779
1205 8818
1248 8864
1305 8868
1343 8744
1552 8742
1547 8776
1538 8795
1600 8727
1604 8716
1652 8737
1745 8745
1714 8785
1695 8849
1689 8881
1691 8892
1609 8905
1660 8964
1554 8961
1558 8975
1590 9004
1618 9060
1694 9071
1738 9104
1791 9094
1849 9050
1835 8958
1857 8951
1910 8988
1912 9133
1940 9148
1979 9165
1947 9201
2035 9278
2158 9280
2211 9268
2178 9225
2148 9095
2121 9073
2019 9036
2250 9057
2311 9026
2326 9032
2364 9058
2308 9097
2332 9139
2299 8906
2214 8812
2165 8843
2139 8839
2073 8767
2100 8651
2162 8652
2169 8720
2259 8677
2395 8690
2379 8553
2390 8541
2392 8419
2384 8323
2456 8344
2470 8384
2577 8326
2581 8270
2654 8274
2612 8353
2783 8306
2821 8312
2819 8230
2835 8091
2680 8106
2651 8123
2562 8078
2488 8028
2501 7987
2560 7924
2686 7958
2744 7947
2717 7997
2778 7819
2893 7828
2895 7795
2842 7697
2874 7620
2959 7659
2987 7707
3037 7675
3061 7632
3064 7626
3087 7583
3113 7666
3155 7734
3208 7781
3230 7786
3283 7779
3279 7846
3336 7829
3438 7827
3434 7739
3428 7692
3430 7676
3374 7745
3301 7715
3187 7623
3358 7547
3423 7423
3452 7382
3523 7386
3601 7351
3618 7192
3655 7228
3717 7239
3719 7267
3783 7209
3761 7176
3767 7157
3893 7175
3937 7189
3980 7289
3948 7331
3894 7343
3912 7377
3833 7422
3852 7299
3594 7135
3518 7099
3449 7124
3417 7179
3433 7219
3408 7325
3276 7347
3260 7366
3288 7421
3161 7369
3157 7324
3130 7251
3043 7330
2979 7328
2973 7300
2932 7294
2907 7181
2954 7162
3006 7091
2928 7057
2955 6926
3052 6995
3121 7034
3122 7093
3184 7109
3213 6737
3150 6725
2726 6624
2838 7473
2840 7487
2906 7464
2993 7404
3070 7478
3080 7771
3051 7809
3141 7877
3214 7908
3198 7963
3251 7991
3192 8083
3341 8102
3319 8213
3329 8254
3354 8269
3327 8300
3332 8385
3370 8432
3409 8463
3413 8488
3439 8427
3420 8342
3550 8345
3560 8329
3584 8298
3603 8294
3604 8222
3566 8170
3609 8120
3667 8093
3484 8121
3472 8155
3536 8284
3596 8413
3633 8396
3591 8537
3576 8569
3563 8604
3500 8572
3490 8543
3462 8601
3342 8582
3333 8516
3270 8556
3203 8552
3172 8560
3133 8555
3129 8522
3102 8526
3084 8513
3079 8438
3067 8418
3144 8421
3119 8461
3156 8477
3127 8609
2994 8611
3027 8664
3041 8709
3124 8762
2966 8796
2879 8844
2851 9002
2824 9035
2945 9039
2962 9091
3013 8999
3171 9053
3195 9054
3223 9092
3149 9077
3096 9217
3103 9282
3168 9327
3278 9359
3364 9356
3379 9422
3317 9417
3468 9437
3467 9483
3482 9511
3486 9368
3485 9349
3539 9401
3593 9338
3562 9147
3530 9074
3442 9044
3461 9006
3458 8870
3525 8908
3627 8993
3634 8995
3623 9007
3725 8990
3728 8857
3639 8777
3660 8704
3668 8641
3673 8605
3614 8655
3620 8666
3790 8629
3868 8617
3872 8660
3885 8661
3907 8788
3925 8811
3900 8861
3918 8960
3964 8950
3996 8802
4018 9079
3974 9136
4016 9193
4025 9207
4073 9203
4133 9180
4134 9173
4117 9159
4143 9015
4068 9289
3984 9262
3956 9357
3958 9372
3830 9378
3848 9537
3765 9515
3734 9609
3905 9604
3971 9646
3954 9749
3884 9741
3882 9885
3973 9857
4106 9931
4123 9933
4167 9937
4386 9984
4615 9950
4646 9935
4667 9978
4735 9865
4756 9812
4808 9804
4791 9742
4889 9773
4899 9846
4914 9958
4844 9964
5034 9956
5096 9907
5223 9872
5260 9904
5259 9918
5299 9938
5252 9997
5183 9781
5078 9654
5050 9586
5088 9455
5118 9471
5101 9366
5039 9228
4992 9190
5006 9128
5036 9117
5060 9105
5041 9037
5114 8869
5194 8805
5270 8830
5304 8897
5434 8931
5423 8945
5492 8992
5538 8977
5499 9093
5459 9107
5422 9150
5380 9076
5359 9096
5346 9087
5350 9023
5257 9062
5230 9157
5271 9301
5362 9432
5419 9478
5552 9503
5579 9494
5586 9462
5608 9433
5637 9454
5735 9505
5743 9649
5737 9691
5786 9728
5773 9795
5809 9785
5766 9903
5759 9926
5593 9873
5565 9853
5478 9820
5471 9823
5400 9852
5483 9922
5575 9982
5609 9753
5650 9725
5667 9663
5522 9624
5498 9618
5477 9623
5427 9636
5312 9638
5293 9584
5526 9561
5523 9545
5539 9550
5580 9565
5804 9595
5999 9607
6051 9679
6043 9714
6107 9772
6085 9797
6170 9825
6235 9848
6242 9919
6329 9927
6355 9883
6319 10000
6428 9991
6414 9746
6480 9737
6475 9769
6493 9683
6522 9671
6567 9717
6569 9839
6543 9831
6537 9818
6625 9816
6604 9876
6682 9923
6699 9930
6883 9908
6920 9891
6936 9936
7036 9934
7000 9836
7117 9864
7105 9762
7081 9719
7022 9685
7038 9571
6960 9510
6899 9464
6801 9451
6800 9491
6782 9526
6792 9549
6702 9532
6681 9509
6715 9497
6689 9452
6648 9413
6640 9522
6621 9567
6653 9573
6649 9588
6492 9600
6466 9582
6440 9574
6395 9597
6381 9591
6384 9530
6362 9519
6420 9463
6460 9439
6477 9442
6532 9428
6446 9272
6370 9200
6197 9214
6208 9259
6171 9363
6217 9412
6210 9535
6279 9601
6291 9677
6340 9666
6247 9774
6129 9928
6149 9952
6111 9981
5998 9990
5955 9987
5978 9943
6013 9479
5870 9434
5896 9348
5840 9326
5836 9328
5699 9209
5691 9216
5704 9176
5733 9110
5748 9051
5796 9005
5926 9011
5914 8969
5930 8877
5884 8884
5860 8891
5854 8860
5756 8825
5799 8761
5899 8739
5939 8797
6024 8815
6052 8833
6086 8837
6088 8801
6087 8778
6082 8751
6057 8752
6069 8910
6095 8929
6123 8955
6106 8982
6222 8957
6176 8875
5989 8882
5950 9046
6006 9075
6154 9102
6248 9134
6431 9066
6453 9083
6487 8967
6557 8924
6619 8953
6572 8832
6470 8835
6410 8810
6399 8688
6304 8698
6268 8702
6241 8551
6257 8467
6158 8416
6142 8512
6025 8502
6063 8443
6028 8379
5975 8358
5937 8436
5833 8420
5871 8378
5814 8338
5644 8343
5684 8256
5688 8129
5692 8115
5678 8070
5654 8054
5617 8098
5627 8167
5595 8177
5524 8143
5511 8050
5489 7903
5476 7884
5421 7906
5409 7899
5313 7921
5264 7913
5324 7821
5325 7749
5285 7728
5273 7723
5255 7765
5217 7776
5235 7670
5436 7643
5544 7617
5559 7530
5534 7514
5624 7552
5673 7586
5740 7614
5790 7722
5846 7700
5964 7647
6030 7603
5984 7750
6026 7858
6081 7826
6184 7824
6212 7937
6280 7890
6284 7986
6326 7982
6299 8065
6278 8157
6229 8131
6198 8116
6214 8215
6157 8219
6084 8308
6038 8265
6014 8240
5966 8225
5959 8224
5909 8223
5907 8144
5906 8112
5837 8057
5827 7951
5794 7949
5755 7983
5739 8024
5741 7922
5770 7868
5698 7815
5687 7737
5653 7907
5614 7892
5589 7887
5577 7916
5620 7941
5532 7806
5328 8051
5297 8153
5391 8166
5394 8226
5414 8208
5443 8336
5519 8299
5550 8249
5556 8471
5512 8472
5449 8460
5417 8451
5392 8494
5437 8570
5398 8615
5329 8628
5247 8645
5154 8643
5139 8624
5153 8573
5221 8557
5166 8444
5116 8481
5131 8392
5010 8486
5033 8549
4996 8584
4954 8695
5042 8724
4893 8763
4861 8755
4845 8707
4805 8706
4813 8592
4828 8594
4714 8616
4734 8458
4682 8452
4602 8507
4490 8490
4414 8520
4382 8509
4293 8514
4473 8619
4491 8770
4340 8753
3936 8506
3873 8487
3840 8550
3799 8542
3773 9084
3755 9115
3810 9177
3804 9191
3777 9234
3693 9192
3455 9213
3415 9247
3367 9140
3306 9161
3212 9211
3017 9237
2834 9195
2713 9182
2695 9219
2738 9118
2588 9047
2498 8930
2523 8842
2685 8699
2674 8672
2660 8657
2619 8630
2769 8602
2743 8571
2829 8577
2849 8465
2933 8480
3014 8544
2866 8373
3137 8317
3148 8248
3090 8198
3258 8199
3015 7955
3556 7580
3613 7621
3811 7684
4023 7642
4111 7701
4165 7658
4189 7637
4385 7615
4377 7529
4374 7442
4362 7693
4499 7688
4271 7803
4319 7865
4299 7971
4283 8002
4202 7943
4163 7878
4162 7835
4103 7862
4059 7772
3949 8042
4446 8174
4532 8242
4622 8259
4634 8229
4620 8196
4689 8250
4715 8263
4738 8221
4733 8339
4780 8351
4770 8398
4878 8498
4919 8218
4971 8234
5083 8188
5171 8181
5215 8245
5136 7876
4980 7885
4977 7897
5012 7417
4852 7419
4887 7455
5017 7246
5015 7172
5354 7258
5374 7291
5465 7231
5514 7272
5554 7320
5618 7315
5623 7296
5788 7244
5839 7163
5848 7000
5782 6997
5746 6965
5801 6885
5876 6950
5918 6951
5900 6977
5923 6999
6022 7008
6017 6983
6012 6798
5991 6686
5967 6542
5948 6499
5933 6475
5994 6496
5976 6390
5941 6383
5924 6380
5901 6374
5974 6310
6001 6332
5963 6203
6093 6219
6166 6196
6173 6173
6179 6179
6182 6182
6189 6189
6209 6209
6213 6213
6227 6227
6228 6228
6231 6231
6236 6236
6237 6237
6246 6246
6251 6251
6253 6253
6254 6254
6262 6262
6275 6275
6286 6286
6294 6280
6296 6296
6298 6298
6306 6306
6312 6312
6314 6314
6315 6315
6317 6317
6318 6318
6328 6328
6337 6337
6339 6339
6348 6348
6351 6351
6352 6352
6369 6369
6372 6372
6373 6373
6382 6382
6391 6391
6406 6406
6409 6409
6424 6424
6426 6426
6441 6441
6452 6452
6461 6461
6465 6465
6476 6476
6473 6483
6485 6485
6490 6490
6494 6494
6505 6505
6534 6534
6535 6535
6545 6545
6547 6547
6548 6548
6561 6561
6580 6580
6588 6588
6590 6590
6612 6612
6618 6618
6623 6623
6632 6632
6633 6633
6634 6634
6651 6651
6656 6656
6657 6657
6661 6661
6662 6662
6670 6670
6673 6673
6676 6676
6683 6683
6684 6684
6697 6697
6704 6704
6712 6712
6714 6714
6719 6719
6721 6721
6722 6722
6727 6727
6700 6717
6746 6746
6748 6748
6753 6753
6776 6776
6784 6784
6807 6807
6808 6808
6823 6823
6837 6837
6838 6838
6849 6849
6850 6850
6851 6851
6860 6860
6865 6865
6866 6866
6873 6873
6893 6893
6917 6917
6922 6922
6923 6923
6932 6932
6933 6933
6946 6946
6952 6952
6964 6964
6968 6968
6987 6987
6998 6998
7001 7001
7006 7006
7013 7013
7016 7016
7027 7027
7076 7038
7059 7059
7066 7066
7074 7074
7077 7077
7080 7080
7082 7082
7088 7088
7094 7094
7100 7103
7108 7108
7116 7116
7129 7129
7131 7131
7138 7138
7149 7149
7150 7150
7152 7152
7153 7153
7155 7155
7159 7159
7169 7169
7174 7174
7186 7186
7187 7187
7190 7190
7203 7203
7205 7205
7206 7206
7210 7210
7212 7212
7216 7216
7218 7218
7229 7229
7230 7230
7243 7243
7245 7245
7254 7254
7255 7255
7264 7264
7277 7277
7278 7278
7292 7292
7303 7303
7319 7319
7323 7323
7348 7348
7380 7380
7381 7381
7384 7384
7387 7387
7391 7391
7394 7394
7396 7396
7405 7405
7426 7426
7429 7429
7435 7435
7436 7436
7440 7440
7451 7451
7454 7454
7456 7456
7483 7483
7486 7486
7501 7501
7505 7505
7507 7507
7510 7510
7538 7538
7539 7539
7545 7545
7551 7551
7553 7553
7557 7557
7559 7559
7564 7564
7565 7565
7568 7568
7570 7570
7575 7575
7577 7577
7586 7590
7588 7588
7589 7589
7601 7601
7629 7629
7630 7630
7633 7633
7639 7639
7636 7678
7660 7660
7664 7664
7672 7672
7687 7687
7709 7709
7718 7718
7719 7719
7720 7720
7725 7725
7731 7731
7738 7738
7751 7751
7764 7764
7775 7775
7791 7791
7799 7799
7818 7818
7839 7839
7847 7847
7848 7848
7850 7850
7854 7854
7863 7863
7871 7871
7881 7881
7889 7889
7905 7905
7917 7917
7918 7918
7923 7923
7926 7926
7938 7938
7940 7940
7944 7944
7953 7953
7960 7960
7965 7965
7969 7969
7974 7974
7992 7992
8016 7984
8014 8014
8015 8015
8020 8020
8025 8025
8027 8027
8034 8034
8037 8037
8047 8047
8055 8055
8058 8058
8059 8059
8068 8068
8106 8043
8085 8006
8156 8013
8165 8033
8220 7996
8183 7911
8142 7853
8132 7758
8231 7794
8269 7834
8243 7669
8223 7567
8290 7556
8284 7444
8170 7416
8176 7327
8209 7321
8229 7249
8276 7223
8262 7191
8267 7133
8201 7167
8153 7208
8162 7256
8103 7247
8088 7298
8099 7316
8109 7333
7999 7281
7962 7349
7961 7415
7862 7445
7873 7361
7843 7304
7821 7286
7868 7273
7897 7194
7884 7136
7902 7064
7883 7003
7857 6973
7793 6985
7805 7021
7785 7107
7702 7123
7692 7236
7658 7268
7606 7185
7536 7173
7532 7120
7427 7087
7298 7063
7300 7017
7333 7005
7355 6960
7399 6864
7368 6815
7324 6795
7293 6759
7395 6761
7448 6789
7457 6788
7541 6799
7506 6709
7634 6689
7612 6643
7729 6613
7733 6501
7704 6454
7747 6422
7677 6397
7649 6290
7607 6261
7599 6319
7625 6208
7655 6222
7712 6216
7748 6172
7792 6207
7761 6252
7755 6304
7906 6249
7898 6392
7860 6412
8007 6402
8009 6365
7966 6347
8050 6449
8039 6522
8028 6532
8012 6528
7977 6553
8086 6568
8070 6642
8104 6645
8127 6627
8167 6609
8227 6604
8206 6652
8155 6706
8208 6780
8271 6733
8330 6792
8313 6894
8244 6959
8204 6986
8163 6900
8095 6948
8040 7010
7984 6928
7925 6889
7947 6836
7945 6831
8043 6827
7954 6735
7935 6701
7816 6729
7808 6781
7812 6801
7832 6797
7787 6794
7676 6736
7489 6913
7618 7068
7464 7233
7401 7225
7378 7290
7338 7193
7244 7274
7170 7261
7057 7287
6965 7342
6919 7307
6884 7409
6902 7462
6937 7457
6989 7469
6997 7485
7003 7493
7061 7504
7071 7579
7069 7656
7107 7785
7236 7747
7320 7740
7345 7843
7336 7855
7371 7836
7248 7831
7232 7935
7327 7950
7459 7962
7474 7879
7519 7810
7552 7782
7537 7756
7558 7724
7613 7744
7622 7736
7654 7767
7678 7636
7762 7625
7798 7668
7894 7650
7981 7755
7885 7928
7872 8041
7800 8008
7788 8064
7853 8142
7795 8340
7781 8439
7723 8430
7675 8517
7665 8576
7580 8595
7566 8747
7533 8740
7515 8733
7465 8741
7415 8701
7367 8673
7314 8674
7270 8670
7294 8608
7282 8769
7334 8760
7308 8927
7443 8922
7431 9018
7358 9038
7408 9132
7455 9135
7494 9142
7496 9220
7481 9248
7516 9254
7534 9267
7560 9222
7548 9172
7604 9169
7631 9166
7647 9152
7694 9164
7756 9112
7797 9153
7841 9174
7892 9252
7895 9308
7874 9302
7838 9306
7891 9337
7801 9361
7831 9406
7824 9482
7822 9504
7794 9501
7617 9502
7619 9461
7686 9407
7721 9343
7760 9242
7949 9273
7985 9257
7964 9187
7988 9146
8114 9127
8075 9067
8042 9033
8053 8936
8134 8941
8215 8902
8161 8838
8297 8794
8225 8715
8180 8671
8101 8640
8023 8725
7901 8719
7907 8626
7955 8524
7939 8476
7968 8437
7948 8411
7900 8410
7978 8377
7989 8310
8044 8349
8074 8320
8195 8297
8200 8200
8193 8193
8189 8189
8179 8179
8171 8171
8168 8168
8160 8160
8151 8151
8148 8148
8146 8146
8135 8135
8124 8124
8117 8117
8113 8113
8110 8110
8108 8108
8100 8100
8121 8149
8211 8211
8241 8241
8252 8252
8261 8261
8272 8272
8275 8275
8277 8277
8279 8279
8281 8281
8288 8288
8289 8289
8295 8295
8301 8301
8303 8319
8311 8311
8316 8316
8328 8328
8331 8331
8341 8341
8346 8346
8356 8356
8359 8359
8363 8363
8365 8365
8371 8371
8381 8381
8386 8386
8391 8391
8399 8399
8402 8402
8408 8408
8422 8422
8423 8423
8433 8433
8435 8435
8447 8447
8448 8448
8449 8449
8453 8453
8456 8456
8462 8462
8466 8466
8473 8473
8497 8497
8499 8499
8504 8504
8527 8527
8529 8529
8539 8539
8547 8547
8558 8558
8559 8559
8561 8561
8567 8567
8580 8580
8591 8591
8593 8593
8596 8596
8597 8597
8612 8612
8613 8613
8634 8634
8642 8642
8644 8644
8650 8650
8656 8656
8658 8658
8662 8662
8668 8668
8682 8682
8683 8683
8685 8685
8687 8687
8692 8692
8693 8693
8694 8694
8696 8696
8703 8703
8710 8710
8714 8714
8722 8722
8728 8728
8731 8731
8732 8732
8743 8743
8748 8748
8764 8764
8766 8766
8772 8772
8778 8792
8787 8787
8786 8819
8822 8822
8824 8824
8827 8827
8831 8831
8846 8846
8850 8850
8852 8852
8855 8855
8859 8859
8863 8863
8872 8872
8873 8873
8883 8883
8886 8886
8890 8890
8894 8894
8904 8904
8914 8914
8916 8916
8919 8919
8923 8923
8925 8925
8938 8938
8943 8943
8959 8959
8970 8970
8976 8976
8978 8978
8981 8981
8991 8991
9009 9009
9010 9010
9013 9013
9014 9014
9019 9019
9024 9024
9027 9027
9029 9029
9049 9049
9065 9065
9072 9072
9080 9080
9082 9082
9088 9088
9098 9098
9111 9111
9125 9125
9137 9137
9143 9078
9201 9041
9255 9122
9261 9227
9231 9231
9233 9233
9226 9226
9223 9223
9218 9218
9212 9212
9206 9206
9199 9199
9194 9194
9181 9181
9178 9178
9175 9175
9170 9170
9156 9188
9045 9167
9028 9149
8951 9158
8956 9055
8987 9068
8885 9106
8851 9183
8866 9249
8782 9221
8751 9294
8717 9334
8707 9386
8699 9420
8719 9427
8734 9444
8671 9435
8636 9459
8564 9490
8594 9554
8757 9557
8752 9587
8891 9579
8887 9531
8853 9659
8828 9726
8815 9750
8804 9861
8615 9888
8603 9880
8619 9996
8660 9957
8555 9972
8314 9998
8354 9879
8263 9868
8185 9906
8140 9969
8061 9850
8011 9824
7967 9780
7937 9699
7858 9658
7834 9748
7823 9792
7803 9863
7750 9832
7680 9805
7666 9791
7740 9702
7749 9690
7585 9656
7523 9620
7406 9643
7295 9621
7269 9578
7316 9544
7284 9486
7200 9484
7201 9438
7176 9441
7166 9397
7204 9344
7162 9279
7307 9303
7317 9387
7344 9388
7360 9496
7495 9377
7445 9258
7425 9210
7247 9144
7265 9126
7184 9070
7177 9045
7208 9000
7062 8963
7075 8942
7026 8851
6953 8917
6863 8912
6845 8918
6877 8946
6870 8874
6914 8809
6938 8738
7042 8712
7021 8680
6974 8636
7086 8632
7046 8469
7051 8395
7099 8388
7141 8390
7118 8425
7195 8325
7313 8302
7301 8389
7388 8361
7419 8318
7509 8368
7571 8387
7561 8283
7632 8303
7621 8201
7535 8216
7525 8147
7500 8077
7482 8087
7529 8011
7641 8094
7356 8156
7222 8175
7173 8176
7224 8097
7215 8039
7109 8048
7114 8001
7083 8016
7009 8029
6944 8004
6934 7914
7012 7915
7130 7968
6831 7945
6797 7990
6786 8009
6841 8060
6822 8090
6897 8126
6885 8292
6789 8262
6781 8267
6794 8374
6790 8459
6814 8523
6859 8583
6915 8575
6930 8468
6981 8357
6999 8278
7065 8286
6713 8128
6645 8104
6664 8075
6693 8040
6687 7927
6671 7898
6635 7957
6581 7936
6553 7929
6531 7891
6512 7830
6496 7797
6546 7802
6565 7710
6622 7683
6609 7635
6685 7698
6737 7780
6718 7837
6875 7845
6900 7833
6876 7798
6872 7732
6827 7741
6958 7757
6947 7569
6948 7549
6824 7576
6843 7609
6772 7616
6767 7605
6730 7555
6791 7528
6778 7461
6630 7439
6614 7364
6605 7354
6596 7362
6675 7337
6585 7242
6536 7253
6500 7195
6601 7154
6579 7090
6556 7076
6520 7071
6628 7048
6603 6971
6564 6915
6519 6875
6467 6848
6464 6805
6435 6824
6436 6749
6533 6740
6529 6793
6599 6814
6751 6804
6774 6899
6852 6825
6910 6809
6949 6852
6963 6909
7047 6782
7120 6778
7073 6640
7028 6607
6971 6637
6975 6681
6909 6578
6908 6546
6935 6536
6942 6539
6890 6519
6804 6456
6812 6628
6717 6596
6560 6491
6524 6419
6497 6378
6471 6396
6427 6386
6408 6360
6413 6336
6390 6316
6449 6362
6302 6370
6263 6466
6206 6493
6172 6448
6153 6434
6148 6417
6134 6472
6062 6562
5904 6597
5810 6745
5781 6760
5724 6699
5651 6666
5613 6663
5626 6762
5578 6939
5558 6992
5467 7031
5429 7011
5368 6994
5315 6927
5319 6912
5446 6911
5513 6882
5525 7156
5438 7161
6007 7168
6126 7202
6169 7310
6059 7329
6041 7363
5953 7376
5874 7418
5885 7480
5798 7508
5845 7357
6128 7470
6150 7499
6146 7520
6185 7544
6174 7652
6168 7682
6216 7712
6336 7705
6386 7770
6301 7787
6412 7860
6396 7648
6439 7604
6393 7560
6407 7523
6404 7488
6401 7477
6433 7458
6432 7406
6429 7375
6421 7372
6515 7471
6201 7413
6261 7607
6293 7134
6327 7100
6365 7147
6703 7146
6708 7105
6696 7101
6723 7062
6750 7089
6759 7184
6787 7250
7103 7170
7063 7110
7134 6963
7157 6956
7262 7041
7225 7401
7271 7447
7297 7467
7361 7479
7340 7511
7329 7532
7376 7619
7412 7704
7476 7759
7491 7563
7493 7562
7582 7433
7763 7446
7768 7452
7746 7317
7786 7866
8036 7972
8248 8105
8340 8017
8361 8021
8394 8158
8521 8044
8536 8052
8524 8007
8605 7966
8621 7961
8663 7993
8709 8030
8724 8062
8738 8086
8795 8136
8867 8132
8888 8202
8911 8180
8932 8255
8927 8314
8998 8244
8993 8195
9020 8183
9058 8107
9042 8032
9003 8000
9002 7978
8971 7931
9007 7856
8908 7851
8912 7748
8922 7662
8947 7640
8864 7657
8740 7608
8774 7554
8721 7497
8741 7465
8720 7427
8792 7453
8779 7374
8791 7252
8839 7262
8909 7260
8913 7335
8988 7265
8963 7201
8896 7182
9076 7215
9053 7345
9124 7350
9157 7339
9119 7430
9142 7494
9150 7572
9176 7624
9216 7602
9278 7638
9327 7674
9381 7703
9425 7613
9445 7631
9476 7591
9422 7543
9450 7472
9399 7450
9371 7434
9360 7441
9347 7516
9609 7500
9679 7513
9819 7509
9851 7459
9804 7420
9834 7344
9908 7326
9915 7211
9826 7197
9703 7188
9690 7171
9699 7106
9601 7140
9632 7248
9629 7283
9625 7402
9593 7400
9596 7410
9532 7408
9527 7368
9563 7367
9404 7285
9429 7226
9428 7196
9484 7200
9503 7183
9457 7098
9525 7050
9510 6996
9469 6901
9528 6870
9561 6856
9524 6822
9515 6770
9622 6768
9597 6816
9638 6872
9716 6943
9746 6981
9780 6980
9816 7012
9802 7035
9797 7032
9822 6902
9852 6842
9860 6818
9894 6830
9936 6787
9796 6817
9762 6785
9730 6589
9721 6575
9692 6572
9613 6600
9567 6621
9554 6610
9511 6565
9401 6529
9393 6431
9388 6387
9214 6408
9220 6421
9224 6433
9193 6331
9173 6282
9182 6239
9138 6302
9244 6303
9313 6257
9335 6194
9436 6138
9415 6073
9479 6013
9538 6062
9666 6061
9660 6052
9725 6037
9741 6103
9707 6109
9808 6083
9814 6070
9904 6079
9901 6145
9871 6187
9857 6234
9956 6223
9957 6206
9853 6358
9858 6447
9880 6473
9919 6521
9843 6554
9885 6631
9702 6474
9681 6415
9644 6428
9579 6440
9520 6297
9519 6235
9535 6210
9494 6171
9645 6273
9787 6294
9887 5953
9882 5924
9977 5919
9918 5847
9958 5747
9942 5715
9987 5728
9805 5738
9791 5739
9742 5694
9724 5587
9677 5584
9574 5540
9545 5523
9537 5554
9480 5534
9438 5569
9454 5637
9473 5621
9509 5681
9455 5719
9385 5634
9339 5643
9225 5645
9151 5601
9169 5718
9306 5733
9301 5846
9352 5851
9269 5926
9210 5935
9133 5936
9123 5871
9032 5782
8965 5795
8962 5827
8921 5720
8893 5707
8858 5640
8745 5661
8700 5660
8648 5567
8657 5543
8767 5527
8755 5490
8803 5456
8768 5374
8646 5394
8616 5378
8604 5437
8484 5459
8493 5385
8500 5392
8454 5397
8436 5388
8522 5350
8571 5312
8677 5254
8790 5209
8817 5194
8825 5086
8821 5061
8802 5019
8818 4922
8746 4957
8753 5119
8869 5114
9004 5105
9039 5052
9048 5042
9090 5028
9095 4986
9015 4998
8950 5045
8973 4873
8986 4880
9057 4858
8997 4779
9136 4777
9245 4749
9247 4657
9370 4664
9405 4684
9356 4720
9334 4799
9423 4782
9539 4789
9507 4736
9485 4703
9478 4647
9467 4587
9464 4557
9474 4511
9523 4407
9573 4406
9586 4374
9572 4343
9568 4224
9529 4203
9534 4149
9543 4011
9604 4007
9584 3949
9550 3918
9558 3860
9544 3837
9463 3861
9600 3890
9639 3757
9606 3657
9576 3640
9557 3649
9472 3606
9444 3597
9433 3571
9407 3582
9377 3539
9391 3515
9326 3551
9227 3610
9222 3675
9165 3687
9139 3664
9147 3588
9018 3574
9100 3483
9074 3385
9232 3407
9398 3340
9386 3238
9451 3219
9508 3265
9553 3345
9497 3380
9471 3467
9752 3476
9875 3461
9945 3449
9970 3471
9895 3537
9856 3604
9947 3599
9962 3726
9861 3729
9846 3781
9914 3814
9968 4008
9869 4047
9807 3996
9812 3967
9714 4062
9772 4133
9731 4213
9944 4201
9927 4141
9985 4144
9998 4164
9974 4282
9952 4365
9832 4430
9761 4421
9738 4496
9599 4567
9621 4653
9552 4633
9320 4580
9239 4503
9229 4488
9211 4509
9148 4438
9087 4402
8999 4423
9000 4339
8980 4322
8930 4356
8945 4380
8879 4350
8865 4397
8836 4404
8842 4265
8771 4266
8739 4261
8758 4305
8664 4379
8565 4332
8573 4317
8611 4252
8607 4233
8550 4232
8587 4118
8665 4192
8681 4189
8800 4100
8785 4020
8807 3962
8876 3983
8868 3916
8967 3917
8982 3937
9067 3921
9081 3871
9121 3788
9144 3801
9230 3790
9336 3803
9364 3761
9361 3717
9250 3920
9204 4022
9155 3986
9129 3971
9237 4092
9277 4138
9332 4127
9328 4207
9368 4079
9126 4199
9140 4254
9099 4300
9200 4287
9192 4349
9441 4376
8933 4281
8974 4116
8892 4076
8652 4005
8638 3991
8649 3952
8643 3863
8713 3841
8585 3794
8542 3804
8541 3725
8446 3708
8418 3710
8442 3679
8396 3633
8369 3550
8291 3536
8294 3603
8338 3689
8355 3716
8324 3762
8379 3779
8350 3845
8268 3797
8245 3898
8152 3849
8145 3773
8093 3667
8054 3665
8000 3688
7919 3753
7914 3782
7817 3734
7773 3702
7730 3713
7728 3677
7663 3701
7671 3637
7717 3530
7697 3464
7705 3395
7765 3422
7616 3436
7569 3405
7651 3355
7608 3277
7584 3172
7583 3077
7593 3003
7602 2959
7624 2937
7620 2874
7644 2880
7679 2875
7708 2821
7573 2839
7592 2862
7563 2890
7524 2843
7473 2838
7530 2749
7556 2750
7587 2698
7605 2653
7590 2632
7643 2591
7645 2535
7652 2538
7688 2570
7757 2578
7771 2630
7827 2672
7911 2705
7932 2809
7878 2807
7928 2888
8038 2908
8077 2914
8118 2921
8141 2965
8198 2900
8286 2920
8240 2829
8250 2781
8217 2777
8159 2725
8126 2673
8122 2652
8210 2633
8256 2584
8278 2500
8305 2509
8310 2425
8306 2395
8266 2376
8265 2436
8203 2506
8137 2387
8003 2320
8041 2251
8062 2233
8052 2178
8022 2156
7990 2143
7971 2158
7890 2273
7856 2284
7855 2292
7908 2449
7924 2560
7996 2603
8072 2747
8083 2758
8090 2779
8071 3153
8026 3147
7998 3095
7929 3064
7922 3056
7899 3178
7950 3207
7973 3236
7976 3346
7995 3401
7952 3462
7927 3520
7920 3522
8060 3441
8087 3383
8098 3204
8184 3141
8336 3160
8332 3099
8377 3134
8410 3072
8417 2981
8373 2978
8319 3024
8285 3212
8362 3221
8437 3218
8440 3267
8409 3279
8483 3281
8501 3438
8461 3458
8419 3452
8443 3424
8307 3389
8251 3439
8258 3286
8219 3308
8702 3315
8678 3234
8684 3195
8688 3113
8609 3127
8588 3139
8577 3108
8520 3090
8531 3035
8537 2893
8549 2892
8606 2876
8601 2680
8557 2690
8511 2683
8508 2642
8498 2616
8477 2670
8487 2719
8568 2597
8574 2527
8674 2504
8725 2554
8735 2619
8763 2612
8669 2651
8920 2639
8946 2706
8948 2710
8857 2776
8875 2870
8871 2912
8928 2915
8961 2881
9135 2824
9128 2685
9264 2689
9350 2702
9321 2562
9276 2564
9116 2505
9005 2492
9043 2557
8898 2537
8833 2459
8834 2368
8820 2377
8849 2309
8870 2319
8770 2288
8698 2192
8670 2219
8759 2106
8733 2076
8737 2035
8900 2060
8979 2040
8983 2018
9030 2051
9001 2117
9109 2124
9103 2189
9105 2211
9118 2269
9092 2272
9046 2328
9183 2331
9208 2403
9412 2458
9489 2494
9495 2544
9541 2525
9546 2487
9551 2559
9587 2585
9623 2574
9636 2660
9588 2693
9595 2793
9635 2787
9693 2835
9685 2889
9723 2935
9713 2966
9737 3104
9616 3130
9582 3051
9547 3028
9559 2996
9516 3011
9402 2924
9365 2918
9337 2927
9279 2955
9249 2991
9188 2993
9166 2974
9110 3070
9047 3098
9059 3168
9040 3201
9096 3202
8989 3183
8949 3140
8862 3133
8777 3081
8736 3061
8838 2992
8783 3197
8788 3276
8765 3506
8775 3569
8723 3555
8635 3596
8610 3643
8569 3576
8796 3673
8880 3629
8889 3715
8936 3683
8954 3741
8992 3793
8882 3521
9235 3169
9240 3171
9319 3152
9408 3124
9661 3214
9680 3216
9709 3307
9785 3369
9924 3338
9930 3242
9889 3229
9990 3298
9911 3049
9903 2852
9872 2774
9949 2769
9907 2606
9868 2608
9865 2626
9789 2621
9767 2575
9864 2534
9905 2548
9920 2456
9863 2435
9818 2398
9824 2391
9795 2316
9937 2282
9993 2245
9991 2197
9939 2157
9981 2109
9766 2027
9811 1952
9825 1920
9878 1882
9898 1859
9750 1868
9735 1896
9734 1906
9615 1833
9583 1863
9530 1791
9439 1789
9431 1810
9419 1771
9465 1738
9367 1721
9341 1690
9403 1626
9338 1564
9272 1550
9262 1555
9162 1558
9171 1580
9154 1611
9060 1618
9056 1654
9023 1658
9016 1707
9006 1728
9066 1729
9077 1708
9071 1694
9075 1832
9050 1849
9068 1940
9152 1919
9189 1916
9238 1938
9292 1874
9343 1826
9163 1775
8955 1808
8960 1889
8935 1902
8844 1746
8881 1689
8907 1536
8941 1465
8942 1442
9061 1462
9158 1498
9202 1403
9203 1312
9177 1311
9195 1213
9141 1087
9149 1032
9190 989
9345 1024
9353 1103
9363 1117
9426 1142
9462 1136
9452 1329
9372 1260
9331 1463
9299 1483
9268 1447
9101 1366
8957 1307
8848 1302
8794 1304
8799 1313
8784 1347
8812 1397
8706 1491
8704 1492
8705 1640
8625 1686
8579 1701
8523 1807
8515 1854
8505 1898
8495 1905
8543 1884
8598 1880
8584 1967
8562 2088
8532 2135
8406 2146
8413 2184
8360 2263
8372 2311
8400 2305
8299 2300
8404 2424
8384 2470
8553 2379
8525 2337
8626 2407
8708 2414
8416 2002
8393 2001
8387 1992
8339 1951
8351 1812
8320 1772
8458 1788
8401 1652
8259 1669
8205 1641
8147 1598
8123 1563
8067 1502
7997 1486
7991 1343
7982 1269
7959 1258
7875 1220
7903 1169
8091 1194
8130 1278
8144 1282
8149 1294
8236 1289
8238 1385
8318 1394
8334 1277
8325 1249
8348 1251
8397 1310
8472 1273
8620 1283
8653 1298
8566 1427
8489 1426
8507 1404
8471 1482
8407 1481
8254 1534
8218 1531
8092 1410
8076 1354
7942 1379
7910 1423
7867 1579
7830 1731
7829 1763
7915 1794
7921 1923
8008 1915
8035 1977
8107 1980
8105 1962
8175 1968
8166 1986
8216 2014
8164 2081
8115 1838
7774 1881
7701 1886
7727 1809
7690 1712
7713 1647
7638 1603
7581 1599
7479 1671
7428 1633
7421 1717
7449 1740
7446 1774
7450 1814
7442 1862
7513 1912
7528 1931
7550 1928
7572 1887
7656 1973
7767 1979
7814 1949
7828 2036
7877 2005
7700 2071
7597 2102
7546 2050
7591 2202
7685 2236
7693 2432
7609 2511
7508 2547
7488 2417
7330 2734
7299 2853
7453 2971
7472 3185
7060 3187
7043 3210
7019 3282
7008 3290
7030 3339
7014 3391
6978 3390
6980 3491
7039 3442
6798 3466
6779 3421
6706 3500
6698 3507
6701 3526
6636 3531
6479 3567
6489 3595
6397 3601
6417 3557
6346 3417
6343 3381
6324 3319
6354 3288
6445 3272
6484 3243
6514 3300
6566 3359
6598 3261
6709 3226
6729 3173
6813 3142
6818 3101
6821 3065
6754 3030
6666 3102
6570 3050
6508 3044
6501 3120
6416 3017
6367 3041
6234 3000
6115 2979
6121 2973
6181 3175
6224 3161
6290 3239
6137 3246
6147 3284
6138 3387
6103 3410
6105 3446
6091 3497
6112 3652
6125 3671
6276 3691
6230 3770
6244 3864
6225 3926
6211 3966
6361 3958
6321 3840
6102 3856
6078 3914
6010 3931
5936 3904
5880 3933
5830 4037
5917 4069
5957 4056
5977 4015
6036 3828
5897 3792
5886 3728
5893 3580
5863 3440
6061 3311
6196 3364
5732 3045
5668 3053
5581 3136
5432 3150
5406 3179
5341 3131
5253 3208
5243 3205
5173 3199
5174 3155
5189 3156
5412 3027
5424 3034
5442 3033
5474 2968
5520 2919
5703 3775
5130 3724
5054 3742
5084 4569
5104 4576
5068 4939
4877 4938
4916 5026
4618 5162
4400 5008
4365 4962
4437 4954
4413 4905
4417 4897
4409 4893
4291 5216
4287 5223
4274 5305
4110 5356
4051 5341
4035 5470
3952 5427
3874 5416
4164 5421
4215 5791
4284 6263
4311 6338
4339 6349
4232 6321
4246 6435
4251 6442
4282 6502
4323 6477
4092 6416
4028 6540
4021 6571
3686 6962
3537 6220
3787 4843
3607 4641
3658 4572
3543 4538
3551 4495
3448 4426
3376 4535
3313 4540
3285 4485
3216 4512
3218 4617
3000 4571
2971 4570
2969 4596
2869 4605
2832 4616
2813 4583
2891 4547
2916 4483
3003 4460
3105 4417
3073 4370
2920 4360
2853 4341
2867 4230
2814 4222
2786 4243
2936 4251
2975 4271
3025 4198
3018 4174
3050 4205
2924 4188
2952 4114
2883 4111
2801 4060
2781 3911
2737 3899
2719 3811
2846 3824
2892 3852
2953 3935
3010 3999
2965 4055
3221 4023
3267 4054
3299 4068
3304 3900
3244 3886
3183 3848
3169 3776
3117 3787
3074 3719
3140 3661
3243 3611
3369 3739
3347 3764
3681 3765
3763 3827
3998 3821
3968 3771
3621 3676
2902 3680
2934 3744
2760 3609
2731 3587
2718 3581
2707 4146
2710 4150
2512 4173
2417 4215
2497 4328
2583 4340
2573 4273
2735 4367
2702 4508
2669 4521
2646 4472
2571 4562
2471 4543
2415 4001
2295 3947
2305 3879
2179 3859
2105 3877
2027 3875
2026 3895
1649 3957
1620 3938
1353 3805
1311 3810
1307 3778
1322 3746
2306 4067
3217 4279
3359 4280
3395 4236
4182 4167
4231 4160
4265 4088
4294 4093
4298 4029
4052 2751
4054 2688
4006 2646
3947 2674
3888 2691
3880 2717
3768 2627
3730 2588
4126 2381
4146 2353
4245 2367
4259 2354
4297 2355
4334 2356
4353 2401
4390 2431
4337 2462
4314 2290
4457 2307
4504 2357
4270 2169
4147 2210
4099 2162
4029 2115
4205 2031
4248 1933
4261 1822
4149 1843
4082 1848
3981 1821
4069 1660
4120 1651
4160 1659
4151 1672
4221 1696
4320 1623
4383 1646
4406 1645
4435 1710
4442 1797
4424 1936
4371 1930
4541 1958
4575 1846
4613 1748
4616 1724
4578 1678
4600 1571
4482 1578
4411 1544
4428 1316
4441 1281
4478 1327
4394 1223
4370 1149
4330 1133
4420 945
4445 869
4480 875
4725 1280
4593 1419
4076 1359
4009 1334
3669 2015
5037 1573
5091 1517
5046 1126
5426 1236
5481 1262
5675 1081
5657 1040
5648 966
5639 888
5622 855
5771 906
5800 946
5806 1030
5808 1110
5793 1128
5832 1130
5812 1162
5881 1112
6080 1070
6100 1033
6075 802
6037 770
6048 711
6097 688
6044 619
5980 570
6004 519
6031 474
6049 445
6136 444
6219 423
5985 420
6008 350
6023 308
6003 195
5902 164
5911 371
5750 302
5672 291
5661 262
5560 279
5573 225
5515 229
5604 385
5603 551
5548 539
5496 489
5572 648
5566 681
5383 706
5369 603
5339 610
5723 734
5768 757
5787 797
5844 689
5865 640
5946 775
5951 834
6205 722
5720 1017
5913 1511
5908 1946
5887 2100
5862 2087
5815 2080
6002 2082
5995 2101
6056 2103
6089 2049
6178 2019
6270 1924
6264 1908
6330 1948
6226 1811
6218 1783
6131 1737
6046 1885
6478 2351
6457 2423
6595 2484
6856 2531
6901 2573
6950 2609
6943 2740
6907 2759
6918 2832
6951 2872
6969 3008
6995 3002
6825 2830
6780 2760
6739 2780
6710 2802
6646 2791
6558 2823
6842 2700
7055 2322
7098 2235
7104 2208
7144 2199
7193 2112
7137 2042
7112 2026
7048 2140
7002 2203
6983 2225
6888 2149
6967 2069
6955 1972
7260 1984
7328 1703
7325 1695
7498 1766
7540 1460
7542 1421
7699 1434
7667 1373
7615 1322
7650 1166
7657 1065
7683 1057
7735 1113
8810 1052
8874 1051
8964 1101
8953 1192
9108 1119
8939 578
8845 558
8806 593
8676 584
8691 549
8602 555
8482 647
8617 771
8690 767
8380 355
8370 334
8317 239
8300 46
8385 4
8554 35
8623 12
8730 56
9209 365
9287 384
9300 387
9304 390
9411 409
9449 411
9483 483
9564 438
9676 553
9996 544
9979 416
10000 366
9946 333
9960 312
9912 227
9879 237
9836 124
9813 54
9934 23
9488 154
9499 230
9394 255
9355 286
9397 327
9359 498
9592 859
9565 1468
9531 1519
9536 1600
9548 1636
9589 1565
9751 1608
9790 1621
9842 1576
9835 1751
9727 1682
9997 1726
9710 2145
9619 2084
9602 2241
9521 2268
9549 2386
9682 2420
9736 2440
9973 2408
9705 2712
9718 2752
9490 2761
9482 2745
9442 2784
9281 2869
9186 2163
9179 2032
9097 2023
9270 2054
9378 2072
9526 1991
9496 1944
9728 3654
9715 3670
9743 3699
9744 3700
9837 4609
9873 4688
9928 4732
9900 4768
9896 4784
9982 4825
9870 4886
9827 4852
9769 4865
9756 4875
9755 4844
9776 4822
9740 4788
9706 4866
9759 4932
9729 4966
9779 5065
9775 5176
9671 5226
9654 5235
9620 5351
9747 5354
9754 5336
9695 5418
9694 5434
9648 5458
9498 5450
9468 5400
9432 5362
9417 5269
9373 5221
9430 5181
9437 5150
9387 5118
9406 5017
9366 4985
9248 4991
9258 5007
9228 5012
9221 5068
9256 5189
9246 5206
9253 5227
9252 5476
9333 5404
9062 5428
9093 5499
9094 5325
8895 5255
8906 5521
9037 5674
9064 5658
9033 5992
9038 6007
9084 6020
9086 6054
9113 6075
8915 6089
8899 6018
8829 5946
8761 5904
8754 5813
8695 5824
8633 5854
8622 5887
8582 5923
8528 5808
8496 5786
8556 5770
8608 5736
8526 5698
8474 5641
8382 5633
8403 5563
8398 5529
8352 5526
8158 5575
8177 5619
8174 5666
8096 5682
8094 5717
8082 5762
8136 5761
8249 5757
8308 5809
8302 5821
8309 5895
8374 5888
8411 5777
8389 6047
8304 6067
8274 6088
8326 6110
8287 6154
8224 6191
8232 6260
8187 6243
8120 6218
8157 6342
8150 6376
8222 6326
8296 6292
8364 6226
8488 6185
8486 6178
8517 6115
8581 6240
8512 6327
8563 6394
8470 6446
8467 6498
8476 6543
8438 6648
8478 6687
8468 6716
8460 6743
8516 6767
8632 6918
8654 6990
8672 7025
8637 7114
8655 7145
8575 7144
8572 7067
8552 7044
8457 7078
8425 7118
8405 7117
8429 7033
8464 7002
8337 7039
8347 7306
8358 7353
8441 7399
8465 7259
8583 7428
8421 7573
8439 7600
8490 7680
8469 7760
8455 7789
8494 7857
8600 7864
8592 7912
8641 7901
8661 7844
8673 7790
8631 7746
8546 7773
8747 7762
9091 7726
9132 7774
9131 7825
9120 7852
9174 7841
9273 7784
9184 7689
9164 7694
9063 7536
9035 7463
8958 7526
8903 7518
8929 8003
8968 8109
9146 8154
9104 8228
9079 8366
9025 8364
9078 8426
8897 8450
8701 8370
8680 8315
8712 8304
8756 8305
8718 8237
8667 8220
8570 8233
8614 8291
8630 8139
8640 8101
8576 8457
8629 8548
8675 8525
8651 8622
8540 8566
8513 8757
8551 8813
8538 8932
8586 8974
8533 9042
8451 9141
8450 9352
8463 9353
8519 9307
8368 9333
8357 9287
8327 9369
8335 9440
8345 9576
8378 9585
8459 9606
8434 9635
8502 9667
8514 9723
8647 9735
8390 9789
8420 9827
8197 9782
8102 9803
8131 9715
8186 9652
8221 9632
8154 9514
8081 9472
8046 9468
8182 9394
8128 9215
8255 9103
8344 8954
8412 8934
8329 8659
8233 8581
8226 8554
8173 8464
8033 8518
7753 8648
7722 8730
7703 9017
7635 9021
7637 9059
7600 9003
7555 9085
7514 8845
7502 8826
7806 8972
7840 8939
7864 8994
7931 8971
7956 8962
7993 8901
7913 9043
7097 9124
7093 9171
6959 9179
6982 9205
7005 9100
6891 9064
6862 9048
6844 9108
6854 9138
6878 9163
6840 9235
6857 9292
6889 9313
6881 9346
6773 9299
6764 9298
6665 9281
6692 9198
6690 9168
6680 9099
6732 9114
6799 9012
6756 8803
6660 8713
6591 8689
6550 8746
6549 8574
6615 8565
6541 8496
6516 8495
6495 8621
6491 8623
6458 8614
6394 8563
6366 8412
6323 8380
6360 8322
6437 8243
6482 8163
6540 8122
6582 8092
6593 8099
6574 8260
6568 8330
6521 8296
6345 8173
6071 7998
6076 7959
5757 8133
5690 8442
5588 8530
5631 8639
5592 8697
5557 8754
5546 8782
5543 8808
5472 8774
5686 8773
5640 8858
5725 8647
5841 8679
5825 8533
6083 8586
6067 9224
5601 9151
4932 8814
4736 9542
4741 9639
4698 9695
4599 9546
4559 9516
4564 9506
4530 9525
4415 9457
4090 9700
3540 9688
3405 9834
3419 9884
3407 9942
3392 9951
3414 9992
3305 9910
3323 9814
3254 9840
3134 9673
3022 9551
3028 9536
2968 9539
2897 9543
2887 9611
2944 9436
2899 9385
2790 9296
3101 9469
3211 9500
3227 8898
3266 8893
3273 8888
3295 8847
3325 8862
3330 8896
3309 8968
3339 8983
3175 8903
3431 8759
2268 8510
2189 8475
2164 8455
2126 8540
2043 8631
1889 8654
1906 8684
1850 8562
1898 8505
1624 8535
1568 8532
1578 8500
1550 8470
1534 8404
1526 8333
1449 8271
1467 8206
1289 8236
1261 8214
1273 8140
1312 8072
1194 8063
1148 8023
1113 8081
1081 8096
1147 8210
901 8212
907 8232
864 8162
728 8164
675 8207
708 8273
702 8324
730 8309
748 8383
674 8354
608 8350
610 8403
626 8445
722 8484
725 8511
755 8493
836 8441
933 8375
943 8369
939 8538
909 8579
895 8598
685 8578
609 8599
578 8686
549 8765
513 8756
435 8775
374 8783
372 8700
285 8663
253 8638
241 8536
278 8528
401 8508
392 8478
410 8406
395 8376
453 8321
469 8446
548 8187
603 8239
796 8082
1269 7925
1258 7838
1377 7874
1336 8332
1313 8335
1341 8431
1443 8491
1555 8653
1563 8669
1729 8681
1777 8823
1771 8965
1663 9120
1690 9160
1703 9236
1612 9291
1531 9185
1297 9342
1228 9403
1221 9449
1245 9476
1210 9508
1193 9527
1133 9485
1143 9408
1085 9362
1049 9499
1032 9548
1078 9559
1070 9598
938 9583
883 9575
924 9513
780 9467
757 9465
727 9411
793 9404
657 9360
604 9336
537 9271
518 9189
485 9052
442 9016
362 9069
305 9028
312 8947
256 8900
251 8853
268 8828
260 8807
212 8726
105 8678
102 8667
84 8768
95 8521
137 8489
151 8966
140 9030
217 8989
216 9155
187 9145
166 9266
248 9240
234 9319
291 9381
347 9265
58 9261
32 9246
40 9309
87 9380
103 9481
242 9563
223 9612
231 9716
245 9710
293 9744
250 9788
181 9752
123 9835
48 9838
57 9819
7 9729
13 9680
126 9939
225 9947
239 9975
422 9775
407 9626
397 9627
396 9562
515 9540
546 9566
611 9517
721 9528
695 9754
683 9760
670 9777
743 9766
765 9837
826 9855
851 9896
965 9917
967 9979
979 9983
781 9993
640 9941
634 9920
553 9676
524 9703
809 9734
922 9796
1066 9860
1197 9858
1256 9871
1323 9897
1302 9955
1357 9977
1355 9999
1416 9916
1483 9973
1155 9912
1124 9767
1121 9768
1179 9738
1234 9662
1314 9523
926 9321
816 9232
777 9186
842 9129
980 9162
968 9034
949 9040
962 8895
970 8899
974 8791
977 8780
800 8789
788 8871
704 8878
620 8841
581 8952
574 8998
501 8915
632 9119
673 9123
840 8928
855 8911
409 7606
258 7305
270 7293
477 7165
557 7177
596 7158
614 7143
627 7115
601 7112
630 7072
592 7213
536 7220
439 7102
93 7119
121 7052
23 7081
20 6993
1 6945
663 7332
1079 7142
1088 7137
2367 5586
2416 5574
2184 5283
2134 5294
615 4518
450 4442
448 4441
246 2287
26 2257
71 2008
94 1961
30 1956
174 1917
226 1963
232 1867
201 1841
322 1909
365 1988
25 1769
96 1614
80 1585
49 1529
896 238
936 30
1891 2647
2157 2581
5146 294
5209 198
5587 47
5797 19
6469 58
6688 1471
6691 3883
6796 3908
6833 3964
6783 4010
6755 4170
6639 4071
6631 4051
6594 4032
6573 4003
6538 3989
6736 4413
6741 4517
6711 4519
6761 4565
6765 4564
6839 4588
6848 4607
6887 4597
6906 4578
6880 4428
6991 4440
7007 4435
7050 4443
7124 4455
7147 4544
7163 4636
7115 4629
7136 4702
7267 4635
7318 4614
7390 4638
7393 4515
7437 4466
7471 4492
7490 4502
7626 4549
7752 4433
7769 4165
7724 4161
7696 4179
7681 4103
7596 4063
7772 4059
7744 4002
7734 3977
7691 3976
7695 3923
7835 3925
7777 3813
7743 3754
7887 4050
7893 4101
7844 4136
8001 4131
7958 4262
7972 4290
7904 4244
8078 4316
8063 4334
8056 4470
8018 4474
8006 4465
8080 4558
8143 4424
8253 4457
8280 4491
8230 4500
8349 4494
8282 4611
8247 4621
8273 4705
8235 4796
8321 4883
8322 4959
8343 4990
8392 4980
8432 4984
8427 5127
8444 5166
8509 5085
8518 5067
8534 5057
8578 5025
8589 5011
8628 5051
8679 4840
8645 4780
8624 4787
8535 4746
8544 4654
8503 4649
8479 4655
8426 4697
8415 4767
8383 4753
8729 4754
8781 4613
8884 4590
8926 4612
8940 4670
8996 4591
8599 4618
8627 4527
8545 4514
8395 4221
8342 4225
8293 4247
8190 4235
8181 4206
8246 4169
8192 4102
8353 4065
8491 4039
8492 3842
8045 3998
7383 3934
7347 3907
7199 3901
7133 3888
7148 3936
7142 3829
7276 3730
7256 3980
7235 4178
7227 4302
7237 4461
7226 4477
7392 4396
7364 4229
7106 4218
7096 4211
7119 4143
6977 4471
6805 4486
6819 4743
6836 4758
6770 4741
6311 4786
6139 4672
6118 4634
6116 4627
6092 4554
5972 4795
5961 4806
5982 4827
5979 4860
5921 4829
5916 4902
5920 5082
5847 5108
5858 5136
5849 5193
5818 5204
5882 5228
5932 5285
5992 5316
5983 5419
5805 5413
5813 5347
5669 5306
5584 5291
5568 5307
5570 5425
5569 5460
5491 5461
5458 5498
5418 5558
5413 5565
5389 5452
5365 5463
5344 5396
5251 5489
5181 5603
4846 5411
5716 5212
5706 5121
5792 5132
5779 5014
5705 4956
5537 4791
6015 4994
6072 5016
6079 5140
6127 5124
6124 5245
6034 5237
6020 5160
5993 5120
6223 5215
6239 5373
6266 5379
6305 5355
6316 5311
6357 5436
6371 5481
6356 5578
6403 5639
6486 5740
6451 5788
6523 5803
6510 5843
6578 5848
6613 5917
6686 5991
6724 6082
6641 6085
6584 6057
6563 6140
6518 6193
6347 6170
6307 6166
6277 6212
6376 6056
6456 5881
6611 5705
6752 5769
6871 5753
6911 5724
6954 5726
6996 5683
7031 5632
6925 5624
6903 5618
6858 5664
6806 5606
6788 5604
6832 5572
6705 5467
6694 5399
6608 5439
6575 5366
6511 5395
6506 5511
6504 5530
6488 5281
6526 5185
6186 5492
5736 6143
5780 6202
5727 6245
5632 6233
5528 6229
5612 6092
5701 6368
5738 6364
5693 6504
6342 6649
6281 6868
6175 6835
6193 6919
6716 6247
6868 6281
6867 6313
6994 6381
7037 6495
7154 6601
7219 6583
7312 6586
7354 6605
7352 6650
7280 6626
7466 6550
7458 6411
7462 6291
7461 6200
7337 6131
7362 6042
7409 6055
7398 5967
7363 5850
7438 5840
7411 5748
7469 5734
7526 5764
7521 5651
7487 5647
7640 5650
7659 5654
7611 5699
7668 5796
7710 5799
7715 5768
7780 5765
7846 5790
7859 5804
7880 5784
7936 5767
7842 5839
7783 5948
7804 6008
7809 6084
7869 6077
7943 6134
8051 5993
8084 5955
8172 5937
8239 5902
8228 6035
8057 5837
8097 5597
8013 5593
7930 5552
7896 5623
7776 5612
7826 5515
7833 5409
7975 5343
7987 5340
8064 5364
8065 5376
8069 5298
8178 5293
8202 5244
8242 5201
8298 5197
8191 5380
8005 5473
7512 5372
7503 5314
7379 5287
7422 5243
7614 5253
7661 5175
7598 5128
7288 5328
7228 5771
7279 5891
7238 6181
7113 6192
7058 6146
7044 6126
7053 6063
6988 5979
6929 6002
6898 6132
6855 6101
6939 6176
6973 6168
6966 6150
7064 6259
7321 6335
7397 6333
7642 6107
7595 6010
7032 5773
7110 7398
7168 7492
7198 7521
6853 7886
6672 8474
6624 9208
6913 9633
6895 9657
6921 9756
7223 9747
7139 9661
7370 9889
7433 9845
7504 9869
7485 9970
7759 9925
7766 9929
7836 9989
8430 9492
8809 9324
9011 9244
9026 9402
9021 9418
9069 9448
9127 9445
9114 9358
9145 9533
9167 9589
9219 9560
9271 9616
9259 9707
9297 9727
9205 9736
9159 9783
9122 9808
9031 9784
8969 9778
8931 9694
8972 9647
9051 9628
9389 9704
9424 9698
9513 9599
9518 9518
9512 9512
9500 9488
9493 9493
9487 9487
9477 9477
9466 9466
9460 9460
9456 9456
9453 9453
9447 9447
9446 9446
9414 9414
9410 9410
9409 9409
9400 9400
9395 9395
9384 9384
9383 9383
9382 9382
9375 9375
9374 9374
9354 9354
9340 9340
9330 9330
9318 9318
9317 9317
9316 9316
9315 9315
9312 9312
9310 9310
9295 9295
9293 9293
9290 9290
9288 9288
9286 9286
9283 9283
9275 9275
9274 9274
9263 9263
9260 9260
9243 9243
9241 9241
9305 9238
9458 9184
9440 9143
9443 9113
9481 9081
9501 8980
9434 8885
9346 8879
9344 8933
9307 8921
9308 8996
9298 9001
9267 8793
9291 8758
9282 8721
9351 8736
9380 8729
9461 8806
9578 8784
9627 8708
9633 8646
9704 8627
9717 8625
9749 8600
9850 8606
9831 8649
9820 8675
9792 8798
9773 8800
9777 8804
9794 8836
9845 8821
9859 8799
9943 8790
9951 8786
9989 8907
9994 8935
9986 8944
9976 8979
9950 8984
9978 9056
9784 9031
9733 8987
9798 8937
9771 9121
9719 9109
9760 9276
9839 9245
9916 9339
9963 9450
9931 9498
9891 9577
9829 9693
9788 9712
9799 9757
9758 9758
9763 9763
9745 9745
9739 9739
9732 9732
9720 9720
9701 9701
9689 9689
9687 9687
9678 9678
9672 9672
9669 9669
9668 9668
9665 9665
9664 9664
9655 9655
9653 9653
9641 9651
9642 9642
9631 9631
9617 9617
9614 9614
9610 9610
9605 9605
9594 9594
9590 9590
9580 9580
9585 9568
9569 9569
9570 9570
9555 9555
9470 9520
9357 9495
9390 9419
9418 9371
9421 9351
9533 9373
9556 9322
9591 9320
9626 9297
9698 9424
9774 9474
9697 9593
9673 9596
9658 9608
9696 9630
9700 9674
9649 9764
9581 9826
9607 9894
9540 9882
9712 9859
9786 9786
9793 9793
9800 9800
9801 9801
9806 9806
9809 9809
9810 9810
9815 9815
9821 9821
9830 9830
9833 9833
9844 9844
9849 9849
9854 9854
9867 9867
9877 9877
9881 9881
9890 9890
9892 9892
9893 9893
9926 9895
9921 9921
9932 9932
9940 9940
9948 9948
9959 9959
9961 9961
9965 9965
9966 9966
9967 9967
9971 9971
9980 9980
9988 9988
9995 9995
9975 9798
9329 9843
9303 9886
9325 9911
9242 9944
9187 9946
8990 9985
9052 8986
9054 8926
8975 8854
8977 8717
8924 8749
9102 8781
9115 8816
9160 8820
9161 8635
9215 8620
9285 8590
9198 8531
9294 8313
9323 8337
9322 8276
9379 8204
9560 8190
9652 8186
9688 8235
9778 8191
9886 8217
9906 8185
9917 8184
9984 8258
9935 8405
9848 8409
9899 8483
9783 8485
9782 8515
9722 8454
9726 8429
9684 8401
9663 8397
9630 8424
9643 8334
9770 8347
9675 8482
9486 8414
9427 8440
9522 8633
9670 8834
9969 8546
9972 8545
9888 7980
9841 7893
9964 7883
9953 7667
9913 7610
9874 7540
9992 7519
9938 7432
9847 7673
9757 7695
9765 7768
9683 7753
9667 7752
9618 7792
9577 7805
9575 7869
9504 7822
9459 7814
9492 7761
9506 7964
9491 8066
9566 8088
9686 8005
9674 7975
9711 7645
9257 7985
9191 8046
9130 7956
9085 7930
9041 7084
9089 6967
9070 6930
9012 6906
8917 6953
8840 6979
8826 6880
8918 6845
8854 6744
8789 6620
8689 6619
8639 6557
8780 6479
8797 6460
8811 6450
8910 6453
8877 6405
9017 6413
9073 6469
8994 6508
8952 6510
8944 6598
9036 6584
9107 6654
9168 6690
9213 6672
9234 6700
9236 6757
9254 6846
9172 6854
9185 6895
9197 6907
9207 7046
9217 7045
9284 7055
9280 7065
9376 7014
9413 6949
9349 6858
9369 6800
9396 6811
9358 6732
9348 6741
9324 7234
9289 7241
9251 7198
9999 7015
9611 5932
9651 5882
9542 5812
9922 5483
9955 5477
9983 5431
9897 5407
9883 5274
9923 5280
9876 5230
9909 4989
9954 5015
9902 4546
9266 4908
8234 4971
8199 4970
7983 4713
7849 2953
7707 2987
8686 6000
8697 6104
8711 6123
8813 6116
8814 6186
8837 6184
8750 6197
8727 6269
8984 6325
9022 6204
8414 6400
8315 6410
8312 6414
8237 6478
8283 6531
8333 6563
8366 6629
8819 8876
8830 8866
8832 8948
8773 8940
4949 9722
2957 9962
2807 9953
2754 9900
2541 9640
2388 9619
2357 9547
2186 9389
2143 9391
2140 9393
