1 5001
2 5002
3 5003
4 5004
5 5005
6 5006
7 5007
8 5008
9 5009
10 5010
11 5011
12 5012
13 5013
14 5014
15 5015
16 5016
17 5017
18 5018
19 5019
20 5020
21 5021
22 5022
23 5023
24 5024
25 5025
26 5026
27 5027
28 5028
29 5029
30 5030
31 5031
32 5032
33 5033
34 5034
35 5035
36 5036
37 5037
38 5038
39 5039
40 5040
41 5041
42 5042
43 5043
44 5044
45 5045
46 5046
47 5047
48 5048
49 5049
50 5050
51 5051
52 5052
53 5053
54 5054
55 5055
56 5056
57 5057
58 5058
59 5059
60 5060
61 5061
62 5062
63 5063
64 5064
65 5065
66 5066
67 5067
68 5068
69 5069
70 5070
71 5071
72 5072
73 5073
74 5074
75 5075
76 5076
77 5077
78 5078
79 5079
80 5080
81 5081
82 5082
83 5083
84 5084
85 5085
86 5086
87 5087
88 5088
89 5089
90 5090
91 5091
92 5092
93 5093
94 5094
95 5095
96 5096
97 5097
98 5098
99 5099
100 5100
101 5101
102 5102
103 5103
104 5104
105 5105
106 5106
107 5107
108 5108
109 5109
110 5110
111 5111
112 5112
113 5113
114 5114
115 5115
116 5116
117 5117
118 5118
119 5119
120 5120
121 5121
122 5122
123 5123
124 5124
125 5125
126 5126
127 5127
128 5128
129 5129
130 5130
131 5131
132 5132
133 5133
134 5134
135 5135
136 5136
137 5137
138 5138
139 5139
140 5140
141 5141
142 5142
143 5143
144 5144
145 5145
146 5146
147 5147
148 5148
149 5149
150 5150
151 5151
152 5152
153 5153
154 5154
155 5155
156 5156
157 5157
158 5158
159 5159
160 5160
161 5161
162 5162
163 5163
164 5164
165 5165
166 5166
167 5167
168 5168
169 5169
170 5170
171 5171
172 5172
173 5173
174 5174
175 5175
176 5176
177 5177
178 5178
179 5179
180 5180
181 5181
182 5182
183 5183
184 5184
185 5185
186 5186
187 5187
188 5188
189 5189
190 5190
191 5191
192 5192
193 5193
194 5194
195 5195
196 5196
197 5197
198 5198
199 5199
200 5200
201 5201
202 5202
203 5203
204 5204
205 5205
206 5206
207 5207
208 5208
209 5209
210 5210
211 5211
212 5212
213 5213
214 5214
215 5215
216 5216
217 5217
218 5218
219 5219
220 5220
221 5221
222 5222
223 5223
224 5224
225 5225
226 5226
227 5227
228 5228
229 5229
230 5230
231 5231
232 5232
233 5233
234 5234
235 5235
236 5236
237 5237
238 5238
239 5239
240 5240
241 5241
242 5242
243 5243
244 5244
245 5245
246 5246
247 5247
248 5248
249 5249
250 5250
251 5251
252 5252
253 5253
254 5254
255 5255
256 5256
257 5257
258 5258
259 5259
260 5260
261 5261
262 5262
263 5263
264 5264
265 5265
266 5266
267 5267
268 5268
269 5269
270 5270
271 5271
272 5272
273 5273
274 5274
275 5275
276 5276
277 5277
278 5278
279 5279
280 5280
281 5281
282 5282
283 5283
284 5284
285 5285
286 5286
287 5287
288 5288
289 5289
290 5290
291 5291
292 5292
293 5293
294 5294
295 5295
296 5296
297 5297
298 5298
299 5299
300 5300
301 5301
302 5302
303 5303
304 5304
305 5305
306 5306
307 5307
308 5308
309 5309
310 5310
311 5311
312 5312
313 5313
314 5314
315 5315
316 5316
317 5317
318 5318
319 5319
320 5320
321 5321
322 5322
323 5323
324 5324
325 5325
326 5326
327 5327
328 5328
329 5329
330 5330
331 5331
332 5332
333 5333
334 5334
335 5335
336 5336
337 5337
338 5338
339 5339
340 5340
341 5341
342 5342
343 5343
344 5344
345 5345
346 5346
347 5347
348 5348
349 5349
350 5350
351 5351
352 5352
353 5353
354 5354
355 5355
356 5356
357 5357
358 5358
359 5359
360 5360
361 5361
362 5362
363 5363
364 5364
365 5365
366 5366
367 5367
368 5368
369 5369
370 5370
371 5371
372 5372
373 5373
374 5374
375 5375
376 5376
377 5377
378 5378
379 5379
380 5380
381 5381
382 5382
383 5383
384 5384
385 5385
386 5386
387 5387
388 5388
389 5389
390 5390
391 5391
392 5392
393 5393
394 5394
395 5395
396 5396
397 5397
398 5398
399 5399
400 5400
401 5401
402 5402
403 5403
404 5404
405 5405
406 5406
407 5407
408 5408
409 5409
410 5410
411 5411
412 5412
413 5413
414 5414
415 5415
416 5416
417 5417
418 5418
419 5419
420 5420
421 5421
422 5422
423 5423
424 5424
425 5425
426 5426
427 5427
428 5428
429 5429
430 5430
431 5431
432 5432
433 5433
434 5434
435 5435
436 5436
437 5437
438 5438
439 5439
440 5440
441 5441
442 5442
443 5443
444 5444
445 5445
446 5446
447 5447
448 5448
449 5449
450 5450
451 5451
452 5452
453 5453
454 5454
455 5455
456 5456
457 5457
458 5458
459 5459
460 5460
461 5461
462 5462
463 5463
464 5464
465 5465
466 5466
467 5467
468 5468
469 5469
470 5470
471 5471
472 5472
473 5473
474 5474
475 5475
476 5476
477 5477
478 5478
479 5479
480 5480
481 5481
482 5482
483 5483
484 5484
485 5485
486 5486
487 5487
488 5488
489 5489
490 5490
491 5491
492 5492
493 5493
494 5494
495 5495
496 5496
497 5497
498 5498
499 5499
500 5500
501 5501
502 5502
503 5503
504 5504
505 5505
506 5506
507 5507
508 5508
509 5509
510 5510
511 5511
512 5512
513 5513
514 5514
515 5515
516 5516
517 5517
518 5518
519 5519
520 5520
521 5521
522 5522
523 5523
524 5524
525 5525
526 5526
527 5527
528 5528
529 5529
530 5530
531 5531
532 5532
533 5533
534 5534
535 5535
536 5536
537 5537
538 5538
539 5539
540 5540
541 5541
542 5542
543 5543
544 5544
545 5545
546 5546
547 5547
548 5548
549 5549
550 5550
551 5551
552 5552
553 5553
554 5554
555 5555
556 5556
557 5557
558 5558
559 5559
560 5560
561 5561
562 5562
563 5563
564 5564
565 5565
566 5566
567 5567
568 5568
569 5569
570 5570
571 5571
572 5572
573 5573
574 5574
575 5575
576 5576
577 5577
578 5578
579 5579
580 5580
581 5581
582 5582
583 5583
584 5584
585 5585
586 5586
587 5587
588 5588
589 5589
590 5590
591 5591
592 5592
593 5593
594 5594
595 5595
596 5596
597 5597
598 5598
599 5599
600 5600
601 5601
602 5602
603 5603
604 5604
605 5605
606 5606
607 5607
608 5608
609 5609
610 5610
611 5611
612 5612
613 5613
614 5614
615 5615
616 5616
617 5617
618 5618
619 5619
620 5620
621 5621
622 5622
623 5623
624 5624
625 5625
626 5626
627 5627
628 5628
629 5629
630 5630
631 5631
632 5632
633 5633
634 5634
635 5635
636 5636
637 5637
638 5638
639 5639
640 5640
641 5641
642 5642
643 5643
644 5644
645 5645
646 5646
647 5647
648 5648
649 5649
650 5650
651 5651
652 5652
653 5653
654 5654
655 5655
656 5656
657 5657
658 5658
659 5659
660 5660
661 5661
662 5662
663 5663
664 5664
665 5665
666 5666
667 5667
668 5668
669 5669
670 5670
671 5671
672 5672
673 5673
674 5674
675 5675
676 5676
677 5677
678 5678
679 5679
680 5680
681 5681
682 5682
683 5683
684 5684
685 5685
686 5686
687 5687
688 5688
689 5689
690 5690
691 5691
692 5692
693 5693
694 5694
695 5695
696 5696
697 5697
698 5698
699 5699
700 5700
701 5701
702 5702
703 5703
704 5704
705 5705
706 5706
707 5707
708 5708
709 5709
710 5710
711 5711
712 5712
713 5713
714 5714
715 5715
716 5716
717 5717
718 5718
719 5719
720 5720
721 5721
722 5722
723 5723
724 5724
725 5725
726 5726
727 5727
728 5728
729 5729
730 5730
731 5731
732 5732
733 5733
734 5734
735 5735
736 5736
737 5737
738 5738
739 5739
740 5740
741 5741
742 5742
743 5743
744 5744
745 5745
746 5746
747 5747
748 5748
749 5749
750 5750
751 5751
752 5752
753 5753
754 5754
755 5755
756 5756
757 5757
758 5758
759 5759
760 5760
761 5761
762 5762
763 5763
764 5764
765 5765
766 5766
767 5767
768 5768
769 5769
770 5770
771 5771
772 5772
773 5773
774 5774
775 5775
776 5776
777 5777
778 5778
779 5779
780 5780
781 5781
782 5782
783 5783
784 5784
785 5785
786 5786
787 5787
788 5788
789 5789
790 5790
791 5791
792 5792
793 5793
794 5794
795 5795
796 5796
797 5797
798 5798
799 5799
800 5800
801 5801
802 5802
803 5803
804 5804
805 5805
806 5806
807 5807
808 5808
809 5809
810 5810
811 5811
812 5812
813 5813
814 5814
815 5815
816 5816
817 5817
818 5818
819 5819
820 5820
821 5821
822 5822
823 5823
824 5824
825 5825
826 5826
827 5827
828 5828
829 5829
830 5830
831 5831
832 5832
833 5833
834 5834
835 5835
836 5836
837 5837
838 5838
839 5839
840 5840
841 5841
842 5842
843 5843
844 5844
845 5845
846 5846
847 5847
848 5848
849 5849
850 5850
851 5851
852 5852
853 5853
854 5854
855 5855
856 5856
857 5857
858 5858
859 5859
860 5860
861 5861
862 5862
863 5863
864 5864
865 5865
866 5866
867 5867
868 5868
869 5869
870 5870
871 5871
872 5872
873 5873
874 5874
875 5875
876 5876
877 5877
878 5878
879 5879
880 5880
881 5881
882 5882
883 5883
884 5884
885 5885
886 5886
887 5887
888 5888
889 5889
890 5890
891 5891
892 5892
893 5893
894 5894
895 5895
896 5896
897 5897
898 5898
899 5899
900 5900
901 5901
902 5902
903 5903
904 5904
905 5905
906 5906
907 5907
908 5908
909 5909
910 5910
911 5911
912 5912
913 5913
914 5914
915 5915
916 5916
917 5917
918 5918
919 5919
920 5920
921 5921
922 5922
923 5923
924 5924
925 5925
926 5926
927 5927
928 5928
929 5929
930 5930
931 5931
932 5932
933 5933
934 5934
935 5935
936 5936
937 5937
938 5938
939 5939
940 5940
941 5941
942 5942
943 5943
944 5944
945 5945
946 5946
947 5947
948 5948
949 5949
950 5950
951 5951
952 5952
953 5953
954 5954
955 5955
956 5956
957 5957
958 5958
959 5959
960 5960
961 5961
962 5962
963 5963
964 5964
965 5965
966 5966
967 5967
968 5968
969 5969
970 5970
971 5971
972 5972
973 5973
974 5974
975 5975
976 5976
977 5977
978 5978
979 5979
980 5980
981 5981
982 5982
983 5983
984 5984
985 5985
986 5986
987 5987
988 5988
989 5989
990 5990
991 5991
992 5992
993 5993
994 5994
995 5995
996 5996
997 5997
998 5998
999 5999
1000 6000
1001 6001
1002 6002
1003 6003
1004 6004
1005 6005
1006 6006
1007 6007
1008 6008
1009 6009
1010 6010
1011 6011
1012 6012
1013 6013
1014 6014
1015 6015
1016 6016
1017 6017
1018 6018
1019 6019
1020 6020
1021 6021
1022 6022
1023 6023
1024 6024
1025 6025
1026 6026
1027 6027
1028 6028
1029 6029
1030 6030
1031 6031
1032 6032
1033 6033
1034 6034
1035 6035
1036 6036
1037 6037
1038 6038
1039 6039
1040 6040
1041 6041
1042 6042
1043 6043
1044 6044
1045 6045
1046 6046
1047 6047
1048 6048
1049 6049
1050 6050
1051 6051
1052 6052
1053 6053
1054 6054
1055 6055
1056 6056
1057 6057
1058 6058
1059 6059
1060 6060
1061 6061
1062 6062
1063 6063
1064 6064
1065 6065
1066 6066
1067 6067
1068 6068
1069 6069
1070 6070
1071 6071
1072 6072
1073 6073
1074 6074
1075 6075
1076 6076
1077 6077
1078 6078
1079 6079
1080 6080
1081 6081
1082 6082
1083 6083
1084 6084
1085 6085
1086 6086
1087 6087
1088 6088
1089 6089
1090 6090
1091 6091
1092 6092
1093 6093
1094 6094
1095 6095
1096 6096
1097 6097
1098 6098
1099 6099
1100 6100
1101 6101
1102 6102
1103 6103
1104 6104
1105 6105
1106 6106
1107 6107
1108 6108
1109 6109
1110 6110
1111 6111
1112 6112
1113 6113
1114 6114
1115 6115
1116 6116
1117 6117
1118 6118
1119 6119
1120 6120
1121 6121
1122 6122
1123 6123
1124 6124
1125 6125
1126 6126
1127 6127
1128 6128
1129 6129
1130 6130
1131 6131
1132 6132
1133 6133
1134 6134
1135 6135
1136 6136
1137 6137
1138 6138
1139 6139
1140 6140
1141 6141
1142 6142
1143 6143
1144 6144
1145 6145
1146 6146
1147 6147
1148 6148
1149 6149
1150 6150
1151 6151
1152 6152
1153 6153
1154 6154
1155 6155
1156 6156
1157 6157
1158 6158
1159 6159
1160 6160
1161 6161
1162 6162
1163 6163
1164 6164
1165 6165
1166 6166
1167 6167
1168 6168
1169 6169
1170 6170
1171 6171
1172 6172
1173 6173
1174 6174
1175 6175
1176 6176
1177 6177
1178 6178
1179 6179
1180 6180
1181 6181
1182 6182
1183 6183
1184 6184
1185 6185
1186 6186
1187 6187
1188 6188
1189 6189
1190 6190
1191 6191
1192 6192
1193 6193
1194 6194
1195 6195
1196 6196
1197 6197
1198 6198
1199 6199
1200 6200
1201 6201
1202 6202
1203 6203
1204 6204
1205 6205
1206 6206
1207 6207
1208 6208
1209 6209
1210 6210
1211 6211
1212 6212
1213 6213
1214 6214
1215 6215
1216 6216
1217 6217
1218 6218
1219 6219
1220 6220
1221 6221
1222 6222
1223 6223
1224 6224
1225 6225
1226 6226
1227 6227
1228 6228
1229 6229
1230 6230
1231 6231
1232 6232
1233 6233
1234 6234
1235 6235
1236 6236
1237 6237
1238 6238
1239 6239
1240 6240
1241 6241
1242 6242
1243 6243
1244 6244
1245 6245
1246 6246
1247 6247
1248 6248
1249 6249
1250 6250
1251 6251
1252 6252
1253 6253
1254 6254
1255 6255
1256 6256
1257 6257
1258 6258
1259 6259
1260 6260
1261 6261
1262 6262
1263 6263
1264 6264
1265 6265
1266 6266
1267 6267
1268 6268
1269 6269
1270 6270
1271 6271
1272 6272
1273 6273
1274 6274
1275 6275
1276 6276
1277 6277
1278 6278
1279 6279
1280 6280
1281 6281
1282 6282
1283 6283
1284 6284
1285 6285
1286 6286
1287 6287
1288 6288
1289 6289
1290 6290
1291 6291
1292 6292
1293 6293
1294 6294
1295 6295
1296 6296
1297 6297
1298 6298
1299 6299
1300 6300
1301 6301
1302 6302
1303 6303
1304 6304
1305 6305
1306 6306
1307 6307
1308 6308
1309 6309
1310 6310
1311 6311
1312 6312
1313 6313
1314 6314
1315 6315
1316 6316
1317 6317
1318 6318
1319 6319
1320 6320
1321 6321
1322 6322
1323 6323
1324 6324
1325 6325
1326 6326
1327 6327
1328 6328
1329 6329
1330 6330
1331 6331
1332 6332
1333 6333
1334 6334
1335 6335
1336 6336
1337 6337
1338 6338
1339 6339
1340 6340
1341 6341
1342 6342
1343 6343
1344 6344
1345 6345
1346 6346
1347 6347
1348 6348
1349 6349
1350 6350
1351 6351
1352 6352
1353 6353
1354 6354
1355 6355
1356 6356
1357 6357
1358 6358
1359 6359
1360 6360
1361 6361
1362 6362
1363 6363
1364 6364
1365 6365
1366 6366
1367 6367
1368 6368
1369 6369
1370 6370
1371 6371
1372 6372
1373 6373
1374 6374
1375 6375
1376 6376
1377 6377
1378 6378
1379 6379
1380 6380
1381 6381
1382 6382
1383 6383
1384 6384
1385 6385
1386 6386
1387 6387
1388 6388
1389 6389
1390 6390
1391 6391
1392 6392
1393 6393
1394 6394
1395 6395
1396 6396
1397 6397
1398 6398
1399 6399
1400 6400
1401 6401
1402 6402
1403 6403
1404 6404
1405 6405
1406 6406
1407 6407
1408 6408
1409 6409
1410 6410
1411 6411
1412 6412
1413 6413
1414 6414
1415 6415
1416 6416
1417 6417
1418 6418
1419 6419
1420 6420
1421 6421
1422 6422
1423 6423
1424 6424
1425 6425
1426 6426
1427 6427
1428 6428
1429 6429
1430 6430
1431 6431
1432 6432
1433 6433
1434 6434
1435 6435
1436 6436
1437 6437
1438 6438
1439 6439
1440 6440
1441 6441
1442 6442
1443 6443
1444 6444
1445 6445
1446 6446
1447 6447
1448 6448
1449 6449
1450 6450
1451 6451
1452 6452
1453 6453
1454 6454
1455 6455
1456 6456
1457 6457
1458 6458
1459 6459
1460 6460
1461 6461
1462 6462
1463 6463
1464 6464
1465 6465
1466 6466
1467 6467
1468 6468
1469 6469
1470 6470
1471 6471
1472 6472
1473 6473
1474 6474
1475 6475
1476 6476
1477 6477
1478 6478
1479 6479
1480 6480
1481 6481
1482 6482
1483 6483
1484 6484
1485 6485
1486 6486
1487 6487
1488 6488
1489 6489
1490 6490
1491 6491
1492 6492
1493 6493
1494 6494
1495 6495
1496 6496
1497 6497
1498 6498
1499 6499
1500 6500
1501 6501
1502 6502
1503 6503
1504 6504
1505 6505
1506 6506
1507 6507
1508 6508
1509 6509
1510 6510
1511 6511
1512 6512
1513 6513
1514 6514
1515 6515
1516 6516
1517 6517
1518 6518
1519 6519
1520 6520
1521 6521
1522 6522
1523 6523
1524 6524
1525 6525
1526 6526
1527 6527
1528 6528
1529 6529
1530 6530
1531 6531
1532 6532
1533 6533
1534 6534
1535 6535
1536 6536
1537 6537
1538 6538
1539 6539
1540 6540
1541 6541
1542 6542
1543 6543
1544 6544
1545 6545
1546 6546
1547 6547
1548 6548
1549 6549
1550 6550
1551 6551
1552 6552
1553 6553
1554 6554
1555 6555
1556 6556
1557 6557
1558 6558
1559 6559
1560 6560
1561 6561
1562 6562
1563 6563
1564 6564
1565 6565
1566 6566
1567 6567
1568 6568
1569 6569
1570 6570
1571 6571
1572 6572
1573 6573
1574 6574
1575 6575
1576 6576
1577 6577
1578 6578
1579 6579
1580 6580
1581 6581
1582 6582
1583 6583
1584 6584
1585 6585
1586 6586
1587 6587
1588 6588
1589 6589
1590 6590
1591 6591
1592 6592
1593 6593
1594 6594
1595 6595
1596 6596
1597 6597
1598 6598
1599 6599
1600 6600
1601 6601
1602 6602
1603 6603
1604 6604
1605 6605
1606 6606
1607 6607
1608 6608
1609 6609
1610 6610
1611 6611
1612 6612
1613 6613
1614 6614
1615 6615
1616 6616
1617 6617
1618 6618
1619 6619
1620 6620
1621 6621
1622 6622
1623 6623
1624 6624
1625 6625
1626 6626
1627 6627
1628 6628
1629 6629
1630 6630
1631 6631
1632 6632
1633 6633
1634 6634
1635 6635
1636 6636
1637 6637
1638 6638
1639 6639
1640 6640
1641 6641
1642 6642
1643 6643
1644 6644
1645 6645
1646 6646
1647 6647
1648 6648
1649 6649
1650 6650
1651 6651
1652 6652
1653 6653
1654 6654
1655 6655
1656 6656
1657 6657
1658 6658
1659 6659
1660 6660
1661 6661
1662 6662
1663 6663
1664 6664
1665 6665
1666 6666
1667 6667
1668 6668
1669 6669
1670 6670
1671 6671
1672 6672
1673 6673
1674 6674
1675 6675
1676 6676
1677 6677
1678 6678
1679 6679
1680 6680
1681 6681
1682 6682
1683 6683
1684 6684
1685 6685
1686 6686
1687 6687
1688 6688
1689 6689
1690 6690
1691 6691
1692 6692
1693 6693
1694 6694
1695 6695
1696 6696
1697 6697
1698 6698
1699 6699
1700 6700
1701 6701
1702 6702
1703 6703
1704 6704
1705 6705
1706 6706
1707 6707
1708 6708
1709 6709
1710 6710
1711 6711
1712 6712
1713 6713
1714 6714
1715 6715
1716 6716
1717 6717
1718 6718
1719 6719
1720 6720
1721 6721
1722 6722
1723 6723
1724 6724
1725 6725
1726 6726
1727 6727
1728 6728
1729 6729
1730 6730
1731 6731
1732 6732
1733 6733
1734 6734
1735 6735
1736 6736
1737 6737
1738 6738
1739 6739
1740 6740
1741 6741
1742 6742
1743 6743
1744 6744
1745 6745
1746 6746
1747 6747
1748 6748
1749 6749
1750 6750
1751 6751
1752 6752
1753 6753
1754 6754
1755 6755
1756 6756
1757 6757
1758 6758
1759 6759
1760 6760
1761 6761
1762 6762
1763 6763
1764 6764
1765 6765
1766 6766
1767 6767
1768 6768
1769 6769
1770 6770
1771 6771
1772 6772
1773 6773
1774 6774
1775 6775
1776 6776
1777 6777
1778 6778
1779 6779
1780 6780
1781 6781
1782 6782
1783 6783
1784 6784
1785 6785
1786 6786
1787 6787
1788 6788
1789 6789
1790 6790
1791 6791
1792 6792
1793 6793
1794 6794
1795 6795
1796 6796
1797 6797
1798 6798
1799 6799
1800 6800
1801 6801
1802 6802
1803 6803
1804 6804
1805 6805
1806 6806
1807 6807
1808 6808
1809 6809
1810 6810
1811 6811
1812 6812
1813 6813
1814 6814
1815 6815
1816 6816
1817 6817
1818 6818
1819 6819
1820 6820
1821 6821
1822 6822
1823 6823
1824 6824
1825 6825
1826 6826
1827 6827
1828 6828
1829 6829
1830 6830
1831 6831
1832 6832
1833 6833
1834 6834
1835 6835
1836 6836
1837 6837
1838 6838
1839 6839
1840 6840
1841 6841
1842 6842
1843 6843
1844 6844
1845 6845
1846 6846
1847 6847
1848 6848
1849 6849
1850 6850
1851 6851
1852 6852
1853 6853
1854 6854
1855 6855
1856 6856
1857 6857
1858 6858
1859 6859
1860 6860
1861 6861
1862 6862
1863 6863
1864 6864
1865 6865
1866 6866
1867 6867
1868 6868
1869 6869
1870 6870
1871 6871
1872 6872
1873 6873
1874 6874
1875 6875
1876 6876
1877 6877
1878 6878
1879 6879
1880 6880
1881 6881
1882 6882
1883 6883
1884 6884
1885 6885
1886 6886
1887 6887
1888 6888
1889 6889
1890 6890
1891 6891
1892 6892
1893 6893
1894 6894
1895 6895
1896 6896
1897 6897
1898 6898
1899 6899
1900 6900
1901 6901
1902 6902
1903 6903
1904 6904
1905 6905
1906 6906
1907 6907
1908 6908
1909 6909
1910 6910
1911 6911
1912 6912
1913 6913
1914 6914
1915 6915
1916 6916
1917 6917
1918 6918
1919 6919
1920 6920
1921 6921
1922 6922
1923 6923
1924 6924
1925 6925
1926 6926
1927 6927
1928 6928
1929 6929
1930 6930
1931 6931
1932 6932
1933 6933
1934 6934
1935 6935
1936 6936
1937 6937
1938 6938
1939 6939
1940 6940
1941 6941
1942 6942
1943 6943
1944 6944
1945 6945
1946 6946
1947 6947
1948 6948
1949 6949
1950 6950
1951 6951
1952 6952
1953 6953
1954 6954
1955 6955
1956 6956
1957 6957
1958 6958
1959 6959
1960 6960
1961 6961
1962 6962
1963 6963
1964 6964
1965 6965
1966 6966
1967 6967
1968 6968
1969 6969
1970 6970
1971 6971
1972 6972
1973 6973
1974 6974
1975 6975
1976 6976
1977 6977
1978 6978
1979 6979
1980 6980
1981 6981
1982 6982
1983 6983
1984 6984
1985 6985
1986 6986
1987 6987
1988 6988
1989 6989
1990 6990
1991 6991
1992 6992
1993 6993
1994 6994
1995 6995
1996 6996
1997 6997
1998 6998
1999 6999
2000 7000
2001 7001
2002 7002
2003 7003
2004 7004
2005 7005
2006 7006
2007 7007
2008 7008
2009 7009
2010 7010
2011 7011
2012 7012
2013 7013
2014 7014
2015 7015
2016 7016
2017 7017
2018 7018
2019 7019
2020 7020
2021 7021
2022 7022
2023 7023
2024 7024
2025 7025
2026 7026
2027 7027
2028 7028
2029 7029
2030 7030
2031 7031
2032 7032
2033 7033
2034 7034
2035 7035
2036 7036
2037 7037
2038 7038
2039 7039
2040 7040
2041 7041
2042 7042
2043 7043
2044 7044
2045 7045
2046 7046
2047 7047
2048 7048
2049 7049
2050 7050
2051 7051
2052 7052
2053 7053
2054 7054
2055 7055
2056 7056
2057 7057
2058 7058
2059 7059
2060 7060
2061 7061
2062 7062
2063 7063
2064 7064
2065 7065
2066 7066
2067 7067
2068 7068
2069 7069
2070 7070
2071 7071
2072 7072
2073 7073
2074 7074
2075 7075
2076 7076
2077 7077
2078 7078
2079 7079
2080 7080
2081 7081
2082 7082
2083 7083
2084 7084
2085 7085
2086 7086
2087 7087
2088 7088
2089 7089
2090 7090
2091 7091
2092 7092
2093 7093
2094 7094
2095 7095
2096 7096
2097 7097
2098 7098
2099 7099
2100 7100
2101 7101
2102 7102
2103 7103
2104 7104
2105 7105
2106 7106
2107 7107
2108 7108
2109 7109
2110 7110
2111 7111
2112 7112
2113 7113
2114 7114
2115 7115
2116 7116
2117 7117
2118 7118
2119 7119
2120 7120
2121 7121
2122 7122
2123 7123
2124 7124
2125 7125
2126 7126
2127 7127
2128 7128
2129 7129
2130 7130
2131 7131
2132 7132
2133 7133
2134 7134
2135 7135
2136 7136
2137 7137
2138 7138
2139 7139
2140 7140
2141 7141
2142 7142
2143 7143
2144 7144
2145 7145
2146 7146
2147 7147
2148 7148
2149 7149
2150 7150
2151 7151
2152 7152
2153 7153
2154 7154
2155 7155
2156 7156
2157 7157
2158 7158
2159 7159
2160 7160
2161 7161
2162 7162
2163 7163
2164 7164
2165 7165
2166 7166
2167 7167
2168 7168
2169 7169
2170 7170
2171 7171
2172 7172
2173 7173
2174 7174
2175 7175
2176 7176
2177 7177
2178 7178
2179 7179
2180 7180
2181 7181
2182 7182
2183 7183
2184 7184
2185 7185
2186 7186
2187 7187
2188 7188
2189 7189
2190 7190
2191 7191
2192 7192
2193 7193
2194 7194
2195 7195
2196 7196
2197 7197
2198 7198
2199 7199
2200 7200
2201 7201
2202 7202
2203 7203
2204 7204
2205 7205
2206 7206
2207 7207
2208 7208
2209 7209
2210 7210
2211 7211
2212 7212
2213 7213
2214 7214
2215 7215
2216 7216
2217 7217
2218 7218
2219 7219
2220 7220
2221 7221
2222 7222
2223 7223
2224 7224
2225 7225
2226 7226
2227 7227
2228 7228
2229 7229
2230 7230
2231 7231
2232 7232
2233 7233
2234 7234
2235 7235
2236 7236
2237 7237
2238 7238
2239 7239
2240 7240
2241 7241
2242 7242
2243 7243
2244 7244
2245 7245
2246 7246
2247 7247
2248 7248
2249 7249
2250 7250
2251 7251
2252 7252
2253 7253
2254 7254
2255 7255
2256 7256
2257 7257
2258 7258
2259 7259
2260 7260
2261 7261
2262 7262
2263 7263
2264 7264
2265 7265
2266 7266
2267 7267
2268 7268
2269 7269
2270 7270
2271 7271
2272 7272
2273 7273
2274 7274
2275 7275
2276 7276
2277 7277
2278 7278
2279 7279
2280 7280
2281 7281
2282 7282
2283 7283
2284 7284
2285 7285
2286 7286
2287 7287
2288 7288
2289 7289
2290 7290
2291 7291
2292 7292
2293 7293
2294 7294
2295 7295
2296 7296
2297 7297
2298 7298
2299 7299
2300 7300
2301 7301
2302 7302
2303 7303
2304 7304
2305 7305
2306 7306
2307 7307
2308 7308
2309 7309
2310 7310
2311 7311
2312 7312
2313 7313
2314 7314
2315 7315
2316 7316
2317 7317
2318 7318
2319 7319
2320 7320
2321 7321
2322 7322
2323 7323
2324 7324
2325 7325
2326 7326
2327 7327
2328 7328
2329 7329
2330 7330
2331 7331
2332 7332
2333 7333
2334 7334
2335 7335
2336 7336
2337 7337
2338 7338
2339 7339
2340 7340
2341 7341
2342 7342
2343 7343
2344 7344
2345 7345
2346 7346
2347 7347
2348 7348
2349 7349
2350 7350
2351 7351
2352 7352
2353 7353
2354 7354
2355 7355
2356 7356
2357 7357
2358 7358
2359 7359
2360 7360
2361 7361
2362 7362
2363 7363
2364 7364
2365 7365
2366 7366
2367 7367
2368 7368
2369 7369
2370 7370
2371 7371
2372 7372
2373 7373
2374 7374
2375 7375
2376 7376
2377 7377
2378 7378
2379 7379
2380 7380
2381 7381
2382 7382
2383 7383
2384 7384
2385 7385
2386 7386
2387 7387
2388 7388
2389 7389
2390 7390
2391 7391
2392 7392
2393 7393
2394 7394
2395 7395
2396 7396
2397 7397
2398 7398
2399 7399
2400 7400
2401 7401
2402 7402
2403 7403
2404 7404
2405 7405
2406 7406
2407 7407
2408 7408
2409 7409
2410 7410
2411 7411
2412 7412
2413 7413
2414 7414
2415 7415
2416 7416
2417 7417
2418 7418
2419 7419
2420 7420
2421 7421
2422 7422
2423 7423
2424 7424
2425 7425
2426 7426
2427 7427
2428 7428
2429 7429
2430 7430
2431 7431
2432 7432
2433 7433
2434 7434
2435 7435
2436 7436
2437 7437
2438 7438
2439 7439
2440 7440
2441 7441
2442 7442
2443 7443
2444 7444
2445 7445
2446 7446
2447 7447
2448 7448
2449 7449
2450 7450
2451 7451
2452 7452
2453 7453
2454 7454
2455 7455
2456 7456
2457 7457
2458 7458
2459 7459
2460 7460
2461 7461
2462 7462
2463 7463
2464 7464
2465 7465
2466 7466
2467 7467
2468 7468
2469 7469
2470 7470
2471 7471
2472 7472
2473 7473
2474 7474
2475 7475
2476 7476
2477 7477
2478 7478
2479 7479
2480 7480
2481 7481
2482 7482
2483 7483
2484 7484
2485 7485
2486 7486
2487 7487
2488 7488
2489 7489
2490 7490
2491 7491
2492 7492
2493 7493
2494 7494
2495 7495
2496 7496
2497 7497
2498 7498
2499 7499
2500 7500
2501 7501
2502 7502
2503 7503
2504 7504
2505 7505
2506 7506
2507 7507
2508 7508
2509 7509
2510 7510
2511 7511
2512 7512
2513 7513
2514 7514
2515 7515
2516 7516
2517 7517
2518 7518
2519 7519
2520 7520
2521 7521
2522 7522
2523 7523
2524 7524
2525 7525
2526 7526
2527 7527
2528 7528
2529 7529
2530 7530
2531 7531
2532 7532
2533 7533
2534 7534
2535 7535
2536 7536
2537 7537
2538 7538
2539 7539
2540 7540
2541 7541
2542 7542
2543 7543
2544 7544
2545 7545
2546 7546
2547 7547
2548 7548
2549 7549
2550 7550
2551 7551
2552 7552
2553 7553
2554 7554
2555 7555
2556 7556
2557 7557
2558 7558
2559 7559
2560 7560
2561 7561
2562 7562
2563 7563
2564 7564
2565 7565
2566 7566
2567 7567
2568 7568
2569 7569
2570 7570
2571 7571
2572 7572
2573 7573
2574 7574
2575 7575
2576 7576
2577 7577
2578 7578
2579 7579
2580 7580
2581 7581
2582 7582
2583 7583
2584 7584
2585 7585
2586 7586
2587 7587
2588 7588
2589 7589
2590 7590
2591 7591
2592 7592
2593 7593
2594 7594
2595 7595
2596 7596
2597 7597
2598 7598
2599 7599
2600 7600
2601 7601
2602 7602
2603 7603
2604 7604
2605 7605
2606 7606
2607 7607
2608 7608
2609 7609
2610 7610
2611 7611
2612 7612
2613 7613
2614 7614
2615 7615
2616 7616
2617 7617
2618 7618
2619 7619
2620 7620
2621 7621
2622 7622
2623 7623
2624 7624
2625 7625
2626 7626
2627 7627
2628 7628
2629 7629
2630 7630
2631 7631
2632 7632
2633 7633
2634 7634
2635 7635
2636 7636
2637 7637
2638 7638
2639 7639
2640 7640
2641 7641
2642 7642
2643 7643
2644 7644
2645 7645
2646 7646
2647 7647
2648 7648
2649 7649
2650 7650
2651 7651
2652 7652
2653 7653
2654 7654
2655 7655
2656 7656
2657 7657
2658 7658
2659 7659
2660 7660
2661 7661
2662 7662
2663 7663
2664 7664
2665 7665
2666 7666
2667 7667
2668 7668
2669 7669
2670 7670
2671 7671
2672 7672
2673 7673
2674 7674
2675 7675
2676 7676
2677 7677
2678 7678
2679 7679
2680 7680
2681 7681
2682 7682
2683 7683
2684 7684
2685 7685
2686 7686
2687 7687
2688 7688
2689 7689
2690 7690
2691 7691
2692 7692
2693 7693
2694 7694
2695 7695
2696 7696
2697 7697
2698 7698
2699 7699
2700 7700
2701 7701
2702 7702
2703 7703
2704 7704
2705 7705
2706 7706
2707 7707
2708 7708
2709 7709
2710 7710
2711 7711
2712 7712
2713 7713
2714 7714
2715 7715
2716 7716
2717 7717
2718 7718
2719 7719
2720 7720
2721 7721
2722 7722
2723 7723
2724 7724
2725 7725
2726 7726
2727 7727
2728 7728
2729 7729
2730 7730
2731 7731
2732 7732
2733 7733
2734 7734
2735 7735
2736 7736
2737 7737
2738 7738
2739 7739
2740 7740
2741 7741
2742 7742
2743 7743
2744 7744
2745 7745
2746 7746
2747 7747
2748 7748
2749 7749
2750 7750
2751 7751
2752 7752
2753 7753
2754 7754
2755 7755
2756 7756
2757 7757
2758 7758
2759 7759
2760 7760
2761 7761
2762 7762
2763 7763
2764 7764
2765 7765
2766 7766
2767 7767
2768 7768
2769 7769
2770 7770
2771 7771
2772 7772
2773 7773
2774 7774
2775 7775
2776 7776
2777 7777
2778 7778
2779 7779
2780 7780
2781 7781
2782 7782
2783 7783
2784 7784
2785 7785
2786 7786
2787 7787
2788 7788
2789 7789
2790 7790
2791 7791
2792 7792
2793 7793
2794 7794
2795 7795
2796 7796
2797 7797
2798 7798
2799 7799
2800 7800
2801 7801
2802 7802
2803 7803
2804 7804
2805 7805
2806 7806
2807 7807
2808 7808
2809 7809
2810 7810
2811 7811
2812 7812
2813 7813
2814 7814
2815 7815
2816 7816
2817 7817
2818 7818
2819 7819
2820 7820
2821 7821
2822 7822
2823 7823
2824 7824
2825 7825
2826 7826
2827 7827
2828 7828
2829 7829
2830 7830
2831 7831
2832 7832
2833 7833
2834 7834
2835 7835
2836 7836
2837 7837
2838 7838
2839 7839
2840 7840
2841 7841
2842 7842
2843 7843
2844 7844
2845 7845
2846 7846
2847 7847
2848 7848
2849 7849
2850 7850
2851 7851
2852 7852
2853 7853
2854 7854
2855 7855
2856 7856
2857 7857
2858 7858
2859 7859
2860 7860
2861 7861
2862 7862
2863 7863
2864 7864
2865 7865
2866 7866
2867 7867
2868 7868
2869 7869
2870 7870
2871 7871
2872 7872
2873 7873
2874 7874
2875 7875
2876 7876
2877 7877
2878 7878
2879 7879
2880 7880
2881 7881
2882 7882
2883 7883
2884 7884
2885 7885
2886 7886
2887 7887
2888 7888
2889 7889
2890 7890
2891 7891
2892 7892
2893 7893
2894 7894
2895 7895
2896 7896
2897 7897
2898 7898
2899 7899
2900 7900
2901 7901
2902 7902
2903 7903
2904 7904
2905 7905
2906 7906
2907 7907
2908 7908
2909 7909
2910 7910
2911 7911
2912 7912
2913 7913
2914 7914
2915 7915
2916 7916
2917 7917
2918 7918
2919 7919
2920 7920
2921 7921
2922 7922
2923 7923
2924 7924
2925 7925
2926 7926
2927 7927
2928 7928
2929 7929
2930 7930
2931 7931
2932 7932
2933 7933
2934 7934
2935 7935
2936 7936
2937 7937
2938 7938
2939 7939
2940 7940
2941 7941
2942 7942
2943 7943
2944 7944
2945 7945
2946 7946
2947 7947
2948 7948
2949 7949
2950 7950
2951 7951
2952 7952
2953 7953
2954 7954
2955 7955
2956 7956
2957 7957
2958 7958
2959 7959
2960 7960
2961 7961
2962 7962
2963 7963
2964 7964
2965 7965
2966 7966
2967 7967
2968 7968
2969 7969
2970 7970
2971 7971
2972 7972
2973 7973
2974 7974
2975 7975
2976 7976
2977 7977
2978 7978
2979 7979
2980 7980
2981 7981
2982 7982
2983 7983
2984 7984
2985 7985
2986 7986
2987 7987
2988 7988
2989 7989
2990 7990
2991 7991
2992 7992
2993 7993
2994 7994
2995 7995
2996 7996
2997 7997
2998 7998
2999 7999
3000 8000
3001 8001
3002 8002
3003 8003
3004 8004
3005 8005
3006 8006
3007 8007
3008 8008
3009 8009
3010 8010
3011 8011
3012 8012
3013 8013
3014 8014
3015 8015
3016 8016
3017 8017
3018 8018
3019 8019
3020 8020
3021 8021
3022 8022
3023 8023
3024 8024
3025 8025
3026 8026
3027 8027
3028 8028
3029 8029
3030 8030
3031 8031
3032 8032
3033 8033
3034 8034
3035 8035
3036 8036
3037 8037
3038 8038
3039 8039
3040 8040
3041 8041
3042 8042
3043 8043
3044 8044
3045 8045
3046 8046
3047 8047
3048 8048
3049 8049
3050 8050
3051 8051
3052 8052
3053 8053
3054 8054
3055 8055
3056 8056
3057 8057
3058 8058
3059 8059
3060 8060
3061 8061
3062 8062
3063 8063
3064 8064
3065 8065
3066 8066
3067 8067
3068 8068
3069 8069
3070 8070
3071 8071
3072 8072
3073 8073
3074 8074
3075 8075
3076 8076
3077 8077
3078 8078
3079 8079
3080 8080
3081 8081
3082 8082
3083 8083
3084 8084
3085 8085
3086 8086
3087 8087
3088 8088
3089 8089
3090 8090
3091 8091
3092 8092
3093 8093
3094 8094
3095 8095
3096 8096
3097 8097
3098 8098
3099 8099
3100 8100
3101 8101
3102 8102
3103 8103
3104 8104
3105 8105
3106 8106
3107 8107
3108 8108
3109 8109
3110 8110
3111 8111
3112 8112
3113 8113
3114 8114
3115 8115
3116 8116
3117 8117
3118 8118
3119 8119
3120 8120
3121 8121
3122 8122
3123 8123
3124 8124
3125 8125
3126 8126
3127 8127
3128 8128
3129 8129
3130 8130
3131 8131
3132 8132
3133 8133
3134 8134
3135 8135
3136 8136
3137 8137
3138 8138
3139 8139
3140 8140
3141 8141
3142 8142
3143 8143
3144 8144
3145 8145
3146 8146
3147 8147
3148 8148
3149 8149
3150 8150
3151 8151
3152 8152
3153 8153
3154 8154
3155 8155
3156 8156
3157 8157
3158 8158
3159 8159
3160 8160
3161 8161
3162 8162
3163 8163
3164 8164
3165 8165
3166 8166
3167 8167
3168 8168
3169 8169
3170 8170
3171 8171
3172 8172
3173 8173
3174 8174
3175 8175
3176 8176
3177 8177
3178 8178
3179 8179
3180 8180
3181 8181
3182 8182
3183 8183
3184 8184
3185 8185
3186 8186
3187 8187
3188 8188
3189 8189
3190 8190
3191 8191
3192 8192
3193 8193
3194 8194
3195 8195
3196 8196
3197 8197
3198 8198
3199 8199
3200 8200
3201 8201
3202 8202
3203 8203
3204 8204
3205 8205
3206 8206
3207 8207
3208 8208
3209 8209
3210 8210
3211 8211
3212 8212
3213 8213
3214 8214
3215 8215
3216 8216
3217 8217
3218 8218
3219 8219
3220 8220
3221 8221
3222 8222
3223 8223
3224 8224
3225 8225
3226 8226
3227 8227
3228 8228
3229 8229
3230 8230
3231 8231
3232 8232
3233 8233
3234 8234
3235 8235
3236 8236
3237 8237
3238 8238
3239 8239
3240 8240
3241 8241
3242 8242
3243 8243
3244 8244
3245 8245
3246 8246
3247 8247
3248 8248
3249 8249
3250 8250
3251 8251
3252 8252
3253 8253
3254 8254
3255 8255
3256 8256
3257 8257
3258 8258
3259 8259
3260 8260
3261 8261
3262 8262
3263 8263
3264 8264
3265 8265
3266 8266
3267 8267
3268 8268
3269 8269
3270 8270
3271 8271
3272 8272
3273 8273
3274 8274
3275 8275
3276 8276
3277 8277
3278 8278
3279 8279
3280 8280
3281 8281
3282 8282
3283 8283
3284 8284
3285 8285
3286 8286
3287 8287
3288 8288
3289 8289
3290 8290
3291 8291
3292 8292
3293 8293
3294 8294
3295 8295
3296 8296
3297 8297
3298 8298
3299 8299
3300 8300
3301 8301
3302 8302
3303 8303
3304 8304
3305 8305
3306 8306
3307 8307
3308 8308
3309 8309
3310 8310
3311 8311
3312 8312
3313 8313
3314 8314
3315 8315
3316 8316
3317 8317
3318 8318
3319 8319
3320 8320
3321 8321
3322 8322
3323 8323
3324 8324
3325 8325
3326 8326
3327 8327
3328 8328
3329 8329
3330 8330
3331 8331
3332 8332
3333 8333
3334 8334
3335 8335
3336 8336
3337 8337
3338 8338
3339 8339
3340 8340
3341 8341
3342 8342
3343 8343
3344 8344
3345 8345
3346 8346
3347 8347
3348 8348
3349 8349
3350 8350
3351 8351
3352 8352
3353 8353
3354 8354
3355 8355
3356 8356
3357 8357
3358 8358
3359 8359
3360 8360
3361 8361
3362 8362
3363 8363
3364 8364
3365 8365
3366 8366
3367 8367
3368 8368
3369 8369
3370 8370
3371 8371
3372 8372
3373 8373
3374 8374
3375 8375
3376 8376
3377 8377
3378 8378
3379 8379
3380 8380
3381 8381
3382 8382
3383 8383
3384 8384
3385 8385
3386 8386
3387 8387
3388 8388
3389 8389
3390 8390
3391 8391
3392 8392
3393 8393
3394 8394
3395 8395
3396 8396
3397 8397
3398 8398
3399 8399
3400 8400
3401 8401
3402 8402
3403 8403
3404 8404
3405 8405
3406 8406
3407 8407
3408 8408
3409 8409
3410 8410
3411 8411
3412 8412
3413 8413
3414 8414
3415 8415
3416 8416
3417 8417
3418 8418
3419 8419
3420 8420
3421 8421
3422 8422
3423 8423
3424 8424
3425 8425
3426 8426
3427 8427
3428 8428
3429 8429
3430 8430
3431 8431
3432 8432
3433 8433
3434 8434
3435 8435
3436 8436
3437 8437
3438 8438
3439 8439
3440 8440
3441 8441
3442 8442
3443 8443
3444 8444
3445 8445
3446 8446
3447 8447
3448 8448
3449 8449
3450 8450
3451 8451
3452 8452
3453 8453
3454 8454
3455 8455
3456 8456
3457 8457
3458 8458
3459 8459
3460 8460
3461 8461
3462 8462
3463 8463
3464 8464
3465 8465
3466 8466
3467 8467
3468 8468
3469 8469
3470 8470
3471 8471
3472 8472
3473 8473
3474 8474
3475 8475
3476 8476
3477 8477
3478 8478
3479 8479
3480 8480
3481 8481
3482 8482
3483 8483
3484 8484
3485 8485
3486 8486
3487 8487
3488 8488
3489 8489
3490 8490
3491 8491
3492 8492
3493 8493
3494 8494
3495 8495
3496 8496
3497 8497
3498 8498
3499 8499
3500 8500
3501 8501
3502 8502
3503 8503
3504 8504
3505 8505
3506 8506
3507 8507
3508 8508
3509 8509
3510 8510
3511 8511
3512 8512
3513 8513
3514 8514
3515 8515
3516 8516
3517 8517
3518 8518
3519 8519
3520 8520
3521 8521
3522 8522
3523 8523
3524 8524
3525 8525
3526 8526
3527 8527
3528 8528
3529 8529
3530 8530
3531 8531
3532 8532
3533 8533
3534 8534
3535 8535
3536 8536
3537 8537
3538 8538
3539 8539
3540 8540
3541 8541
3542 8542
3543 8543
3544 8544
3545 8545
3546 8546
3547 8547
3548 8548
3549 8549
3550 8550
3551 8551
3552 8552
3553 8553
3554 8554
3555 8555
3556 8556
3557 8557
3558 8558
3559 8559
3560 8560
3561 8561
3562 8562
3563 8563
3564 8564
3565 8565
3566 8566
3567 8567
3568 8568
3569 8569
3570 8570
3571 8571
3572 8572
3573 8573
3574 8574
3575 8575
3576 8576
3577 8577
3578 8578
3579 8579
3580 8580
3581 8581
3582 8582
3583 8583
3584 8584
3585 8585
3586 8586
3587 8587
3588 8588
3589 8589
3590 8590
3591 8591
3592 8592
3593 8593
3594 8594
3595 8595
3596 8596
3597 8597
3598 8598
3599 8599
3600 8600
3601 8601
3602 8602
3603 8603
3604 8604
3605 8605
3606 8606
3607 8607
3608 8608
3609 8609
3610 8610
3611 8611
3612 8612
3613 8613
3614 8614
3615 8615
3616 8616
3617 8617
3618 8618
3619 8619
3620 8620
3621 8621
3622 8622
3623 8623
3624 8624
3625 8625
3626 8626
3627 8627
3628 8628
3629 8629
3630 8630
3631 8631
3632 8632
3633 8633
3634 8634
3635 8635
3636 8636
3637 8637
3638 8638
3639 8639
3640 8640
3641 8641
3642 8642
3643 8643
3644 8644
3645 8645
3646 8646
3647 8647
3648 8648
3649 8649
3650 8650
3651 8651
3652 8652
3653 8653
3654 8654
3655 8655
3656 8656
3657 8657
3658 8658
3659 8659
3660 8660
3661 8661
3662 8662
3663 8663
3664 8664
3665 8665
3666 8666
3667 8667
3668 8668
3669 8669
3670 8670
3671 8671
3672 8672
3673 8673
3674 8674
3675 8675
3676 8676
3677 8677
3678 8678
3679 8679
3680 8680
3681 8681
3682 8682
3683 8683
3684 8684
3685 8685
3686 8686
3687 8687
3688 8688
3689 8689
3690 8690
3691 8691
3692 8692
3693 8693
3694 8694
3695 8695
3696 8696
3697 8697
3698 8698
3699 8699
3700 8700
3701 8701
3702 8702
3703 8703
3704 8704
3705 8705
3706 8706
3707 8707
3708 8708
3709 8709
3710 8710
3711 8711
3712 8712
3713 8713
3714 8714
3715 8715
3716 8716
3717 8717
3718 8718
3719 8719
3720 8720
3721 8721
3722 8722
3723 8723
3724 8724
3725 8725
3726 8726
3727 8727
3728 8728
3729 8729
3730 8730
3731 8731
3732 8732
3733 8733
3734 8734
3735 8735
3736 8736
3737 8737
3738 8738
3739 8739
3740 8740
3741 8741
3742 8742
3743 8743
3744 8744
3745 8745
3746 8746
3747 8747
3748 8748
3749 8749
3750 8750
3751 8751
3752 8752
3753 8753
3754 8754
3755 8755
3756 8756
3757 8757
3758 8758
3759 8759
3760 8760
3761 8761
3762 8762
3763 8763
3764 8764
3765 8765
3766 8766
3767 8767
3768 8768
3769 8769
3770 8770
3771 8771
3772 8772
3773 8773
3774 8774
3775 8775
3776 8776
3777 8777
3778 8778
3779 8779
3780 8780
3781 8781
3782 8782
3783 8783
3784 8784
3785 8785
3786 8786
3787 8787
3788 8788
3789 8789
3790 8790
3791 8791
3792 8792
3793 8793
3794 8794
3795 8795
3796 8796
3797 8797
3798 8798
3799 8799
3800 8800
3801 8801
3802 8802
3803 8803
3804 8804
3805 8805
3806 8806
3807 8807
3808 8808
3809 8809
3810 8810
3811 8811
3812 8812
3813 8813
3814 8814
3815 8815
3816 8816
3817 8817
3818 8818
3819 8819
3820 8820
3821 8821
3822 8822
3823 8823
3824 8824
3825 8825
3826 8826
3827 8827
3828 8828
3829 8829
3830 8830
3831 8831
3832 8832
3833 8833
3834 8834
3835 8835
3836 8836
3837 8837
3838 8838
3839 8839
3840 8840
3841 8841
3842 8842
3843 8843
3844 8844
3845 8845
3846 8846
3847 8847
3848 8848
3849 8849
3850 8850
3851 8851
3852 8852
3853 8853
3854 8854
3855 8855
3856 8856
3857 8857
3858 8858
3859 8859
3860 8860
3861 8861
3862 8862
3863 8863
3864 8864
3865 8865
3866 8866
3867 8867
3868 8868
3869 8869
3870 8870
3871 8871
3872 8872
3873 8873
3874 8874
3875 8875
3876 8876
3877 8877
3878 8878
3879 8879
3880 8880
3881 8881
3882 8882
3883 8883
3884 8884
3885 8885
3886 8886
3887 8887
3888 8888
3889 8889
3890 8890
3891 8891
3892 8892
3893 8893
3894 8894
3895 8895
3896 8896
3897 8897
3898 8898
3899 8899
3900 8900
3901 8901
3902 8902
3903 8903
3904 8904
3905 8905
3906 8906
3907 8907
3908 8908
3909 8909
3910 8910
3911 8911
3912 8912
3913 8913
3914 8914
3915 8915
3916 8916
3917 8917
3918 8918
3919 8919
3920 8920
3921 8921
3922 8922
3923 8923
3924 8924
3925 8925
3926 8926
3927 8927
3928 8928
3929 8929
3930 8930
3931 8931
3932 8932
3933 8933
3934 8934
3935 8935
3936 8936
3937 8937
3938 8938
3939 8939
3940 8940
3941 8941
3942 8942
3943 8943
3944 8944
3945 8945
3946 8946
3947 8947
3948 8948
3949 8949
3950 8950
3951 8951
3952 8952
3953 8953
3954 8954
3955 8955
3956 8956
3957 8957
3958 8958
3959 8959
3960 8960
3961 8961
3962 8962
3963 8963
3964 8964
3965 8965
3966 8966
3967 8967
3968 8968
3969 8969
3970 8970
3971 8971
3972 8972
3973 8973
3974 8974
3975 8975
3976 8976
3977 8977
3978 8978
3979 8979
3980 8980
3981 8981
3982 8982
3983 8983
3984 8984
3985 8985
3986 8986
3987 8987
3988 8988
3989 8989
3990 8990
3991 8991
3992 8992
3993 8993
3994 8994
3995 8995
3996 8996
3997 8997
3998 8998
3999 8999
4000 9000
4001 9001
4002 9002
4003 9003
4004 9004
4005 9005
4006 9006
4007 9007
4008 9008
4009 9009
4010 9010
4011 9011
4012 9012
4013 9013
4014 9014
4015 9015
4016 9016
4017 9017
4018 9018
4019 9019
4020 9020
4021 9021
4022 9022
4023 9023
4024 9024
4025 9025
4026 9026
4027 9027
4028 9028
4029 9029
4030 9030
4031 9031
4032 9032
4033 9033
4034 9034
4035 9035
4036 9036
4037 9037
4038 9038
4039 9039
4040 9040
4041 9041
4042 9042
4043 9043
4044 9044
4045 9045
4046 9046
4047 9047
4048 9048
4049 9049
4050 9050
4051 9051
4052 9052
4053 9053
4054 9054
4055 9055
4056 9056
4057 9057
4058 9058
4059 9059
4060 9060
4061 9061
4062 9062
4063 9063
4064 9064
4065 9065
4066 9066
4067 9067
4068 9068
4069 9069
4070 9070
4071 9071
4072 9072
4073 9073
4074 9074
4075 9075
4076 9076
4077 9077
4078 9078
4079 9079
4080 9080
4081 9081
4082 9082
4083 9083
4084 9084
4085 9085
4086 9086
4087 9087
4088 9088
4089 9089
4090 9090
4091 9091
4092 9092
4093 9093
4094 9094
4095 9095
4096 9096
4097 9097
4098 9098
4099 9099
4100 9100
4101 9101
4102 9102
4103 9103
4104 9104
4105 9105
4106 9106
4107 9107
4108 9108
4109 9109
4110 9110
4111 9111
4112 9112
4113 9113
4114 9114
4115 9115
4116 9116
4117 9117
4118 9118
4119 9119
4120 9120
4121 9121
4122 9122
4123 9123
4124 9124
4125 9125
4126 9126
4127 9127
4128 9128
4129 9129
4130 9130
4131 9131
4132 9132
4133 9133
4134 9134
4135 9135
4136 9136
4137 9137
4138 9138
4139 9139
4140 9140
4141 9141
4142 9142
4143 9143
4144 9144
4145 9145
4146 9146
4147 9147
4148 9148
4149 9149
4150 9150
4151 9151
4152 9152
4153 9153
4154 9154
4155 9155
4156 9156
4157 9157
4158 9158
4159 9159
4160 9160
4161 9161
4162 9162
4163 9163
4164 9164
4165 9165
4166 9166
4167 9167
4168 9168
4169 9169
4170 9170
4171 9171
4172 9172
4173 9173
4174 9174
4175 9175
4176 9176
4177 9177
4178 9178
4179 9179
4180 9180
4181 9181
4182 9182
4183 9183
4184 9184
4185 9185
4186 9186
4187 9187
4188 9188
4189 9189
4190 9190
4191 9191
4192 9192
4193 9193
4194 9194
4195 9195
4196 9196
4197 9197
4198 9198
4199 9199
4200 9200
4201 9201
4202 9202
4203 9203
4204 9204
4205 9205
4206 9206
4207 9207
4208 9208
4209 9209
4210 9210
4211 9211
4212 9212
4213 9213
4214 9214
4215 9215
4216 9216
4217 9217
4218 9218
4219 9219
4220 9220
4221 9221
4222 9222
4223 9223
4224 9224
4225 9225
4226 9226
4227 9227
4228 9228
4229 9229
4230 9230
4231 9231
4232 9232
4233 9233
4234 9234
4235 9235
4236 9236
4237 9237
4238 9238
4239 9239
4240 9240
4241 9241
4242 9242
4243 9243
4244 9244
4245 9245
4246 9246
4247 9247
4248 9248
4249 9249
4250 9250
4251 9251
4252 9252
4253 9253
4254 9254
4255 9255
4256 9256
4257 9257
4258 9258
4259 9259
4260 9260
4261 9261
4262 9262
4263 9263
4264 9264
4265 9265
4266 9266
4267 9267
4268 9268
4269 9269
4270 9270
4271 9271
4272 9272
4273 9273
4274 9274
4275 9275
4276 9276
4277 9277
4278 9278
4279 9279
4280 9280
4281 9281
4282 9282
4283 9283
4284 9284
4285 9285
4286 9286
4287 9287
4288 9288
4289 9289
4290 9290
4291 9291
4292 9292
4293 9293
4294 9294
4295 9295
4296 9296
4297 9297
4298 9298
4299 9299
4300 9300
4301 9301
4302 9302
4303 9303
4304 9304
4305 9305
4306 9306
4307 9307
4308 9308
4309 9309
4310 9310
4311 9311
4312 9312
4313 9313
4314 9314
4315 9315
4316 9316
4317 9317
4318 9318
4319 9319
4320 9320
4321 9321
4322 9322
4323 9323
4324 9324
4325 9325
4326 9326
4327 9327
4328 9328
4329 9329
4330 9330
4331 9331
4332 9332
4333 9333
4334 9334
4335 9335
4336 9336
4337 9337
4338 9338
4339 9339
4340 9340
4341 9341
4342 9342
4343 9343
4344 9344
4345 9345
4346 9346
4347 9347
4348 9348
4349 9349
4350 9350
4351 9351
4352 9352
4353 9353
4354 9354
4355 9355
4356 9356
4357 9357
4358 9358
4359 9359
4360 9360
4361 9361
4362 9362
4363 9363
4364 9364
4365 9365
4366 9366
4367 9367
4368 9368
4369 9369
4370 9370
4371 9371
4372 9372
4373 9373
4374 9374
4375 9375
4376 9376
4377 9377
4378 9378
4379 9379
4380 9380
4381 9381
4382 9382
4383 9383
4384 9384
4385 9385
4386 9386
4387 9387
4388 9388
4389 9389
4390 9390
4391 9391
4392 9392
4393 9393
4394 9394
4395 9395
4396 9396
4397 9397
4398 9398
4399 9399
4400 9400
4401 9401
4402 9402
4403 9403
4404 9404
4405 9405
4406 9406
4407 9407
4408 9408
4409 9409
4410 9410
4411 9411
4412 9412
4413 9413
4414 9414
4415 9415
4416 9416
4417 9417
4418 9418
4419 9419
4420 9420
4421 9421
4422 9422
4423 9423
4424 9424
4425 9425
4426 9426
4427 9427
4428 9428
4429 9429
4430 9430
4431 9431
4432 9432
4433 9433
4434 9434
4435 9435
4436 9436
4437 9437
4438 9438
4439 9439
4440 9440
4441 9441
4442 9442
4443 9443
4444 9444
4445 9445
4446 9446
4447 9447
4448 9448
4449 9449
4450 9450
4451 9451
4452 9452
4453 9453
4454 9454
4455 9455
4456 9456
4457 9457
4458 9458
4459 9459
4460 9460
4461 9461
4462 9462
4463 9463
4464 9464
4465 9465
4466 9466
4467 9467
4468 9468
4469 9469
4470 9470
4471 9471
4472 9472
4473 9473
4474 9474
4475 9475
4476 9476
4477 9477
4478 9478
4479 9479
4480 9480
4481 9481
4482 9482
4483 9483
4484 9484
4485 9485
4486 9486
4487 9487
4488 9488
4489 9489
4490 9490
4491 9491
4492 9492
4493 9493
4494 9494
4495 9495
4496 9496
4497 9497
4498 9498
4499 9499
4500 9500
4501 9501
4502 9502
4503 9503
4504 9504
4505 9505
4506 9506
4507 9507
4508 9508
4509 9509
4510 9510
4511 9511
4512 9512
4513 9513
4514 9514
4515 9515
4516 9516
4517 9517
4518 9518
4519 9519
4520 9520
4521 9521
4522 9522
4523 9523
4524 9524
4525 9525
4526 9526
4527 9527
4528 9528
4529 9529
4530 9530
4531 9531
4532 9532
4533 9533
4534 9534
4535 9535
4536 9536
4537 9537
4538 9538
4539 9539
4540 9540
4541 9541
4542 9542
4543 9543
4544 9544
4545 9545
4546 9546
4547 9547
4548 9548
4549 9549
4550 9550
4551 9551
4552 9552
4553 9553
4554 9554
4555 9555
4556 9556
4557 9557
4558 9558
4559 9559
4560 9560
4561 9561
4562 9562
4563 9563
4564 9564
4565 9565
4566 9566
4567 9567
4568 9568
4569 9569
4570 9570
4571 9571
4572 9572
4573 9573
4574 9574
4575 9575
4576 9576
4577 9577
4578 9578
4579 9579
4580 9580
4581 9581
4582 9582
4583 9583
4584 9584
4585 9585
4586 9586
4587 9587
4588 9588
4589 9589
4590 9590
4591 9591
4592 9592
4593 9593
4594 9594
4595 9595
4596 9596
4597 9597
4598 9598
4599 9599
4600 9600
4601 9601
4602 9602
4603 9603
4604 9604
4605 9605
4606 9606
4607 9607
4608 9608
4609 9609
4610 9610
4611 9611
4612 9612
4613 9613
4614 9614
4615 9615
4616 9616
4617 9617
4618 9618
4619 9619
4620 9620
4621 9621
4622 9622
4623 9623
4624 9624
4625 9625
4626 9626
4627 9627
4628 9628
4629 9629
4630 9630
4631 9631
4632 9632
4633 9633
4634 9634
4635 9635
4636 9636
4637 9637
4638 9638
4639 9639
4640 9640
4641 9641
4642 9642
4643 9643
4644 9644
4645 9645
4646 9646
4647 9647
4648 9648
4649 9649
4650 9650
4651 9651
4652 9652
4653 9653
4654 9654
4655 9655
4656 9656
4657 9657
4658 9658
4659 9659
4660 9660
4661 9661
4662 9662
4663 9663
4664 9664
4665 9665
4666 9666
4667 9667
4668 9668
4669 9669
4670 9670
4671 9671
4672 9672
4673 9673
4674 9674
4675 9675
4676 9676
4677 9677
4678 9678
4679 9679
4680 9680
4681 9681
4682 9682
4683 9683
4684 9684
4685 9685
4686 9686
4687 9687
4688 9688
4689 9689
4690 9690
4691 9691
4692 9692
4693 9693
4694 9694
4695 9695
4696 9696
4697 9697
4698 9698
4699 9699
4700 9700
4701 9701
4702 9702
4703 9703
4704 9704
4705 9705
4706 9706
4707 9707
4708 9708
4709 9709
4710 9710
4711 9711
4712 9712
4713 9713
4714 9714
4715 9715
4716 9716
4717 9717
4718 9718
4719 9719
4720 9720
4721 9721
4722 9722
4723 9723
4724 9724
4725 9725
4726 9726
4727 9727
4728 9728
4729 9729
4730 9730
4731 9731
4732 9732
4733 9733
4734 9734
4735 9735
4736 9736
4737 9737
4738 9738
4739 9739
4740 9740
4741 9741
4742 9742
4743 9743
4744 9744
4745 9745
4746 9746
4747 9747
4748 9748
4749 9749
4750 9750
4751 9751
4752 9752
4753 9753
4754 9754
4755 9755
4756 9756
4757 9757
4758 9758
4759 9759
4760 9760
4761 9761
4762 9762
4763 9763
4764 9764
4765 9765
4766 9766
4767 9767
4768 9768
4769 9769
4770 9770
4771 9771
4772 9772
4773 9773
4774 9774
4775 9775
4776 9776
4777 9777
4778 9778
4779 9779
4780 9780
4781 9781
4782 9782
4783 9783
4784 9784
4785 9785
4786 9786
4787 9787
4788 9788
4789 9789
4790 9790
4791 9791
4792 9792
4793 9793
4794 9794
4795 9795
4796 9796
4797 9797
4798 9798
4799 9799
4800 9800
4801 9801
4802 9802
4803 9803
4804 9804
4805 9805
4806 9806
4807 9807
4808 9808
4809 9809
4810 9810
4811 9811
4812 9812
4813 9813
4814 9814
4815 9815
4816 9816
4817 9817
4818 9818
4819 9819
4820 9820
4821 9821
4822 9822
4823 9823
4824 9824
4825 9825
4826 9826
4827 9827
4828 9828
4829 9829
4830 9830
4831 9831
4832 9832
4833 9833
4834 9834
4835 9835
4836 9836
4837 9837
4838 9838
4839 9839
4840 9840
4841 9841
4842 9842
4843 9843
4844 9844
4845 9845
4846 9846
4847 9847
4848 9848
4849 9849
4850 9850
4851 9851
4852 9852
4853 9853
4854 9854
4855 9855
4856 9856
4857 9857
4858 9858
4859 9859
4860 9860
4861 9861
4862 9862
4863 9863
4864 9864
4865 9865
4866 9866
4867 9867
4868 9868
4869 9869
4870 9870
4871 9871
4872 9872
4873 9873
4874 9874
4875 9875
4876 9876
4877 9877
4878 9878
4879 9879
4880 9880
4881 9881
4882 9882
4883 9883
4884 9884
4885 9885
4886 9886
4887 9887
4888 9888
4889 9889
4890 9890
4891 9891
4892 9892
4893 9893
4894 9894
4895 9895
4896 9896
4897 9897
4898 9898
4899 9899
4900 9900
4901 9901
4902 9902
4903 9903
4904 9904
4905 9905
4906 9906
4907 9907
4908 9908
4909 9909
4910 9910
4911 9911
4912 9912
4913 9913
4914 9914
4915 9915
4916 9916
4917 9917
4918 9918
4919 9919
4920 9920
4921 9921
4922 9922
4923 9923
4924 9924
4925 9925
4926 9926
4927 9927
4928 9928
4929 9929
4930 9930
4931 9931
4932 9932
4933 9933
4934 9934
4935 9935
4936 9936
4937 9937
4938 9938
4939 9939
4940 9940
4941 9941
4942 9942
4943 9943
4944 9944
4945 9945
4946 9946
4947 9947
4948 9948
4949 9949
4950 9950
4951 9951
4952 9952
4953 9953
4954 9954
4955 9955
4956 9956
4957 9957
4958 9958
4959 9959
4960 9960
4961 9961
4962 9962
4963 9963
4964 9964
4965 9965
4966 9966
4967 9967
4968 9968
4969 9969
4970 9970
4971 9971
4972 9972
4973 9973
4974 9974
4975 9975
4976 9976
4977 9977
4978 9978
4979 9979
4980 9980
4981 9981
4982 9982
4983 9983
4984 9984
4985 9985
4986 9986
4987 9987
4988 9988
4989 9989
4990 9990
4991 9991
4992 9992
4993 9993
4994 9994
4995 9995
4996 9996
4997 9997
4998 9998
4999 9999
5000 10000
5001 1
5002 2
5003 3
5004 4
5005 5
5006 6
5007 7
5008 8
5009 9
5010 10
5011 11
5012 12
5013 13
5014 14
5015 15
5016 16
5017 17
5018 18
5019 19
5020 20
5021 21
5022 22
5023 23
5024 24
5025 25
5026 26
5027 27
5028 28
5029 29
5030 30
5031 31
5032 32
5033 33
5034 34
5035 35
5036 36
5037 37
5038 38
5039 39
5040 40
5041 41
5042 42
5043 43
5044 44
5045 45
5046 46
5047 47
5048 48
5049 49
5050 50
5051 51
5052 52
5053 53
5054 54
5055 55
5056 56
5057 57
5058 58
5059 59
5060 60
5061 61
5062 62
5063 63
5064 64
5065 65
5066 66
5067 67
5068 68
5069 69
5070 70
5071 71
5072 72
5073 73
5074 74
5075 75
5076 76
5077 77
5078 78
5079 79
5080 80
5081 81
5082 82
5083 83
5084 84
5085 85
5086 86
5087 87
5088 88
5089 89
5090 90
5091 91
5092 92
5093 93
5094 94
5095 95
5096 96
5097 97
5098 98
5099 99
5100 100
5101 101
5102 102
5103 103
5104 104
5105 105
5106 106
5107 107
5108 108
5109 109
5110 110
5111 111
5112 112
5113 113
5114 114
5115 115
5116 116
5117 117
5118 118
5119 119
5120 120
5121 121
5122 122
5123 123
5124 124
5125 125
5126 126
5127 127
5128 128
5129 129
5130 130
5131 131
5132 132
5133 133
5134 134
5135 135
5136 136
5137 137
5138 138
5139 139
5140 140
5141 141
5142 142
5143 143
5144 144
5145 145
5146 146
5147 147
5148 148
5149 149
5150 150
5151 151
5152 152
5153 153
5154 154
5155 155
5156 156
5157 157
5158 158
5159 159
5160 160
5161 161
5162 162
5163 163
5164 164
5165 165
5166 166
5167 167
5168 168
5169 169
5170 170
5171 171
5172 172
5173 173
5174 174
5175 175
5176 176
5177 177
5178 178
5179 179
5180 180
5181 181
5182 182
5183 183
5184 184
5185 185
5186 186
5187 187
5188 188
5189 189
5190 190
5191 191
5192 192
5193 193
5194 194
5195 195
5196 196
5197 197
5198 198
5199 199
5200 200
5201 201
5202 202
5203 203
5204 204
5205 205
5206 206
5207 207
5208 208
5209 209
5210 210
5211 211
5212 212
5213 213
5214 214
5215 215
5216 216
5217 217
5218 218
5219 219
5220 220
5221 221
5222 222
5223 223
5224 224
5225 225
5226 226
5227 227
5228 228
5229 229
5230 230
5231 231
5232 232
5233 233
5234 234
5235 235
5236 236
5237 237
5238 238
5239 239
5240 240
5241 241
5242 242
5243 243
5244 244
5245 245
5246 246
5247 247
5248 248
5249 249
5250 250
5251 251
5252 252
5253 253
5254 254
5255 255
5256 256
5257 257
5258 258
5259 259
5260 260
5261 261
5262 262
5263 263
5264 264
5265 265
5266 266
5267 267
5268 268
5269 269
5270 270
5271 271
5272 272
5273 273
5274 274
5275 275
5276 276
5277 277
5278 278
5279 279
5280 280
5281 281
5282 282
5283 283
5284 284
5285 285
5286 286
5287 287
5288 288
5289 289
5290 290
5291 291
5292 292
5293 293
5294 294
5295 295
5296 296
5297 297
5298 298
5299 299
5300 300
5301 301
5302 302
5303 303
5304 304
5305 305
5306 306
5307 307
5308 308
5309 309
5310 310
5311 311
5312 312
5313 313
5314 314
5315 315
5316 316
5317 317
5318 318
5319 319
5320 320
5321 321
5322 322
5323 323
5324 324
5325 325
5326 326
5327 327
5328 328
5329 329
5330 330
5331 331
5332 332
5333 333
5334 334
5335 335
5336 336
5337 337
5338 338
5339 339
5340 340
5341 341
5342 342
5343 343
5344 344
5345 345
5346 346
5347 347
5348 348
5349 349
5350 350
5351 351
5352 352
5353 353
5354 354
5355 355
5356 356
5357 357
5358 358
5359 359
5360 360
5361 361
5362 362
5363 363
5364 364
5365 365
5366 366
5367 367
5368 368
5369 369
5370 370
5371 371
5372 372
5373 373
5374 374
5375 375
5376 376
5377 377
5378 378
5379 379
5380 380
5381 381
5382 382
5383 383
5384 384
5385 385
5386 386
5387 387
5388 388
5389 389
5390 390
5391 391
5392 392
5393 393
5394 394
5395 395
5396 396
5397 397
5398 398
5399 399
5400 400
5401 401
5402 402
5403 403
5404 404
5405 405
5406 406
5407 407
5408 408
5409 409
5410 410
5411 411
5412 412
5413 413
5414 414
5415 415
5416 416
5417 417
5418 418
5419 419
5420 420
5421 421
5422 422
5423 423
5424 424
5425 425
5426 426
5427 427
5428 428
5429 429
5430 430
5431 431
5432 432
5433 433
5434 434
5435 435
5436 436
5437 437
5438 438
5439 439
5440 440
5441 441
5442 442
5443 443
5444 444
5445 445
5446 446
5447 447
5448 448
5449 449
5450 450
5451 451
5452 452
5453 453
5454 454
5455 455
5456 456
5457 457
5458 458
5459 459
5460 460
5461 461
5462 462
5463 463
5464 464
5465 465
5466 466
5467 467
5468 468
5469 469
5470 470
5471 471
5472 472
5473 473
5474 474
5475 475
5476 476
5477 477
5478 478
5479 479
5480 480
5481 481
5482 482
5483 483
5484 484
5485 485
5486 486
5487 487
5488 488
5489 489
5490 490
5491 491
5492 492
5493 493
5494 494
5495 495
5496 496
5497 497
5498 498
5499 499
5500 500
5501 501
5502 502
5503 503
5504 504
5505 505
5506 506
5507 507
5508 508
5509 509
5510 510
5511 511
5512 512
5513 513
5514 514
5515 515
5516 516
5517 517
5518 518
5519 519
5520 520
5521 521
5522 522
5523 523
5524 524
5525 525
5526 526
5527 527
5528 528
5529 529
5530 530
5531 531
5532 532
5533 533
5534 534
5535 535
5536 536
5537 537
5538 538
5539 539
5540 540
5541 541
5542 542
5543 543
5544 544
5545 545
5546 546
5547 547
5548 548
5549 549
5550 550
5551 551
5552 552
5553 553
5554 554
5555 555
5556 556
5557 557
5558 558
5559 559
5560 560
5561 561
5562 562
5563 563
5564 564
5565 565
5566 566
5567 567
5568 568
5569 569
5570 570
5571 571
5572 572
5573 573
5574 574
5575 575
5576 576
5577 577
5578 578
5579 579
5580 580
5581 581
5582 582
5583 583
5584 584
5585 585
5586 586
5587 587
5588 588
5589 589
5590 590
5591 591
5592 592
5593 593
5594 594
5595 595
5596 596
5597 597
5598 598
5599 599
5600 600
5601 601
5602 602
5603 603
5604 604
5605 605
5606 606
5607 607
5608 608
5609 609
5610 610
5611 611
5612 612
5613 613
5614 614
5615 615
5616 616
5617 617
5618 618
5619 619
5620 620
5621 621
5622 622
5623 623
5624 624
5625 625
5626 626
5627 627
5628 628
5629 629
5630 630
5631 631
5632 632
5633 633
5634 634
5635 635
5636 636
5637 637
5638 638
5639 639
5640 640
5641 641
5642 642
5643 643
5644 644
5645 645
5646 646
5647 647
5648 648
5649 649
5650 650
5651 651
5652 652
5653 653
5654 654
5655 655
5656 656
5657 657
5658 658
5659 659
5660 660
5661 661
5662 662
5663 663
5664 664
5665 665
5666 666
5667 667
5668 668
5669 669
5670 670
5671 671
5672 672
5673 673
5674 674
5675 675
5676 676
5677 677
5678 678
5679 679
5680 680
5681 681
5682 682
5683 683
5684 684
5685 685
5686 686
5687 687
5688 688
5689 689
5690 690
5691 691
5692 692
5693 693
5694 694
5695 695
5696 696
5697 697
5698 698
5699 699
5700 700
5701 701
5702 702
5703 703
5704 704
5705 705
5706 706
5707 707
5708 708
5709 709
5710 710
5711 711
5712 712
5713 713
5714 714
5715 715
5716 716
5717 717
5718 718
5719 719
5720 720
5721 721
5722 722
5723 723
5724 724
5725 725
5726 726
5727 727
5728 728
5729 729
5730 730
5731 731
5732 732
5733 733
5734 734
5735 735
5736 736
5737 737
5738 738
5739 739
5740 740
5741 741
5742 742
5743 743
5744 744
5745 745
5746 746
5747 747
5748 748
5749 749
5750 750
5751 751
5752 752
5753 753
5754 754
5755 755
5756 756
5757 757
5758 758
5759 759
5760 760
5761 761
5762 762
5763 763
5764 764
5765 765
5766 766
5767 767
5768 768
5769 769
5770 770
5771 771
5772 772
5773 773
5774 774
5775 775
5776 776
5777 777
5778 778
5779 779
5780 780
5781 781
5782 782
5783 783
5784 784
5785 785
5786 786
5787 787
5788 788
5789 789
5790 790
5791 791
5792 792
5793 793
5794 794
5795 795
5796 796
5797 797
5798 798
5799 799
5800 800
5801 801
5802 802
5803 803
5804 804
5805 805
5806 806
5807 807
5808 808
5809 809
5810 810
5811 811
5812 812
5813 813
5814 814
5815 815
5816 816
5817 817
5818 818
5819 819
5820 820
5821 821
5822 822
5823 823
5824 824
5825 825
5826 826
5827 827
5828 828
5829 829
5830 830
5831 831
5832 832
5833 833
5834 834
5835 835
5836 836
5837 837
5838 838
5839 839
5840 840
5841 841
5842 842
5843 843
5844 844
5845 845
5846 846
5847 847
5848 848
5849 849
5850 850
5851 851
5852 852
5853 853
5854 854
5855 855
5856 856
5857 857
5858 858
5859 859
5860 860
5861 861
5862 862
5863 863
5864 864
5865 865
5866 866
5867 867
5868 868
5869 869
5870 870
5871 871
5872 872
5873 873
5874 874
5875 875
5876 876
5877 877
5878 878
5879 879
5880 880
5881 881
5882 882
5883 883
5884 884
5885 885
5886 886
5887 887
5888 888
5889 889
5890 890
5891 891
5892 892
5893 893
5894 894
5895 895
5896 896
5897 897
5898 898
5899 899
5900 900
5901 901
5902 902
5903 903
5904 904
5905 905
5906 906
5907 907
5908 908
5909 909
5910 910
5911 911
5912 912
5913 913
5914 914
5915 915
5916 916
5917 917
5918 918
5919 919
5920 920
5921 921
5922 922
5923 923
5924 924
5925 925
5926 926
5927 927
5928 928
5929 929
5930 930
5931 931
5932 932
5933 933
5934 934
5935 935
5936 936
5937 937
5938 938
5939 939
5940 940
5941 941
5942 942
5943 943
5944 944
5945 945
5946 946
5947 947
5948 948
5949 949
5950 950
5951 951
5952 952
5953 953
5954 954
5955 955
5956 956
5957 957
5958 958
5959 959
5960 960
5961 961
5962 962
5963 963
5964 964
5965 965
5966 966
5967 967
5968 968
5969 969
5970 970
5971 971
5972 972
5973 973
5974 974
5975 975
5976 976
5977 977
5978 978
5979 979
5980 980
5981 981
5982 982
5983 983
5984 984
5985 985
5986 986
5987 987
5988 988
5989 989
5990 990
5991 991
5992 992
5993 993
5994 994
5995 995
5996 996
5997 997
5998 998
5999 999
6000 1000
6001 1001
6002 1002
6003 1003
6004 1004
6005 1005
6006 1006
6007 1007
6008 1008
6009 1009
6010 1010
6011 1011
6012 1012
6013 1013
6014 1014
6015 1015
6016 1016
6017 1017
6018 1018
6019 1019
6020 1020
6021 1021
6022 1022
6023 1023
6024 1024
6025 1025
6026 1026
6027 1027
6028 1028
6029 1029
6030 1030
6031 1031
6032 1032
6033 1033
6034 1034
6035 1035
6036 1036
6037 1037
6038 1038
6039 1039
6040 1040
6041 1041
6042 1042
6043 1043
6044 1044
6045 1045
6046 1046
6047 1047
6048 1048
6049 1049
6050 1050
6051 1051
6052 1052
6053 1053
6054 1054
6055 1055
6056 1056
6057 1057
6058 1058
6059 1059
6060 1060
6061 1061
6062 1062
6063 1063
6064 1064
6065 1065
6066 1066
6067 1067
6068 1068
6069 1069
6070 1070
6071 1071
6072 1072
6073 1073
6074 1074
6075 1075
6076 1076
6077 1077
6078 1078
6079 1079
6080 1080
6081 1081
6082 1082
6083 1083
6084 1084
6085 1085
6086 1086
6087 1087
6088 1088
6089 1089
6090 1090
6091 1091
6092 1092
6093 1093
6094 1094
6095 1095
6096 1096
6097 1097
6098 1098
6099 1099
6100 1100
6101 1101
6102 1102
6103 1103
6104 1104
6105 1105
6106 1106
6107 1107
6108 1108
6109 1109
6110 1110
6111 1111
6112 1112
6113 1113
6114 1114
6115 1115
6116 1116
6117 1117
6118 1118
6119 1119
6120 1120
6121 1121
6122 1122
6123 1123
6124 1124
6125 1125
6126 1126
6127 1127
6128 1128
6129 1129
6130 1130
6131 1131
6132 1132
6133 1133
6134 1134
6135 1135
6136 1136
6137 1137
6138 1138
6139 1139
6140 1140
6141 1141
6142 1142
6143 1143
6144 1144
6145 1145
6146 1146
6147 1147
6148 1148
6149 1149
6150 1150
6151 1151
6152 1152
6153 1153
6154 1154
6155 1155
6156 1156
6157 1157
6158 1158
6159 1159
6160 1160
6161 1161
6162 1162
6163 1163
6164 1164
6165 1165
6166 1166
6167 1167
6168 1168
6169 1169
6170 1170
6171 1171
6172 1172
6173 1173
6174 1174
6175 1175
6176 1176
6177 1177
6178 1178
6179 1179
6180 1180
6181 1181
6182 1182
6183 1183
6184 1184
6185 1185
6186 1186
6187 1187
6188 1188
6189 1189
6190 1190
6191 1191
6192 1192
6193 1193
6194 1194
6195 1195
6196 1196
6197 1197
6198 1198
6199 1199
6200 1200
6201 1201
6202 1202
6203 1203
6204 1204
6205 1205
6206 1206
6207 1207
6208 1208
6209 1209
6210 1210
6211 1211
6212 1212
6213 1213
6214 1214
6215 1215
6216 1216
6217 1217
6218 1218
6219 1219
6220 1220
6221 1221
6222 1222
6223 1223
6224 1224
6225 1225
6226 1226
6227 1227
6228 1228
6229 1229
6230 1230
6231 1231
6232 1232
6233 1233
6234 1234
6235 1235
6236 1236
6237 1237
6238 1238
6239 1239
6240 1240
6241 1241
6242 1242
6243 1243
6244 1244
6245 1245
6246 1246
6247 1247
6248 1248
6249 1249
6250 1250
6251 1251
6252 1252
6253 1253
6254 1254
6255 1255
6256 1256
6257 1257
6258 1258
6259 1259
6260 1260
6261 1261
6262 1262
6263 1263
6264 1264
6265 1265
6266 1266
6267 1267
6268 1268
6269 1269
6270 1270
6271 1271
6272 1272
6273 1273
6274 1274
6275 1275
6276 1276
6277 1277
6278 1278
6279 1279
6280 1280
6281 1281
6282 1282
6283 1283
6284 1284
6285 1285
6286 1286
6287 1287
6288 1288
6289 1289
6290 1290
6291 1291
6292 1292
6293 1293
6294 1294
6295 1295
6296 1296
6297 1297
6298 1298
6299 1299
6300 1300
6301 1301
6302 1302
6303 1303
6304 1304
6305 1305
6306 1306
6307 1307
6308 1308
6309 1309
6310 1310
6311 1311
6312 1312
6313 1313
6314 1314
6315 1315
6316 1316
6317 1317
6318 1318
6319 1319
6320 1320
6321 1321
6322 1322
6323 1323
6324 1324
6325 1325
6326 1326
6327 1327
6328 1328
6329 1329
6330 1330
6331 1331
6332 1332
6333 1333
6334 1334
6335 1335
6336 1336
6337 1337
6338 1338
6339 1339
6340 1340
6341 1341
6342 1342
6343 1343
6344 1344
6345 1345
6346 1346
6347 1347
6348 1348
6349 1349
6350 1350
6351 1351
6352 1352
6353 1353
6354 1354
6355 1355
6356 1356
6357 1357
6358 1358
6359 1359
6360 1360
6361 1361
6362 1362
6363 1363
6364 1364
6365 1365
6366 1366
6367 1367
6368 1368
6369 1369
6370 1370
6371 1371
6372 1372
6373 1373
6374 1374
6375 1375
6376 1376
6377 1377
6378 1378
6379 1379
6380 1380
6381 1381
6382 1382
6383 1383
6384 1384
6385 1385
6386 1386
6387 1387
6388 1388
6389 1389
6390 1390
6391 1391
6392 1392
6393 1393
6394 1394
6395 1395
6396 1396
6397 1397
6398 1398
6399 1399
6400 1400
6401 1401
6402 1402
6403 1403
6404 1404
6405 1405
6406 1406
6407 1407
6408 1408
6409 1409
6410 1410
6411 1411
6412 1412
6413 1413
6414 1414
6415 1415
6416 1416
6417 1417
6418 1418
6419 1419
6420 1420
6421 1421
6422 1422
6423 1423
6424 1424
6425 1425
6426 1426
6427 1427
6428 1428
6429 1429
6430 1430
6431 1431
6432 1432
6433 1433
6434 1434
6435 1435
6436 1436
6437 1437
6438 1438
6439 1439
6440 1440
6441 1441
6442 1442
6443 1443
6444 1444
6445 1445
6446 1446
6447 1447
6448 1448
6449 1449
6450 1450
6451 1451
6452 1452
6453 1453
6454 1454
6455 1455
6456 1456
6457 1457
6458 1458
6459 1459
6460 1460
6461 1461
6462 1462
6463 1463
6464 1464
6465 1465
6466 1466
6467 1467
6468 1468
6469 1469
6470 1470
6471 1471
6472 1472
6473 1473
6474 1474
6475 1475
6476 1476
6477 1477
6478 1478
6479 1479
6480 1480
6481 1481
6482 1482
6483 1483
6484 1484
6485 1485
6486 1486
6487 1487
6488 1488
6489 1489
6490 1490
6491 1491
6492 1492
6493 1493
6494 1494
6495 1495
6496 1496
6497 1497
6498 1498
6499 1499
6500 1500
6501 1501
6502 1502
6503 1503
6504 1504
6505 1505
6506 1506
6507 1507
6508 1508
6509 1509
6510 1510
6511 1511
6512 1512
6513 1513
6514 1514
6515 1515
6516 1516
6517 1517
6518 1518
6519 1519
6520 1520
6521 1521
6522 1522
6523 1523
6524 1524
6525 1525
6526 1526
6527 1527
6528 1528
6529 1529
6530 1530
6531 1531
6532 1532
6533 1533
6534 1534
6535 1535
6536 1536
6537 1537
6538 1538
6539 1539
6540 1540
6541 1541
6542 1542
6543 1543
6544 1544
6545 1545
6546 1546
6547 1547
6548 1548
6549 1549
6550 1550
6551 1551
6552 1552
6553 1553
6554 1554
6555 1555
6556 1556
6557 1557
6558 1558
6559 1559
6560 1560
6561 1561
6562 1562
6563 1563
6564 1564
6565 1565
6566 1566
6567 1567
6568 1568
6569 1569
6570 1570
6571 1571
6572 1572
6573 1573
6574 1574
6575 1575
6576 1576
6577 1577
6578 1578
6579 1579
6580 1580
6581 1581
6582 1582
6583 1583
6584 1584
6585 1585
6586 1586
6587 1587
6588 1588
6589 1589
6590 1590
6591 1591
6592 1592
6593 1593
6594 1594
6595 1595
6596 1596
6597 1597
6598 1598
6599 1599
6600 1600
6601 1601
6602 1602
6603 1603
6604 1604
6605 1605
6606 1606
6607 1607
6608 1608
6609 1609
6610 1610
6611 1611
6612 1612
6613 1613
6614 1614
6615 1615
6616 1616
6617 1617
6618 1618
6619 1619
6620 1620
6621 1621
6622 1622
6623 1623
6624 1624
6625 1625
6626 1626
6627 1627
6628 1628
6629 1629
6630 1630
6631 1631
6632 1632
6633 1633
6634 1634
6635 1635
6636 1636
6637 1637
6638 1638
6639 1639
6640 1640
6641 1641
6642 1642
6643 1643
6644 1644
6645 1645
6646 1646
6647 1647
6648 1648
6649 1649
6650 1650
6651 1651
6652 1652
6653 1653
6654 1654
6655 1655
6656 1656
6657 1657
6658 1658
6659 1659
6660 1660
6661 1661
6662 1662
6663 1663
6664 1664
6665 1665
6666 1666
6667 1667
6668 1668
6669 1669
6670 1670
6671 1671
6672 1672
6673 1673
6674 1674
6675 1675
6676 1676
6677 1677
6678 1678
6679 1679
6680 1680
6681 1681
6682 1682
6683 1683
6684 1684
6685 1685
6686 1686
6687 1687
6688 1688
6689 1689
6690 1690
6691 1691
6692 1692
6693 1693
6694 1694
6695 1695
6696 1696
6697 1697
6698 1698
6699 1699
6700 1700
6701 1701
6702 1702
6703 1703
6704 1704
6705 1705
6706 1706
6707 1707
6708 1708
6709 1709
6710 1710
6711 1711
6712 1712
6713 1713
6714 1714
6715 1715
6716 1716
6717 1717
6718 1718
6719 1719
6720 1720
6721 1721
6722 1722
6723 1723
6724 1724
6725 1725
6726 1726
6727 1727
6728 1728
6729 1729
6730 1730
6731 1731
6732 1732
6733 1733
6734 1734
6735 1735
6736 1736
6737 1737
6738 1738
6739 1739
6740 1740
6741 1741
6742 1742
6743 1743
6744 1744
6745 1745
6746 1746
6747 1747
6748 1748
6749 1749
6750 1750
6751 1751
6752 1752
6753 1753
6754 1754
6755 1755
6756 1756
6757 1757
6758 1758
6759 1759
6760 1760
6761 1761
6762 1762
6763 1763
6764 1764
6765 1765
6766 1766
6767 1767
6768 1768
6769 1769
6770 1770
6771 1771
6772 1772
6773 1773
6774 1774
6775 1775
6776 1776
6777 1777
6778 1778
6779 1779
6780 1780
6781 1781
6782 1782
6783 1783
6784 1784
6785 1785
6786 1786
6787 1787
6788 1788
6789 1789
6790 1790
6791 1791
6792 1792
6793 1793
6794 1794
6795 1795
6796 1796
6797 1797
6798 1798
6799 1799
6800 1800
6801 1801
6802 1802
6803 1803
6804 1804
6805 1805
6806 1806
6807 1807
6808 1808
6809 1809
6810 1810
6811 1811
6812 1812
6813 1813
6814 1814
6815 1815
6816 1816
6817 1817
6818 1818
6819 1819
6820 1820
6821 1821
6822 1822
6823 1823
6824 1824
6825 1825
6826 1826
6827 1827
6828 1828
6829 1829
6830 1830
6831 1831
6832 1832
6833 1833
6834 1834
6835 1835
6836 1836
6837 1837
6838 1838
6839 1839
6840 1840
6841 1841
6842 1842
6843 1843
6844 1844
6845 1845
6846 1846
6847 1847
6848 1848
6849 1849
6850 1850
6851 1851
6852 1852
6853 1853
6854 1854
6855 1855
6856 1856
6857 1857
6858 1858
6859 1859
6860 1860
6861 1861
6862 1862
6863 1863
6864 1864
6865 1865
6866 1866
6867 1867
6868 1868
6869 1869
6870 1870
6871 1871
6872 1872
6873 1873
6874 1874
6875 1875
6876 1876
6877 1877
6878 1878
6879 1879
6880 1880
6881 1881
6882 1882
6883 1883
6884 1884
6885 1885
6886 1886
6887 1887
6888 1888
6889 1889
6890 1890
6891 1891
6892 1892
6893 1893
6894 1894
6895 1895
6896 1896
6897 1897
6898 1898
6899 1899
6900 1900
6901 1901
6902 1902
6903 1903
6904 1904
6905 1905
6906 1906
6907 1907
6908 1908
6909 1909
6910 1910
6911 1911
6912 1912
6913 1913
6914 1914
6915 1915
6916 1916
6917 1917
6918 1918
6919 1919
6920 1920
6921 1921
6922 1922
6923 1923
6924 1924
6925 1925
6926 1926
6927 1927
6928 1928
6929 1929
6930 1930
6931 1931
6932 1932
6933 1933
6934 1934
6935 1935
6936 1936
6937 1937
6938 1938
6939 1939
6940 1940
6941 1941
6942 1942
6943 1943
6944 1944
6945 1945
6946 1946
6947 1947
6948 1948
6949 1949
6950 1950
6951 1951
6952 1952
6953 1953
6954 1954
6955 1955
6956 1956
6957 1957
6958 1958
6959 1959
6960 1960
6961 1961
6962 1962
6963 1963
6964 1964
6965 1965
6966 1966
6967 1967
6968 1968
6969 1969
6970 1970
6971 1971
6972 1972
6973 1973
6974 1974
6975 1975
6976 1976
6977 1977
6978 1978
6979 1979
6980 1980
6981 1981
6982 1982
6983 1983
6984 1984
6985 1985
6986 1986
6987 1987
6988 1988
6989 1989
6990 1990
6991 1991
6992 1992
6993 1993
6994 1994
6995 1995
6996 1996
6997 1997
6998 1998
6999 1999
7000 2000
7001 2001
7002 2002
7003 2003
7004 2004
7005 2005
7006 2006
7007 2007
7008 2008
7009 2009
7010 2010
7011 2011
7012 2012
7013 2013
7014 2014
7015 2015
7016 2016
7017 2017
7018 2018
7019 2019
7020 2020
7021 2021
7022 2022
7023 2023
7024 2024
7025 2025
7026 2026
7027 2027
7028 2028
7029 2029
7030 2030
7031 2031
7032 2032
7033 2033
7034 2034
7035 2035
7036 2036
7037 2037
7038 2038
7039 2039
7040 2040
7041 2041
7042 2042
7043 2043
7044 2044
7045 2045
7046 2046
7047 2047
7048 2048
7049 2049
7050 2050
7051 2051
7052 2052
7053 2053
7054 2054
7055 2055
7056 2056
7057 2057
7058 2058
7059 2059
7060 2060
7061 2061
7062 2062
7063 2063
7064 2064
7065 2065
7066 2066
7067 2067
7068 2068
7069 2069
7070 2070
7071 2071
7072 2072
7073 2073
7074 2074
7075 2075
7076 2076
7077 2077
7078 2078
7079 2079
7080 2080
7081 2081
7082 2082
7083 2083
7084 2084
7085 2085
7086 2086
7087 2087
7088 2088
7089 2089
7090 2090
7091 2091
7092 2092
7093 2093
7094 2094
7095 2095
7096 2096
7097 2097
7098 2098
7099 2099
7100 2100
7101 2101
7102 2102
7103 2103
7104 2104
7105 2105
7106 2106
7107 2107
7108 2108
7109 2109
7110 2110
7111 2111
7112 2112
7113 2113
7114 2114
7115 2115
7116 2116
7117 2117
7118 2118
7119 2119
7120 2120
7121 2121
7122 2122
7123 2123
7124 2124
7125 2125
7126 2126
7127 2127
7128 2128
7129 2129
7130 2130
7131 2131
7132 2132
7133 2133
7134 2134
7135 2135
7136 2136
7137 2137
7138 2138
7139 2139
7140 2140
7141 2141
7142 2142
7143 2143
7144 2144
7145 2145
7146 2146
7147 2147
7148 2148
7149 2149
7150 2150
7151 2151
7152 2152
7153 2153
7154 2154
7155 2155
7156 2156
7157 2157
7158 2158
7159 2159
7160 2160
7161 2161
7162 2162
7163 2163
7164 2164
7165 2165
7166 2166
7167 2167
7168 2168
7169 2169
7170 2170
7171 2171
7172 2172
7173 2173
7174 2174
7175 2175
7176 2176
7177 2177
7178 2178
7179 2179
7180 2180
7181 2181
7182 2182
7183 2183
7184 2184
7185 2185
7186 2186
7187 2187
7188 2188
7189 2189
7190 2190
7191 2191
7192 2192
7193 2193
7194 2194
7195 2195
7196 2196
7197 2197
7198 2198
7199 2199
7200 2200
7201 2201
7202 2202
7203 2203
7204 2204
7205 2205
7206 2206
7207 2207
7208 2208
7209 2209
7210 2210
7211 2211
7212 2212
7213 2213
7214 2214
7215 2215
7216 2216
7217 2217
7218 2218
7219 2219
7220 2220
7221 2221
7222 2222
7223 2223
7224 2224
7225 2225
7226 2226
7227 2227
7228 2228
7229 2229
7230 2230
7231 2231
7232 2232
7233 2233
7234 2234
7235 2235
7236 2236
7237 2237
7238 2238
7239 2239
7240 2240
7241 2241
7242 2242
7243 2243
7244 2244
7245 2245
7246 2246
7247 2247
7248 2248
7249 2249
7250 2250
7251 2251
7252 2252
7253 2253
7254 2254
7255 2255
7256 2256
7257 2257
7258 2258
7259 2259
7260 2260
7261 2261
7262 2262
7263 2263
7264 2264
7265 2265
7266 2266
7267 2267
7268 2268
7269 2269
7270 2270
7271 2271
7272 2272
7273 2273
7274 2274
7275 2275
7276 2276
7277 2277
7278 2278
7279 2279
7280 2280
7281 2281
7282 2282
7283 2283
7284 2284
7285 2285
7286 2286
7287 2287
7288 2288
7289 2289
7290 2290
7291 2291
7292 2292
7293 2293
7294 2294
7295 2295
7296 2296
7297 2297
7298 2298
7299 2299
7300 2300
7301 2301
7302 2302
7303 2303
7304 2304
7305 2305
7306 2306
7307 2307
7308 2308
7309 2309
7310 2310
7311 2311
7312 2312
7313 2313
7314 2314
7315 2315
7316 2316
7317 2317
7318 2318
7319 2319
7320 2320
7321 2321
7322 2322
7323 2323
7324 2324
7325 2325
7326 2326
7327 2327
7328 2328
7329 2329
7330 2330
7331 2331
7332 2332
7333 2333
7334 2334
7335 2335
7336 2336
7337 2337
7338 2338
7339 2339
7340 2340
7341 2341
7342 2342
7343 2343
7344 2344
7345 2345
7346 2346
7347 2347
7348 2348
7349 2349
7350 2350
7351 2351
7352 2352
7353 2353
7354 2354
7355 2355
7356 2356
7357 2357
7358 2358
7359 2359
7360 2360
7361 2361
7362 2362
7363 2363
7364 2364
7365 2365
7366 2366
7367 2367
7368 2368
7369 2369
7370 2370
7371 2371
7372 2372
7373 2373
7374 2374
7375 2375
7376 2376
7377 2377
7378 2378
7379 2379
7380 2380
7381 2381
7382 2382
7383 2383
7384 2384
7385 2385
7386 2386
7387 2387
7388 2388
7389 2389
7390 2390
7391 2391
7392 2392
7393 2393
7394 2394
7395 2395
7396 2396
7397 2397
7398 2398
7399 2399
7400 2400
7401 2401
7402 2402
7403 2403
7404 2404
7405 2405
7406 2406
7407 2407
7408 2408
7409 2409
7410 2410
7411 2411
7412 2412
7413 2413
7414 2414
7415 2415
7416 2416
7417 2417
7418 2418
7419 2419
7420 2420
7421 2421
7422 2422
7423 2423
7424 2424
7425 2425
7426 2426
7427 2427
7428 2428
7429 2429
7430 2430
7431 2431
7432 2432
7433 2433
7434 2434
7435 2435
7436 2436
7437 2437
7438 2438
7439 2439
7440 2440
7441 2441
7442 2442
7443 2443
7444 2444
7445 2445
7446 2446
7447 2447
7448 2448
7449 2449
7450 2450
7451 2451
7452 2452
7453 2453
7454 2454
7455 2455
7456 2456
7457 2457
7458 2458
7459 2459
7460 2460
7461 2461
7462 2462
7463 2463
7464 2464
7465 2465
7466 2466
7467 2467
7468 2468
7469 2469
7470 2470
7471 2471
7472 2472
7473 2473
7474 2474
7475 2475
7476 2476
7477 2477
7478 2478
7479 2479
7480 2480
7481 2481
7482 2482
7483 2483
7484 2484
7485 2485
7486 2486
7487 2487
7488 2488
7489 2489
7490 2490
7491 2491
7492 2492
7493 2493
7494 2494
7495 2495
7496 2496
7497 2497
7498 2498
7499 2499
7500 2500
7501 2501
7502 2502
7503 2503
7504 2504
7505 2505
7506 2506
7507 2507
7508 2508
7509 2509
7510 2510
7511 2511
7512 2512
7513 2513
7514 2514
7515 2515
7516 2516
7517 2517
7518 2518
7519 2519
7520 2520
7521 2521
7522 2522
7523 2523
7524 2524
7525 2525
7526 2526
7527 2527
7528 2528
7529 2529
7530 2530
7531 2531
7532 2532
7533 2533
7534 2534
7535 2535
7536 2536
7537 2537
7538 2538
7539 2539
7540 2540
7541 2541
7542 2542
7543 2543
7544 2544
7545 2545
7546 2546
7547 2547
7548 2548
7549 2549
7550 2550
7551 2551
7552 2552
7553 2553
7554 2554
7555 2555
7556 2556
7557 2557
7558 2558
7559 2559
7560 2560
7561 2561
7562 2562
7563 2563
7564 2564
7565 2565
7566 2566
7567 2567
7568 2568
7569 2569
7570 2570
7571 2571
7572 2572
7573 2573
7574 2574
7575 2575
7576 2576
7577 2577
7578 2578
7579 2579
7580 2580
7581 2581
7582 2582
7583 2583
7584 2584
7585 2585
7586 2586
7587 2587
7588 2588
7589 2589
7590 2590
7591 2591
7592 2592
7593 2593
7594 2594
7595 2595
7596 2596
7597 2597
7598 2598
7599 2599
7600 2600
7601 2601
7602 2602
7603 2603
7604 2604
7605 2605
7606 2606
7607 2607
7608 2608
7609 2609
7610 2610
7611 2611
7612 2612
7613 2613
7614 2614
7615 2615
7616 2616
7617 2617
7618 2618
7619 2619
7620 2620
7621 2621
7622 2622
7623 2623
7624 2624
7625 2625
7626 2626
7627 2627
7628 2628
7629 2629
7630 2630
7631 2631
7632 2632
7633 2633
7634 2634
7635 2635
7636 2636
7637 2637
7638 2638
7639 2639
7640 2640
7641 2641
7642 2642
7643 2643
7644 2644
7645 2645
7646 2646
7647 2647
7648 2648
7649 2649
7650 2650
7651 2651
7652 2652
7653 2653
7654 2654
7655 2655
7656 2656
7657 2657
7658 2658
7659 2659
7660 2660
7661 2661
7662 2662
7663 2663
7664 2664
7665 2665
7666 2666
7667 2667
7668 2668
7669 2669
7670 2670
7671 2671
7672 2672
7673 2673
7674 2674
7675 2675
7676 2676
7677 2677
7678 2678
7679 2679
7680 2680
7681 2681
7682 2682
7683 2683
7684 2684
7685 2685
7686 2686
7687 2687
7688 2688
7689 2689
7690 2690
7691 2691
7692 2692
7693 2693
7694 2694
7695 2695
7696 2696
7697 2697
7698 2698
7699 2699
7700 2700
7701 2701
7702 2702
7703 2703
7704 2704
7705 2705
7706 2706
7707 2707
7708 2708
7709 2709
7710 2710
7711 2711
7712 2712
7713 2713
7714 2714
7715 2715
7716 2716
7717 2717
7718 2718
7719 2719
7720 2720
7721 2721
7722 2722
7723 2723
7724 2724
7725 2725
7726 2726
7727 2727
7728 2728
7729 2729
7730 2730
7731 2731
7732 2732
7733 2733
7734 2734
7735 2735
7736 2736
7737 2737
7738 2738
7739 2739
7740 2740
7741 2741
7742 2742
7743 2743
7744 2744
7745 2745
7746 2746
7747 2747
7748 2748
7749 2749
7750 2750
7751 2751
7752 2752
7753 2753
7754 2754
7755 2755
7756 2756
7757 2757
7758 2758
7759 2759
7760 2760
7761 2761
7762 2762
7763 2763
7764 2764
7765 2765
7766 2766
7767 2767
7768 2768
7769 2769
7770 2770
7771 2771
7772 2772
7773 2773
7774 2774
7775 2775
7776 2776
7777 2777
7778 2778
7779 2779
7780 2780
7781 2781
7782 2782
7783 2783
7784 2784
7785 2785
7786 2786
7787 2787
7788 2788
7789 2789
7790 2790
7791 2791
7792 2792
7793 2793
7794 2794
7795 2795
7796 2796
7797 2797
7798 2798
7799 2799
7800 2800
7801 2801
7802 2802
7803 2803
7804 2804
7805 2805
7806 2806
7807 2807
7808 2808
7809 2809
7810 2810
7811 2811
7812 2812
7813 2813
7814 2814
7815 2815
7816 2816
7817 2817
7818 2818
7819 2819
7820 2820
7821 2821
7822 2822
7823 2823
7824 2824
7825 2825
7826 2826
7827 2827
7828 2828
7829 2829
7830 2830
7831 2831
7832 2832
7833 2833
7834 2834
7835 2835
7836 2836
7837 2837
7838 2838
7839 2839
7840 2840
7841 2841
7842 2842
7843 2843
7844 2844
7845 2845
7846 2846
7847 2847
7848 2848
7849 2849
7850 2850
7851 2851
7852 2852
7853 2853
7854 2854
7855 2855
7856 2856
7857 2857
7858 2858
7859 2859
7860 2860
7861 2861
7862 2862
7863 2863
7864 2864
7865 2865
7866 2866
7867 2867
7868 2868
7869 2869
7870 2870
7871 2871
7872 2872
7873 2873
7874 2874
7875 2875
7876 2876
7877 2877
7878 2878
7879 2879
7880 2880
7881 2881
7882 2882
7883 2883
7884 2884
7885 2885
7886 2886
7887 2887
7888 2888
7889 2889
7890 2890
7891 2891
7892 2892
7893 2893
7894 2894
7895 2895
7896 2896
7897 2897
7898 2898
7899 2899
7900 2900
7901 2901
7902 2902
7903 2903
7904 2904
7905 2905
7906 2906
7907 2907
7908 2908
7909 2909
7910 2910
7911 2911
7912 2912
7913 2913
7914 2914
7915 2915
7916 2916
7917 2917
7918 2918
7919 2919
7920 2920
7921 2921
7922 2922
7923 2923
7924 2924
7925 2925
7926 2926
7927 2927
7928 2928
7929 2929
7930 2930
7931 2931
7932 2932
7933 2933
7934 2934
7935 2935
7936 2936
7937 2937
7938 2938
7939 2939
7940 2940
7941 2941
7942 2942
7943 2943
7944 2944
7945 2945
7946 2946
7947 2947
7948 2948
7949 2949
7950 2950
7951 2951
7952 2952
7953 2953
7954 2954
7955 2955
7956 2956
7957 2957
7958 2958
7959 2959
7960 2960
7961 2961
7962 2962
7963 2963
7964 2964
7965 2965
7966 2966
7967 2967
7968 2968
7969 2969
7970 2970
7971 2971
7972 2972
7973 2973
7974 2974
7975 2975
7976 2976
7977 2977
7978 2978
7979 2979
7980 2980
7981 2981
7982 2982
7983 2983
7984 2984
7985 2985
7986 2986
7987 2987
7988 2988
7989 2989
7990 2990
7991 2991
7992 2992
7993 2993
7994 2994
7995 2995
7996 2996
7997 2997
7998 2998
7999 2999
8000 3000
8001 3001
8002 3002
8003 3003
8004 3004
8005 3005
8006 3006
8007 3007
8008 3008
8009 3009
8010 3010
8011 3011
8012 3012
8013 3013
8014 3014
8015 3015
8016 3016
8017 3017
8018 3018
8019 3019
8020 3020
8021 3021
8022 3022
8023 3023
8024 3024
8025 3025
8026 3026
8027 3027
8028 3028
8029 3029
8030 3030
8031 3031
8032 3032
8033 3033
8034 3034
8035 3035
8036 3036
8037 3037
8038 3038
8039 3039
8040 3040
8041 3041
8042 3042
8043 3043
8044 3044
8045 3045
8046 3046
8047 3047
8048 3048
8049 3049
8050 3050
8051 3051
8052 3052
8053 3053
8054 3054
8055 3055
8056 3056
8057 3057
8058 3058
8059 3059
8060 3060
8061 3061
8062 3062
8063 3063
8064 3064
8065 3065
8066 3066
8067 3067
8068 3068
8069 3069
8070 3070
8071 3071
8072 3072
8073 3073
8074 3074
8075 3075
8076 3076
8077 3077
8078 3078
8079 3079
8080 3080
8081 3081
8082 3082
8083 3083
8084 3084
8085 3085
8086 3086
8087 3087
8088 3088
8089 3089
8090 3090
8091 3091
8092 3092
8093 3093
8094 3094
8095 3095
8096 3096
8097 3097
8098 3098
8099 3099
8100 3100
8101 3101
8102 3102
8103 3103
8104 3104
8105 3105
8106 3106
8107 3107
8108 3108
8109 3109
8110 3110
8111 3111
8112 3112
8113 3113
8114 3114
8115 3115
8116 3116
8117 3117
8118 3118
8119 3119
8120 3120
8121 3121
8122 3122
8123 3123
8124 3124
8125 3125
8126 3126
8127 3127
8128 3128
8129 3129
8130 3130
8131 3131
8132 3132
8133 3133
8134 3134
8135 3135
8136 3136
8137 3137
8138 3138
8139 3139
8140 3140
8141 3141
8142 3142
8143 3143
8144 3144
8145 3145
8146 3146
8147 3147
8148 3148
8149 3149
8150 3150
8151 3151
8152 3152
8153 3153
8154 3154
8155 3155
8156 3156
8157 3157
8158 3158
8159 3159
8160 3160
8161 3161
8162 3162
8163 3163
8164 3164
8165 3165
8166 3166
8167 3167
8168 3168
8169 3169
8170 3170
8171 3171
8172 3172
8173 3173
8174 3174
8175 3175
8176 3176
8177 3177
8178 3178
8179 3179
8180 3180
8181 3181
8182 3182
8183 3183
8184 3184
8185 3185
8186 3186
8187 3187
8188 3188
8189 3189
8190 3190
8191 3191
8192 3192
8193 3193
8194 3194
8195 3195
8196 3196
8197 3197
8198 3198
8199 3199
8200 3200
8201 3201
8202 3202
8203 3203
8204 3204
8205 3205
8206 3206
8207 3207
8208 3208
8209 3209
8210 3210
8211 3211
8212 3212
8213 3213
8214 3214
8215 3215
8216 3216
8217 3217
8218 3218
8219 3219
8220 3220
8221 3221
8222 3222
8223 3223
8224 3224
8225 3225
8226 3226
8227 3227
8228 3228
8229 3229
8230 3230
8231 3231
8232 3232
8233 3233
8234 3234
8235 3235
8236 3236
8237 3237
8238 3238
8239 3239
8240 3240
8241 3241
8242 3242
8243 3243
8244 3244
8245 3245
8246 3246
8247 3247
8248 3248
8249 3249
8250 3250
8251 3251
8252 3252
8253 3253
8254 3254
8255 3255
8256 3256
8257 3257
8258 3258
8259 3259
8260 3260
8261 3261
8262 3262
8263 3263
8264 3264
8265 3265
8266 3266
8267 3267
8268 3268
8269 3269
8270 3270
8271 3271
8272 3272
8273 3273
8274 3274
8275 3275
8276 3276
8277 3277
8278 3278
8279 3279
8280 3280
8281 3281
8282 3282
8283 3283
8284 3284
8285 3285
8286 3286
8287 3287
8288 3288
8289 3289
8290 3290
8291 3291
8292 3292
8293 3293
8294 3294
8295 3295
8296 3296
8297 3297
8298 3298
8299 3299
8300 3300
8301 3301
8302 3302
8303 3303
8304 3304
8305 3305
8306 3306
8307 3307
8308 3308
8309 3309
8310 3310
8311 3311
8312 3312
8313 3313
8314 3314
8315 3315
8316 3316
8317 3317
8318 3318
8319 3319
8320 3320
8321 3321
8322 3322
8323 3323
8324 3324
8325 3325
8326 3326
8327 3327
8328 3328
8329 3329
8330 3330
8331 3331
8332 3332
8333 3333
8334 3334
8335 3335
8336 3336
8337 3337
8338 3338
8339 3339
8340 3340
8341 3341
8342 3342
8343 3343
8344 3344
8345 3345
8346 3346
8347 3347
8348 3348
8349 3349
8350 3350
8351 3351
8352 3352
8353 3353
8354 3354
8355 3355
8356 3356
8357 3357
8358 3358
8359 3359
8360 3360
8361 3361
8362 3362
8363 3363
8364 3364
8365 3365
8366 3366
8367 3367
8368 3368
8369 3369
8370 3370
8371 3371
8372 3372
8373 3373
8374 3374
8375 3375
8376 3376
8377 3377
8378 3378
8379 3379
8380 3380
8381 3381
8382 3382
8383 3383
8384 3384
8385 3385
8386 3386
8387 3387
8388 3388
8389 3389
8390 3390
8391 3391
8392 3392
8393 3393
8394 3394
8395 3395
8396 3396
8397 3397
8398 3398
8399 3399
8400 3400
8401 3401
8402 3402
8403 3403
8404 3404
8405 3405
8406 3406
8407 3407
8408 3408
8409 3409
8410 3410
8411 3411
8412 3412
8413 3413
8414 3414
8415 3415
8416 3416
8417 3417
8418 3418
8419 3419
8420 3420
8421 3421
8422 3422
8423 3423
8424 3424
8425 3425
8426 3426
8427 3427
8428 3428
8429 3429
8430 3430
8431 3431
8432 3432
8433 3433
8434 3434
8435 3435
8436 3436
8437 3437
8438 3438
8439 3439
8440 3440
8441 3441
8442 3442
8443 3443
8444 3444
8445 3445
8446 3446
8447 3447
8448 3448
8449 3449
8450 3450
8451 3451
8452 3452
8453 3453
8454 3454
8455 3455
8456 3456
8457 3457
8458 3458
8459 3459
8460 3460
8461 3461
8462 3462
8463 3463
8464 3464
8465 3465
8466 3466
8467 3467
8468 3468
8469 3469
8470 3470
8471 3471
8472 3472
8473 3473
8474 3474
8475 3475
8476 3476
8477 3477
8478 3478
8479 3479
8480 3480
8481 3481
8482 3482
8483 3483
8484 3484
8485 3485
8486 3486
8487 3487
8488 3488
8489 3489
8490 3490
8491 3491
8492 3492
8493 3493
8494 3494
8495 3495
8496 3496
8497 3497
8498 3498
8499 3499
8500 3500
8501 3501
8502 3502
8503 3503
8504 3504
8505 3505
8506 3506
8507 3507
8508 3508
8509 3509
8510 3510
8511 3511
8512 3512
8513 3513
8514 3514
8515 3515
8516 3516
8517 3517
8518 3518
8519 3519
8520 3520
8521 3521
8522 3522
8523 3523
8524 3524
8525 3525
8526 3526
8527 3527
8528 3528
8529 3529
8530 3530
8531 3531
8532 3532
8533 3533
8534 3534
8535 3535
8536 3536
8537 3537
8538 3538
8539 3539
8540 3540
8541 3541
8542 3542
8543 3543
8544 3544
8545 3545
8546 3546
8547 3547
8548 3548
8549 3549
8550 3550
8551 3551
8552 3552
8553 3553
8554 3554
8555 3555
8556 3556
8557 3557
8558 3558
8559 3559
8560 3560
8561 3561
8562 3562
8563 3563
8564 3564
8565 3565
8566 3566
8567 3567
8568 3568
8569 3569
8570 3570
8571 3571
8572 3572
8573 3573
8574 3574
8575 3575
8576 3576
8577 3577
8578 3578
8579 3579
8580 3580
8581 3581
8582 3582
8583 3583
8584 3584
8585 3585
8586 3586
8587 3587
8588 3588
8589 3589
8590 3590
8591 3591
8592 3592
8593 3593
8594 3594
8595 3595
8596 3596
8597 3597
8598 3598
8599 3599
8600 3600
8601 3601
8602 3602
8603 3603
8604 3604
8605 3605
8606 3606
8607 3607
8608 3608
8609 3609
8610 3610
8611 3611
8612 3612
8613 3613
8614 3614
8615 3615
8616 3616
8617 3617
8618 3618
8619 3619
8620 3620
8621 3621
8622 3622
8623 3623
8624 3624
8625 3625
8626 3626
8627 3627
8628 3628
8629 3629
8630 3630
8631 3631
8632 3632
8633 3633
8634 3634
8635 3635
8636 3636
8637 3637
8638 3638
8639 3639
8640 3640
8641 3641
8642 3642
8643 3643
8644 3644
8645 3645
8646 3646
8647 3647
8648 3648
8649 3649
8650 3650
8651 3651
8652 3652
8653 3653
8654 3654
8655 3655
8656 3656
8657 3657
8658 3658
8659 3659
8660 3660
8661 3661
8662 3662
8663 3663
8664 3664
8665 3665
8666 3666
8667 3667
8668 3668
8669 3669
8670 3670
8671 3671
8672 3672
8673 3673
8674 3674
8675 3675
8676 3676
8677 3677
8678 3678
8679 3679
8680 3680
8681 3681
8682 3682
8683 3683
8684 3684
8685 3685
8686 3686
8687 3687
8688 3688
8689 3689
8690 3690
8691 3691
8692 3692
8693 3693
8694 3694
8695 3695
8696 3696
8697 3697
8698 3698
8699 3699
8700 3700
8701 3701
8702 3702
8703 3703
8704 3704
8705 3705
8706 3706
8707 3707
8708 3708
8709 3709
8710 3710
8711 3711
8712 3712
8713 3713
8714 3714
8715 3715
8716 3716
8717 3717
8718 3718
8719 3719
8720 3720
8721 3721
8722 3722
8723 3723
8724 3724
8725 3725
8726 3726
8727 3727
8728 3728
8729 3729
8730 3730
8731 3731
8732 3732
8733 3733
8734 3734
8735 3735
8736 3736
8737 3737
8738 3738
8739 3739
8740 3740
8741 3741
8742 3742
8743 3743
8744 3744
8745 3745
8746 3746
8747 3747
8748 3748
8749 3749
8750 3750
8751 3751
8752 3752
8753 3753
8754 3754
8755 3755
8756 3756
8757 3757
8758 3758
8759 3759
8760 3760
8761 3761
8762 3762
8763 3763
8764 3764
8765 3765
8766 3766
8767 3767
8768 3768
8769 3769
8770 3770
8771 3771
8772 3772
8773 3773
8774 3774
8775 3775
8776 3776
8777 3777
8778 3778
8779 3779
8780 3780
8781 3781
8782 3782
8783 3783
8784 3784
8785 3785
8786 3786
8787 3787
8788 3788
8789 3789
8790 3790
8791 3791
8792 3792
8793 3793
8794 3794
8795 3795
8796 3796
8797 3797
8798 3798
8799 3799
8800 3800
8801 3801
8802 3802
8803 3803
8804 3804
8805 3805
8806 3806
8807 3807
8808 3808
8809 3809
8810 3810
8811 3811
8812 3812
8813 3813
8814 3814
8815 3815
8816 3816
8817 3817
8818 3818
8819 3819
8820 3820
8821 3821
8822 3822
8823 3823
8824 3824
8825 3825
8826 3826
8827 3827
8828 3828
8829 3829
8830 3830
8831 3831
8832 3832
8833 3833
8834 3834
8835 3835
8836 3836
8837 3837
8838 3838
8839 3839
8840 3840
8841 3841
8842 3842
8843 3843
8844 3844
8845 3845
8846 3846
8847 3847
8848 3848
8849 3849
8850 3850
8851 3851
8852 3852
8853 3853
8854 3854
8855 3855
8856 3856
8857 3857
8858 3858
8859 3859
8860 3860
8861 3861
8862 3862
8863 3863
8864 3864
8865 3865
8866 3866
8867 3867
8868 3868
8869 3869
8870 3870
8871 3871
8872 3872
8873 3873
8874 3874
8875 3875
8876 3876
8877 3877
8878 3878
8879 3879
8880 3880
8881 3881
8882 3882
8883 3883
8884 3884
8885 3885
8886 3886
8887 3887
8888 3888
8889 3889
8890 3890
8891 3891
8892 3892
8893 3893
8894 3894
8895 3895
8896 3896
8897 3897
8898 3898
8899 3899
8900 3900
8901 3901
8902 3902
8903 3903
8904 3904
8905 3905
8906 3906
8907 3907
8908 3908
8909 3909
8910 3910
8911 3911
8912 3912
8913 3913
8914 3914
8915 3915
8916 3916
8917 3917
8918 3918
8919 3919
8920 3920
8921 3921
8922 3922
8923 3923
8924 3924
8925 3925
8926 3926
8927 3927
8928 3928
8929 3929
8930 3930
8931 3931
8932 3932
8933 3933
8934 3934
8935 3935
8936 3936
8937 3937
8938 3938
8939 3939
8940 3940
8941 3941
8942 3942
8943 3943
8944 3944
8945 3945
8946 3946
8947 3947
8948 3948
8949 3949
8950 3950
8951 3951
8952 3952
8953 3953
8954 3954
8955 3955
8956 3956
8957 3957
8958 3958
8959 3959
8960 3960
8961 3961
8962 3962
8963 3963
8964 3964
8965 3965
8966 3966
8967 3967
8968 3968
8969 3969
8970 3970
8971 3971
8972 3972
8973 3973
8974 3974
8975 3975
8976 3976
8977 3977
8978 3978
8979 3979
8980 3980
8981 3981
8982 3982
8983 3983
8984 3984
8985 3985
8986 3986
8987 3987
8988 3988
8989 3989
8990 3990
8991 3991
8992 3992
8993 3993
8994 3994
8995 3995
8996 3996
8997 3997
8998 3998
8999 3999
9000 4000
9001 4001
9002 4002
9003 4003
9004 4004
9005 4005
9006 4006
9007 4007
9008 4008
9009 4009
9010 4010
9011 4011
9012 4012
9013 4013
9014 4014
9015 4015
9016 4016
9017 4017
9018 4018
9019 4019
9020 4020
9021 4021
9022 4022
9023 4023
9024 4024
9025 4025
9026 4026
9027 4027
9028 4028
9029 4029
9030 4030
9031 4031
9032 4032
9033 4033
9034 4034
9035 4035
9036 4036
9037 4037
9038 4038
9039 4039
9040 4040
9041 4041
9042 4042
9043 4043
9044 4044
9045 4045
9046 4046
9047 4047
9048 4048
9049 4049
9050 4050
9051 4051
9052 4052
9053 4053
9054 4054
9055 4055
9056 4056
9057 4057
9058 4058
9059 4059
9060 4060
9061 4061
9062 4062
9063 4063
9064 4064
9065 4065
9066 4066
9067 4067
9068 4068
9069 4069
9070 4070
9071 4071
9072 4072
9073 4073
9074 4074
9075 4075
9076 4076
9077 4077
9078 4078
9079 4079
9080 4080
9081 4081
9082 4082
9083 4083
9084 4084
9085 4085
9086 4086
9087 4087
9088 4088
9089 4089
9090 4090
9091 4091
9092 4092
9093 4093
9094 4094
9095 4095
9096 4096
9097 4097
9098 4098
9099 4099
9100 4100
9101 4101
9102 4102
9103 4103
9104 4104
9105 4105
9106 4106
9107 4107
9108 4108
9109 4109
9110 4110
9111 4111
9112 4112
9113 4113
9114 4114
9115 4115
9116 4116
9117 4117
9118 4118
9119 4119
9120 4120
9121 4121
9122 4122
9123 4123
9124 4124
9125 4125
9126 4126
9127 4127
9128 4128
9129 4129
9130 4130
9131 4131
9132 4132
9133 4133
9134 4134
9135 4135
9136 4136
9137 4137
9138 4138
9139 4139
9140 4140
9141 4141
9142 4142
9143 4143
9144 4144
9145 4145
9146 4146
9147 4147
9148 4148
9149 4149
9150 4150
9151 4151
9152 4152
9153 4153
9154 4154
9155 4155
9156 4156
9157 4157
9158 4158
9159 4159
9160 4160
9161 4161
9162 4162
9163 4163
9164 4164
9165 4165
9166 4166
9167 4167
9168 4168
9169 4169
9170 4170
9171 4171
9172 4172
9173 4173
9174 4174
9175 4175
9176 4176
9177 4177
9178 4178
9179 4179
9180 4180
9181 4181
9182 4182
9183 4183
9184 4184
9185 4185
9186 4186
9187 4187
9188 4188
9189 4189
9190 4190
9191 4191
9192 4192
9193 4193
9194 4194
9195 4195
9196 4196
9197 4197
9198 4198
9199 4199
9200 4200
9201 4201
9202 4202
9203 4203
9204 4204
9205 4205
9206 4206
9207 4207
9208 4208
9209 4209
9210 4210
9211 4211
9212 4212
9213 4213
9214 4214
9215 4215
9216 4216
9217 4217
9218 4218
9219 4219
9220 4220
9221 4221
9222 4222
9223 4223
9224 4224
9225 4225
9226 4226
9227 4227
9228 4228
9229 4229
9230 4230
9231 4231
9232 4232
9233 4233
9234 4234
9235 4235
9236 4236
9237 4237
9238 4238
9239 4239
9240 4240
9241 4241
9242 4242
9243 4243
9244 4244
9245 4245
9246 4246
9247 4247
9248 4248
9249 4249
9250 4250
9251 4251
9252 4252
9253 4253
9254 4254
9255 4255
9256 4256
9257 4257
9258 4258
9259 4259
9260 4260
9261 4261
9262 4262
9263 4263
9264 4264
9265 4265
9266 4266
9267 4267
9268 4268
9269 4269
9270 4270
9271 4271
9272 4272
9273 4273
9274 4274
9275 4275
9276 4276
9277 4277
9278 4278
9279 4279
9280 4280
9281 4281
9282 4282
9283 4283
9284 4284
9285 4285
9286 4286
9287 4287
9288 4288
9289 4289
9290 4290
9291 4291
9292 4292
9293 4293
9294 4294
9295 4295
9296 4296
9297 4297
9298 4298
9299 4299
9300 4300
9301 4301
9302 4302
9303 4303
9304 4304
9305 4305
9306 4306
9307 4307
9308 4308
9309 4309
9310 4310
9311 4311
9312 4312
9313 4313
9314 4314
9315 4315
9316 4316
9317 4317
9318 4318
9319 4319
9320 4320
9321 4321
9322 4322
9323 4323
9324 4324
9325 4325
9326 4326
9327 4327
9328 4328
9329 4329
9330 4330
9331 4331
9332 4332
9333 4333
9334 4334
9335 4335
9336 4336
9337 4337
9338 4338
9339 4339
9340 4340
9341 4341
9342 4342
9343 4343
9344 4344
9345 4345
9346 4346
9347 4347
9348 4348
9349 4349
9350 4350
9351 4351
9352 4352
9353 4353
9354 4354
9355 4355
9356 4356
9357 4357
9358 4358
9359 4359
9360 4360
9361 4361
9362 4362
9363 4363
9364 4364
9365 4365
9366 4366
9367 4367
9368 4368
9369 4369
9370 4370
9371 4371
9372 4372
9373 4373
9374 4374
9375 4375
9376 4376
9377 4377
9378 4378
9379 4379
9380 4380
9381 4381
9382 4382
9383 4383
9384 4384
9385 4385
9386 4386
9387 4387
9388 4388
9389 4389
9390 4390
9391 4391
9392 4392
9393 4393
9394 4394
9395 4395
9396 4396
9397 4397
9398 4398
9399 4399
9400 4400
9401 4401
9402 4402
9403 4403
9404 4404
9405 4405
9406 4406
9407 4407
9408 4408
9409 4409
9410 4410
9411 4411
9412 4412
9413 4413
9414 4414
9415 4415
9416 4416
9417 4417
9418 4418
9419 4419
9420 4420
9421 4421
9422 4422
9423 4423
9424 4424
9425 4425
9426 4426
9427 4427
9428 4428
9429 4429
9430 4430
9431 4431
9432 4432
9433 4433
9434 4434
9435 4435
9436 4436
9437 4437
9438 4438
9439 4439
9440 4440
9441 4441
9442 4442
9443 4443
9444 4444
9445 4445
9446 4446
9447 4447
9448 4448
9449 4449
9450 4450
9451 4451
9452 4452
9453 4453
9454 4454
9455 4455
9456 4456
9457 4457
9458 4458
9459 4459
9460 4460
9461 4461
9462 4462
9463 4463
9464 4464
9465 4465
9466 4466
9467 4467
9468 4468
9469 4469
9470 4470
9471 4471
9472 4472
9473 4473
9474 4474
9475 4475
9476 4476
9477 4477
9478 4478
9479 4479
9480 4480
9481 4481
9482 4482
9483 4483
9484 4484
9485 4485
9486 4486
9487 4487
9488 4488
9489 4489
9490 4490
9491 4491
9492 4492
9493 4493
9494 4494
9495 4495
9496 4496
9497 4497
9498 4498
9499 4499
9500 4500
9501 4501
9502 4502
9503 4503
9504 4504
9505 4505
9506 4506
9507 4507
9508 4508
9509 4509
9510 4510
9511 4511
9512 4512
9513 4513
9514 4514
9515 4515
9516 4516
9517 4517
9518 4518
9519 4519
9520 4520
9521 4521
9522 4522
9523 4523
9524 4524
9525 4525
9526 4526
9527 4527
9528 4528
9529 4529
9530 4530
9531 4531
9532 4532
9533 4533
9534 4534
9535 4535
9536 4536
9537 4537
9538 4538
9539 4539
9540 4540
9541 4541
9542 4542
9543 4543
9544 4544
9545 4545
9546 4546
9547 4547
9548 4548
9549 4549
9550 4550
9551 4551
9552 4552
9553 4553
9554 4554
9555 4555
9556 4556
9557 4557
9558 4558
9559 4559
9560 4560
9561 4561
9562 4562
9563 4563
9564 4564
9565 4565
9566 4566
9567 4567
9568 4568
9569 4569
9570 4570
9571 4571
9572 4572
9573 4573
9574 4574
9575 4575
9576 4576
9577 4577
9578 4578
9579 4579
9580 4580
9581 4581
9582 4582
9583 4583
9584 4584
9585 4585
9586 4586
9587 4587
9588 4588
9589 4589
9590 4590
9591 4591
9592 4592
9593 4593
9594 4594
9595 4595
9596 4596
9597 4597
9598 4598
9599 4599
9600 4600
9601 4601
9602 4602
9603 4603
9604 4604
9605 4605
9606 4606
9607 4607
9608 4608
9609 4609
9610 4610
9611 4611
9612 4612
9613 4613
9614 4614
9615 4615
9616 4616
9617 4617
9618 4618
9619 4619
9620 4620
9621 4621
9622 4622
9623 4623
9624 4624
9625 4625
9626 4626
9627 4627
9628 4628
9629 4629
9630 4630
9631 4631
9632 4632
9633 4633
9634 4634
9635 4635
9636 4636
9637 4637
9638 4638
9639 4639
9640 4640
9641 4641
9642 4642
9643 4643
9644 4644
9645 4645
9646 4646
9647 4647
9648 4648
9649 4649
9650 4650
9651 4651
9652 4652
9653 4653
9654 4654
9655 4655
9656 4656
9657 4657
9658 4658
9659 4659
9660 4660
9661 4661
9662 4662
9663 4663
9664 4664
9665 4665
9666 4666
9667 4667
9668 4668
9669 4669
9670 4670
9671 4671
9672 4672
9673 4673
9674 4674
9675 4675
9676 4676
9677 4677
9678 4678
9679 4679
9680 4680
9681 4681
9682 4682
9683 4683
9684 4684
9685 4685
9686 4686
9687 4687
9688 4688
9689 4689
9690 4690
9691 4691
9692 4692
9693 4693
9694 4694
9695 4695
9696 4696
9697 4697
9698 4698
9699 4699
9700 4700
9701 4701
9702 4702
9703 4703
9704 4704
9705 4705
9706 4706
9707 4707
9708 4708
9709 4709
9710 4710
9711 4711
9712 4712
9713 4713
9714 4714
9715 4715
9716 4716
9717 4717
9718 4718
9719 4719
9720 4720
9721 4721
9722 4722
9723 4723
9724 4724
9725 4725
9726 4726
9727 4727
9728 4728
9729 4729
9730 4730
9731 4731
9732 4732
9733 4733
9734 4734
9735 4735
9736 4736
9737 4737
9738 4738
9739 4739
9740 4740
9741 4741
9742 4742
9743 4743
9744 4744
9745 4745
9746 4746
9747 4747
9748 4748
9749 4749
9750 4750
9751 4751
9752 4752
9753 4753
9754 4754
9755 4755
9756 4756
9757 4757
9758 4758
9759 4759
9760 4760
9761 4761
9762 4762
9763 4763
9764 4764
9765 4765
9766 4766
9767 4767
9768 4768
9769 4769
9770 4770
9771 4771
9772 4772
9773 4773
9774 4774
9775 4775
9776 4776
9777 4777
9778 4778
9779 4779
9780 4780
9781 4781
9782 4782
9783 4783
9784 4784
9785 4785
9786 4786
9787 4787
9788 4788
9789 4789
9790 4790
9791 4791
9792 4792
9793 4793
9794 4794
9795 4795
9796 4796
9797 4797
9798 4798
9799 4799
9800 4800
9801 4801
9802 4802
9803 4803
9804 4804
9805 4805
9806 4806
9807 4807
9808 4808
9809 4809
9810 4810
9811 4811
9812 4812
9813 4813
9814 4814
9815 4815
9816 4816
9817 4817
9818 4818
9819 4819
9820 4820
9821 4821
9822 4822
9823 4823
9824 4824
9825 4825
9826 4826
9827 4827
9828 4828
9829 4829
9830 4830
9831 4831
9832 4832
9833 4833
9834 4834
9835 4835
9836 4836
9837 4837
9838 4838
9839 4839
9840 4840
9841 4841
9842 4842
9843 4843
9844 4844
9845 4845
9846 4846
9847 4847
9848 4848
9849 4849
9850 4850
9851 4851
9852 4852
9853 4853
9854 4854
9855 4855
9856 4856
9857 4857
9858 4858
9859 4859
9860 4860
9861 4861
9862 4862
9863 4863
9864 4864
9865 4865
9866 4866
9867 4867
9868 4868
9869 4869
9870 4870
9871 4871
9872 4872
9873 4873
9874 4874
9875 4875
9876 4876
9877 4877
9878 4878
9879 4879
9880 4880
9881 4881
9882 4882
9883 4883
9884 4884
9885 4885
9886 4886
9887 4887
9888 4888
9889 4889
9890 4890
9891 4891
9892 4892
9893 4893
9894 4894
9895 4895
9896 4896
9897 4897
9898 4898
9899 4899
9900 4900
9901 4901
9902 4902
9903 4903
9904 4904
9905 4905
9906 4906
9907 4907
9908 4908
9909 4909
9910 4910
9911 4911
9912 4912
9913 4913
9914 4914
9915 4915
9916 4916
9917 4917
9918 4918
9919 4919
9920 4920
9921 4921
9922 4922
9923 4923
9924 4924
9925 4925
9926 4926
9927 4927
9928 4928
9929 4929
9930 4930
9931 4931
9932 4932
9933 4933
9934 4934
9935 4935
9936 4936
9937 4937
9938 4938
9939 4939
9940 4940
9941 4941
9942 4942
9943 4943
9944 4944
9945 4945
9946 4946
9947 4947
9948 4948
9949 4949
9950 4950
9951 4951
9952 4952
9953 4953
9954 4954
9955 4955
9956 4956
9957 4957
9958 4958
9959 4959
9960 4960
9961 4961
9962 4962
9963 4963
9964 4964
9965 4965
9966 4966
9967 4967
9968 4968
9969 4969
9970 4970
9971 4971
9972 4972
9973 4973
9974 4974
9975 4975
9976 4976
9977 4977
9978 4978
9979 4979
9980 4980
9981 4981
9982 4982
9983 4983
9984 4984
9985 4985
9986 4986
9987 4987
9988 4988
9989 4989
9990 4990
9991 4991
9992 4992
9993 4993
9994 4994
9995 4995
9996 4996
9997 4997
9998 4998
9999 4999
10000 5000
