5001 1
5002 2
5003 3
5004 4
5005 5
5006 6
5007 7
5008 8
5009 9
5010 10
5011 11
5012 12
5013 13
5014 14
5015 15
5016 16
5017 17
5018 18
5019 19
5020 20
5021 21
5022 22
5023 23
5024 24
5025 25
5026 26
5027 27
5028 28
5029 29
5030 30
5031 31
5032 32
5033 33
5034 34
5035 35
5036 36
5037 37
5038 38
5039 39
5040 40
5041 41
5042 42
5043 43
5044 44
5045 45
5046 46
5047 47
5048 48
5049 49
5050 50
5051 51
5052 52
5053 53
5054 54
5055 55
5056 56
5057 57
5058 58
5059 59
5060 60
5061 61
5062 62
5063 63
5064 64
5065 65
5066 66
5067 67
5068 68
5069 69
5070 70
5071 71
5072 72
5073 73
5074 74
5075 75
5076 76
5077 77
5078 78
5079 79
5080 80
5081 81
5082 82
5083 83
5084 84
5085 85
5086 86
5087 87
5088 88
5089 89
5090 90
5091 91
5092 92
5093 93
5094 94
5095 95
5096 96
5097 97
5098 98
5099 99
5100 100
5101 101
5102 102
5103 103
5104 104
5105 105
5106 106
5107 107
5108 108
5109 109
5110 110
5111 111
5112 112
5113 113
5114 114
5115 115
5116 116
5117 117
5118 118
5119 119
5120 120
5121 121
5122 122
5123 123
5124 124
5125 125
5126 126
5127 127
5128 128
5129 129
5130 130
5131 131
5132 132
5133 133
5134 134
5135 135
5136 136
5137 137
5138 138
5139 139
5140 140
5141 141
5142 142
5143 143
5144 144
5145 145
5146 146
5147 147
5148 148
5149 149
5150 150
5151 151
5152 152
5153 153
5154 154
5155 155
5156 156
5157 157
5158 158
5159 159
5160 160
5161 161
5162 162
5163 163
5164 164
5165 165
5166 166
5167 167
5168 168
5169 169
5170 170
5171 171
5172 172
5173 173
5174 174
5175 175
5176 176
5177 177
5178 178
5179 179
5180 180
5181 181
5182 182
5183 183
5184 184
5185 185
5186 186
5187 187
5188 188
5189 189
5190 190
5191 191
5192 192
5193 193
5194 194
5195 195
5196 196
5197 197
5198 198
5199 199
5200 200
5201 201
5202 202
5203 203
5204 204
5205 205
5206 206
5207 207
5208 208
5209 209
5210 210
5211 211
5212 212
5213 213
5214 214
5215 215
5216 216
5217 217
5218 218
5219 219
5220 220
5221 221
5222 222
5223 223
5224 224
5225 225
5226 226
5227 227
5228 228
5229 229
5230 230
5231 231
5232 232
5233 233
5234 234
5235 235
5236 236
5237 237
5238 238
5239 239
5240 240
5241 241
5242 242
5243 243
5244 244
5245 245
5246 246
5247 247
5248 248
5249 249
5250 250
5251 251
5252 252
5253 253
5254 254
5255 255
5256 256
5257 257
5258 258
5259 259
5260 260
5261 261
5262 262
5263 263
5264 264
5265 265
5266 266
5267 267
5268 268
5269 269
5270 270
5271 271
5272 272
5273 273
5274 274
5275 275
5276 276
5277 277
5278 278
5279 279
5280 280
5281 281
5282 282
5283 283
5284 284
5285 285
5286 286
5287 287
5288 288
5289 289
5290 290
5291 291
5292 292
5293 293
5294 294
5295 295
5296 296
5297 297
5298 298
5299 299
5300 300
5301 301
5302 302
5303 303
5304 304
5305 305
5306 306
5307 307
5308 308
5309 309
5310 310
5311 311
5312 312
5313 313
5314 314
5315 315
5316 316
5317 317
5318 318
5319 319
5320 320
5321 321
5322 322
5323 323
5324 324
5325 325
5326 326
5327 327
5328 328
5329 329
5330 330
5331 331
5332 332
5333 333
5334 334
5335 335
5336 336
5337 337
5338 338
5339 339
5340 340
5341 341
5342 342
5343 343
5344 344
5345 345
5346 346
5347 347
5348 348
5349 349
5350 350
5351 351
5352 352
5353 353
5354 354
5355 355
5356 356
5357 357
5358 358
5359 359
5360 360
5361 361
5362 362
5363 363
5364 364
5365 365
5366 366
5367 367
5368 368
5369 369
5370 370
5371 371
5372 372
5373 373
5374 374
5375 375
5376 376
5377 377
5378 378
5379 379
5380 380
5381 381
5382 382
5383 383
5384 384
5385 385
5386 386
5387 387
5388 388
5389 389
5390 390
5391 391
5392 392
5393 393
5394 394
5395 395
5396 396
5397 397
5398 398
5399 399
5400 400
5401 401
5402 402
5403 403
5404 404
5405 405
5406 406
5407 407
5408 408
5409 409
5410 410
5411 411
5412 412
5413 413
5414 414
5415 415
5416 416
5417 417
5418 418
5419 419
5420 420
5421 421
5422 422
5423 423
5424 424
5425 425
5426 426
5427 427
5428 428
5429 429
5430 430
5431 431
5432 432
5433 433
5434 434
5435 435
5436 436
5437 437
5438 438
5439 439
5440 440
5441 441
5442 442
5443 443
5444 444
5445 445
5446 446
5447 447
5448 448
5449 449
5450 450
5451 451
5452 452
5453 453
5454 454
5455 455
5456 456
5457 457
5458 458
5459 459
5460 460
5461 461
5462 462
5463 463
5464 464
5465 465
5466 466
5467 467
5468 468
5469 469
5470 470
5471 471
5472 472
5473 473
5474 474
5475 475
5476 476
5477 477
5478 478
5479 479
5480 480
5481 481
5482 482
5483 483
5484 484
5485 485
5486 486
5487 487
5488 488
5489 489
5490 490
5491 491
5492 492
5493 493
5494 494
5495 495
5496 496
5497 497
5498 498
5499 499
5500 500
5501 501
5502 502
5503 503
5504 504
5505 505
5506 506
5507 507
5508 508
5509 509
5510 510
5511 511
5512 512
5513 513
5514 514
5515 515
5516 516
5517 517
5518 518
5519 519
5520 520
5521 521
5522 522
5523 523
5524 524
5525 525
5526 526
5527 527
5528 528
5529 529
5530 530
5531 531
5532 532
5533 533
5534 534
5535 535
5536 536
5537 537
5538 538
5539 539
5540 540
5541 541
5542 542
5543 543
5544 544
5545 545
5546 546
5547 547
5548 548
5549 549
5550 550
5551 551
5552 552
5553 553
5554 554
5555 555
5556 556
5557 557
5558 558
5559 559
5560 560
5561 561
5562 562
5563 563
5564 564
5565 565
5566 566
5567 567
5568 568
5569 569
5570 570
5571 571
5572 572
5573 573
5574 574
5575 575
5576 576
5577 577
5578 578
5579 579
5580 580
5581 581
5582 582
5583 583
5584 584
5585 585
5586 586
5587 587
5588 588
5589 589
5590 590
5591 591
5592 592
5593 593
5594 594
5595 595
5596 596
5597 597
5598 598
5599 599
5600 600
5601 601
5602 602
5603 603
5604 604
5605 605
5606 606
5607 607
5608 608
5609 609
5610 610
5611 611
5612 612
5613 613
5614 614
5615 615
5616 616
5617 617
5618 618
5619 619
5620 620
5621 621
5622 622
5623 623
5624 624
5625 625
5626 626
5627 627
5628 628
5629 629
5630 630
5631 631
5632 632
5633 633
5634 634
5635 635
5636 636
5637 637
5638 638
5639 639
5640 640
5641 641
5642 642
5643 643
5644 644
5645 645
5646 646
5647 647
5648 648
5649 649
5650 650
5651 651
5652 652
5653 653
5654 654
5655 655
5656 656
5657 657
5658 658
5659 659
5660 660
5661 661
5662 662
5663 663
5664 664
5665 665
5666 666
5667 667
5668 668
5669 669
5670 670
5671 671
5672 672
5673 673
5674 674
5675 675
5676 676
5677 677
5678 678
5679 679
5680 680
5681 681
5682 682
5683 683
5684 684
5685 685
5686 686
5687 687
5688 688
5689 689
5690 690
5691 691
5692 692
5693 693
5694 694
5695 695
5696 696
5697 697
5698 698
5699 699
5700 700
5701 701
5702 702
5703 703
5704 704
5705 705
5706 706
5707 707
5708 708
5709 709
5710 710
5711 711
5712 712
5713 713
5714 714
5715 715
5716 716
5717 717
5718 718
5719 719
5720 720
5721 721
5722 722
5723 723
5724 724
5725 725
5726 726
5727 727
5728 728
5729 729
5730 730
5731 731
5732 732
5733 733
5734 734
5735 735
5736 736
5737 737
5738 738
5739 739
5740 740
5741 741
5742 742
5743 743
5744 744
5745 745
5746 746
5747 747
5748 748
5749 749
5750 750
5751 751
5752 752
5753 753
5754 754
5755 755
5756 756
5757 757
5758 758
5759 759
5760 760
5761 761
5762 762
5763 763
5764 764
5765 765
5766 766
5767 767
5768 768
5769 769
5770 770
5771 771
5772 772
5773 773
5774 774
5775 775
5776 776
5777 777
5778 778
5779 779
5780 780
5781 781
5782 782
5783 783
5784 784
5785 785
5786 786
5787 787
5788 788
5789 789
5790 790
5791 791
5792 792
5793 793
5794 794
5795 795
5796 796
5797 797
5798 798
5799 799
5800 800
5801 801
5802 802
5803 803
5804 804
5805 805
5806 806
5807 807
5808 808
5809 809
5810 810
5811 811
5812 812
5813 813
5814 814
5815 815
5816 816
5817 817
5818 818
5819 819
5820 820
5821 821
5822 822
5823 823
5824 824
5825 825
5826 826
5827 827
5828 828
5829 829
5830 830
5831 831
5832 832
5833 833
5834 834
5835 835
5836 836
5837 837
5838 838
5839 839
5840 840
5841 841
5842 842
5843 843
5844 844
5845 845
5846 846
5847 847
5848 848
5849 849
5850 850
5851 851
5852 852
5853 853
5854 854
5855 855
5856 856
5857 857
5858 858
5859 859
5860 860
5861 861
5862 862
5863 863
5864 864
5865 865
5866 866
5867 867
5868 868
5869 869
5870 870
5871 871
5872 872
5873 873
5874 874
5875 875
5876 876
5877 877
5878 878
5879 879
5880 880
5881 881
5882 882
5883 883
5884 884
5885 885
5886 886
5887 887
5888 888
5889 889
5890 890
5891 891
5892 892
5893 893
5894 894
5895 895
5896 896
5897 897
5898 898
5899 899
5900 900
5901 901
5902 902
5903 903
5904 904
5905 905
5906 906
5907 907
5908 908
5909 909
5910 910
5911 911
5912 912
5913 913
5914 914
5915 915
5916 916
5917 917
5918 918
5919 919
5920 920
5921 921
5922 922
5923 923
5924 924
5925 925
5926 926
5927 927
5928 928
5929 929
5930 930
5931 931
5932 932
5933 933
5934 934
5935 935
5936 936
5937 937
5938 938
5939 939
5940 940
5941 941
5942 942
5943 943
5944 944
5945 945
5946 946
5947 947
5948 948
5949 949
5950 950
5951 951
5952 952
5953 953
5954 954
5955 955
5956 956
5957 957
5958 958
5959 959
5960 960
5961 961
5962 962
5963 963
5964 964
5965 965
5966 966
5967 967
5968 968
5969 969
5970 970
5971 971
5972 972
5973 973
5974 974
5975 975
5976 976
5977 977
5978 978
5979 979
5980 980
5981 981
5982 982
5983 983
5984 984
5985 985
5986 986
5987 987
5988 988
5989 989
5990 990
5991 991
5992 992
5993 993
5994 994
5995 995
5996 996
5997 997
5998 998
5999 999
6000 1000
6001 1001
6002 1002
6003 1003
6004 1004
6005 1005
6006 1006
6007 1007
6008 1008
6009 1009
6010 1010
6011 1011
6012 1012
6013 1013
6014 1014
6015 1015
6016 1016
6017 1017
6018 1018
6019 1019
6020 1020
6021 1021
6022 1022
6023 1023
6024 1024
6025 1025
6026 1026
6027 1027
6028 1028
6029 1029
6030 1030
6031 1031
6032 1032
6033 1033
6034 1034
6035 1035
6036 1036
6037 1037
6038 1038
6039 1039
6040 1040
6041 1041
6042 1042
6043 1043
6044 1044
6045 1045
6046 1046
6047 1047
6048 1048
6049 1049
6050 1050
6051 1051
6052 1052
6053 1053
6054 1054
6055 1055
6056 1056
6057 1057
6058 1058
6059 1059
6060 1060
6061 1061
6062 1062
6063 1063
6064 1064
6065 1065
6066 1066
6067 1067
6068 1068
6069 1069
6070 1070
6071 1071
6072 1072
6073 1073
6074 1074
6075 1075
6076 1076
6077 1077
6078 1078
6079 1079
6080 1080
6081 1081
6082 1082
6083 1083
6084 1084
6085 1085
6086 1086
6087 1087
6088 1088
6089 1089
6090 1090
6091 1091
6092 1092
6093 1093
6094 1094
6095 1095
6096 1096
6097 1097
6098 1098
6099 1099
6100 1100
6101 1101
6102 1102
6103 1103
6104 1104
6105 1105
6106 1106
6107 1107
6108 1108
6109 1109
6110 1110
6111 1111
6112 1112
6113 1113
6114 1114
6115 1115
6116 1116
6117 1117
6118 1118
6119 1119
6120 1120
6121 1121
6122 1122
6123 1123
6124 1124
6125 1125
6126 1126
6127 1127
6128 1128
6129 1129
6130 1130
6131 1131
6132 1132
6133 1133
6134 1134
6135 1135
6136 1136
6137 1137
6138 1138
6139 1139
6140 1140
6141 1141
6142 1142
6143 1143
6144 1144
6145 1145
6146 1146
6147 1147
6148 1148
6149 1149
6150 1150
6151 1151
6152 1152
6153 1153
6154 1154
6155 1155
6156 1156
6157 1157
6158 1158
6159 1159
6160 1160
6161 1161
6162 1162
6163 1163
6164 1164
6165 1165
6166 1166
6167 1167
6168 1168
6169 1169
6170 1170
6171 1171
6172 1172
6173 1173
6174 1174
6175 1175
6176 1176
6177 1177
6178 1178
6179 1179
6180 1180
6181 1181
6182 1182
6183 1183
6184 1184
6185 1185
6186 1186
6187 1187
6188 1188
6189 1189
6190 1190
6191 1191
6192 1192
6193 1193
6194 1194
6195 1195
6196 1196
6197 1197
6198 1198
6199 1199
6200 1200
6201 1201
6202 1202
6203 1203
6204 1204
6205 1205
6206 1206
6207 1207
6208 1208
6209 1209
6210 1210
6211 1211
6212 1212
6213 1213
6214 1214
6215 1215
6216 1216
6217 1217
6218 1218
6219 1219
6220 1220
6221 1221
6222 1222
6223 1223
6224 1224
6225 1225
6226 1226
6227 1227
6228 1228
6229 1229
6230 1230
6231 1231
6232 1232
6233 1233
6234 1234
6235 1235
6236 1236
6237 1237
6238 1238
6239 1239
6240 1240
6241 1241
6242 1242
6243 1243
6244 1244
6245 1245
6246 1246
6247 1247
6248 1248
6249 1249
6250 1250
6251 1251
6252 1252
6253 1253
6254 1254
6255 1255
6256 1256
6257 1257
6258 1258
6259 1259
6260 1260
6261 1261
6262 1262
6263 1263
6264 1264
6265 1265
6266 1266
6267 1267
6268 1268
6269 1269
6270 1270
6271 1271
6272 1272
6273 1273
6274 1274
6275 1275
6276 1276
6277 1277
6278 1278
6279 1279
6280 1280
6281 1281
6282 1282
6283 1283
6284 1284
6285 1285
6286 1286
6287 1287
6288 1288
6289 1289
6290 1290
6291 1291
6292 1292
6293 1293
6294 1294
6295 1295
6296 1296
6297 1297
6298 1298
6299 1299
6300 1300
6301 1301
6302 1302
6303 1303
6304 1304
6305 1305
6306 1306
6307 1307
6308 1308
6309 1309
6310 1310
6311 1311
6312 1312
6313 1313
6314 1314
6315 1315
6316 1316
6317 1317
6318 1318
6319 1319
6320 1320
6321 1321
6322 1322
6323 1323
6324 1324
6325 1325
6326 1326
6327 1327
6328 1328
6329 1329
6330 1330
6331 1331
6332 1332
6333 1333
6334 1334
6335 1335
6336 1336
6337 1337
6338 1338
6339 1339
6340 1340
6341 1341
6342 1342
6343 1343
6344 1344
6345 1345
6346 1346
6347 1347
6348 1348
6349 1349
6350 1350
6351 1351
6352 1352
6353 1353
6354 1354
6355 1355
6356 1356
6357 1357
6358 1358
6359 1359
6360 1360
6361 1361
6362 1362
6363 1363
6364 1364
6365 1365
6366 1366
6367 1367
6368 1368
6369 1369
6370 1370
6371 1371
6372 1372
6373 1373
6374 1374
6375 1375
6376 1376
6377 1377
6378 1378
6379 1379
6380 1380
6381 1381
6382 1382
6383 1383
6384 1384
6385 1385
6386 1386
6387 1387
6388 1388
6389 1389
6390 1390
6391 1391
6392 1392
6393 1393
6394 1394
6395 1395
6396 1396
6397 1397
6398 1398
6399 1399
6400 1400
6401 1401
6402 1402
6403 1403
6404 1404
6405 1405
6406 1406
6407 1407
6408 1408
6409 1409
6410 1410
6411 1411
6412 1412
6413 1413
6414 1414
6415 1415
6416 1416
6417 1417
6418 1418
6419 1419
6420 1420
6421 1421
6422 1422
6423 1423
6424 1424
6425 1425
6426 1426
6427 1427
6428 1428
6429 1429
6430 1430
6431 1431
6432 1432
6433 1433
6434 1434
6435 1435
6436 1436
6437 1437
6438 1438
6439 1439
6440 1440
6441 1441
6442 1442
6443 1443
6444 1444
6445 1445
6446 1446
6447 1447
6448 1448
6449 1449
6450 1450
6451 1451
6452 1452
6453 1453
6454 1454
6455 1455
6456 1456
6457 1457
6458 1458
6459 1459
6460 1460
6461 1461
6462 1462
6463 1463
6464 1464
6465 1465
6466 1466
6467 1467
6468 1468
6469 1469
6470 1470
6471 1471
6472 1472
6473 1473
6474 1474
6475 1475
6476 1476
6477 1477
6478 1478
6479 1479
6480 1480
6481 1481
6482 1482
6483 1483
6484 1484
6485 1485
6486 1486
6487 1487
6488 1488
6489 1489
6490 1490
6491 1491
6492 1492
6493 1493
6494 1494
6495 1495
6496 1496
6497 1497
6498 1498
6499 1499
6500 1500
6501 1501
6502 1502
6503 1503
6504 1504
6505 1505
6506 1506
6507 1507
6508 1508
6509 1509
6510 1510
6511 1511
6512 1512
6513 1513
6514 1514
6515 1515
6516 1516
6517 1517
6518 1518
6519 1519
6520 1520
6521 1521
6522 1522
6523 1523
6524 1524
6525 1525
6526 1526
6527 1527
6528 1528
6529 1529
6530 1530
6531 1531
6532 1532
6533 1533
6534 1534
6535 1535
6536 1536
6537 1537
6538 1538
6539 1539
6540 1540
6541 1541
6542 1542
6543 1543
6544 1544
6545 1545
6546 1546
6547 1547
6548 1548
6549 1549
6550 1550
6551 1551
6552 1552
6553 1553
6554 1554
6555 1555
6556 1556
6557 1557
6558 1558
6559 1559
6560 1560
6561 1561
6562 1562
6563 1563
6564 1564
6565 1565
6566 1566
6567 1567
6568 1568
6569 1569
6570 1570
6571 1571
6572 1572
6573 1573
6574 1574
6575 1575
6576 1576
6577 1577
6578 1578
6579 1579
6580 1580
6581 1581
6582 1582
6583 1583
6584 1584
6585 1585
6586 1586
6587 1587
6588 1588
6589 1589
6590 1590
6591 1591
6592 1592
6593 1593
6594 1594
6595 1595
6596 1596
6597 1597
6598 1598
6599 1599
6600 1600
6601 1601
6602 1602
6603 1603
6604 1604
6605 1605
6606 1606
6607 1607
6608 1608
6609 1609
6610 1610
6611 1611
6612 1612
6613 1613
6614 1614
6615 1615
6616 1616
6617 1617
6618 1618
6619 1619
6620 1620
6621 1621
6622 1622
6623 1623
6624 1624
6625 1625
6626 1626
6627 1627
6628 1628
6629 1629
6630 1630
6631 1631
6632 1632
6633 1633
6634 1634
6635 1635
6636 1636
6637 1637
6638 1638
6639 1639
6640 1640
6641 1641
6642 1642
6643 1643
6644 1644
6645 1645
6646 1646
6647 1647
6648 1648
6649 1649
6650 1650
6651 1651
6652 1652
6653 1653
6654 1654
6655 1655
6656 1656
6657 1657
6658 1658
6659 1659
6660 1660
6661 1661
6662 1662
6663 1663
6664 1664
6665 1665
6666 1666
6667 1667
6668 1668
6669 1669
6670 1670
6671 1671
6672 1672
6673 1673
6674 1674
6675 1675
6676 1676
6677 1677
6678 1678
6679 1679
6680 1680
6681 1681
6682 1682
6683 1683
6684 1684
6685 1685
6686 1686
6687 1687
6688 1688
6689 1689
6690 1690
6691 1691
6692 1692
6693 1693
6694 1694
6695 1695
6696 1696
6697 1697
6698 1698
6699 1699
6700 1700
6701 1701
6702 1702
6703 1703
6704 1704
6705 1705
6706 1706
6707 1707
6708 1708
6709 1709
6710 1710
6711 1711
6712 1712
6713 1713
6714 1714
6715 1715
6716 1716
6717 1717
6718 1718
6719 1719
6720 1720
6721 1721
6722 1722
6723 1723
6724 1724
6725 1725
6726 1726
6727 1727
6728 1728
6729 1729
6730 1730
6731 1731
6732 1732
6733 1733
6734 1734
6735 1735
6736 1736
6737 1737
6738 1738
6739 1739
6740 1740
6741 1741
6742 1742
6743 1743
6744 1744
6745 1745
6746 1746
6747 1747
6748 1748
6749 1749
6750 1750
6751 1751
6752 1752
6753 1753
6754 1754
6755 1755
6756 1756
6757 1757
6758 1758
6759 1759
6760 1760
6761 1761
6762 1762
6763 1763
6764 1764
6765 1765
6766 1766
6767 1767
6768 1768
6769 1769
6770 1770
6771 1771
6772 1772
6773 1773
6774 1774
6775 1775
6776 1776
6777 1777
6778 1778
6779 1779
6780 1780
6781 1781
6782 1782
6783 1783
6784 1784
6785 1785
6786 1786
6787 1787
6788 1788
6789 1789
6790 1790
6791 1791
6792 1792
6793 1793
6794 1794
6795 1795
6796 1796
6797 1797
6798 1798
6799 1799
6800 1800
6801 1801
6802 1802
6803 1803
6804 1804
6805 1805
6806 1806
6807 1807
6808 1808
6809 1809
6810 1810
6811 1811
6812 1812
6813 1813
6814 1814
6815 1815
6816 1816
6817 1817
6818 1818
6819 1819
6820 1820
6821 1821
6822 1822
6823 1823
6824 1824
6825 1825
6826 1826
6827 1827
6828 1828
6829 1829
6830 1830
6831 1831
6832 1832
6833 1833
6834 1834
6835 1835
6836 1836
6837 1837
6838 1838
6839 1839
6840 1840
6841 1841
6842 1842
6843 1843
6844 1844
6845 1845
6846 1846
6847 1847
6848 1848
6849 1849
6850 1850
6851 1851
6852 1852
6853 1853
6854 1854
6855 1855
6856 1856
6857 1857
6858 1858
6859 1859
6860 1860
6861 1861
6862 1862
6863 1863
6864 1864
6865 1865
6866 1866
6867 1867
6868 1868
6869 1869
6870 1870
6871 1871
6872 1872
6873 1873
6874 1874
6875 1875
6876 1876
6877 1877
6878 1878
6879 1879
6880 1880
6881 1881
6882 1882
6883 1883
6884 1884
6885 1885
6886 1886
6887 1887
6888 1888
6889 1889
6890 1890
6891 1891
6892 1892
6893 1893
6894 1894
6895 1895
6896 1896
6897 1897
6898 1898
6899 1899
6900 1900
6901 1901
6902 1902
6903 1903
6904 1904
6905 1905
6906 1906
6907 1907
6908 1908
6909 1909
6910 1910
6911 1911
6912 1912
6913 1913
6914 1914
6915 1915
6916 1916
6917 1917
6918 1918
6919 1919
6920 1920
6921 1921
6922 1922
6923 1923
6924 1924
6925 1925
6926 1926
6927 1927
6928 1928
6929 1929
6930 1930
6931 1931
6932 1932
6933 1933
6934 1934
6935 1935
6936 1936
6937 1937
6938 1938
6939 1939
6940 1940
6941 1941
6942 1942
6943 1943
6944 1944
6945 1945
6946 1946
6947 1947
6948 1948
6949 1949
6950 1950
6951 1951
6952 1952
6953 1953
6954 1954
6955 1955
6956 1956
6957 1957
6958 1958
6959 1959
6960 1960
6961 1961
6962 1962
6963 1963
6964 1964
6965 1965
6966 1966
6967 1967
6968 1968
6969 1969
6970 1970
6971 1971
6972 1972
6973 1973
6974 1974
6975 1975
6976 1976
6977 1977
6978 1978
6979 1979
6980 1980
6981 1981
6982 1982
6983 1983
6984 1984
6985 1985
6986 1986
6987 1987
6988 1988
6989 1989
6990 1990
6991 1991
6992 1992
6993 1993
6994 1994
6995 1995
6996 1996
6997 1997
6998 1998
6999 1999
7000 2000
7001 2001
7002 2002
7003 2003
7004 2004
7005 2005
7006 2006
7007 2007
7008 2008
7009 2009
7010 2010
7011 2011
7012 2012
7013 2013
7014 2014
7015 2015
7016 2016
7017 2017
7018 2018
7019 2019
7020 2020
7021 2021
7022 2022
7023 2023
7024 2024
7025 2025
7026 2026
7027 2027
7028 2028
7029 2029
7030 2030
7031 2031
7032 2032
7033 2033
7034 2034
7035 2035
7036 2036
7037 2037
7038 2038
7039 2039
7040 2040
7041 2041
7042 2042
7043 2043
7044 2044
7045 2045
7046 2046
7047 2047
7048 2048
7049 2049
7050 2050
7051 2051
7052 2052
7053 2053
7054 2054
7055 2055
7056 2056
7057 2057
7058 2058
7059 2059
7060 2060
7061 2061
7062 2062
7063 2063
7064 2064
7065 2065
7066 2066
7067 2067
7068 2068
7069 2069
7070 2070
7071 2071
7072 2072
7073 2073
7074 2074
7075 2075
7076 2076
7077 2077
7078 2078
7079 2079
7080 2080
7081 2081
7082 2082
7083 2083
7084 2084
7085 2085
7086 2086
7087 2087
7088 2088
7089 2089
7090 2090
7091 2091
7092 2092
7093 2093
7094 2094
7095 2095
7096 2096
7097 2097
7098 2098
7099 2099
7100 2100
7101 2101
7102 2102
7103 2103
7104 2104
7105 2105
7106 2106
7107 2107
7108 2108
7109 2109
7110 2110
7111 2111
7112 2112
7113 2113
7114 2114
7115 2115
7116 2116
7117 2117
7118 2118
7119 2119
7120 2120
7121 2121
7122 2122
7123 2123
7124 2124
7125 2125
7126 2126
7127 2127
7128 2128
7129 2129
7130 2130
7131 2131
7132 2132
7133 2133
7134 2134
7135 2135
7136 2136
7137 2137
7138 2138
7139 2139
7140 2140
7141 2141
7142 2142
7143 2143
7144 2144
7145 2145
7146 2146
7147 2147
7148 2148
7149 2149
7150 2150
7151 2151
7152 2152
7153 2153
7154 2154
7155 2155
7156 2156
7157 2157
7158 2158
7159 2159
7160 2160
7161 2161
7162 2162
7163 2163
7164 2164
7165 2165
7166 2166
7167 2167
7168 2168
7169 2169
7170 2170
7171 2171
7172 2172
7173 2173
7174 2174
7175 2175
7176 2176
7177 2177
7178 2178
7179 2179
7180 2180
7181 2181
7182 2182
7183 2183
7184 2184
7185 2185
7186 2186
7187 2187
7188 2188
7189 2189
7190 2190
7191 2191
7192 2192
7193 2193
7194 2194
7195 2195
7196 2196
7197 2197
7198 2198
7199 2199
7200 2200
7201 2201
7202 2202
7203 2203
7204 2204
7205 2205
7206 2206
7207 2207
7208 2208
7209 2209
7210 2210
7211 2211
7212 2212
7213 2213
7214 2214
7215 2215
7216 2216
7217 2217
7218 2218
7219 2219
7220 2220
7221 2221
7222 2222
7223 2223
7224 2224
7225 2225
7226 2226
7227 2227
7228 2228
7229 2229
7230 2230
7231 2231
7232 2232
7233 2233
7234 2234
7235 2235
7236 2236
7237 2237
7238 2238
7239 2239
7240 2240
7241 2241
7242 2242
7243 2243
7244 2244
7245 2245
7246 2246
7247 2247
7248 2248
7249 2249
7250 2250
7251 2251
7252 2252
7253 2253
7254 2254
7255 2255
7256 2256
7257 2257
7258 2258
7259 2259
7260 2260
7261 2261
7262 2262
7263 2263
7264 2264
7265 2265
7266 2266
7267 2267
7268 2268
7269 2269
7270 2270
7271 2271
7272 2272
7273 2273
7274 2274
7275 2275
7276 2276
7277 2277
7278 2278
7279 2279
7280 2280
7281 2281
7282 2282
7283 2283
7284 2284
7285 2285
7286 2286
7287 2287
7288 2288
7289 2289
7290 2290
7291 2291
7292 2292
7293 2293
7294 2294
7295 2295
7296 2296
7297 2297
7298 2298
7299 2299
7300 2300
7301 2301
7302 2302
7303 2303
7304 2304
7305 2305
7306 2306
7307 2307
7308 2308
7309 2309
7310 2310
7311 2311
7312 2312
7313 2313
7314 2314
7315 2315
7316 2316
7317 2317
7318 2318
7319 2319
7320 2320
7321 2321
7322 2322
7323 2323
7324 2324
7325 2325
7326 2326
7327 2327
7328 2328
7329 2329
7330 2330
7331 2331
7332 2332
7333 2333
7334 2334
7335 2335
7336 2336
7337 2337
7338 2338
7339 2339
7340 2340
7341 2341
7342 2342
7343 2343
7344 2344
7345 2345
7346 2346
7347 2347
7348 2348
7349 2349
7350 2350
7351 2351
7352 2352
7353 2353
7354 2354
7355 2355
7356 2356
7357 2357
7358 2358
7359 2359
7360 2360
7361 2361
7362 2362
7363 2363
7364 2364
7365 2365
7366 2366
7367 2367
7368 2368
7369 2369
7370 2370
7371 2371
7372 2372
7373 2373
7374 2374
7375 2375
7376 2376
7377 2377
7378 2378
7379 2379
7380 2380
7381 2381
7382 2382
7383 2383
7384 2384
7385 2385
7386 2386
7387 2387
7388 2388
7389 2389
7390 2390
7391 2391
7392 2392
7393 2393
7394 2394
7395 2395
7396 2396
7397 2397
7398 2398
7399 2399
7400 2400
7401 2401
7402 2402
7403 2403
7404 2404
7405 2405
7406 2406
7407 2407
7408 2408
7409 2409
7410 2410
7411 2411
7412 2412
7413 2413
7414 2414
7415 2415
7416 2416
7417 2417
7418 2418
7419 2419
7420 2420
7421 2421
7422 2422
7423 2423
7424 2424
7425 2425
7426 2426
7427 2427
7428 2428
7429 2429
7430 2430
7431 2431
7432 2432
7433 2433
7434 2434
7435 2435
7436 2436
7437 2437
7438 2438
7439 2439
7440 2440
7441 2441
7442 2442
7443 2443
7444 2444
7445 2445
7446 2446
7447 2447
7448 2448
7449 2449
7450 2450
7451 2451
7452 2452
7453 2453
7454 2454
7455 2455
7456 2456
7457 2457
7458 2458
7459 2459
7460 2460
7461 2461
7462 2462
7463 2463
7464 2464
7465 2465
7466 2466
7467 2467
7468 2468
7469 2469
7470 2470
7471 2471
7472 2472
7473 2473
7474 2474
7475 2475
7476 2476
7477 2477
7478 2478
7479 2479
7480 2480
7481 2481
7482 2482
7483 2483
7484 2484
7485 2485
7486 2486
7487 2487
7488 2488
7489 2489
7490 2490
7491 2491
7492 2492
7493 2493
7494 2494
7495 2495
7496 2496
7497 2497
7498 2498
7499 2499
7500 2500
7501 2501
7502 2502
7503 2503
7504 2504
7505 2505
7506 2506
7507 2507
7508 2508
7509 2509
7510 2510
7511 2511
7512 2512
7513 2513
7514 2514
7515 2515
7516 2516
7517 2517
7518 2518
7519 2519
7520 2520
7521 2521
7522 2522
7523 2523
7524 2524
7525 2525
7526 2526
7527 2527
7528 2528
7529 2529
7530 2530
7531 2531
7532 2532
7533 2533
7534 2534
7535 2535
7536 2536
7537 2537
7538 2538
7539 2539
7540 2540
7541 2541
7542 2542
7543 2543
7544 2544
7545 2545
7546 2546
7547 2547
7548 2548
7549 2549
7550 2550
7551 2551
7552 2552
7553 2553
7554 2554
7555 2555
7556 2556
7557 2557
7558 2558
7559 2559
7560 2560
7561 2561
7562 2562
7563 2563
7564 2564
7565 2565
7566 2566
7567 2567
7568 2568
7569 2569
7570 2570
7571 2571
7572 2572
7573 2573
7574 2574
7575 2575
7576 2576
7577 2577
7578 2578
7579 2579
7580 2580
7581 2581
7582 2582
7583 2583
7584 2584
7585 2585
7586 2586
7587 2587
7588 2588
7589 2589
7590 2590
7591 2591
7592 2592
7593 2593
7594 2594
7595 2595
7596 2596
7597 2597
7598 2598
7599 2599
7600 2600
7601 2601
7602 2602
7603 2603
7604 2604
7605 2605
7606 2606
7607 2607
7608 2608
7609 2609
7610 2610
7611 2611
7612 2612
7613 2613
7614 2614
7615 2615
7616 2616
7617 2617
7618 2618
7619 2619
7620 2620
7621 2621
7622 2622
7623 2623
7624 2624
7625 2625
7626 2626
7627 2627
7628 2628
7629 2629
7630 2630
7631 2631
7632 2632
7633 2633
7634 2634
7635 2635
7636 2636
7637 2637
7638 2638
7639 2639
7640 2640
7641 2641
7642 2642
7643 2643
7644 2644
7645 2645
7646 2646
7647 2647
7648 2648
7649 2649
7650 2650
7651 2651
7652 2652
7653 2653
7654 2654
7655 2655
7656 2656
7657 2657
7658 2658
7659 2659
7660 2660
7661 2661
7662 2662
7663 2663
7664 2664
7665 2665
7666 2666
7667 2667
7668 2668
7669 2669
7670 2670
7671 2671
7672 2672
7673 2673
7674 2674
7675 2675
7676 2676
7677 2677
7678 2678
7679 2679
7680 2680
7681 2681
7682 2682
7683 2683
7684 2684
7685 2685
7686 2686
7687 2687
7688 2688
7689 2689
7690 2690
7691 2691
7692 2692
7693 2693
7694 2694
7695 2695
7696 2696
7697 2697
7698 2698
7699 2699
7700 2700
7701 2701
7702 2702
7703 2703
7704 2704
7705 2705
7706 2706
7707 2707
7708 2708
7709 2709
7710 2710
7711 2711
7712 2712
7713 2713
7714 2714
7715 2715
7716 2716
7717 2717
7718 2718
7719 2719
7720 2720
7721 2721
7722 2722
7723 2723
7724 2724
7725 2725
7726 2726
7727 2727
7728 2728
7729 2729
7730 2730
7731 2731
7732 2732
7733 2733
7734 2734
7735 2735
7736 2736
7737 2737
7738 2738
7739 2739
7740 2740
7741 2741
7742 2742
7743 2743
7744 2744
7745 2745
7746 2746
7747 2747
7748 2748
7749 2749
7750 2750
7751 2751
7752 2752
7753 2753
7754 2754
7755 2755
7756 2756
7757 2757
7758 2758
7759 2759
7760 2760
7761 2761
7762 2762
7763 2763
7764 2764
7765 2765
7766 2766
7767 2767
7768 2768
7769 2769
7770 2770
7771 2771
7772 2772
7773 2773
7774 2774
7775 2775
7776 2776
7777 2777
7778 2778
7779 2779
7780 2780
7781 2781
7782 2782
7783 2783
7784 2784
7785 2785
7786 2786
7787 2787
7788 2788
7789 2789
7790 2790
7791 2791
7792 2792
7793 2793
7794 2794
7795 2795
7796 2796
7797 2797
7798 2798
7799 2799
7800 2800
7801 2801
7802 2802
7803 2803
7804 2804
7805 2805
7806 2806
7807 2807
7808 2808
7809 2809
7810 2810
7811 2811
7812 2812
7813 2813
7814 2814
7815 2815
7816 2816
7817 2817
7818 2818
7819 2819
7820 2820
7821 2821
7822 2822
7823 2823
7824 2824
7825 2825
7826 2826
7827 2827
7828 2828
7829 2829
7830 2830
7831 2831
7832 2832
7833 2833
7834 2834
7835 2835
7836 2836
7837 2837
7838 2838
7839 2839
7840 2840
7841 2841
7842 2842
7843 2843
7844 2844
7845 2845
7846 2846
7847 2847
7848 2848
7849 2849
7850 2850
7851 2851
7852 2852
7853 2853
7854 2854
7855 2855
7856 2856
7857 2857
7858 2858
7859 2859
7860 2860
7861 2861
7862 2862
7863 2863
7864 2864
7865 2865
7866 2866
7867 2867
7868 2868
7869 2869
7870 2870
7871 2871
7872 2872
7873 2873
7874 2874
7875 2875
7876 2876
7877 2877
7878 2878
7879 2879
7880 2880
7881 2881
7882 2882
7883 2883
7884 2884
7885 2885
7886 2886
7887 2887
7888 2888
7889 2889
7890 2890
7891 2891
7892 2892
7893 2893
7894 2894
7895 2895
7896 2896
7897 2897
7898 2898
7899 2899
7900 2900
7901 2901
7902 2902
7903 2903
7904 2904
7905 2905
7906 2906
7907 2907
7908 2908
7909 2909
7910 2910
7911 2911
7912 2912
7913 2913
7914 2914
7915 2915
7916 2916
7917 2917
7918 2918
7919 2919
7920 2920
7921 2921
7922 2922
7923 2923
7924 2924
7925 2925
7926 2926
7927 2927
7928 2928
7929 2929
7930 2930
7931 2931
7932 2932
7933 2933
7934 2934
7935 2935
7936 2936
7937 2937
7938 2938
7939 2939
7940 2940
7941 2941
7942 2942
7943 2943
7944 2944
7945 2945
7946 2946
7947 2947
7948 2948
7949 2949
7950 2950
7951 2951
7952 2952
7953 2953
7954 2954
7955 2955
7956 2956
7957 2957
7958 2958
7959 2959
7960 2960
7961 2961
7962 2962
7963 2963
7964 2964
7965 2965
7966 2966
7967 2967
7968 2968
7969 2969
7970 2970
7971 2971
7972 2972
7973 2973
7974 2974
7975 2975
7976 2976
7977 2977
7978 2978
7979 2979
7980 2980
7981 2981
7982 2982
7983 2983
7984 2984
7985 2985
7986 2986
7987 2987
7988 2988
7989 2989
7990 2990
7991 2991
7992 2992
7993 2993
7994 2994
7995 2995
7996 2996
7997 2997
7998 2998
7999 2999
8000 3000
8001 3001
8002 3002
8003 3003
8004 3004
8005 3005
8006 3006
8007 3007
8008 3008
8009 3009
8010 3010
8011 3011
8012 3012
8013 3013
8014 3014
8015 3015
8016 3016
8017 3017
8018 3018
8019 3019
8020 3020
8021 3021
8022 3022
8023 3023
8024 3024
8025 3025
8026 3026
8027 3027
8028 3028
8029 3029
8030 3030
8031 3031
8032 3032
8033 3033
8034 3034
8035 3035
8036 3036
8037 3037
8038 3038
8039 3039
8040 3040
8041 3041
8042 3042
8043 3043
8044 3044
8045 3045
8046 3046
8047 3047
8048 3048
8049 3049
8050 3050
8051 3051
8052 3052
8053 3053
8054 3054
8055 3055
8056 3056
8057 3057
8058 3058
8059 3059
8060 3060
8061 3061
8062 3062
8063 3063
8064 3064
8065 3065
8066 3066
8067 3067
8068 3068
8069 3069
8070 3070
8071 3071
8072 3072
8073 3073
8074 3074
8075 3075
8076 3076
8077 3077
8078 3078
8079 3079
8080 3080
8081 3081
8082 3082
8083 3083
8084 3084
8085 3085
8086 3086
8087 3087
8088 3088
8089 3089
8090 3090
8091 3091
8092 3092
8093 3093
8094 3094
8095 3095
8096 3096
8097 3097
8098 3098
8099 3099
8100 3100
8101 3101
8102 3102
8103 3103
8104 3104
8105 3105
8106 3106
8107 3107
8108 3108
8109 3109
8110 3110
8111 3111
8112 3112
8113 3113
8114 3114
8115 3115
8116 3116
8117 3117
8118 3118
8119 3119
8120 3120
8121 3121
8122 3122
8123 3123
8124 3124
8125 3125
8126 3126
8127 3127
8128 3128
8129 3129
8130 3130
8131 3131
8132 3132
8133 3133
8134 3134
8135 3135
8136 3136
8137 3137
8138 3138
8139 3139
8140 3140
8141 3141
8142 3142
8143 3143
8144 3144
8145 3145
8146 3146
8147 3147
8148 3148
8149 3149
8150 3150
8151 3151
8152 3152
8153 3153
8154 3154
8155 3155
8156 3156
8157 3157
8158 3158
8159 3159
8160 3160
8161 3161
8162 3162
8163 3163
8164 3164
8165 3165
8166 3166
8167 3167
8168 3168
8169 3169
8170 3170
8171 3171
8172 3172
8173 3173
8174 3174
8175 3175
8176 3176
8177 3177
8178 3178
8179 3179
8180 3180
8181 3181
8182 3182
8183 3183
8184 3184
8185 3185
8186 3186
8187 3187
8188 3188
8189 3189
8190 3190
8191 3191
8192 3192
8193 3193
8194 3194
8195 3195
8196 3196
8197 3197
8198 3198
8199 3199
8200 3200
8201 3201
8202 3202
8203 3203
8204 3204
8205 3205
8206 3206
8207 3207
8208 3208
8209 3209
8210 3210
8211 3211
8212 3212
8213 3213
8214 3214
8215 3215
8216 3216
8217 3217
8218 3218
8219 3219
8220 3220
8221 3221
8222 3222
8223 3223
8224 3224
8225 3225
8226 3226
8227 3227
8228 3228
8229 3229
8230 3230
8231 3231
8232 3232
8233 3233
8234 3234
8235 3235
8236 3236
8237 3237
8238 3238
8239 3239
8240 3240
8241 3241
8242 3242
8243 3243
8244 3244
8245 3245
8246 3246
8247 3247
8248 3248
8249 3249
8250 3250
8251 3251
8252 3252
8253 3253
8254 3254
8255 3255
8256 3256
8257 3257
8258 3258
8259 3259
8260 3260
8261 3261
8262 3262
8263 3263
8264 3264
8265 3265
8266 3266
8267 3267
8268 3268
8269 3269
8270 3270
8271 3271
8272 3272
8273 3273
8274 3274
8275 3275
8276 3276
8277 3277
8278 3278
8279 3279
8280 3280
8281 3281
8282 3282
8283 3283
8284 3284
8285 3285
8286 3286
8287 3287
8288 3288
8289 3289
8290 3290
8291 3291
8292 3292
8293 3293
8294 3294
8295 3295
8296 3296
8297 3297
8298 3298
8299 3299
8300 3300
8301 3301
8302 3302
8303 3303
8304 3304
8305 3305
8306 3306
8307 3307
8308 3308
8309 3309
8310 3310
8311 3311
8312 3312
8313 3313
8314 3314
8315 3315
8316 3316
8317 3317
8318 3318
8319 3319
8320 3320
8321 3321
8322 3322
8323 3323
8324 3324
8325 3325
8326 3326
8327 3327
8328 3328
8329 3329
8330 3330
8331 3331
8332 3332
8333 3333
8334 3334
8335 3335
8336 3336
8337 3337
8338 3338
8339 3339
8340 3340
8341 3341
8342 3342
8343 3343
8344 3344
8345 3345
8346 3346
8347 3347
8348 3348
8349 3349
8350 3350
8351 3351
8352 3352
8353 3353
8354 3354
8355 3355
8356 3356
8357 3357
8358 3358
8359 3359
8360 3360
8361 3361
8362 3362
8363 3363
8364 3364
8365 3365
8366 3366
8367 3367
8368 3368
8369 3369
8370 3370
8371 3371
8372 3372
8373 3373
8374 3374
8375 3375
8376 3376
8377 3377
8378 3378
8379 3379
8380 3380
8381 3381
8382 3382
8383 3383
8384 3384
8385 3385
8386 3386
8387 3387
8388 3388
8389 3389
8390 3390
8391 3391
8392 3392
8393 3393
8394 3394
8395 3395
8396 3396
8397 3397
8398 3398
8399 3399
8400 3400
8401 3401
8402 3402
8403 3403
8404 3404
8405 3405
8406 3406
8407 3407
8408 3408
8409 3409
8410 3410
8411 3411
8412 3412
8413 3413
8414 3414
8415 3415
8416 3416
8417 3417
8418 3418
8419 3419
8420 3420
8421 3421
8422 3422
8423 3423
8424 3424
8425 3425
8426 3426
8427 3427
8428 3428
8429 3429
8430 3430
8431 3431
8432 3432
8433 3433
8434 3434
8435 3435
8436 3436
8437 3437
8438 3438
8439 3439
8440 3440
8441 3441
8442 3442
8443 3443
8444 3444
8445 3445
8446 3446
8447 3447
8448 3448
8449 3449
8450 3450
8451 3451
8452 3452
8453 3453
8454 3454
8455 3455
8456 3456
8457 3457
8458 3458
8459 3459
8460 3460
8461 3461
8462 3462
8463 3463
8464 3464
8465 3465
8466 3466
8467 3467
8468 3468
8469 3469
8470 3470
8471 3471
8472 3472
8473 3473
8474 3474
8475 3475
8476 3476
8477 3477
8478 3478
8479 3479
8480 3480
8481 3481
8482 3482
8483 3483
8484 3484
8485 3485
8486 3486
8487 3487
8488 3488
8489 3489
8490 3490
8491 3491
8492 3492
8493 3493
8494 3494
8495 3495
8496 3496
8497 3497
8498 3498
8499 3499
8500 3500
8501 3501
8502 3502
8503 3503
8504 3504
8505 3505
8506 3506
8507 3507
8508 3508
8509 3509
8510 3510
8511 3511
8512 3512
8513 3513
8514 3514
8515 3515
8516 3516
8517 3517
8518 3518
8519 3519
8520 3520
8521 3521
8522 3522
8523 3523
8524 3524
8525 3525
8526 3526
8527 3527
8528 3528
8529 3529
8530 3530
8531 3531
8532 3532
8533 3533
8534 3534
8535 3535
8536 3536
8537 3537
8538 3538
8539 3539
8540 3540
8541 3541
8542 3542
8543 3543
8544 3544
8545 3545
8546 3546
8547 3547
8548 3548
8549 3549
8550 3550
8551 3551
8552 3552
8553 3553
8554 3554
8555 3555
8556 3556
8557 3557
8558 3558
8559 3559
8560 3560
8561 3561
8562 3562
8563 3563
8564 3564
8565 3565
8566 3566
8567 3567
8568 3568
8569 3569
8570 3570
8571 3571
8572 3572
8573 3573
8574 3574
8575 3575
8576 3576
8577 3577
8578 3578
8579 3579
8580 3580
8581 3581
8582 3582
8583 3583
8584 3584
8585 3585
8586 3586
8587 3587
8588 3588
8589 3589
8590 3590
8591 3591
8592 3592
8593 3593
8594 3594
8595 3595
8596 3596
8597 3597
8598 3598
8599 3599
8600 3600
8601 3601
8602 3602
8603 3603
8604 3604
8605 3605
8606 3606
8607 3607
8608 3608
8609 3609
8610 3610
8611 3611
8612 3612
8613 3613
8614 3614
8615 3615
8616 3616
8617 3617
8618 3618
8619 3619
8620 3620
8621 3621
8622 3622
8623 3623
8624 3624
8625 3625
8626 3626
8627 3627
8628 3628
8629 3629
8630 3630
8631 3631
8632 3632
8633 3633
8634 3634
8635 3635
8636 3636
8637 3637
8638 3638
8639 3639
8640 3640
8641 3641
8642 3642
8643 3643
8644 3644
8645 3645
8646 3646
8647 3647
8648 3648
8649 3649
8650 3650
8651 3651
8652 3652
8653 3653
8654 3654
8655 3655
8656 3656
8657 3657
8658 3658
8659 3659
8660 3660
8661 3661
8662 3662
8663 3663
8664 3664
8665 3665
8666 3666
8667 3667
8668 3668
8669 3669
8670 3670
8671 3671
8672 3672
8673 3673
8674 3674
8675 3675
8676 3676
8677 3677
8678 3678
8679 3679
8680 3680
8681 3681
8682 3682
8683 3683
8684 3684
8685 3685
8686 3686
8687 3687
8688 3688
8689 3689
8690 3690
8691 3691
8692 3692
8693 3693
8694 3694
8695 3695
8696 3696
8697 3697
8698 3698
8699 3699
8700 3700
8701 3701
8702 3702
8703 3703
8704 3704
8705 3705
8706 3706
8707 3707
8708 3708
8709 3709
8710 3710
8711 3711
8712 3712
8713 3713
8714 3714
8715 3715
8716 3716
8717 3717
8718 3718
8719 3719
8720 3720
8721 3721
8722 3722
8723 3723
8724 3724
8725 3725
8726 3726
8727 3727
8728 3728
8729 3729
8730 3730
8731 3731
8732 3732
8733 3733
8734 3734
8735 3735
8736 3736
8737 3737
8738 3738
8739 3739
8740 3740
8741 3741
8742 3742
8743 3743
8744 3744
8745 3745
8746 3746
8747 3747
8748 3748
8749 3749
8750 3750
8751 3751
8752 3752
8753 3753
8754 3754
8755 3755
8756 3756
8757 3757
8758 3758
8759 3759
8760 3760
8761 3761
8762 3762
8763 3763
8764 3764
8765 3765
8766 3766
8767 3767
8768 3768
8769 3769
8770 3770
8771 3771
8772 3772
8773 3773
8774 3774
8775 3775
8776 3776
8777 3777
8778 3778
8779 3779
8780 3780
8781 3781
8782 3782
8783 3783
8784 3784
8785 3785
8786 3786
8787 3787
8788 3788
8789 3789
8790 3790
8791 3791
8792 3792
8793 3793
8794 3794
8795 3795
8796 3796
8797 3797
8798 3798
8799 3799
8800 3800
8801 3801
8802 3802
8803 3803
8804 3804
8805 3805
8806 3806
8807 3807
8808 3808
8809 3809
8810 3810
8811 3811
8812 3812
8813 3813
8814 3814
8815 3815
8816 3816
8817 3817
8818 3818
8819 3819
8820 3820
8821 3821
8822 3822
8823 3823
8824 3824
8825 3825
8826 3826
8827 3827
8828 3828
8829 3829
8830 3830
8831 3831
8832 3832
8833 3833
8834 3834
8835 3835
8836 3836
8837 3837
8838 3838
8839 3839
8840 3840
8841 3841
8842 3842
8843 3843
8844 3844
8845 3845
8846 3846
8847 3847
8848 3848
8849 3849
8850 3850
8851 3851
8852 3852
8853 3853
8854 3854
8855 3855
8856 3856
8857 3857
8858 3858
8859 3859
8860 3860
8861 3861
8862 3862
8863 3863
8864 3864
8865 3865
8866 3866
8867 3867
8868 3868
8869 3869
8870 3870
8871 3871
8872 3872
8873 3873
8874 3874
8875 3875
8876 3876
8877 3877
8878 3878
8879 3879
8880 3880
8881 3881
8882 3882
8883 3883
8884 3884
8885 3885
8886 3886
8887 3887
8888 3888
8889 3889
8890 3890
8891 3891
8892 3892
8893 3893
8894 3894
8895 3895
8896 3896
8897 3897
8898 3898
8899 3899
8900 3900
8901 3901
8902 3902
8903 3903
8904 3904
8905 3905
8906 3906
8907 3907
8908 3908
8909 3909
8910 3910
8911 3911
8912 3912
8913 3913
8914 3914
8915 3915
8916 3916
8917 3917
8918 3918
8919 3919
8920 3920
8921 3921
8922 3922
8923 3923
8924 3924
8925 3925
8926 3926
8927 3927
8928 3928
8929 3929
8930 3930
8931 3931
8932 3932
8933 3933
8934 3934
8935 3935
8936 3936
8937 3937
8938 3938
8939 3939
8940 3940
8941 3941
8942 3942
8943 3943
8944 3944
8945 3945
8946 3946
8947 3947
8948 3948
8949 3949
8950 3950
8951 3951
8952 3952
8953 3953
8954 3954
8955 3955
8956 3956
8957 3957
8958 3958
8959 3959
8960 3960
8961 3961
8962 3962
8963 3963
8964 3964
8965 3965
8966 3966
8967 3967
8968 3968
8969 3969
8970 3970
8971 3971
8972 3972
8973 3973
8974 3974
8975 3975
8976 3976
8977 3977
8978 3978
8979 3979
8980 3980
8981 3981
8982 3982
8983 3983
8984 3984
8985 3985
8986 3986
8987 3987
8988 3988
8989 3989
8990 3990
8991 3991
8992 3992
8993 3993
8994 3994
8995 3995
8996 3996
8997 3997
8998 3998
8999 3999
9000 4000
9001 4001
9002 4002
9003 4003
9004 4004
9005 4005
9006 4006
9007 4007
9008 4008
9009 4009
9010 4010
9011 4011
9012 4012
9013 4013
9014 4014
9015 4015
9016 4016
9017 4017
9018 4018
9019 4019
9020 4020
9021 4021
9022 4022
9023 4023
9024 4024
9025 4025
9026 4026
9027 4027
9028 4028
9029 4029
9030 4030
9031 4031
9032 4032
9033 4033
9034 4034
9035 4035
9036 4036
9037 4037
9038 4038
9039 4039
9040 4040
9041 4041
9042 4042
9043 4043
9044 4044
9045 4045
9046 4046
9047 4047
9048 4048
9049 4049
9050 4050
9051 4051
9052 4052
9053 4053
9054 4054
9055 4055
9056 4056
9057 4057
9058 4058
9059 4059
9060 4060
9061 4061
9062 4062
9063 4063
9064 4064
9065 4065
9066 4066
9067 4067
9068 4068
9069 4069
9070 4070
9071 4071
9072 4072
9073 4073
9074 4074
9075 4075
9076 4076
9077 4077
9078 4078
9079 4079
9080 4080
9081 4081
9082 4082
9083 4083
9084 4084
9085 4085
9086 4086
9087 4087
9088 4088
9089 4089
9090 4090
9091 4091
9092 4092
9093 4093
9094 4094
9095 4095
9096 4096
9097 4097
9098 4098
9099 4099
9100 4100
9101 4101
9102 4102
9103 4103
9104 4104
9105 4105
9106 4106
9107 4107
9108 4108
9109 4109
9110 4110
9111 4111
9112 4112
9113 4113
9114 4114
9115 4115
9116 4116
9117 4117
9118 4118
9119 4119
9120 4120
9121 4121
9122 4122
9123 4123
9124 4124
9125 4125
9126 4126
9127 4127
9128 4128
9129 4129
9130 4130
9131 4131
9132 4132
9133 4133
9134 4134
9135 4135
9136 4136
9137 4137
9138 4138
9139 4139
9140 4140
9141 4141
9142 4142
9143 4143
9144 4144
9145 4145
9146 4146
9147 4147
9148 4148
9149 4149
9150 4150
9151 4151
9152 4152
9153 4153
9154 4154
9155 4155
9156 4156
9157 4157
9158 4158
9159 4159
9160 4160
9161 4161
9162 4162
9163 4163
9164 4164
9165 4165
9166 4166
9167 4167
9168 4168
9169 4169
9170 4170
9171 4171
9172 4172
9173 4173
9174 4174
9175 4175
9176 4176
9177 4177
9178 4178
9179 4179
9180 4180
9181 4181
9182 4182
9183 4183
9184 4184
9185 4185
9186 4186
9187 4187
9188 4188
9189 4189
9190 4190
9191 4191
9192 4192
9193 4193
9194 4194
9195 4195
9196 4196
9197 4197
9198 4198
9199 4199
9200 4200
9201 4201
9202 4202
9203 4203
9204 4204
9205 4205
9206 4206
9207 4207
9208 4208
9209 4209
9210 4210
9211 4211
9212 4212
9213 4213
9214 4214
9215 4215
9216 4216
9217 4217
9218 4218
9219 4219
9220 4220
9221 4221
9222 4222
9223 4223
9224 4224
9225 4225
9226 4226
9227 4227
9228 4228
9229 4229
9230 4230
9231 4231
9232 4232
9233 4233
9234 4234
9235 4235
9236 4236
9237 4237
9238 4238
9239 4239
9240 4240
9241 4241
9242 4242
9243 4243
9244 4244
9245 4245
9246 4246
9247 4247
9248 4248
9249 4249
9250 4250
9251 4251
9252 4252
9253 4253
9254 4254
9255 4255
9256 4256
9257 4257
9258 4258
9259 4259
9260 4260
9261 4261
9262 4262
9263 4263
9264 4264
9265 4265
9266 4266
9267 4267
9268 4268
9269 4269
9270 4270
9271 4271
9272 4272
9273 4273
9274 4274
9275 4275
9276 4276
9277 4277
9278 4278
9279 4279
9280 4280
9281 4281
9282 4282
9283 4283
9284 4284
9285 4285
9286 4286
9287 4287
9288 4288
9289 4289
9290 4290
9291 4291
9292 4292
9293 4293
9294 4294
9295 4295
9296 4296
9297 4297
9298 4298
9299 4299
9300 4300
9301 4301
9302 4302
9303 4303
9304 4304
9305 4305
9306 4306
9307 4307
9308 4308
9309 4309
9310 4310
9311 4311
9312 4312
9313 4313
9314 4314
9315 4315
9316 4316
9317 4317
9318 4318
9319 4319
9320 4320
9321 4321
9322 4322
9323 4323
9324 4324
9325 4325
9326 4326
9327 4327
9328 4328
9329 4329
9330 4330
9331 4331
9332 4332
9333 4333
9334 4334
9335 4335
9336 4336
9337 4337
9338 4338
9339 4339
9340 4340
9341 4341
9342 4342
9343 4343
9344 4344
9345 4345
9346 4346
9347 4347
9348 4348
9349 4349
9350 4350
9351 4351
9352 4352
9353 4353
9354 4354
9355 4355
9356 4356
9357 4357
9358 4358
9359 4359
9360 4360
9361 4361
9362 4362
9363 4363
9364 4364
9365 4365
9366 4366
9367 4367
9368 4368
9369 4369
9370 4370
9371 4371
9372 4372
9373 4373
9374 4374
9375 4375
9376 4376
9377 4377
9378 4378
9379 4379
9380 4380
9381 4381
9382 4382
9383 4383
9384 4384
9385 4385
9386 4386
9387 4387
9388 4388
9389 4389
9390 4390
9391 4391
9392 4392
9393 4393
9394 4394
9395 4395
9396 4396
9397 4397
9398 4398
9399 4399
9400 4400
9401 4401
9402 4402
9403 4403
9404 4404
9405 4405
9406 4406
9407 4407
9408 4408
9409 4409
9410 4410
9411 4411
9412 4412
9413 4413
9414 4414
9415 4415
9416 4416
9417 4417
9418 4418
9419 4419
9420 4420
9421 4421
9422 4422
9423 4423
9424 4424
9425 4425
9426 4426
9427 4427
9428 4428
9429 4429
9430 4430
9431 4431
9432 4432
9433 4433
9434 4434
9435 4435
9436 4436
9437 4437
9438 4438
9439 4439
9440 4440
9441 4441
9442 4442
9443 4443
9444 4444
9445 4445
9446 4446
9447 4447
9448 4448
9449 4449
9450 4450
9451 4451
9452 4452
9453 4453
9454 4454
9455 4455
9456 4456
9457 4457
9458 4458
9459 4459
9460 4460
9461 4461
9462 4462
9463 4463
9464 4464
9465 4465
9466 4466
9467 4467
9468 4468
9469 4469
9470 4470
9471 4471
9472 4472
9473 4473
9474 4474
9475 4475
9476 4476
9477 4477
9478 4478
9479 4479
9480 4480
9481 4481
9482 4482
9483 4483
9484 4484
9485 4485
9486 4486
9487 4487
9488 4488
9489 4489
9490 4490
9491 4491
9492 4492
9493 4493
9494 4494
9495 4495
9496 4496
9497 4497
9498 4498
9499 4499
9500 4500
9501 4501
9502 4502
9503 4503
9504 4504
9505 4505
9506 4506
9507 4507
9508 4508
9509 4509
9510 4510
9511 4511
9512 4512
9513 4513
9514 4514
9515 4515
9516 4516
9517 4517
9518 4518
9519 4519
9520 4520
9521 4521
9522 4522
9523 4523
9524 4524
9525 4525
9526 4526
9527 4527
9528 4528
9529 4529
9530 4530
9531 4531
9532 4532
9533 4533
9534 4534
9535 4535
9536 4536
9537 4537
9538 4538
9539 4539
9540 4540
9541 4541
9542 4542
9543 4543
9544 4544
9545 4545
9546 4546
9547 4547
9548 4548
9549 4549
9550 4550
9551 4551
9552 4552
9553 4553
9554 4554
9555 4555
9556 4556
9557 4557
9558 4558
9559 4559
9560 4560
9561 4561
9562 4562
9563 4563
9564 4564
9565 4565
9566 4566
9567 4567
9568 4568
9569 4569
9570 4570
9571 4571
9572 4572
9573 4573
9574 4574
9575 4575
9576 4576
9577 4577
9578 4578
9579 4579
9580 4580
9581 4581
9582 4582
9583 4583
9584 4584
9585 4585
9586 4586
9587 4587
9588 4588
9589 4589
9590 4590
9591 4591
9592 4592
9593 4593
9594 4594
9595 4595
9596 4596
9597 4597
9598 4598
9599 4599
9600 4600
9601 4601
9602 4602
9603 4603
9604 4604
9605 4605
9606 4606
9607 4607
9608 4608
9609 4609
9610 4610
9611 4611
9612 4612
9613 4613
9614 4614
9615 4615
9616 4616
9617 4617
9618 4618
9619 4619
9620 4620
9621 4621
9622 4622
9623 4623
9624 4624
9625 4625
9626 4626
9627 4627
9628 4628
9629 4629
9630 4630
9631 4631
9632 4632
9633 4633
9634 4634
9635 4635
9636 4636
9637 4637
9638 4638
9639 4639
9640 4640
9641 4641
9642 4642
9643 4643
9644 4644
9645 4645
9646 4646
9647 4647
9648 4648
9649 4649
9650 4650
9651 4651
9652 4652
9653 4653
9654 4654
9655 4655
9656 4656
9657 4657
9658 4658
9659 4659
9660 4660
9661 4661
9662 4662
9663 4663
9664 4664
9665 4665
9666 4666
9667 4667
9668 4668
9669 4669
9670 4670
9671 4671
9672 4672
9673 4673
9674 4674
9675 4675
9676 4676
9677 4677
9678 4678
9679 4679
9680 4680
9681 4681
9682 4682
9683 4683
9684 4684
9685 4685
9686 4686
9687 4687
9688 4688
9689 4689
9690 4690
9691 4691
9692 4692
9693 4693
9694 4694
9695 4695
9696 4696
9697 4697
9698 4698
9699 4699
9700 4700
9701 4701
9702 4702
9703 4703
9704 4704
9705 4705
9706 4706
9707 4707
9708 4708
9709 4709
9710 4710
9711 4711
9712 4712
9713 4713
9714 4714
9715 4715
9716 4716
9717 4717
9718 4718
9719 4719
9720 4720
9721 4721
9722 4722
9723 4723
9724 4724
9725 4725
9726 4726
9727 4727
9728 4728
9729 4729
9730 4730
9731 4731
9732 4732
9733 4733
9734 4734
9735 4735
9736 4736
9737 4737
9738 4738
9739 4739
9740 4740
9741 4741
9742 4742
9743 4743
9744 4744
9745 4745
9746 4746
9747 4747
9748 4748
9749 4749
9750 4750
9751 4751
9752 4752
9753 4753
9754 4754
9755 4755
9756 4756
9757 4757
9758 4758
9759 4759
9760 4760
9761 4761
9762 4762
9763 4763
9764 4764
9765 4765
9766 4766
9767 4767
9768 4768
9769 4769
9770 4770
9771 4771
9772 4772
9773 4773
9774 4774
9775 4775
9776 4776
9777 4777
9778 4778
9779 4779
9780 4780
9781 4781
9782 4782
9783 4783
9784 4784
9785 4785
9786 4786
9787 4787
9788 4788
9789 4789
9790 4790
9791 4791
9792 4792
9793 4793
9794 4794
9795 4795
9796 4796
9797 4797
9798 4798
9799 4799
9800 4800
9801 4801
9802 4802
9803 4803
9804 4804
9805 4805
9806 4806
9807 4807
9808 4808
9809 4809
9810 4810
9811 4811
9812 4812
9813 4813
9814 4814
9815 4815
9816 4816
9817 4817
9818 4818
9819 4819
9820 4820
9821 4821
9822 4822
9823 4823
9824 4824
9825 4825
9826 4826
9827 4827
9828 4828
9829 4829
9830 4830
9831 4831
9832 4832
9833 4833
9834 4834
9835 4835
9836 4836
9837 4837
9838 4838
9839 4839
9840 4840
9841 4841
9842 4842
9843 4843
9844 4844
9845 4845
9846 4846
9847 4847
9848 4848
9849 4849
9850 4850
9851 4851
9852 4852
9853 4853
9854 4854
9855 4855
9856 4856
9857 4857
9858 4858
9859 4859
9860 4860
9861 4861
9862 4862
9863 4863
9864 4864
9865 4865
9866 4866
9867 4867
9868 4868
9869 4869
9870 4870
9871 4871
9872 4872
9873 4873
9874 4874
9875 4875
9876 4876
9877 4877
9878 4878
9879 4879
9880 4880
9881 4881
9882 4882
9883 4883
9884 4884
9885 4885
9886 4886
9887 4887
9888 4888
9889 4889
9890 4890
9891 4891
9892 4892
9893 4893
9894 4894
9895 4895
9896 4896
9897 4897
9898 4898
9899 4899
9900 4900
9901 4901
9902 4902
9903 4903
9904 4904
9905 4905
9906 4906
9907 4907
9908 4908
9909 4909
9910 4910
9911 4911
9912 4912
9913 4913
9914 4914
9915 4915
9916 4916
9917 4917
9918 4918
9919 4919
9920 4920
9921 4921
9922 4922
9923 4923
9924 4924
9925 4925
9926 4926
9927 4927
9928 4928
9929 4929
9930 4930
9931 4931
9932 4932
9933 4933
9934 4934
9935 4935
9936 4936
9937 4937
9938 4938
9939 4939
9940 4940
9941 4941
9942 4942
9943 4943
9944 4944
9945 4945
9946 4946
9947 4947
9948 4948
9949 4949
9950 4950
9951 4951
9952 4952
9953 4953
9954 4954
9955 4955
9956 4956
9957 4957
9958 4958
9959 4959
9960 4960
9961 4961
9962 4962
9963 4963
9964 4964
9965 4965
9966 4966
9967 4967
9968 4968
9969 4969
9970 4970
9971 4971
9972 4972
9973 4973
9974 4974
9975 4975
9976 4976
9977 4977
9978 4978
9979 4979
9980 4980
9981 4981
9982 4982
9983 4983
9984 4984
9985 4985
9986 4986
9987 4987
9988 4988
9989 4989
9990 4990
9991 4991
9992 4992
9993 4993
9994 4994
9995 4995
9996 4996
9997 4997
9998 4998
9999 4999
10000 5000
5000 5001
4999 5002
4998 5003
4997 5004
4996 5005
4995 5006
4994 5007
4993 5008
4992 5009
4991 5010
4990 5011
4989 5012
4988 5013
4987 5014
4986 5015
4985 5016
4984 5017
4983 5018
4982 5019
4981 5020
4980 5021
4979 5022
4978 5023
4977 5024
4976 5025
4975 5026
4974 5027
4973 5028
4972 5029
4971 5030
4970 5031
4969 5032
4968 5033
4967 5034
4966 5035
4965 5036
4964 5037
4963 5038
4962 5039
4961 5040
4960 5041
4959 5042
4958 5043
4957 5044
4956 5045
4955 5046
4954 5047
4953 5048
4952 5049
4951 5050
4950 5051
4949 5052
4948 5053
4947 5054
4946 5055
4945 5056
4944 5057
4943 5058
4942 5059
4941 5060
4940 5061
4939 5062
4938 5063
4937 5064
4936 5065
4935 5066
4934 5067
4933 5068
4932 5069
4931 5070
4930 5071
4929 5072
4928 5073
4927 5074
4926 5075
4925 5076
4924 5077
4923 5078
4922 5079
4921 5080
4920 5081
4919 5082
4918 5083
4917 5084
4916 5085
4915 5086
4914 5087
4913 5088
4912 5089
4911 5090
4910 5091
4909 5092
4908 5093
4907 5094
4906 5095
4905 5096
4904 5097
4903 5098
4902 5099
4901 5100
4900 5101
4899 5102
4898 5103
4897 5104
4896 5105
4895 5106
4894 5107
4893 5108
4892 5109
4891 5110
4890 5111
4889 5112
4888 5113
4887 5114
4886 5115
4885 5116
4884 5117
4883 5118
4882 5119
4881 5120
4880 5121
4879 5122
4878 5123
4877 5124
4876 5125
4875 5126
4874 5127
4873 5128
4872 5129
4871 5130
4870 5131
4869 5132
4868 5133
4867 5134
4866 5135
4865 5136
4864 5137
4863 5138
4862 5139
4861 5140
4860 5141
4859 5142
4858 5143
4857 5144
4856 5145
4855 5146
4854 5147
4853 5148
4852 5149
4851 5150
4850 5151
4849 5152
4848 5153
4847 5154
4846 5155
4845 5156
4844 5157
4843 5158
4842 5159
4841 5160
4840 5161
4839 5162
4838 5163
4837 5164
4836 5165
4835 5166
4834 5167
4833 5168
4832 5169
4831 5170
4830 5171
4829 5172
4828 5173
4827 5174
4826 5175
4825 5176
4824 5177
4823 5178
4822 5179
4821 5180
4820 5181
4819 5182
4818 5183
4817 5184
4816 5185
4815 5186
4814 5187
4813 5188
4812 5189
4811 5190
4810 5191
4809 5192
4808 5193
4807 5194
4806 5195
4805 5196
4804 5197
4803 5198
4802 5199
4801 5200
4800 5201
4799 5202
4798 5203
4797 5204
4796 5205
4795 5206
4794 5207
4793 5208
4792 5209
4791 5210
4790 5211
4789 5212
4788 5213
4787 5214
4786 5215
4785 5216
4784 5217
4783 5218
4782 5219
4781 5220
4780 5221
4779 5222
4778 5223
4777 5224
4776 5225
4775 5226
4774 5227
4773 5228
4772 5229
4771 5230
4770 5231
4769 5232
4768 5233
4767 5234
4766 5235
4765 5236
4764 5237
4763 5238
4762 5239
4761 5240
4760 5241
4759 5242
4758 5243
4757 5244
4756 5245
4755 5246
4754 5247
4753 5248
4752 5249
4751 5250
4750 5251
4749 5252
4748 5253
4747 5254
4746 5255
4745 5256
4744 5257
4743 5258
4742 5259
4741 5260
4740 5261
4739 5262
4738 5263
4737 5264
4736 5265
4735 5266
4734 5267
4733 5268
4732 5269
4731 5270
4730 5271
4729 5272
4728 5273
4727 5274
4726 5275
4725 5276
4724 5277
4723 5278
4722 5279
4721 5280
4720 5281
4719 5282
4718 5283
4717 5284
4716 5285
4715 5286
4714 5287
4713 5288
4712 5289
4711 5290
4710 5291
4709 5292
4708 5293
4707 5294
4706 5295
4705 5296
4704 5297
4703 5298
4702 5299
4701 5300
4700 5301
4699 5302
4698 5303
4697 5304
4696 5305
4695 5306
4694 5307
4693 5308
4692 5309
4691 5310
4690 5311
4689 5312
4688 5313
4687 5314
4686 5315
4685 5316
4684 5317
4683 5318
4682 5319
4681 5320
4680 5321
4679 5322
4678 5323
4677 5324
4676 5325
4675 5326
4674 5327
4673 5328
4672 5329
4671 5330
4670 5331
4669 5332
4668 5333
4667 5334
4666 5335
4665 5336
4664 5337
4663 5338
4662 5339
4661 5340
4660 5341
4659 5342
4658 5343
4657 5344
4656 5345
4655 5346
4654 5347
4653 5348
4652 5349
4651 5350
4650 5351
4649 5352
4648 5353
4647 5354
4646 5355
4645 5356
4644 5357
4643 5358
4642 5359
4641 5360
4640 5361
4639 5362
4638 5363
4637 5364
4636 5365
4635 5366
4634 5367
4633 5368
4632 5369
4631 5370
4630 5371
4629 5372
4628 5373
4627 5374
4626 5375
4625 5376
4624 5377
4623 5378
4622 5379
4621 5380
4620 5381
4619 5382
4618 5383
4617 5384
4616 5385
4615 5386
4614 5387
4613 5388
4612 5389
4611 5390
4610 5391
4609 5392
4608 5393
4607 5394
4606 5395
4605 5396
4604 5397
4603 5398
4602 5399
4601 5400
4600 5401
4599 5402
4598 5403
4597 5404
4596 5405
4595 5406
4594 5407
4593 5408
4592 5409
4591 5410
4590 5411
4589 5412
4588 5413
4587 5414
4586 5415
4585 5416
4584 5417
4583 5418
4582 5419
4581 5420
4580 5421
4579 5422
4578 5423
4577 5424
4576 5425
4575 5426
4574 5427
4573 5428
4572 5429
4571 5430
4570 5431
4569 5432
4568 5433
4567 5434
4566 5435
4565 5436
4564 5437
4563 5438
4562 5439
4561 5440
4560 5441
4559 5442
4558 5443
4557 5444
4556 5445
4555 5446
4554 5447
4553 5448
4552 5449
4551 5450
4550 5451
4549 5452
4548 5453
4547 5454
4546 5455
4545 5456
4544 5457
4543 5458
4542 5459
4541 5460
4540 5461
4539 5462
4538 5463
4537 5464
4536 5465
4535 5466
4534 5467
4533 5468
4532 5469
4531 5470
4530 5471
4529 5472
4528 5473
4527 5474
4526 5475
4525 5476
4524 5477
4523 5478
4522 5479
4521 5480
4520 5481
4519 5482
4518 5483
4517 5484
4516 5485
4515 5486
4514 5487
4513 5488
4512 5489
4511 5490
4510 5491
4509 5492
4508 5493
4507 5494
4506 5495
4505 5496
4504 5497
4503 5498
4502 5499
4501 5500
4500 5501
4499 5502
4498 5503
4497 5504
4496 5505
4495 5506
4494 5507
4493 5508
4492 5509
4491 5510
4490 5511
4489 5512
4488 5513
4487 5514
4486 5515
4485 5516
4484 5517
4483 5518
4482 5519
4481 5520
4480 5521
4479 5522
4478 5523
4477 5524
4476 5525
4475 5526
4474 5527
4473 5528
4472 5529
4471 5530
4470 5531
4469 5532
4468 5533
4467 5534
4466 5535
4465 5536
4464 5537
4463 5538
4462 5539
4461 5540
4460 5541
4459 5542
4458 5543
4457 5544
4456 5545
4455 5546
4454 5547
4453 5548
4452 5549
4451 5550
4450 5551
4449 5552
4448 5553
4447 5554
4446 5555
4445 5556
4444 5557
4443 5558
4442 5559
4441 5560
4440 5561
4439 5562
4438 5563
4437 5564
4436 5565
4435 5566
4434 5567
4433 5568
4432 5569
4431 5570
4430 5571
4429 5572
4428 5573
4427 5574
4426 5575
4425 5576
4424 5577
4423 5578
4422 5579
4421 5580
4420 5581
4419 5582
4418 5583
4417 5584
4416 5585
4415 5586
4414 5587
4413 5588
4412 5589
4411 5590
4410 5591
4409 5592
4408 5593
4407 5594
4406 5595
4405 5596
4404 5597
4403 5598
4402 5599
4401 5600
4400 5601
4399 5602
4398 5603
4397 5604
4396 5605
4395 5606
4394 5607
4393 5608
4392 5609
4391 5610
4390 5611
4389 5612
4388 5613
4387 5614
4386 5615
4385 5616
4384 5617
4383 5618
4382 5619
4381 5620
4380 5621
4379 5622
4378 5623
4377 5624
4376 5625
4375 5626
4374 5627
4373 5628
4372 5629
4371 5630
4370 5631
4369 5632
4368 5633
4367 5634
4366 5635
4365 5636
4364 5637
4363 5638
4362 5639
4361 5640
4360 5641
4359 5642
4358 5643
4357 5644
4356 5645
4355 5646
4354 5647
4353 5648
4352 5649
4351 5650
4350 5651
4349 5652
4348 5653
4347 5654
4346 5655
4345 5656
4344 5657
4343 5658
4342 5659
4341 5660
4340 5661
4339 5662
4338 5663
4337 5664
4336 5665
4335 5666
4334 5667
4333 5668
4332 5669
4331 5670
4330 5671
4329 5672
4328 5673
4327 5674
4326 5675
4325 5676
4324 5677
4323 5678
4322 5679
4321 5680
4320 5681
4319 5682
4318 5683
4317 5684
4316 5685
4315 5686
4314 5687
4313 5688
4312 5689
4311 5690
4310 5691
4309 5692
4308 5693
4307 5694
4306 5695
4305 5696
4304 5697
4303 5698
4302 5699
4301 5700
4300 5701
4299 5702
4298 5703
4297 5704
4296 5705
4295 5706
4294 5707
4293 5708
4292 5709
4291 5710
4290 5711
4289 5712
4288 5713
4287 5714
4286 5715
4285 5716
4284 5717
4283 5718
4282 5719
4281 5720
4280 5721
4279 5722
4278 5723
4277 5724
4276 5725
4275 5726
4274 5727
4273 5728
4272 5729
4271 5730
4270 5731
4269 5732
4268 5733
4267 5734
4266 5735
4265 5736
4264 5737
4263 5738
4262 5739
4261 5740
4260 5741
4259 5742
4258 5743
4257 5744
4256 5745
4255 5746
4254 5747
4253 5748
4252 5749
4251 5750
4250 5751
4249 5752
4248 5753
4247 5754
4246 5755
4245 5756
4244 5757
4243 5758
4242 5759
4241 5760
4240 5761
4239 5762
4238 5763
4237 5764
4236 5765
4235 5766
4234 5767
4233 5768
4232 5769
4231 5770
4230 5771
4229 5772
4228 5773
4227 5774
4226 5775
4225 5776
4224 5777
4223 5778
4222 5779
4221 5780
4220 5781
4219 5782
4218 5783
4217 5784
4216 5785
4215 5786
4214 5787
4213 5788
4212 5789
4211 5790
4210 5791
4209 5792
4208 5793
4207 5794
4206 5795
4205 5796
4204 5797
4203 5798
4202 5799
4201 5800
4200 5801
4199 5802
4198 5803
4197 5804
4196 5805
4195 5806
4194 5807
4193 5808
4192 5809
4191 5810
4190 5811
4189 5812
4188 5813
4187 5814
4186 5815
4185 5816
4184 5817
4183 5818
4182 5819
4181 5820
4180 5821
4179 5822
4178 5823
4177 5824
4176 5825
4175 5826
4174 5827
4173 5828
4172 5829
4171 5830
4170 5831
4169 5832
4168 5833
4167 5834
4166 5835
4165 5836
4164 5837
4163 5838
4162 5839
4161 5840
4160 5841
4159 5842
4158 5843
4157 5844
4156 5845
4155 5846
4154 5847
4153 5848
4152 5849
4151 5850
4150 5851
4149 5852
4148 5853
4147 5854
4146 5855
4145 5856
4144 5857
4143 5858
4142 5859
4141 5860
4140 5861
4139 5862
4138 5863
4137 5864
4136 5865
4135 5866
4134 5867
4133 5868
4132 5869
4131 5870
4130 5871
4129 5872
4128 5873
4127 5874
4126 5875
4125 5876
4124 5877
4123 5878
4122 5879
4121 5880
4120 5881
4119 5882
4118 5883
4117 5884
4116 5885
4115 5886
4114 5887
4113 5888
4112 5889
4111 5890
4110 5891
4109 5892
4108 5893
4107 5894
4106 5895
4105 5896
4104 5897
4103 5898
4102 5899
4101 5900
4100 5901
4099 5902
4098 5903
4097 5904
4096 5905
4095 5906
4094 5907
4093 5908
4092 5909
4091 5910
4090 5911
4089 5912
4088 5913
4087 5914
4086 5915
4085 5916
4084 5917
4083 5918
4082 5919
4081 5920
4080 5921
4079 5922
4078 5923
4077 5924
4076 5925
4075 5926
4074 5927
4073 5928
4072 5929
4071 5930
4070 5931
4069 5932
4068 5933
4067 5934
4066 5935
4065 5936
4064 5937
4063 5938
4062 5939
4061 5940
4060 5941
4059 5942
4058 5943
4057 5944
4056 5945
4055 5946
4054 5947
4053 5948
4052 5949
4051 5950
4050 5951
4049 5952
4048 5953
4047 5954
4046 5955
4045 5956
4044 5957
4043 5958
4042 5959
4041 5960
4040 5961
4039 5962
4038 5963
4037 5964
4036 5965
4035 5966
4034 5967
4033 5968
4032 5969
4031 5970
4030 5971
4029 5972
4028 5973
4027 5974
4026 5975
4025 5976
4024 5977
4023 5978
4022 5979
4021 5980
4020 5981
4019 5982
4018 5983
4017 5984
4016 5985
4015 5986
4014 5987
4013 5988
4012 5989
4011 5990
4010 5991
4009 5992
4008 5993
4007 5994
4006 5995
4005 5996
4004 5997
4003 5998
4002 5999
4001 6000
4000 6001
3999 6002
3998 6003
3997 6004
3996 6005
3995 6006
3994 6007
3993 6008
3992 6009
3991 6010
3990 6011
3989 6012
3988 6013
3987 6014
3986 6015
3985 6016
3984 6017
3983 6018
3982 6019
3981 6020
3980 6021
3979 6022
3978 6023
3977 6024
3976 6025
3975 6026
3974 6027
3973 6028
3972 6029
3971 6030
3970 6031
3969 6032
3968 6033
3967 6034
3966 6035
3965 6036
3964 6037
3963 6038
3962 6039
3961 6040
3960 6041
3959 6042
3958 6043
3957 6044
3956 6045
3955 6046
3954 6047
3953 6048
3952 6049
3951 6050
3950 6051
3949 6052
3948 6053
3947 6054
3946 6055
3945 6056
3944 6057
3943 6058
3942 6059
3941 6060
3940 6061
3939 6062
3938 6063
3937 6064
3936 6065
3935 6066
3934 6067
3933 6068
3932 6069
3931 6070
3930 6071
3929 6072
3928 6073
3927 6074
3926 6075
3925 6076
3924 6077
3923 6078
3922 6079
3921 6080
3920 6081
3919 6082
3918 6083
3917 6084
3916 6085
3915 6086
3914 6087
3913 6088
3912 6089
3911 6090
3910 6091
3909 6092
3908 6093
3907 6094
3906 6095
3905 6096
3904 6097
3903 6098
3902 6099
3901 6100
3900 6101
3899 6102
3898 6103
3897 6104
3896 6105
3895 6106
3894 6107
3893 6108
3892 6109
3891 6110
3890 6111
3889 6112
3888 6113
3887 6114
3886 6115
3885 6116
3884 6117
3883 6118
3882 6119
3881 6120
3880 6121
3879 6122
3878 6123
3877 6124
3876 6125
3875 6126
3874 6127
3873 6128
3872 6129
3871 6130
3870 6131
3869 6132
3868 6133
3867 6134
3866 6135
3865 6136
3864 6137
3863 6138
3862 6139
3861 6140
3860 6141
3859 6142
3858 6143
3857 6144
3856 6145
3855 6146
3854 6147
3853 6148
3852 6149
3851 6150
3850 6151
3849 6152
3848 6153
3847 6154
3846 6155
3845 6156
3844 6157
3843 6158
3842 6159
3841 6160
3840 6161
3839 6162
3838 6163
3837 6164
3836 6165
3835 6166
3834 6167
3833 6168
3832 6169
3831 6170
3830 6171
3829 6172
3828 6173
3827 6174
3826 6175
3825 6176
3824 6177
3823 6178
3822 6179
3821 6180
3820 6181
3819 6182
3818 6183
3817 6184
3816 6185
3815 6186
3814 6187
3813 6188
3812 6189
3811 6190
3810 6191
3809 6192
3808 6193
3807 6194
3806 6195
3805 6196
3804 6197
3803 6198
3802 6199
3801 6200
3800 6201
3799 6202
3798 6203
3797 6204
3796 6205
3795 6206
3794 6207
3793 6208
3792 6209
3791 6210
3790 6211
3789 6212
3788 6213
3787 6214
3786 6215
3785 6216
3784 6217
3783 6218
3782 6219
3781 6220
3780 6221
3779 6222
3778 6223
3777 6224
3776 6225
3775 6226
3774 6227
3773 6228
3772 6229
3771 6230
3770 6231
3769 6232
3768 6233
3767 6234
3766 6235
3765 6236
3764 6237
3763 6238
3762 6239
3761 6240
3760 6241
3759 6242
3758 6243
3757 6244
3756 6245
3755 6246
3754 6247
3753 6248
3752 6249
3751 6250
3750 6251
3749 6252
3748 6253
3747 6254
3746 6255
3745 6256
3744 6257
3743 6258
3742 6259
3741 6260
3740 6261
3739 6262
3738 6263
3737 6264
3736 6265
3735 6266
3734 6267
3733 6268
3732 6269
3731 6270
3730 6271
3729 6272
3728 6273
3727 6274
3726 6275
3725 6276
3724 6277
3723 6278
3722 6279
3721 6280
3720 6281
3719 6282
3718 6283
3717 6284
3716 6285
3715 6286
3714 6287
3713 6288
3712 6289
3711 6290
3710 6291
3709 6292
3708 6293
3707 6294
3706 6295
3705 6296
3704 6297
3703 6298
3702 6299
3701 6300
3700 6301
3699 6302
3698 6303
3697 6304
3696 6305
3695 6306
3694 6307
3693 6308
3692 6309
3691 6310
3690 6311
3689 6312
3688 6313
3687 6314
3686 6315
3685 6316
3684 6317
3683 6318
3682 6319
3681 6320
3680 6321
3679 6322
3678 6323
3677 6324
3676 6325
3675 6326
3674 6327
3673 6328
3672 6329
3671 6330
3670 6331
3669 6332
3668 6333
3667 6334
3666 6335
3665 6336
3664 6337
3663 6338
3662 6339
3661 6340
3660 6341
3659 6342
3658 6343
3657 6344
3656 6345
3655 6346
3654 6347
3653 6348
3652 6349
3651 6350
3650 6351
3649 6352
3648 6353
3647 6354
3646 6355
3645 6356
3644 6357
3643 6358
3642 6359
3641 6360
3640 6361
3639 6362
3638 6363
3637 6364
3636 6365
3635 6366
3634 6367
3633 6368
3632 6369
3631 6370
3630 6371
3629 6372
3628 6373
3627 6374
3626 6375
3625 6376
3624 6377
3623 6378
3622 6379
3621 6380
3620 6381
3619 6382
3618 6383
3617 6384
3616 6385
3615 6386
3614 6387
3613 6388
3612 6389
3611 6390
3610 6391
3609 6392
3608 6393
3607 6394
3606 6395
3605 6396
3604 6397
3603 6398
3602 6399
3601 6400
3600 6401
3599 6402
3598 6403
3597 6404
3596 6405
3595 6406
3594 6407
3593 6408
3592 6409
3591 6410
3590 6411
3589 6412
3588 6413
3587 6414
3586 6415
3585 6416
3584 6417
3583 6418
3582 6419
3581 6420
3580 6421
3579 6422
3578 6423
3577 6424
3576 6425
3575 6426
3574 6427
3573 6428
3572 6429
3571 6430
3570 6431
3569 6432
3568 6433
3567 6434
3566 6435
3565 6436
3564 6437
3563 6438
3562 6439
3561 6440
3560 6441
3559 6442
3558 6443
3557 6444
3556 6445
3555 6446
3554 6447
3553 6448
3552 6449
3551 6450
3550 6451
3549 6452
3548 6453
3547 6454
3546 6455
3545 6456
3544 6457
3543 6458
3542 6459
3541 6460
3540 6461
3539 6462
3538 6463
3537 6464
3536 6465
3535 6466
3534 6467
3533 6468
3532 6469
3531 6470
3530 6471
3529 6472
3528 6473
3527 6474
3526 6475
3525 6476
3524 6477
3523 6478
3522 6479
3521 6480
3520 6481
3519 6482
3518 6483
3517 6484
3516 6485
3515 6486
3514 6487
3513 6488
3512 6489
3511 6490
3510 6491
3509 6492
3508 6493
3507 6494
3506 6495
3505 6496
3504 6497
3503 6498
3502 6499
3501 6500
3500 6501
3499 6502
3498 6503
3497 6504
3496 6505
3495 6506
3494 6507
3493 6508
3492 6509
3491 6510
3490 6511
3489 6512
3488 6513
3487 6514
3486 6515
3485 6516
3484 6517
3483 6518
3482 6519
3481 6520
3480 6521
3479 6522
3478 6523
3477 6524
3476 6525
3475 6526
3474 6527
3473 6528
3472 6529
3471 6530
3470 6531
3469 6532
3468 6533
3467 6534
3466 6535
3465 6536
3464 6537
3463 6538
3462 6539
3461 6540
3460 6541
3459 6542
3458 6543
3457 6544
3456 6545
3455 6546
3454 6547
3453 6548
3452 6549
3451 6550
3450 6551
3449 6552
3448 6553
3447 6554
3446 6555
3445 6556
3444 6557
3443 6558
3442 6559
3441 6560
3440 6561
3439 6562
3438 6563
3437 6564
3436 6565
3435 6566
3434 6567
3433 6568
3432 6569
3431 6570
3430 6571
3429 6572
3428 6573
3427 6574
3426 6575
3425 6576
3424 6577
3423 6578
3422 6579
3421 6580
3420 6581
3419 6582
3418 6583
3417 6584
3416 6585
3415 6586
3414 6587
3413 6588
3412 6589
3411 6590
3410 6591
3409 6592
3408 6593
3407 6594
3406 6595
3405 6596
3404 6597
3403 6598
3402 6599
3401 6600
3400 6601
3399 6602
3398 6603
3397 6604
3396 6605
3395 6606
3394 6607
3393 6608
3392 6609
3391 6610
3390 6611
3389 6612
3388 6613
3387 6614
3386 6615
3385 6616
3384 6617
3383 6618
3382 6619
3381 6620
3380 6621
3379 6622
3378 6623
3377 6624
3376 6625
3375 6626
3374 6627
3373 6628
3372 6629
3371 6630
3370 6631
3369 6632
3368 6633
3367 6634
3366 6635
3365 6636
3364 6637
3363 6638
3362 6639
3361 6640
3360 6641
3359 6642
3358 6643
3357 6644
3356 6645
3355 6646
3354 6647
3353 6648
3352 6649
3351 6650
3350 6651
3349 6652
3348 6653
3347 6654
3346 6655
3345 6656
3344 6657
3343 6658
3342 6659
3341 6660
3340 6661
3339 6662
3338 6663
3337 6664
3336 6665
3335 6666
3334 6667
3333 6668
3332 6669
3331 6670
3330 6671
3329 6672
3328 6673
3327 6674
3326 6675
3325 6676
3324 6677
3323 6678
3322 6679
3321 6680
3320 6681
3319 6682
3318 6683
3317 6684
3316 6685
3315 6686
3314 6687
3313 6688
3312 6689
3311 6690
3310 6691
3309 6692
3308 6693
3307 6694
3306 6695
3305 6696
3304 6697
3303 6698
3302 6699
3301 6700
3300 6701
3299 6702
3298 6703
3297 6704
3296 6705
3295 6706
3294 6707
3293 6708
3292 6709
3291 6710
3290 6711
3289 6712
3288 6713
3287 6714
3286 6715
3285 6716
3284 6717
3283 6718
3282 6719
3281 6720
3280 6721
3279 6722
3278 6723
3277 6724
3276 6725
3275 6726
3274 6727
3273 6728
3272 6729
3271 6730
3270 6731
3269 6732
3268 6733
3267 6734
3266 6735
3265 6736
3264 6737
3263 6738
3262 6739
3261 6740
3260 6741
3259 6742
3258 6743
3257 6744
3256 6745
3255 6746
3254 6747
3253 6748
3252 6749
3251 6750
3250 6751
3249 6752
3248 6753
3247 6754
3246 6755
3245 6756
3244 6757
3243 6758
3242 6759
3241 6760
3240 6761
3239 6762
3238 6763
3237 6764
3236 6765
3235 6766
3234 6767
3233 6768
3232 6769
3231 6770
3230 6771
3229 6772
3228 6773
3227 6774
3226 6775
3225 6776
3224 6777
3223 6778
3222 6779
3221 6780
3220 6781
3219 6782
3218 6783
3217 6784
3216 6785
3215 6786
3214 6787
3213 6788
3212 6789
3211 6790
3210 6791
3209 6792
3208 6793
3207 6794
3206 6795
3205 6796
3204 6797
3203 6798
3202 6799
3201 6800
3200 6801
3199 6802
3198 6803
3197 6804
3196 6805
3195 6806
3194 6807
3193 6808
3192 6809
3191 6810
3190 6811
3189 6812
3188 6813
3187 6814
3186 6815
3185 6816
3184 6817
3183 6818
3182 6819
3181 6820
3180 6821
3179 6822
3178 6823
3177 6824
3176 6825
3175 6826
3174 6827
3173 6828
3172 6829
3171 6830
3170 6831
3169 6832
3168 6833
3167 6834
3166 6835
3165 6836
3164 6837
3163 6838
3162 6839
3161 6840
3160 6841
3159 6842
3158 6843
3157 6844
3156 6845
3155 6846
3154 6847
3153 6848
3152 6849
3151 6850
3150 6851
3149 6852
3148 6853
3147 6854
3146 6855
3145 6856
3144 6857
3143 6858
3142 6859
3141 6860
3140 6861
3139 6862
3138 6863
3137 6864
3136 6865
3135 6866
3134 6867
3133 6868
3132 6869
3131 6870
3130 6871
3129 6872
3128 6873
3127 6874
3126 6875
3125 6876
3124 6877
3123 6878
3122 6879
3121 6880
3120 6881
3119 6882
3118 6883
3117 6884
3116 6885
3115 6886
3114 6887
3113 6888
3112 6889
3111 6890
3110 6891
3109 6892
3108 6893
3107 6894
3106 6895
3105 6896
3104 6897
3103 6898
3102 6899
3101 6900
3100 6901
3099 6902
3098 6903
3097 6904
3096 6905
3095 6906
3094 6907
3093 6908
3092 6909
3091 6910
3090 6911
3089 6912
3088 6913
3087 6914
3086 6915
3085 6916
3084 6917
3083 6918
3082 6919
3081 6920
3080 6921
3079 6922
3078 6923
3077 6924
3076 6925
3075 6926
3074 6927
3073 6928
3072 6929
3071 6930
3070 6931
3069 6932
3068 6933
3067 6934
3066 6935
3065 6936
3064 6937
3063 6938
3062 6939
3061 6940
3060 6941
3059 6942
3058 6943
3057 6944
3056 6945
3055 6946
3054 6947
3053 6948
3052 6949
3051 6950
3050 6951
3049 6952
3048 6953
3047 6954
3046 6955
3045 6956
3044 6957
3043 6958
3042 6959
3041 6960
3040 6961
3039 6962
3038 6963
3037 6964
3036 6965
3035 6966
3034 6967
3033 6968
3032 6969
3031 6970
3030 6971
3029 6972
3028 6973
3027 6974
3026 6975
3025 6976
3024 6977
3023 6978
3022 6979
3021 6980
3020 6981
3019 6982
3018 6983
3017 6984
3016 6985
3015 6986
3014 6987
3013 6988
3012 6989
3011 6990
3010 6991
3009 6992
3008 6993
3007 6994
3006 6995
3005 6996
3004 6997
3003 6998
3002 6999
3001 7000
3000 7001
2999 7002
2998 7003
2997 7004
2996 7005
2995 7006
2994 7007
2993 7008
2992 7009
2991 7010
2990 7011
2989 7012
2988 7013
2987 7014
2986 7015
2985 7016
2984 7017
2983 7018
2982 7019
2981 7020
2980 7021
2979 7022
2978 7023
2977 7024
2976 7025
2975 7026
2974 7027
2973 7028
2972 7029
2971 7030
2970 7031
2969 7032
2968 7033
2967 7034
2966 7035
2965 7036
2964 7037
2963 7038
2962 7039
2961 7040
2960 7041
2959 7042
2958 7043
2957 7044
2956 7045
2955 7046
2954 7047
2953 7048
2952 7049
2951 7050
2950 7051
2949 7052
2948 7053
2947 7054
2946 7055
2945 7056
2944 7057
2943 7058
2942 7059
2941 7060
2940 7061
2939 7062
2938 7063
2937 7064
2936 7065
2935 7066
2934 7067
2933 7068
2932 7069
2931 7070
2930 7071
2929 7072
2928 7073
2927 7074
2926 7075
2925 7076
2924 7077
2923 7078
2922 7079
2921 7080
2920 7081
2919 7082
2918 7083
2917 7084
2916 7085
2915 7086
2914 7087
2913 7088
2912 7089
2911 7090
2910 7091
2909 7092
2908 7093
2907 7094
2906 7095
2905 7096
2904 7097
2903 7098
2902 7099
2901 7100
2900 7101
2899 7102
2898 7103
2897 7104
2896 7105
2895 7106
2894 7107
2893 7108
2892 7109
2891 7110
2890 7111
2889 7112
2888 7113
2887 7114
2886 7115
2885 7116
2884 7117
2883 7118
2882 7119
2881 7120
2880 7121
2879 7122
2878 7123
2877 7124
2876 7125
2875 7126
2874 7127
2873 7128
2872 7129
2871 7130
2870 7131
2869 7132
2868 7133
2867 7134
2866 7135
2865 7136
2864 7137
2863 7138
2862 7139
2861 7140
2860 7141
2859 7142
2858 7143
2857 7144
2856 7145
2855 7146
2854 7147
2853 7148
2852 7149
2851 7150
2850 7151
2849 7152
2848 7153
2847 7154
2846 7155
2845 7156
2844 7157
2843 7158
2842 7159
2841 7160
2840 7161
2839 7162
2838 7163
2837 7164
2836 7165
2835 7166
2834 7167
2833 7168
2832 7169
2831 7170
2830 7171
2829 7172
2828 7173
2827 7174
2826 7175
2825 7176
2824 7177
2823 7178
2822 7179
2821 7180
2820 7181
2819 7182
2818 7183
2817 7184
2816 7185
2815 7186
2814 7187
2813 7188
2812 7189
2811 7190
2810 7191
2809 7192
2808 7193
2807 7194
2806 7195
2805 7196
2804 7197
2803 7198
2802 7199
2801 7200
2800 7201
2799 7202
2798 7203
2797 7204
2796 7205
2795 7206
2794 7207
2793 7208
2792 7209
2791 7210
2790 7211
2789 7212
2788 7213
2787 7214
2786 7215
2785 7216
2784 7217
2783 7218
2782 7219
2781 7220
2780 7221
2779 7222
2778 7223
2777 7224
2776 7225
2775 7226
2774 7227
2773 7228
2772 7229
2771 7230
2770 7231
2769 7232
2768 7233
2767 7234
2766 7235
2765 7236
2764 7237
2763 7238
2762 7239
2761 7240
2760 7241
2759 7242
2758 7243
2757 7244
2756 7245
2755 7246
2754 7247
2753 7248
2752 7249
2751 7250
2750 7251
2749 7252
2748 7253
2747 7254
2746 7255
2745 7256
2744 7257
2743 7258
2742 7259
2741 7260
2740 7261
2739 7262
2738 7263
2737 7264
2736 7265
2735 7266
2734 7267
2733 7268
2732 7269
2731 7270
2730 7271
2729 7272
2728 7273
2727 7274
2726 7275
2725 7276
2724 7277
2723 7278
2722 7279
2721 7280
2720 7281
2719 7282
2718 7283
2717 7284
2716 7285
2715 7286
2714 7287
2713 7288
2712 7289
2711 7290
2710 7291
2709 7292
2708 7293
2707 7294
2706 7295
2705 7296
2704 7297
2703 7298
2702 7299
2701 7300
2700 7301
2699 7302
2698 7303
2697 7304
2696 7305
2695 7306
2694 7307
2693 7308
2692 7309
2691 7310
2690 7311
2689 7312
2688 7313
2687 7314
2686 7315
2685 7316
2684 7317
2683 7318
2682 7319
2681 7320
2680 7321
2679 7322
2678 7323
2677 7324
2676 7325
2675 7326
2674 7327
2673 7328
2672 7329
2671 7330
2670 7331
2669 7332
2668 7333
2667 7334
2666 7335
2665 7336
2664 7337
2663 7338
2662 7339
2661 7340
2660 7341
2659 7342
2658 7343
2657 7344
2656 7345
2655 7346
2654 7347
2653 7348
2652 7349
2651 7350
2650 7351
2649 7352
2648 7353
2647 7354
2646 7355
2645 7356
2644 7357
2643 7358
2642 7359
2641 7360
2640 7361
2639 7362
2638 7363
2637 7364
2636 7365
2635 7366
2634 7367
2633 7368
2632 7369
2631 7370
2630 7371
2629 7372
2628 7373
2627 7374
2626 7375
2625 7376
2624 7377
2623 7378
2622 7379
2621 7380
2620 7381
2619 7382
2618 7383
2617 7384
2616 7385
2615 7386
2614 7387
2613 7388
2612 7389
2611 7390
2610 7391
2609 7392
2608 7393
2607 7394
2606 7395
2605 7396
2604 7397
2603 7398
2602 7399
2601 7400
2600 7401
2599 7402
2598 7403
2597 7404
2596 7405
2595 7406
2594 7407
2593 7408
2592 7409
2591 7410
2590 7411
2589 7412
2588 7413
2587 7414
2586 7415
2585 7416
2584 7417
2583 7418
2582 7419
2581 7420
2580 7421
2579 7422
2578 7423
2577 7424
2576 7425
2575 7426
2574 7427
2573 7428
2572 7429
2571 7430
2570 7431
2569 7432
2568 7433
2567 7434
2566 7435
2565 7436
2564 7437
2563 7438
2562 7439
2561 7440
2560 7441
2559 7442
2558 7443
2557 7444
2556 7445
2555 7446
2554 7447
2553 7448
2552 7449
2551 7450
2550 7451
2549 7452
2548 7453
2547 7454
2546 7455
2545 7456
2544 7457
2543 7458
2542 7459
2541 7460
2540 7461
2539 7462
2538 7463
2537 7464
2536 7465
2535 7466
2534 7467
2533 7468
2532 7469
2531 7470
2530 7471
2529 7472
2528 7473
2527 7474
2526 7475
2525 7476
2524 7477
2523 7478
2522 7479
2521 7480
2520 7481
2519 7482
2518 7483
2517 7484
2516 7485
2515 7486
2514 7487
2513 7488
2512 7489
2511 7490
2510 7491
2509 7492
2508 7493
2507 7494
2506 7495
2505 7496
2504 7497
2503 7498
2502 7499
2501 7500
2500 7501
2499 7502
2498 7503
2497 7504
2496 7505
2495 7506
2494 7507
2493 7508
2492 7509
2491 7510
2490 7511
2489 7512
2488 7513
2487 7514
2486 7515
2485 7516
2484 7517
2483 7518
2482 7519
2481 7520
2480 7521
2479 7522
2478 7523
2477 7524
2476 7525
2475 7526
2474 7527
2473 7528
2472 7529
2471 7530
2470 7531
2469 7532
2468 7533
2467 7534
2466 7535
2465 7536
2464 7537
2463 7538
2462 7539
2461 7540
2460 7541
2459 7542
2458 7543
2457 7544
2456 7545
2455 7546
2454 7547
2453 7548
2452 7549
2451 7550
2450 7551
2449 7552
2448 7553
2447 7554
2446 7555
2445 7556
2444 7557
2443 7558
2442 7559
2441 7560
2440 7561
2439 7562
2438 7563
2437 7564
2436 7565
2435 7566
2434 7567
2433 7568
2432 7569
2431 7570
2430 7571
2429 7572
2428 7573
2427 7574
2426 7575
2425 7576
2424 7577
2423 7578
2422 7579
2421 7580
2420 7581
2419 7582
2418 7583
2417 7584
2416 7585
2415 7586
2414 7587
2413 7588
2412 7589
2411 7590
2410 7591
2409 7592
2408 7593
2407 7594
2406 7595
2405 7596
2404 7597
2403 7598
2402 7599
2401 7600
2400 7601
2399 7602
2398 7603
2397 7604
2396 7605
2395 7606
2394 7607
2393 7608
2392 7609
2391 7610
2390 7611
2389 7612
2388 7613
2387 7614
2386 7615
2385 7616
2384 7617
2383 7618
2382 7619
2381 7620
2380 7621
2379 7622
2378 7623
2377 7624
2376 7625
2375 7626
2374 7627
2373 7628
2372 7629
2371 7630
2370 7631
2369 7632
2368 7633
2367 7634
2366 7635
2365 7636
2364 7637
2363 7638
2362 7639
2361 7640
2360 7641
2359 7642
2358 7643
2357 7644
2356 7645
2355 7646
2354 7647
2353 7648
2352 7649
2351 7650
2350 7651
2349 7652
2348 7653
2347 7654
2346 7655
2345 7656
2344 7657
2343 7658
2342 7659
2341 7660
2340 7661
2339 7662
2338 7663
2337 7664
2336 7665
2335 7666
2334 7667
2333 7668
2332 7669
2331 7670
2330 7671
2329 7672
2328 7673
2327 7674
2326 7675
2325 7676
2324 7677
2323 7678
2322 7679
2321 7680
2320 7681
2319 7682
2318 7683
2317 7684
2316 7685
2315 7686
2314 7687
2313 7688
2312 7689
2311 7690
2310 7691
2309 7692
2308 7693
2307 7694
2306 7695
2305 7696
2304 7697
2303 7698
2302 7699
2301 7700
2300 7701
2299 7702
2298 7703
2297 7704
2296 7705
2295 7706
2294 7707
2293 7708
2292 7709
2291 7710
2290 7711
2289 7712
2288 7713
2287 7714
2286 7715
2285 7716
2284 7717
2283 7718
2282 7719
2281 7720
2280 7721
2279 7722
2278 7723
2277 7724
2276 7725
2275 7726
2274 7727
2273 7728
2272 7729
2271 7730
2270 7731
2269 7732
2268 7733
2267 7734
2266 7735
2265 7736
2264 7737
2263 7738
2262 7739
2261 7740
2260 7741
2259 7742
2258 7743
2257 7744
2256 7745
2255 7746
2254 7747
2253 7748
2252 7749
2251 7750
2250 7751
2249 7752
2248 7753
2247 7754
2246 7755
2245 7756
2244 7757
2243 7758
2242 7759
2241 7760
2240 7761
2239 7762
2238 7763
2237 7764
2236 7765
2235 7766
2234 7767
2233 7768
2232 7769
2231 7770
2230 7771
2229 7772
2228 7773
2227 7774
2226 7775
2225 7776
2224 7777
2223 7778
2222 7779
2221 7780
2220 7781
2219 7782
2218 7783
2217 7784
2216 7785
2215 7786
2214 7787
2213 7788
2212 7789
2211 7790
2210 7791
2209 7792
2208 7793
2207 7794
2206 7795
2205 7796
2204 7797
2203 7798
2202 7799
2201 7800
2200 7801
2199 7802
2198 7803
2197 7804
2196 7805
2195 7806
2194 7807
2193 7808
2192 7809
2191 7810
2190 7811
2189 7812
2188 7813
2187 7814
2186 7815
2185 7816
2184 7817
2183 7818
2182 7819
2181 7820
2180 7821
2179 7822
2178 7823
2177 7824
2176 7825
2175 7826
2174 7827
2173 7828
2172 7829
2171 7830
2170 7831
2169 7832
2168 7833
2167 7834
2166 7835
2165 7836
2164 7837
2163 7838
2162 7839
2161 7840
2160 7841
2159 7842
2158 7843
2157 7844
2156 7845
2155 7846
2154 7847
2153 7848
2152 7849
2151 7850
2150 7851
2149 7852
2148 7853
2147 7854
2146 7855
2145 7856
2144 7857
2143 7858
2142 7859
2141 7860
2140 7861
2139 7862
2138 7863
2137 7864
2136 7865
2135 7866
2134 7867
2133 7868
2132 7869
2131 7870
2130 7871
2129 7872
2128 7873
2127 7874
2126 7875
2125 7876
2124 7877
2123 7878
2122 7879
2121 7880
2120 7881
2119 7882
2118 7883
2117 7884
2116 7885
2115 7886
2114 7887
2113 7888
2112 7889
2111 7890
2110 7891
2109 7892
2108 7893
2107 7894
2106 7895
2105 7896
2104 7897
2103 7898
2102 7899
2101 7900
2100 7901
2099 7902
2098 7903
2097 7904
2096 7905
2095 7906
2094 7907
2093 7908
2092 7909
2091 7910
2090 7911
2089 7912
2088 7913
2087 7914
2086 7915
2085 7916
2084 7917
2083 7918
2082 7919
2081 7920
2080 7921
2079 7922
2078 7923
2077 7924
2076 7925
2075 7926
2074 7927
2073 7928
2072 7929
2071 7930
2070 7931
2069 7932
2068 7933
2067 7934
2066 7935
2065 7936
2064 7937
2063 7938
2062 7939
2061 7940
2060 7941
2059 7942
2058 7943
2057 7944
2056 7945
2055 7946
2054 7947
2053 7948
2052 7949
2051 7950
2050 7951
2049 7952
2048 7953
2047 7954
2046 7955
2045 7956
2044 7957
2043 7958
2042 7959
2041 7960
2040 7961
2039 7962
2038 7963
2037 7964
2036 7965
2035 7966
2034 7967
2033 7968
2032 7969
2031 7970
2030 7971
2029 7972
2028 7973
2027 7974
2026 7975
2025 7976
2024 7977
2023 7978
2022 7979
2021 7980
2020 7981
2019 7982
2018 7983
2017 7984
2016 7985
2015 7986
2014 7987
2013 7988
2012 7989
2011 7990
2010 7991
2009 7992
2008 7993
2007 7994
2006 7995
2005 7996
2004 7997
2003 7998
2002 7999
2001 8000
2000 8001
1999 8002
1998 8003
1997 8004
1996 8005
1995 8006
1994 8007
1993 8008
1992 8009
1991 8010
1990 8011
1989 8012
1988 8013
1987 8014
1986 8015
1985 8016
1984 8017
1983 8018
1982 8019
1981 8020
1980 8021
1979 8022
1978 8023
1977 8024
1976 8025
1975 8026
1974 8027
1973 8028
1972 8029
1971 8030
1970 8031
1969 8032
1968 8033
1967 8034
1966 8035
1965 8036
1964 8037
1963 8038
1962 8039
1961 8040
1960 8041
1959 8042
1958 8043
1957 8044
1956 8045
1955 8046
1954 8047
1953 8048
1952 8049
1951 8050
1950 8051
1949 8052
1948 8053
1947 8054
1946 8055
1945 8056
1944 8057
1943 8058
1942 8059
1941 8060
1940 8061
1939 8062
1938 8063
1937 8064
1936 8065
1935 8066
1934 8067
1933 8068
1932 8069
1931 8070
1930 8071
1929 8072
1928 8073
1927 8074
1926 8075
1925 8076
1924 8077
1923 8078
1922 8079
1921 8080
1920 8081
1919 8082
1918 8083
1917 8084
1916 8085
1915 8086
1914 8087
1913 8088
1912 8089
1911 8090
1910 8091
1909 8092
1908 8093
1907 8094
1906 8095
1905 8096
1904 8097
1903 8098
1902 8099
1901 8100
1900 8101
1899 8102
1898 8103
1897 8104
1896 8105
1895 8106
1894 8107
1893 8108
1892 8109
1891 8110
1890 8111
1889 8112
1888 8113
1887 8114
1886 8115
1885 8116
1884 8117
1883 8118
1882 8119
1881 8120
1880 8121
1879 8122
1878 8123
1877 8124
1876 8125
1875 8126
1874 8127
1873 8128
1872 8129
1871 8130
1870 8131
1869 8132
1868 8133
1867 8134
1866 8135
1865 8136
1864 8137
1863 8138
1862 8139
1861 8140
1860 8141
1859 8142
1858 8143
1857 8144
1856 8145
1855 8146
1854 8147
1853 8148
1852 8149
1851 8150
1850 8151
1849 8152
1848 8153
1847 8154
1846 8155
1845 8156
1844 8157
1843 8158
1842 8159
1841 8160
1840 8161
1839 8162
1838 8163
1837 8164
1836 8165
1835 8166
1834 8167
1833 8168
1832 8169
1831 8170
1830 8171
1829 8172
1828 8173
1827 8174
1826 8175
1825 8176
1824 8177
1823 8178
1822 8179
1821 8180
1820 8181
1819 8182
1818 8183
1817 8184
1816 8185
1815 8186
1814 8187
1813 8188
1812 8189
1811 8190
1810 8191
1809 8192
1808 8193
1807 8194
1806 8195
1805 8196
1804 8197
1803 8198
1802 8199
1801 8200
1800 8201
1799 8202
1798 8203
1797 8204
1796 8205
1795 8206
1794 8207
1793 8208
1792 8209
1791 8210
1790 8211
1789 8212
1788 8213
1787 8214
1786 8215
1785 8216
1784 8217
1783 8218
1782 8219
1781 8220
1780 8221
1779 8222
1778 8223
1777 8224
1776 8225
1775 8226
1774 8227
1773 8228
1772 8229
1771 8230
1770 8231
1769 8232
1768 8233
1767 8234
1766 8235
1765 8236
1764 8237
1763 8238
1762 8239
1761 8240
1760 8241
1759 8242
1758 8243
1757 8244
1756 8245
1755 8246
1754 8247
1753 8248
1752 8249
1751 8250
1750 8251
1749 8252
1748 8253
1747 8254
1746 8255
1745 8256
1744 8257
1743 8258
1742 8259
1741 8260
1740 8261
1739 8262
1738 8263
1737 8264
1736 8265
1735 8266
1734 8267
1733 8268
1732 8269
1731 8270
1730 8271
1729 8272
1728 8273
1727 8274
1726 8275
1725 8276
1724 8277
1723 8278
1722 8279
1721 8280
1720 8281
1719 8282
1718 8283
1717 8284
1716 8285
1715 8286
1714 8287
1713 8288
1712 8289
1711 8290
1710 8291
1709 8292
1708 8293
1707 8294
1706 8295
1705 8296
1704 8297
1703 8298
1702 8299
1701 8300
1700 8301
1699 8302
1698 8303
1697 8304
1696 8305
1695 8306
1694 8307
1693 8308
1692 8309
1691 8310
1690 8311
1689 8312
1688 8313
1687 8314
1686 8315
1685 8316
1684 8317
1683 8318
1682 8319
1681 8320
1680 8321
1679 8322
1678 8323
1677 8324
1676 8325
1675 8326
1674 8327
1673 8328
1672 8329
1671 8330
1670 8331
1669 8332
1668 8333
1667 8334
1666 8335
1665 8336
1664 8337
1663 8338
1662 8339
1661 8340
1660 8341
1659 8342
1658 8343
1657 8344
1656 8345
1655 8346
1654 8347
1653 8348
1652 8349
1651 8350
1650 8351
1649 8352
1648 8353
1647 8354
1646 8355
1645 8356
1644 8357
1643 8358
1642 8359
1641 8360
1640 8361
1639 8362
1638 8363
1637 8364
1636 8365
1635 8366
1634 8367
1633 8368
1632 8369
1631 8370
1630 8371
1629 8372
1628 8373
1627 8374
1626 8375
1625 8376
1624 8377
1623 8378
1622 8379
1621 8380
1620 8381
1619 8382
1618 8383
1617 8384
1616 8385
1615 8386
1614 8387
1613 8388
1612 8389
1611 8390
1610 8391
1609 8392
1608 8393
1607 8394
1606 8395
1605 8396
1604 8397
1603 8398
1602 8399
1601 8400
1600 8401
1599 8402
1598 8403
1597 8404
1596 8405
1595 8406
1594 8407
1593 8408
1592 8409
1591 8410
1590 8411
1589 8412
1588 8413
1587 8414
1586 8415
1585 8416
1584 8417
1583 8418
1582 8419
1581 8420
1580 8421
1579 8422
1578 8423
1577 8424
1576 8425
1575 8426
1574 8427
1573 8428
1572 8429
1571 8430
1570 8431
1569 8432
1568 8433
1567 8434
1566 8435
1565 8436
1564 8437
1563 8438
1562 8439
1561 8440
1560 8441
1559 8442
1558 8443
1557 8444
1556 8445
1555 8446
1554 8447
1553 8448
1552 8449
1551 8450
1550 8451
1549 8452
1548 8453
1547 8454
1546 8455
1545 8456
1544 8457
1543 8458
1542 8459
1541 8460
1540 8461
1539 8462
1538 8463
1537 8464
1536 8465
1535 8466
1534 8467
1533 8468
1532 8469
1531 8470
1530 8471
1529 8472
1528 8473
1527 8474
1526 8475
1525 8476
1524 8477
1523 8478
1522 8479
1521 8480
1520 8481
1519 8482
1518 8483
1517 8484
1516 8485
1515 8486
1514 8487
1513 8488
1512 8489
1511 8490
1510 8491
1509 8492
1508 8493
1507 8494
1506 8495
1505 8496
1504 8497
1503 8498
1502 8499
1501 8500
1500 8501
1499 8502
1498 8503
1497 8504
1496 8505
1495 8506
1494 8507
1493 8508
1492 8509
1491 8510
1490 8511
1489 8512
1488 8513
1487 8514
1486 8515
1485 8516
1484 8517
1483 8518
1482 8519
1481 8520
1480 8521
1479 8522
1478 8523
1477 8524
1476 8525
1475 8526
1474 8527
1473 8528
1472 8529
1471 8530
1470 8531
1469 8532
1468 8533
1467 8534
1466 8535
1465 8536
1464 8537
1463 8538
1462 8539
1461 8540
1460 8541
1459 8542
1458 8543
1457 8544
1456 8545
1455 8546
1454 8547
1453 8548
1452 8549
1451 8550
1450 8551
1449 8552
1448 8553
1447 8554
1446 8555
1445 8556
1444 8557
1443 8558
1442 8559
1441 8560
1440 8561
1439 8562
1438 8563
1437 8564
1436 8565
1435 8566
1434 8567
1433 8568
1432 8569
1431 8570
1430 8571
1429 8572
1428 8573
1427 8574
1426 8575
1425 8576
1424 8577
1423 8578
1422 8579
1421 8580
1420 8581
1419 8582
1418 8583
1417 8584
1416 8585
1415 8586
1414 8587
1413 8588
1412 8589
1411 8590
1410 8591
1409 8592
1408 8593
1407 8594
1406 8595
1405 8596
1404 8597
1403 8598
1402 8599
1401 8600
1400 8601
1399 8602
1398 8603
1397 8604
1396 8605
1395 8606
1394 8607
1393 8608
1392 8609
1391 8610
1390 8611
1389 8612
1388 8613
1387 8614
1386 8615
1385 8616
1384 8617
1383 8618
1382 8619
1381 8620
1380 8621
1379 8622
1378 8623
1377 8624
1376 8625
1375 8626
1374 8627
1373 8628
1372 8629
1371 8630
1370 8631
1369 8632
1368 8633
1367 8634
1366 8635
1365 8636
1364 8637
1363 8638
1362 8639
1361 8640
1360 8641
1359 8642
1358 8643
1357 8644
1356 8645
1355 8646
1354 8647
1353 8648
1352 8649
1351 8650
1350 8651
1349 8652
1348 8653
1347 8654
1346 8655
1345 8656
1344 8657
1343 8658
1342 8659
1341 8660
1340 8661
1339 8662
1338 8663
1337 8664
1336 8665
1335 8666
1334 8667
1333 8668
1332 8669
1331 8670
1330 8671
1329 8672
1328 8673
1327 8674
1326 8675
1325 8676
1324 8677
1323 8678
1322 8679
1321 8680
1320 8681
1319 8682
1318 8683
1317 8684
1316 8685
1315 8686
1314 8687
1313 8688
1312 8689
1311 8690
1310 8691
1309 8692
1308 8693
1307 8694
1306 8695
1305 8696
1304 8697
1303 8698
1302 8699
1301 8700
1300 8701
1299 8702
1298 8703
1297 8704
1296 8705
1295 8706
1294 8707
1293 8708
1292 8709
1291 8710
1290 8711
1289 8712
1288 8713
1287 8714
1286 8715
1285 8716
1284 8717
1283 8718
1282 8719
1281 8720
1280 8721
1279 8722
1278 8723
1277 8724
1276 8725
1275 8726
1274 8727
1273 8728
1272 8729
1271 8730
1270 8731
1269 8732
1268 8733
1267 8734
1266 8735
1265 8736
1264 8737
1263 8738
1262 8739
1261 8740
1260 8741
1259 8742
1258 8743
1257 8744
1256 8745
1255 8746
1254 8747
1253 8748
1252 8749
1251 8750
1250 8751
1249 8752
1248 8753
1247 8754
1246 8755
1245 8756
1244 8757
1243 8758
1242 8759
1241 8760
1240 8761
1239 8762
1238 8763
1237 8764
1236 8765
1235 8766
1234 8767
1233 8768
1232 8769
1231 8770
1230 8771
1229 8772
1228 8773
1227 8774
1226 8775
1225 8776
1224 8777
1223 8778
1222 8779
1221 8780
1220 8781
1219 8782
1218 8783
1217 8784
1216 8785
1215 8786
1214 8787
1213 8788
1212 8789
1211 8790
1210 8791
1209 8792
1208 8793
1207 8794
1206 8795
1205 8796
1204 8797
1203 8798
1202 8799
1201 8800
1200 8801
1199 8802
1198 8803
1197 8804
1196 8805
1195 8806
1194 8807
1193 8808
1192 8809
1191 8810
1190 8811
1189 8812
1188 8813
1187 8814
1186 8815
1185 8816
1184 8817
1183 8818
1182 8819
1181 8820
1180 8821
1179 8822
1178 8823
1177 8824
1176 8825
1175 8826
1174 8827
1173 8828
1172 8829
1171 8830
1170 8831
1169 8832
1168 8833
1167 8834
1166 8835
1165 8836
1164 8837
1163 8838
1162 8839
1161 8840
1160 8841
1159 8842
1158 8843
1157 8844
1156 8845
1155 8846
1154 8847
1153 8848
1152 8849
1151 8850
1150 8851
1149 8852
1148 8853
1147 8854
1146 8855
1145 8856
1144 8857
1143 8858
1142 8859
1141 8860
1140 8861
1139 8862
1138 8863
1137 8864
1136 8865
1135 8866
1134 8867
1133 8868
1132 8869
1131 8870
1130 8871
1129 8872
1128 8873
1127 8874
1126 8875
1125 8876
1124 8877
1123 8878
1122 8879
1121 8880
1120 8881
1119 8882
1118 8883
1117 8884
1116 8885
1115 8886
1114 8887
1113 8888
1112 8889
1111 8890
1110 8891
1109 8892
1108 8893
1107 8894
1106 8895
1105 8896
1104 8897
1103 8898
1102 8899
1101 8900
1100 8901
1099 8902
1098 8903
1097 8904
1096 8905
1095 8906
1094 8907
1093 8908
1092 8909
1091 8910
1090 8911
1089 8912
1088 8913
1087 8914
1086 8915
1085 8916
1084 8917
1083 8918
1082 8919
1081 8920
1080 8921
1079 8922
1078 8923
1077 8924
1076 8925
1075 8926
1074 8927
1073 8928
1072 8929
1071 8930
1070 8931
1069 8932
1068 8933
1067 8934
1066 8935
1065 8936
1064 8937
1063 8938
1062 8939
1061 8940
1060 8941
1059 8942
1058 8943
1057 8944
1056 8945
1055 8946
1054 8947
1053 8948
1052 8949
1051 8950
1050 8951
1049 8952
1048 8953
1047 8954
1046 8955
1045 8956
1044 8957
1043 8958
1042 8959
1041 8960
1040 8961
1039 8962
1038 8963
1037 8964
1036 8965
1035 8966
1034 8967
1033 8968
1032 8969
1031 8970
1030 8971
1029 8972
1028 8973
1027 8974
1026 8975
1025 8976
1024 8977
1023 8978
1022 8979
1021 8980
1020 8981
1019 8982
1018 8983
1017 8984
1016 8985
1015 8986
1014 8987
1013 8988
1012 8989
1011 8990
1010 8991
1009 8992
1008 8993
1007 8994
1006 8995
1005 8996
1004 8997
1003 8998
1002 8999
1001 9000
1000 9001
999 9002
998 9003
997 9004
996 9005
995 9006
994 9007
993 9008
992 9009
991 9010
990 9011
989 9012
988 9013
987 9014
986 9015
985 9016
984 9017
983 9018
982 9019
981 9020
980 9021
979 9022
978 9023
977 9024
976 9025
975 9026
974 9027
973 9028
972 9029
971 9030
970 9031
969 9032
968 9033
967 9034
966 9035
965 9036
964 9037
963 9038
962 9039
961 9040
960 9041
959 9042
958 9043
957 9044
956 9045
955 9046
954 9047
953 9048
952 9049
951 9050
950 9051
949 9052
948 9053
947 9054
946 9055
945 9056
944 9057
943 9058
942 9059
941 9060
940 9061
939 9062
938 9063
937 9064
936 9065
935 9066
934 9067
933 9068
932 9069
931 9070
930 9071
929 9072
928 9073
927 9074
926 9075
925 9076
924 9077
923 9078
922 9079
921 9080
920 9081
919 9082
918 9083
917 9084
916 9085
915 9086
914 9087
913 9088
912 9089
911 9090
910 9091
909 9092
908 9093
907 9094
906 9095
905 9096
904 9097
903 9098
902 9099
901 9100
900 9101
899 9102
898 9103
897 9104
896 9105
895 9106
894 9107
893 9108
892 9109
891 9110
890 9111
889 9112
888 9113
887 9114
886 9115
885 9116
884 9117
883 9118
882 9119
881 9120
880 9121
879 9122
878 9123
877 9124
876 9125
875 9126
874 9127
873 9128
872 9129
871 9130
870 9131
869 9132
868 9133
867 9134
866 9135
865 9136
864 9137
863 9138
862 9139
861 9140
860 9141
859 9142
858 9143
857 9144
856 9145
855 9146
854 9147
853 9148
852 9149
851 9150
850 9151
849 9152
848 9153
847 9154
846 9155
845 9156
844 9157
843 9158
842 9159
841 9160
840 9161
839 9162
838 9163
837 9164
836 9165
835 9166
834 9167
833 9168
832 9169
831 9170
830 9171
829 9172
828 9173
827 9174
826 9175
825 9176
824 9177
823 9178
822 9179
821 9180
820 9181
819 9182
818 9183
817 9184
816 9185
815 9186
814 9187
813 9188
812 9189
811 9190
810 9191
809 9192
808 9193
807 9194
806 9195
805 9196
804 9197
803 9198
802 9199
801 9200
800 9201
799 9202
798 9203
797 9204
796 9205
795 9206
794 9207
793 9208
792 9209
791 9210
790 9211
789 9212
788 9213
787 9214
786 9215
785 9216
784 9217
783 9218
782 9219
781 9220
780 9221
779 9222
778 9223
777 9224
776 9225
775 9226
774 9227
773 9228
772 9229
771 9230
770 9231
769 9232
768 9233
767 9234
766 9235
765 9236
764 9237
763 9238
762 9239
761 9240
760 9241
759 9242
758 9243
757 9244
756 9245
755 9246
754 9247
753 9248
752 9249
751 9250
750 9251
749 9252
748 9253
747 9254
746 9255
745 9256
744 9257
743 9258
742 9259
741 9260
740 9261
739 9262
738 9263
737 9264
736 9265
735 9266
734 9267
733 9268
732 9269
731 9270
730 9271
729 9272
728 9273
727 9274
726 9275
725 9276
724 9277
723 9278
722 9279
721 9280
720 9281
719 9282
718 9283
717 9284
716 9285
715 9286
714 9287
713 9288
712 9289
711 9290
710 9291
709 9292
708 9293
707 9294
706 9295
705 9296
704 9297
703 9298
702 9299
701 9300
700 9301
699 9302
698 9303
697 9304
696 9305
695 9306
694 9307
693 9308
692 9309
691 9310
690 9311
689 9312
688 9313
687 9314
686 9315
685 9316
684 9317
683 9318
682 9319
681 9320
680 9321
679 9322
678 9323
677 9324
676 9325
675 9326
674 9327
673 9328
672 9329
671 9330
670 9331
669 9332
668 9333
667 9334
666 9335
665 9336
664 9337
663 9338
662 9339
661 9340
660 9341
659 9342
658 9343
657 9344
656 9345
655 9346
654 9347
653 9348
652 9349
651 9350
650 9351
649 9352
648 9353
647 9354
646 9355
645 9356
644 9357
643 9358
642 9359
641 9360
640 9361
639 9362
638 9363
637 9364
636 9365
635 9366
634 9367
633 9368
632 9369
631 9370
630 9371
629 9372
628 9373
627 9374
626 9375
625 9376
624 9377
623 9378
622 9379
621 9380
620 9381
619 9382
618 9383
617 9384
616 9385
615 9386
614 9387
613 9388
612 9389
611 9390
610 9391
609 9392
608 9393
607 9394
606 9395
605 9396
604 9397
603 9398
602 9399
601 9400
600 9401
599 9402
598 9403
597 9404
596 9405
595 9406
594 9407
593 9408
592 9409
591 9410
590 9411
589 9412
588 9413
587 9414
586 9415
585 9416
584 9417
583 9418
582 9419
581 9420
580 9421
579 9422
578 9423
577 9424
576 9425
575 9426
574 9427
573 9428
572 9429
571 9430
570 9431
569 9432
568 9433
567 9434
566 9435
565 9436
564 9437
563 9438
562 9439
561 9440
560 9441
559 9442
558 9443
557 9444
556 9445
555 9446
554 9447
553 9448
552 9449
551 9450
550 9451
549 9452
548 9453
547 9454
546 9455
545 9456
544 9457
543 9458
542 9459
541 9460
540 9461
539 9462
538 9463
537 9464
536 9465
535 9466
534 9467
533 9468
532 9469
531 9470
530 9471
529 9472
528 9473
527 9474
526 9475
525 9476
524 9477
523 9478
522 9479
521 9480
520 9481
519 9482
518 9483
517 9484
516 9485
515 9486
514 9487
513 9488
512 9489
511 9490
510 9491
509 9492
508 9493
507 9494
506 9495
505 9496
504 9497
503 9498
502 9499
501 9500
500 9501
499 9502
498 9503
497 9504
496 9505
495 9506
494 9507
493 9508
492 9509
491 9510
490 9511
489 9512
488 9513
487 9514
486 9515
485 9516
484 9517
483 9518
482 9519
481 9520
480 9521
479 9522
478 9523
477 9524
476 9525
475 9526
474 9527
473 9528
472 9529
471 9530
470 9531
469 9532
468 9533
467 9534
466 9535
465 9536
464 9537
463 9538
462 9539
461 9540
460 9541
459 9542
458 9543
457 9544
456 9545
455 9546
454 9547
453 9548
452 9549
451 9550
450 9551
449 9552
448 9553
447 9554
446 9555
445 9556
444 9557
443 9558
442 9559
441 9560
440 9561
439 9562
438 9563
437 9564
436 9565
435 9566
434 9567
433 9568
432 9569
431 9570
430 9571
429 9572
428 9573
427 9574
426 9575
425 9576
424 9577
423 9578
422 9579
421 9580
420 9581
419 9582
418 9583
417 9584
416 9585
415 9586
414 9587
413 9588
412 9589
411 9590
410 9591
409 9592
408 9593
407 9594
406 9595
405 9596
404 9597
403 9598
402 9599
401 9600
400 9601
399 9602
398 9603
397 9604
396 9605
395 9606
394 9607
393 9608
392 9609
391 9610
390 9611
389 9612
388 9613
387 9614
386 9615
385 9616
384 9617
383 9618
382 9619
381 9620
380 9621
379 9622
378 9623
377 9624
376 9625
375 9626
374 9627
373 9628
372 9629
371 9630
370 9631
369 9632
368 9633
367 9634
366 9635
365 9636
364 9637
363 9638
362 9639
361 9640
360 9641
359 9642
358 9643
357 9644
356 9645
355 9646
354 9647
353 9648
352 9649
351 9650
350 9651
349 9652
348 9653
347 9654
346 9655
345 9656
344 9657
343 9658
342 9659
341 9660
340 9661
339 9662
338 9663
337 9664
336 9665
335 9666
334 9667
333 9668
332 9669
331 9670
330 9671
329 9672
328 9673
327 9674
326 9675
325 9676
324 9677
323 9678
322 9679
321 9680
320 9681
319 9682
318 9683
317 9684
316 9685
315 9686
314 9687
313 9688
312 9689
311 9690
310 9691
309 9692
308 9693
307 9694
306 9695
305 9696
304 9697
303 9698
302 9699
301 9700
300 9701
299 9702
298 9703
297 9704
296 9705
295 9706
294 9707
293 9708
292 9709
291 9710
290 9711
289 9712
288 9713
287 9714
286 9715
285 9716
284 9717
283 9718
282 9719
281 9720
280 9721
279 9722
278 9723
277 9724
276 9725
275 9726
274 9727
273 9728
272 9729
271 9730
270 9731
269 9732
268 9733
267 9734
266 9735
265 9736
264 9737
263 9738
262 9739
261 9740
260 9741
259 9742
258 9743
257 9744
256 9745
255 9746
254 9747
253 9748
252 9749
251 9750
250 9751
249 9752
248 9753
247 9754
246 9755
245 9756
244 9757
243 9758
242 9759
241 9760
240 9761
239 9762
238 9763
237 9764
236 9765
235 9766
234 9767
233 9768
232 9769
231 9770
230 9771
229 9772
228 9773
227 9774
226 9775
225 9776
224 9777
223 9778
222 9779
221 9780
220 9781
219 9782
218 9783
217 9784
216 9785
215 9786
214 9787
213 9788
212 9789
211 9790
210 9791
209 9792
208 9793
207 9794
206 9795
205 9796
204 9797
203 9798
202 9799
201 9800
200 9801
199 9802
198 9803
197 9804
196 9805
195 9806
194 9807
193 9808
192 9809
191 9810
190 9811
189 9812
188 9813
187 9814
186 9815
185 9816
184 9817
183 9818
182 9819
181 9820
180 9821
179 9822
178 9823
177 9824
176 9825
175 9826
174 9827
173 9828
172 9829
171 9830
170 9831
169 9832
168 9833
167 9834
166 9835
165 9836
164 9837
163 9838
162 9839
161 9840
160 9841
159 9842
158 9843
157 9844
156 9845
155 9846
154 9847
153 9848
152 9849
151 9850
150 9851
149 9852
148 9853
147 9854
146 9855
145 9856
144 9857
143 9858
142 9859
141 9860
140 9861
139 9862
138 9863
137 9864
136 9865
135 9866
134 9867
133 9868
132 9869
131 9870
130 9871
129 9872
128 9873
127 9874
126 9875
125 9876
124 9877
123 9878
122 9879
121 9880
120 9881
119 9882
118 9883
117 9884
116 9885
115 9886
114 9887
113 9888
112 9889
111 9890
110 9891
109 9892
108 9893
107 9894
106 9895
105 9896
104 9897
103 9898
102 9899
101 9900
100 9901
99 9902
98 9903
97 9904
96 9905
95 9906
94 9907
93 9908
92 9909
91 9910
90 9911
89 9912
88 9913
87 9914
86 9915
85 9916
84 9917
83 9918
82 9919
81 9920
80 9921
79 9922
78 9923
77 9924
76 9925
75 9926
74 9927
73 9928
72 9929
71 9930
70 9931
69 9932
68 9933
67 9934
66 9935
65 9936
64 9937
63 9938
62 9939
61 9940
60 9941
59 9942
58 9943
57 9944
56 9945
55 9946
54 9947
53 9948
52 9949
51 9950
50 9951
49 9952
48 9953
47 9954
46 9955
45 9956
44 9957
43 9958
42 9959
41 9960
40 9961
39 9962
38 9963
37 9964
36 9965
35 9966
34 9967
33 9968
32 9969
31 9970
30 9971
29 9972
28 9973
27 9974
26 9975
25 9976
24 9977
23 9978
22 9979
21 9980
20 9981
19 9982
18 9983
17 9984
16 9985
15 9986
14 9987
13 9988
12 9989
11 9990
10 9991
9 9992
8 9993
7 9994
6 9995
5 9996
4 9997
3 9998
2 9999
1 10000
