1 5001
2 5002
3 5003
4 5004
5 5005
6 5006
7 5007
8 5008
9 5009
10 5010
11 5011
12 5012
13 5013
14 5014
15 5015
16 5016
17 5017
18 5018
19 5019
20 5020
21 5021
22 5022
23 5023
24 5024
25 5025
26 5026
27 5027
28 5028
29 5029
30 5030
31 5031
32 5032
33 5033
34 5034
35 5035
36 5036
37 5037
38 5038
39 5039
40 5040
41 5041
42 5042
43 5043
44 5044
45 5045
46 5046
47 5047
48 5048
49 5049
50 5050
51 5051
52 5052
53 5053
54 5054
55 5055
56 5056
57 5057
58 5058
59 5059
60 5060
61 5061
62 5062
63 5063
64 5064
65 5065
66 5066
67 5067
68 5068
69 5069
70 5070
71 5071
72 5072
73 5073
74 5074
75 5075
76 5076
77 5077
78 5078
79 5079
80 5080
81 5081
82 5082
83 5083
84 5084
85 5085
86 5086
87 5087
88 5088
89 5089
90 5090
91 5091
92 5092
93 5093
94 5094
95 5095
96 5096
97 5097
98 5098
99 5099
100 5100
101 5101
102 5102
103 5103
104 5104
105 5105
106 5106
107 5107
108 5108
109 5109
110 5110
111 5111
112 5112
113 5113
114 5114
115 5115
116 5116
117 5117
118 5118
119 5119
120 5120
121 5121
122 5122
123 5123
124 5124
125 5125
126 5126
127 5127
128 5128
129 5129
130 5130
131 5131
132 5132
133 5133
134 5134
135 5135
136 5136
137 5137
138 5138
139 5139
140 5140
141 5141
142 5142
143 5143
144 5144
145 5145
146 5146
147 5147
148 5148
149 5149
150 5150
151 5151
152 5152
153 5153
154 5154
155 5155
156 5156
157 5157
158 5158
159 5159
160 5160
161 5161
162 5162
163 5163
164 5164
165 5165
166 5166
167 5167
168 5168
169 5169
170 5170
171 5171
172 5172
173 5173
174 5174
175 5175
176 5176
177 5177
178 5178
179 5179
180 5180
181 5181
182 5182
183 5183
184 5184
185 5185
186 5186
187 5187
188 5188
189 5189
190 5190
191 5191
192 5192
193 5193
194 5194
195 5195
196 5196
197 5197
198 5198
199 5199
200 5200
201 5201
202 5202
203 5203
204 5204
205 5205
206 5206
207 5207
208 5208
209 5209
210 5210
211 5211
212 5212
213 5213
214 5214
215 5215
216 5216
217 5217
218 5218
219 5219
220 5220
221 5221
222 5222
223 5223
224 5224
225 5225
226 5226
227 5227
228 5228
229 5229
230 5230
231 5231
232 5232
233 5233
234 5234
235 5235
236 5236
237 5237
238 5238
239 5239
240 5240
241 5241
242 5242
243 5243
244 5244
245 5245
246 5246
247 5247
248 5248
249 5249
250 5250
251 5251
252 5252
253 5253
254 5254
255 5255
256 5256
257 5257
258 5258
259 5259
260 5260
261 5261
262 5262
263 5263
264 5264
265 5265
266 5266
267 5267
268 5268
269 5269
270 5270
271 5271
272 5272
273 5273
274 5274
275 5275
276 5276
277 5277
278 5278
279 5279
280 5280
281 5281
282 5282
283 5283
284 5284
285 5285
286 5286
287 5287
288 5288
289 5289
290 5290
291 5291
292 5292
293 5293
294 5294
295 5295
296 5296
297 5297
298 5298
299 5299
300 5300
301 5301
302 5302
303 5303
304 5304
305 5305
306 5306
307 5307
308 5308
309 5309
310 5310
311 5311
312 5312
313 5313
314 5314
315 5315
316 5316
317 5317
318 5318
319 5319
320 5320
321 5321
322 5322
323 5323
324 5324
325 5325
326 5326
327 5327
328 5328
329 5329
330 5330
331 5331
332 5332
333 5333
334 5334
335 5335
336 5336
337 5337
338 5338
339 5339
340 5340
341 5341
342 5342
343 5343
344 5344
345 5345
346 5346
347 5347
348 5348
349 5349
350 5350
351 5351
352 5352
353 5353
354 5354
355 5355
356 5356
357 5357
358 5358
359 5359
360 5360
361 5361
362 5362
363 5363
364 5364
365 5365
366 5366
367 5367
368 5368
369 5369
370 5370
371 5371
372 5372
373 5373
374 5374
375 5375
376 5376
377 5377
378 5378
379 5379
380 5380
381 5381
382 5382
383 5383
384 5384
385 5385
386 5386
387 5387
388 5388
389 5389
390 5390
391 5391
392 5392
393 5393
394 5394
395 5395
396 5396
397 5397
398 5398
399 5399
400 5400
401 5401
402 5402
403 5403
404 5404
405 5405
406 5406
407 5407
408 5408
409 5409
410 5410
411 5411
412 5412
413 5413
414 5414
415 5415
416 5416
417 5417
418 5418
419 5419
420 5420
421 5421
422 5422
423 5423
424 5424
425 5425
426 5426
427 5427
428 5428
429 5429
430 5430
431 5431
432 5432
433 5433
434 5434
435 5435
436 5436
437 5437
438 5438
439 5439
440 5440
441 5441
442 5442
443 5443
444 5444
445 5445
446 5446
447 5447
448 5448
449 5449
450 5450
451 5451
452 5452
453 5453
454 5454
455 5455
456 5456
457 5457
458 5458
459 5459
460 5460
461 5461
462 5462
463 5463
464 5464
465 5465
466 5466
467 5467
468 5468
469 5469
470 5470
471 5471
472 5472
473 5473
474 5474
475 5475
476 5476
477 5477
478 5478
479 5479
480 5480
481 5481
482 5482
483 5483
484 5484
485 5485
486 5486
487 5487
488 5488
489 5489
490 5490
491 5491
492 5492
493 5493
494 5494
495 5495
496 5496
497 5497
498 5498
499 5499
500 5500
501 5501
502 5502
503 5503
504 5504
505 5505
506 5506
507 5507
508 5508
509 5509
510 5510
511 5511
512 5512
513 5513
514 5514
515 5515
516 5516
517 5517
518 5518
519 5519
520 5520
521 5521
522 5522
523 5523
524 5524
525 5525
526 5526
527 5527
528 5528
529 5529
530 5530
531 5531
532 5532
533 5533
534 5534
535 5535
536 5536
537 5537
538 5538
539 5539
540 5540
541 5541
542 5542
543 5543
544 5544
545 5545
546 5546
547 5547
548 5548
549 5549
550 5550
551 5551
552 5552
553 5553
554 5554
555 5555
556 5556
557 5557
558 5558
559 5559
560 5560
561 5561
562 5562
563 5563
564 5564
565 5565
566 5566
567 5567
568 5568
569 5569
570 5570
571 5571
572 5572
573 5573
574 5574
575 5575
576 5576
577 5577
578 5578
579 5579
580 5580
581 5581
582 5582
583 5583
584 5584
585 5585
586 5586
587 5587
588 5588
589 5589
590 5590
591 5591
592 5592
593 5593
594 5594
595 5595
596 5596
597 5597
598 5598
599 5599
600 5600
601 5601
602 5602
603 5603
604 5604
605 5605
606 5606
607 5607
608 5608
609 5609
610 5610
611 5611
612 5612
613 5613
614 5614
615 5615
616 5616
617 5617
618 5618
619 5619
620 5620
621 5621
622 5622
623 5623
624 5624
625 5625
626 5626
627 5627
628 5628
629 5629
630 5630
631 5631
632 5632
633 5633
634 5634
635 5635
636 5636
637 5637
638 5638
639 5639
640 5640
641 5641
642 5642
643 5643
644 5644
645 5645
646 5646
647 5647
648 5648
649 5649
650 5650
651 5651
652 5652
653 5653
654 5654
655 5655
656 5656
657 5657
658 5658
659 5659
660 5660
661 5661
662 5662
663 5663
664 5664
665 5665
666 5666
667 5667
668 5668
669 5669
670 5670
671 5671
672 5672
673 5673
674 5674
675 5675
676 5676
677 5677
678 5678
679 5679
680 5680
681 5681
682 5682
683 5683
684 5684
685 5685
686 5686
687 5687
688 5688
689 5689
690 5690
691 5691
692 5692
693 5693
694 5694
695 5695
696 5696
697 5697
698 5698
699 5699
700 5700
701 5701
702 5702
703 5703
704 5704
705 5705
706 5706
707 5707
708 5708
709 5709
710 5710
711 5711
712 5712
713 5713
714 5714
715 5715
716 5716
717 5717
718 5718
719 5719
720 5720
721 5721
722 5722
723 5723
724 5724
725 5725
726 5726
727 5727
728 5728
729 5729
730 5730
731 5731
732 5732
733 5733
734 5734
735 5735
736 5736
737 5737
738 5738
739 5739
740 5740
741 5741
742 5742
743 5743
744 5744
745 5745
746 5746
747 5747
748 5748
749 5749
750 5750
751 5751
752 5752
753 5753
754 5754
755 5755
756 5756
757 5757
758 5758
759 5759
760 5760
761 5761
762 5762
763 5763
764 5764
765 5765
766 5766
767 5767
768 5768
769 5769
770 5770
771 5771
772 5772
773 5773
774 5774
775 5775
776 5776
777 5777
778 5778
779 5779
780 5780
781 5781
782 5782
783 5783
784 5784
785 5785
786 5786
787 5787
788 5788
789 5789
790 5790
791 5791
792 5792
793 5793
794 5794
795 5795
796 5796
797 5797
798 5798
799 5799
800 5800
801 5801
802 5802
803 5803
804 5804
805 5805
806 5806
807 5807
808 5808
809 5809
810 5810
811 5811
812 5812
813 5813
814 5814
815 5815
816 5816
817 5817
818 5818
819 5819
820 5820
821 5821
822 5822
823 5823
824 5824
825 5825
826 5826
827 5827
828 5828
829 5829
830 5830
831 5831
832 5832
833 5833
834 5834
835 5835
836 5836
837 5837
838 5838
839 5839
840 5840
841 5841
842 5842
843 5843
844 5844
845 5845
846 5846
847 5847
848 5848
849 5849
850 5850
851 5851
852 5852
853 5853
854 5854
855 5855
856 5856
857 5857
858 5858
859 5859
860 5860
861 5861
862 5862
863 5863
864 5864
865 5865
866 5866
867 5867
868 5868
869 5869
870 5870
871 5871
872 5872
873 5873
874 5874
875 5875
876 5876
877 5877
878 5878
879 5879
880 5880
881 5881
882 5882
883 5883
884 5884
885 5885
886 5886
887 5887
888 5888
889 5889
890 5890
891 5891
892 5892
893 5893
894 5894
895 5895
896 5896
897 5897
898 5898
899 5899
900 5900
901 5901
902 5902
903 5903
904 5904
905 5905
906 5906
907 5907
908 5908
909 5909
910 5910
911 5911
912 5912
913 5913
914 5914
915 5915
916 5916
917 5917
918 5918
919 5919
920 5920
921 5921
922 5922
923 5923
924 5924
925 5925
926 5926
927 5927
928 5928
929 5929
930 5930
931 5931
932 5932
933 5933
934 5934
935 5935
936 5936
937 5937
938 5938
939 5939
940 5940
941 5941
942 5942
943 5943
944 5944
945 5945
946 5946
947 5947
948 5948
949 5949
950 5950
951 5951
952 5952
953 5953
954 5954
955 5955
956 5956
957 5957
958 5958
959 5959
960 5960
961 5961
962 5962
963 5963
964 5964
965 5965
966 5966
967 5967
968 5968
969 5969
970 5970
971 5971
972 5972
973 5973
974 5974
975 5975
976 5976
977 5977
978 5978
979 5979
980 5980
981 5981
982 5982
983 5983
984 5984
985 5985
986 5986
987 5987
988 5988
989 5989
990 5990
991 5991
992 5992
993 5993
994 5994
995 5995
996 5996
997 5997
998 5998
999 5999
1000 6000
1001 6001
1002 6002
1003 6003
1004 6004
1005 6005
1006 6006
1007 6007
1008 6008
1009 6009
1010 6010
1011 6011
1012 6012
1013 6013
1014 6014
1015 6015
1016 6016
1017 6017
1018 6018
1019 6019
1020 6020
1021 6021
1022 6022
1023 6023
1024 6024
1025 6025
1026 6026
1027 6027
1028 6028
1029 6029
1030 6030
1031 6031
1032 6032
1033 6033
1034 6034
1035 6035
1036 6036
1037 6037
1038 6038
1039 6039
1040 6040
1041 6041
1042 6042
1043 6043
1044 6044
1045 6045
1046 6046
1047 6047
1048 6048
1049 6049
1050 6050
1051 6051
1052 6052
1053 6053
1054 6054
1055 6055
1056 6056
1057 6057
1058 6058
1059 6059
1060 6060
1061 6061
1062 6062
1063 6063
1064 6064
1065 6065
1066 6066
1067 6067
1068 6068
1069 6069
1070 6070
1071 6071
1072 6072
1073 6073
1074 6074
1075 6075
1076 6076
1077 6077
1078 6078
1079 6079
1080 6080
1081 6081
1082 6082
1083 6083
1084 6084
1085 6085
1086 6086
1087 6087
1088 6088
1089 6089
1090 6090
1091 6091
1092 6092
1093 6093
1094 6094
1095 6095
1096 6096
1097 6097
1098 6098
1099 6099
1100 6100
1101 6101
1102 6102
1103 6103
1104 6104
1105 6105
1106 6106
1107 6107
1108 6108
1109 6109
1110 6110
1111 6111
1112 6112
1113 6113
1114 6114
1115 6115
1116 6116
1117 6117
1118 6118
1119 6119
1120 6120
1121 6121
1122 6122
1123 6123
1124 6124
1125 6125
1126 6126
1127 6127
1128 6128
1129 6129
1130 6130
1131 6131
1132 6132
1133 6133
1134 6134
1135 6135
1136 6136
1137 6137
1138 6138
1139 6139
1140 6140
1141 6141
1142 6142
1143 6143
1144 6144
1145 6145
1146 6146
1147 6147
1148 6148
1149 6149
1150 6150
1151 6151
1152 6152
1153 6153
1154 6154
1155 6155
1156 6156
1157 6157
1158 6158
1159 6159
1160 6160
1161 6161
1162 6162
1163 6163
1164 6164
1165 6165
1166 6166
1167 6167
1168 6168
1169 6169
1170 6170
1171 6171
1172 6172
1173 6173
1174 6174
1175 6175
1176 6176
1177 6177
1178 6178
1179 6179
1180 6180
1181 6181
1182 6182
1183 6183
1184 6184
1185 6185
1186 6186
1187 6187
1188 6188
1189 6189
1190 6190
1191 6191
1192 6192
1193 6193
1194 6194
1195 6195
1196 6196
1197 6197
1198 6198
1199 6199
1200 6200
1201 6201
1202 6202
1203 6203
1204 6204
1205 6205
1206 6206
1207 6207
1208 6208
1209 6209
1210 6210
1211 6211
1212 6212
1213 6213
1214 6214
1215 6215
1216 6216
1217 6217
1218 6218
1219 6219
1220 6220
1221 6221
1222 6222
1223 6223
1224 6224
1225 6225
1226 6226
1227 6227
1228 6228
1229 6229
1230 6230
1231 6231
1232 6232
1233 6233
1234 6234
1235 6235
1236 6236
1237 6237
1238 6238
1239 6239
1240 6240
1241 6241
1242 6242
1243 6243
1244 6244
1245 6245
1246 6246
1247 6247
1248 6248
1249 6249
1250 6250
1251 6251
1252 6252
1253 6253
1254 6254
1255 6255
1256 6256
1257 6257
1258 6258
1259 6259
1260 6260
1261 6261
1262 6262
1263 6263
1264 6264
1265 6265
1266 6266
1267 6267
1268 6268
1269 6269
1270 6270
1271 6271
1272 6272
1273 6273
1274 6274
1275 6275
1276 6276
1277 6277
1278 6278
1279 6279
1280 6280
1281 6281
1282 6282
1283 6283
1284 6284
1285 6285
1286 6286
1287 6287
1288 6288
1289 6289
1290 6290
1291 6291
1292 6292
1293 6293
1294 6294
1295 6295
1296 6296
1297 6297
1298 6298
1299 6299
1300 6300
1301 6301
1302 6302
1303 6303
1304 6304
1305 6305
1306 6306
1307 6307
1308 6308
1309 6309
1310 6310
1311 6311
1312 6312
1313 6313
1314 6314
1315 6315
1316 6316
1317 6317
1318 6318
1319 6319
1320 6320
1321 6321
1322 6322
1323 6323
1324 6324
1325 6325
1326 6326
1327 6327
1328 6328
1329 6329
1330 6330
1331 6331
1332 6332
1333 6333
1334 6334
1335 6335
1336 6336
1337 6337
1338 6338
1339 6339
1340 6340
1341 6341
1342 6342
1343 6343
1344 6344
1345 6345
1346 6346
1347 6347
1348 6348
1349 6349
1350 6350
1351 6351
1352 6352
1353 6353
1354 6354
1355 6355
1356 6356
1357 6357
1358 6358
1359 6359
1360 6360
1361 6361
1362 6362
1363 6363
1364 6364
1365 6365
1366 6366
1367 6367
1368 6368
1369 6369
1370 6370
1371 6371
1372 6372
1373 6373
1374 6374
1375 6375
1376 6376
1377 6377
1378 6378
1379 6379
1380 6380
1381 6381
1382 6382
1383 6383
1384 6384
1385 6385
1386 6386
1387 6387
1388 6388
1389 6389
1390 6390
1391 6391
1392 6392
1393 6393
1394 6394
1395 6395
1396 6396
1397 6397
1398 6398
1399 6399
1400 6400
1401 6401
1402 6402
1403 6403
1404 6404
1405 6405
1406 6406
1407 6407
1408 6408
1409 6409
1410 6410
1411 6411
1412 6412
1413 6413
1414 6414
1415 6415
1416 6416
1417 6417
1418 6418
1419 6419
1420 6420
1421 6421
1422 6422
1423 6423
1424 6424
1425 6425
1426 6426
1427 6427
1428 6428
1429 6429
1430 6430
1431 6431
1432 6432
1433 6433
1434 6434
1435 6435
1436 6436
1437 6437
1438 6438
1439 6439
1440 6440
1441 6441
1442 6442
1443 6443
1444 6444
1445 6445
1446 6446
1447 6447
1448 6448
1449 6449
1450 6450
1451 6451
1452 6452
1453 6453
1454 6454
1455 6455
1456 6456
1457 6457
1458 6458
1459 6459
1460 6460
1461 6461
1462 6462
1463 6463
1464 6464
1465 6465
1466 6466
1467 6467
1468 6468
1469 6469
1470 6470
1471 6471
1472 6472
1473 6473
1474 6474
1475 6475
1476 6476
1477 6477
1478 6478
1479 6479
1480 6480
1481 6481
1482 6482
1483 6483
1484 6484
1485 6485
1486 6486
1487 6487
1488 6488
1489 6489
1490 6490
1491 6491
1492 6492
1493 6493
1494 6494
1495 6495
1496 6496
1497 6497
1498 6498
1499 6499
1500 6500
1501 6501
1502 6502
1503 6503
1504 6504
1505 6505
1506 6506
1507 6507
1508 6508
1509 6509
1510 6510
1511 6511
1512 6512
1513 6513
1514 6514
1515 6515
1516 6516
1517 6517
1518 6518
1519 6519
1520 6520
1521 6521
1522 6522
1523 6523
1524 6524
1525 6525
1526 6526
1527 6527
1528 6528
1529 6529
1530 6530
1531 6531
1532 6532
1533 6533
1534 6534
1535 6535
1536 6536
1537 6537
1538 6538
1539 6539
1540 6540
1541 6541
1542 6542
1543 6543
1544 6544
1545 6545
1546 6546
1547 6547
1548 6548
1549 6549
1550 6550
1551 6551
1552 6552
1553 6553
1554 6554
1555 6555
1556 6556
1557 6557
1558 6558
1559 6559
1560 6560
1561 6561
1562 6562
1563 6563
1564 6564
1565 6565
1566 6566
1567 6567
1568 6568
1569 6569
1570 6570
1571 6571
1572 6572
1573 6573
1574 6574
1575 6575
1576 6576
1577 6577
1578 6578
1579 6579
1580 6580
1581 6581
1582 6582
1583 6583
1584 6584
1585 6585
1586 6586
1587 6587
1588 6588
1589 6589
1590 6590
1591 6591
1592 6592
1593 6593
1594 6594
1595 6595
1596 6596
1597 6597
1598 6598
1599 6599
1600 6600
1601 6601
1602 6602
1603 6603
1604 6604
1605 6605
1606 6606
1607 6607
1608 6608
1609 6609
1610 6610
1611 6611
1612 6612
1613 6613
1614 6614
1615 6615
1616 6616
1617 6617
1618 6618
1619 6619
1620 6620
1621 6621
1622 6622
1623 6623
1624 6624
1625 6625
1626 6626
1627 6627
1628 6628
1629 6629
1630 6630
1631 6631
1632 6632
1633 6633
1634 6634
1635 6635
1636 6636
1637 6637
1638 6638
1639 6639
1640 6640
1641 6641
1642 6642
1643 6643
1644 6644
1645 6645
1646 6646
1647 6647
1648 6648
1649 6649
1650 6650
1651 6651
1652 6652
1653 6653
1654 6654
1655 6655
1656 6656
1657 6657
1658 6658
1659 6659
1660 6660
1661 6661
1662 6662
1663 6663
1664 6664
1665 6665
1666 6666
1667 6667
1668 6668
1669 6669
1670 6670
1671 6671
1672 6672
1673 6673
1674 6674
1675 6675
1676 6676
1677 6677
1678 6678
1679 6679
1680 6680
1681 6681
1682 6682
1683 6683
1684 6684
1685 6685
1686 6686
1687 6687
1688 6688
1689 6689
1690 6690
1691 6691
1692 6692
1693 6693
1694 6694
1695 6695
1696 6696
1697 6697
1698 6698
1699 6699
1700 6700
1701 6701
1702 6702
1703 6703
1704 6704
1705 6705
1706 6706
1707 6707
1708 6708
1709 6709
1710 6710
1711 6711
1712 6712
1713 6713
1714 6714
1715 6715
1716 6716
1717 6717
1718 6718
1719 6719
1720 6720
1721 6721
1722 6722
1723 6723
1724 6724
1725 6725
1726 6726
1727 6727
1728 6728
1729 6729
1730 6730
1731 6731
1732 6732
1733 6733
1734 6734
1735 6735
1736 6736
1737 6737
1738 6738
1739 6739
1740 6740
1741 6741
1742 6742
1743 6743
1744 6744
1745 6745
1746 6746
1747 6747
1748 6748
1749 6749
1750 6750
1751 6751
1752 6752
1753 6753
1754 6754
1755 6755
1756 6756
1757 6757
1758 6758
1759 6759
1760 6760
1761 6761
1762 6762
1763 6763
1764 6764
1765 6765
1766 6766
1767 6767
1768 6768
1769 6769
1770 6770
1771 6771
1772 6772
1773 6773
1774 6774
1775 6775
1776 6776
1777 6777
1778 6778
1779 6779
1780 6780
1781 6781
1782 6782
1783 6783
1784 6784
1785 6785
1786 6786
1787 6787
1788 6788
1789 6789
1790 6790
1791 6791
1792 6792
1793 6793
1794 6794
1795 6795
1796 6796
1797 6797
1798 6798
1799 6799
1800 6800
1801 6801
1802 6802
1803 6803
1804 6804
1805 6805
1806 6806
1807 6807
1808 6808
1809 6809
1810 6810
1811 6811
1812 6812
1813 6813
1814 6814
1815 6815
1816 6816
1817 6817
1818 6818
1819 6819
1820 6820
1821 6821
1822 6822
1823 6823
1824 6824
1825 6825
1826 6826
1827 6827
1828 6828
1829 6829
1830 6830
1831 6831
1832 6832
1833 6833
1834 6834
1835 6835
1836 6836
1837 6837
1838 6838
1839 6839
1840 6840
1841 6841
1842 6842
1843 6843
1844 6844
1845 6845
1846 6846
1847 6847
1848 6848
1849 6849
1850 6850
1851 6851
1852 6852
1853 6853
1854 6854
1855 6855
1856 6856
1857 6857
1858 6858
1859 6859
1860 6860
1861 6861
1862 6862
1863 6863
1864 6864
1865 6865
1866 6866
1867 6867
1868 6868
1869 6869
1870 6870
1871 6871
1872 6872
1873 6873
1874 6874
1875 6875
1876 6876
1877 6877
1878 6878
1879 6879
1880 6880
1881 6881
1882 6882
1883 6883
1884 6884
1885 6885
1886 6886
1887 6887
1888 6888
1889 6889
1890 6890
1891 6891
1892 6892
1893 6893
1894 6894
1895 6895
1896 6896
1897 6897
1898 6898
1899 6899
1900 6900
1901 6901
1902 6902
1903 6903
1904 6904
1905 6905
1906 6906
1907 6907
1908 6908
1909 6909
1910 6910
1911 6911
1912 6912
1913 6913
1914 6914
1915 6915
1916 6916
1917 6917
1918 6918
1919 6919
1920 6920
1921 6921
1922 6922
1923 6923
1924 6924
1925 6925
1926 6926
1927 6927
1928 6928
1929 6929
1930 6930
1931 6931
1932 6932
1933 6933
1934 6934
1935 6935
1936 6936
1937 6937
1938 6938
1939 6939
1940 6940
1941 6941
1942 6942
1943 6943
1944 6944
1945 6945
1946 6946
1947 6947
1948 6948
1949 6949
1950 6950
1951 6951
1952 6952
1953 6953
1954 6954
1955 6955
1956 6956
1957 6957
1958 6958
1959 6959
1960 6960
1961 6961
1962 6962
1963 6963
1964 6964
1965 6965
1966 6966
1967 6967
1968 6968
1969 6969
1970 6970
1971 6971
1972 6972
1973 6973
1974 6974
1975 6975
1976 6976
1977 6977
1978 6978
1979 6979
1980 6980
1981 6981
1982 6982
1983 6983
1984 6984
1985 6985
1986 6986
1987 6987
1988 6988
1989 6989
1990 6990
1991 6991
1992 6992
1993 6993
1994 6994
1995 6995
1996 6996
1997 6997
1998 6998
1999 6999
2000 7000
2001 7001
2002 7002
2003 7003
2004 7004
2005 7005
2006 7006
2007 7007
2008 7008
2009 7009
2010 7010
2011 7011
2012 7012
2013 7013
2014 7014
2015 7015
2016 7016
2017 7017
2018 7018
2019 7019
2020 7020
2021 7021
2022 7022
2023 7023
2024 7024
2025 7025
2026 7026
2027 7027
2028 7028
2029 7029
2030 7030
2031 7031
2032 7032
2033 7033
2034 7034
2035 7035
2036 7036
2037 7037
2038 7038
2039 7039
2040 7040
2041 7041
2042 7042
2043 7043
2044 7044
2045 7045
2046 7046
2047 7047
2048 7048
2049 7049
2050 7050
2051 7051
2052 7052
2053 7053
2054 7054
2055 7055
2056 7056
2057 7057
2058 7058
2059 7059
2060 7060
2061 7061
2062 7062
2063 7063
2064 7064
2065 7065
2066 7066
2067 7067
2068 7068
2069 7069
2070 7070
2071 7071
2072 7072
2073 7073
2074 7074
2075 7075
2076 7076
2077 7077
2078 7078
2079 7079
2080 7080
2081 7081
2082 7082
2083 7083
2084 7084
2085 7085
2086 7086
2087 7087
2088 7088
2089 7089
2090 7090
2091 7091
2092 7092
2093 7093
2094 7094
2095 7095
2096 7096
2097 7097
2098 7098
2099 7099
2100 7100
2101 7101
2102 7102
2103 7103
2104 7104
2105 7105
2106 7106
2107 7107
2108 7108
2109 7109
2110 7110
2111 7111
2112 7112
2113 7113
2114 7114
2115 7115
2116 7116
2117 7117
2118 7118
2119 7119
2120 7120
2121 7121
2122 7122
2123 7123
2124 7124
2125 7125
2126 7126
2127 7127
2128 7128
2129 7129
2130 7130
2131 7131
2132 7132
2133 7133
2134 7134
2135 7135
2136 7136
2137 7137
2138 7138
2139 7139
2140 7140
2141 7141
2142 7142
2143 7143
2144 7144
2145 7145
2146 7146
2147 7147
2148 7148
2149 7149
2150 7150
2151 7151
2152 7152
2153 7153
2154 7154
2155 7155
2156 7156
2157 7157
2158 7158
2159 7159
2160 7160
2161 7161
2162 7162
2163 7163
2164 7164
2165 7165
2166 7166
2167 7167
2168 7168
2169 7169
2170 7170
2171 7171
2172 7172
2173 7173
2174 7174
2175 7175
2176 7176
2177 7177
2178 7178
2179 7179
2180 7180
2181 7181
2182 7182
2183 7183
2184 7184
2185 7185
2186 7186
2187 7187
2188 7188
2189 7189
2190 7190
2191 7191
2192 7192
2193 7193
2194 7194
2195 7195
2196 7196
2197 7197
2198 7198
2199 7199
2200 7200
2201 7201
2202 7202
2203 7203
2204 7204
2205 7205
2206 7206
2207 7207
2208 7208
2209 7209
2210 7210
2211 7211
2212 7212
2213 7213
2214 7214
2215 7215
2216 7216
2217 7217
2218 7218
2219 7219
2220 7220
2221 7221
2222 7222
2223 7223
2224 7224
2225 7225
2226 7226
2227 7227
2228 7228
2229 7229
2230 7230
2231 7231
2232 7232
2233 7233
2234 7234
2235 7235
2236 7236
2237 7237
2238 7238
2239 7239
2240 7240
2241 7241
2242 7242
2243 7243
2244 7244
2245 7245
2246 7246
2247 7247
2248 7248
2249 7249
2250 7250
2251 7251
2252 7252
2253 7253
2254 7254
2255 7255
2256 7256
2257 7257
2258 7258
2259 7259
2260 7260
2261 7261
2262 7262
2263 7263
2264 7264
2265 7265
2266 7266
2267 7267
2268 7268
2269 7269
2270 7270
2271 7271
2272 7272
2273 7273
2274 7274
2275 7275
2276 7276
2277 7277
2278 7278
2279 7279
2280 7280
2281 7281
2282 7282
2283 7283
2284 7284
2285 7285
2286 7286
2287 7287
2288 7288
2289 7289
2290 7290
2291 7291
2292 7292
2293 7293
2294 7294
2295 7295
2296 7296
2297 7297
2298 7298
2299 7299
2300 7300
2301 7301
2302 7302
2303 7303
2304 7304
2305 7305
2306 7306
2307 7307
2308 7308
2309 7309
2310 7310
2311 7311
2312 7312
2313 7313
2314 7314
2315 7315
2316 7316
2317 7317
2318 7318
2319 7319
2320 7320
2321 7321
2322 7322
2323 7323
2324 7324
2325 7325
2326 7326
2327 7327
2328 7328
2329 7329
2330 7330
2331 7331
2332 7332
2333 7333
2334 7334
2335 7335
2336 7336
2337 7337
2338 7338
2339 7339
2340 7340
2341 7341
2342 7342
2343 7343
2344 7344
2345 7345
2346 7346
2347 7347
2348 7348
2349 7349
2350 7350
2351 7351
2352 7352
2353 7353
2354 7354
2355 7355
2356 7356
2357 7357
2358 7358
2359 7359
2360 7360
2361 7361
2362 7362
2363 7363
2364 7364
2365 7365
2366 7366
2367 7367
2368 7368
2369 7369
2370 7370
2371 7371
2372 7372
2373 7373
2374 7374
2375 7375
2376 7376
2377 7377
2378 7378
2379 7379
2380 7380
2381 7381
2382 7382
2383 7383
2384 7384
2385 7385
2386 7386
2387 7387
2388 7388
2389 7389
2390 7390
2391 7391
2392 7392
2393 7393
2394 7394
2395 7395
2396 7396
2397 7397
2398 7398
2399 7399
2400 7400
2401 7401
2402 7402
2403 7403
2404 7404
2405 7405
2406 7406
2407 7407
2408 7408
2409 7409
2410 7410
2411 7411
2412 7412
2413 7413
2414 7414
2415 7415
2416 7416
2417 7417
2418 7418
2419 7419
2420 7420
2421 7421
2422 7422
2423 7423
2424 7424
2425 7425
2426 7426
2427 7427
2428 7428
2429 7429
2430 7430
2431 7431
2432 7432
2433 7433
2434 7434
2435 7435
2436 7436
2437 7437
2438 7438
2439 7439
2440 7440
2441 7441
2442 7442
2443 7443
2444 7444
2445 7445
2446 7446
2447 7447
2448 7448
2449 7449
2450 7450
2451 7451
2452 7452
2453 7453
2454 7454
2455 7455
2456 7456
2457 7457
2458 7458
2459 7459
2460 7460
2461 7461
2462 7462
2463 7463
2464 7464
2465 7465
2466 7466
2467 7467
2468 7468
2469 7469
2470 7470
2471 7471
2472 7472
2473 7473
2474 7474
2475 7475
2476 7476
2477 7477
2478 7478
2479 7479
2480 7480
2481 7481
2482 7482
2483 7483
2484 7484
2485 7485
2486 7486
2487 7487
2488 7488
2489 7489
2490 7490
2491 7491
2492 7492
2493 7493
2494 7494
2495 7495
2496 7496
2497 7497
2498 7498
2499 7499
2500 7500
2501 7501
2502 7502
2503 7503
2504 7504
2505 7505
2506 7506
2507 7507
2508 7508
2509 7509
2510 7510
2511 7511
2512 7512
2513 7513
2514 7514
2515 7515
2516 7516
2517 7517
2518 7518
2519 7519
2520 7520
2521 7521
2522 7522
2523 7523
2524 7524
2525 7525
2526 7526
2527 7527
2528 7528
2529 7529
2530 7530
2531 7531
2532 7532
2533 7533
2534 7534
2535 7535
2536 7536
2537 7537
2538 7538
2539 7539
2540 7540
2541 7541
2542 7542
2543 7543
2544 7544
2545 7545
2546 7546
2547 7547
2548 7548
2549 7549
2550 7550
2551 7551
2552 7552
2553 7553
2554 7554
2555 7555
2556 7556
2557 7557
2558 7558
2559 7559
2560 7560
2561 7561
2562 7562
2563 7563
2564 7564
2565 7565
2566 7566
2567 7567
2568 7568
2569 7569
2570 7570
2571 7571
2572 7572
2573 7573
2574 7574
2575 7575
2576 7576
2577 7577
2578 7578
2579 7579
2580 7580
2581 7581
2582 7582
2583 7583
2584 7584
2585 7585
2586 7586
2587 7587
2588 7588
2589 7589
2590 7590
2591 7591
2592 7592
2593 7593
2594 7594
2595 7595
2596 7596
2597 7597
2598 7598
2599 7599
2600 7600
2601 7601
2602 7602
2603 7603
2604 7604
2605 7605
2606 7606
2607 7607
2608 7608
2609 7609
2610 7610
2611 7611
2612 7612
2613 7613
2614 7614
2615 7615
2616 7616
2617 7617
2618 7618
2619 7619
2620 7620
2621 7621
2622 7622
2623 7623
2624 7624
2625 7625
2626 7626
2627 7627
2628 7628
2629 7629
2630 7630
2631 7631
2632 7632
2633 7633
2634 7634
2635 7635
2636 7636
2637 7637
2638 7638
2639 7639
2640 7640
2641 7641
2642 7642
2643 7643
2644 7644
2645 7645
2646 7646
2647 7647
2648 7648
2649 7649
2650 7650
2651 7651
2652 7652
2653 7653
2654 7654
2655 7655
2656 7656
2657 7657
2658 7658
2659 7659
2660 7660
2661 7661
2662 7662
2663 7663
2664 7664
2665 7665
2666 7666
2667 7667
2668 7668
2669 7669
2670 7670
2671 7671
2672 7672
2673 7673
2674 7674
2675 7675
2676 7676
2677 7677
2678 7678
2679 7679
2680 7680
2681 7681
2682 7682
2683 7683
2684 7684
2685 7685
2686 7686
2687 7687
2688 7688
2689 7689
2690 7690
2691 7691
2692 7692
2693 7693
2694 7694
2695 7695
2696 7696
2697 7697
2698 7698
2699 7699
2700 7700
2701 7701
2702 7702
2703 7703
2704 7704
2705 7705
2706 7706
2707 7707
2708 7708
2709 7709
2710 7710
2711 7711
2712 7712
2713 7713
2714 7714
2715 7715
2716 7716
2717 7717
2718 7718
2719 7719
2720 7720
2721 7721
2722 7722
2723 7723
2724 7724
2725 7725
2726 7726
2727 7727
2728 7728
2729 7729
2730 7730
2731 7731
2732 7732
2733 7733
2734 7734
2735 7735
2736 7736
2737 7737
2738 7738
2739 7739
2740 7740
2741 7741
2742 7742
2743 7743
2744 7744
2745 7745
2746 7746
2747 7747
2748 7748
2749 7749
2750 7750
2751 7751
2752 7752
2753 7753
2754 7754
2755 7755
2756 7756
2757 7757
2758 7758
2759 7759
2760 7760
2761 7761
2762 7762
2763 7763
2764 7764
2765 7765
2766 7766
2767 7767
2768 7768
2769 7769
2770 7770
2771 7771
2772 7772
2773 7773
2774 7774
2775 7775
2776 7776
2777 7777
2778 7778
2779 7779
2780 7780
2781 7781
2782 7782
2783 7783
2784 7784
2785 7785
2786 7786
2787 7787
2788 7788
2789 7789
2790 7790
2791 7791
2792 7792
2793 7793
2794 7794
2795 7795
2796 7796
2797 7797
2798 7798
2799 7799
2800 7800
2801 7801
2802 7802
2803 7803
2804 7804
2805 7805
2806 7806
2807 7807
2808 7808
2809 7809
2810 7810
2811 7811
2812 7812
2813 7813
2814 7814
2815 7815
2816 7816
2817 7817
2818 7818
2819 7819
2820 7820
2821 7821
2822 7822
2823 7823
2824 7824
2825 7825
2826 7826
2827 7827
2828 7828
2829 7829
2830 7830
2831 7831
2832 7832
2833 7833
2834 7834
2835 7835
2836 7836
2837 7837
2838 7838
2839 7839
2840 7840
2841 7841
2842 7842
2843 7843
2844 7844
2845 7845
2846 7846
2847 7847
2848 7848
2849 7849
2850 7850
2851 7851
2852 7852
2853 7853
2854 7854
2855 7855
2856 7856
2857 7857
2858 7858
2859 7859
2860 7860
2861 7861
2862 7862
2863 7863
2864 7864
2865 7865
2866 7866
2867 7867
2868 7868
2869 7869
2870 7870
2871 7871
2872 7872
2873 7873
2874 7874
2875 7875
2876 7876
2877 7877
2878 7878
2879 7879
2880 7880
2881 7881
2882 7882
2883 7883
2884 7884
2885 7885
2886 7886
2887 7887
2888 7888
2889 7889
2890 7890
2891 7891
2892 7892
2893 7893
2894 7894
2895 7895
2896 7896
2897 7897
2898 7898
2899 7899
2900 7900
2901 7901
2902 7902
2903 7903
2904 7904
2905 7905
2906 7906
2907 7907
2908 7908
2909 7909
2910 7910
2911 7911
2912 7912
2913 7913
2914 7914
2915 7915
2916 7916
2917 7917
2918 7918
2919 7919
2920 7920
2921 7921
2922 7922
2923 7923
2924 7924
2925 7925
2926 7926
2927 7927
2928 7928
2929 7929
2930 7930
2931 7931
2932 7932
2933 7933
2934 7934
2935 7935
2936 7936
2937 7937
2938 7938
2939 7939
2940 7940
2941 7941
2942 7942
2943 7943
2944 7944
2945 7945
2946 7946
2947 7947
2948 7948
2949 7949
2950 7950
2951 7951
2952 7952
2953 7953
2954 7954
2955 7955
2956 7956
2957 7957
2958 7958
2959 7959
2960 7960
2961 7961
2962 7962
2963 7963
2964 7964
2965 7965
2966 7966
2967 7967
2968 7968
2969 7969
2970 7970
2971 7971
2972 7972
2973 7973
2974 7974
2975 7975
2976 7976
2977 7977
2978 7978
2979 7979
2980 7980
2981 7981
2982 7982
2983 7983
2984 7984
2985 7985
2986 7986
2987 7987
2988 7988
2989 7989
2990 7990
2991 7991
2992 7992
2993 7993
2994 7994
2995 7995
2996 7996
2997 7997
2998 7998
2999 7999
3000 8000
3001 8001
3002 8002
3003 8003
3004 8004
3005 8005
3006 8006
3007 8007
3008 8008
3009 8009
3010 8010
3011 8011
3012 8012
3013 8013
3014 8014
3015 8015
3016 8016
3017 8017
3018 8018
3019 8019
3020 8020
3021 8021
3022 8022
3023 8023
3024 8024
3025 8025
3026 8026
3027 8027
3028 8028
3029 8029
3030 8030
3031 8031
3032 8032
3033 8033
3034 8034
3035 8035
3036 8036
3037 8037
3038 8038
3039 8039
3040 8040
3041 8041
3042 8042
3043 8043
3044 8044
3045 8045
3046 8046
3047 8047
3048 8048
3049 8049
3050 8050
3051 8051
3052 8052
3053 8053
3054 8054
3055 8055
3056 8056
3057 8057
3058 8058
3059 8059
3060 8060
3061 8061
3062 8062
3063 8063
3064 8064
3065 8065
3066 8066
3067 8067
3068 8068
3069 8069
3070 8070
3071 8071
3072 8072
3073 8073
3074 8074
3075 8075
3076 8076
3077 8077
3078 8078
3079 8079
3080 8080
3081 8081
3082 8082
3083 8083
3084 8084
3085 8085
3086 8086
3087 8087
3088 8088
3089 8089
3090 8090
3091 8091
3092 8092
3093 8093
3094 8094
3095 8095
3096 8096
3097 8097
3098 8098
3099 8099
3100 8100
3101 8101
3102 8102
3103 8103
3104 8104
3105 8105
3106 8106
3107 8107
3108 8108
3109 8109
3110 8110
3111 8111
3112 8112
3113 8113
3114 8114
3115 8115
3116 8116
3117 8117
3118 8118
3119 8119
3120 8120
3121 8121
3122 8122
3123 8123
3124 8124
3125 8125
3126 8126
3127 8127
3128 8128
3129 8129
3130 8130
3131 8131
3132 8132
3133 8133
3134 8134
3135 8135
3136 8136
3137 8137
3138 8138
3139 8139
3140 8140
3141 8141
3142 8142
3143 8143
3144 8144
3145 8145
3146 8146
3147 8147
3148 8148
3149 8149
3150 8150
3151 8151
3152 8152
3153 8153
3154 8154
3155 8155
3156 8156
3157 8157
3158 8158
3159 8159
3160 8160
3161 8161
3162 8162
3163 8163
3164 8164
3165 8165
3166 8166
3167 8167
3168 8168
3169 8169
3170 8170
3171 8171
3172 8172
3173 8173
3174 8174
3175 8175
3176 8176
3177 8177
3178 8178
3179 8179
3180 8180
3181 8181
3182 8182
3183 8183
3184 8184
3185 8185
3186 8186
3187 8187
3188 8188
3189 8189
3190 8190
3191 8191
3192 8192
3193 8193
3194 8194
3195 8195
3196 8196
3197 8197
3198 8198
3199 8199
3200 8200
3201 8201
3202 8202
3203 8203
3204 8204
3205 8205
3206 8206
3207 8207
3208 8208
3209 8209
3210 8210
3211 8211
3212 8212
3213 8213
3214 8214
3215 8215
3216 8216
3217 8217
3218 8218
3219 8219
3220 8220
3221 8221
3222 8222
3223 8223
3224 8224
3225 8225
3226 8226
3227 8227
3228 8228
3229 8229
3230 8230
3231 8231
3232 8232
3233 8233
3234 8234
3235 8235
3236 8236
3237 8237
3238 8238
3239 8239
3240 8240
3241 8241
3242 8242
3243 8243
3244 8244
3245 8245
3246 8246
3247 8247
3248 8248
3249 8249
3250 8250
3251 8251
3252 8252
3253 8253
3254 8254
3255 8255
3256 8256
3257 8257
3258 8258
3259 8259
3260 8260
3261 8261
3262 8262
3263 8263
3264 8264
3265 8265
3266 8266
3267 8267
3268 8268
3269 8269
3270 8270
3271 8271
3272 8272
3273 8273
3274 8274
3275 8275
3276 8276
3277 8277
3278 8278
3279 8279
3280 8280
3281 8281
3282 8282
3283 8283
3284 8284
3285 8285
3286 8286
3287 8287
3288 8288
3289 8289
3290 8290
3291 8291
3292 8292
3293 8293
3294 8294
3295 8295
3296 8296
3297 8297
3298 8298
3299 8299
3300 8300
3301 8301
3302 8302
3303 8303
3304 8304
3305 8305
3306 8306
3307 8307
3308 8308
3309 8309
3310 8310
3311 8311
3312 8312
3313 8313
3314 8314
3315 8315
3316 8316
3317 8317
3318 8318
3319 8319
3320 8320
3321 8321
3322 8322
3323 8323
3324 8324
3325 8325
3326 8326
3327 8327
3328 8328
3329 8329
3330 8330
3331 8331
3332 8332
3333 8333
3334 8334
3335 8335
3336 8336
3337 8337
3338 8338
3339 8339
3340 8340
3341 8341
3342 8342
3343 8343
3344 8344
3345 8345
3346 8346
3347 8347
3348 8348
3349 8349
3350 8350
3351 8351
3352 8352
3353 8353
3354 8354
3355 8355
3356 8356
3357 8357
3358 8358
3359 8359
3360 8360
3361 8361
3362 8362
3363 8363
3364 8364
3365 8365
3366 8366
3367 8367
3368 8368
3369 8369
3370 8370
3371 8371
3372 8372
3373 8373
3374 8374
3375 8375
3376 8376
3377 8377
3378 8378
3379 8379
3380 8380
3381 8381
3382 8382
3383 8383
3384 8384
3385 8385
3386 8386
3387 8387
3388 8388
3389 8389
3390 8390
3391 8391
3392 8392
3393 8393
3394 8394
3395 8395
3396 8396
3397 8397
3398 8398
3399 8399
3400 8400
3401 8401
3402 8402
3403 8403
3404 8404
3405 8405
3406 8406
3407 8407
3408 8408
3409 8409
3410 8410
3411 8411
3412 8412
3413 8413
3414 8414
3415 8415
3416 8416
3417 8417
3418 8418
3419 8419
3420 8420
3421 8421
3422 8422
3423 8423
3424 8424
3425 8425
3426 8426
3427 8427
3428 8428
3429 8429
3430 8430
3431 8431
3432 8432
3433 8433
3434 8434
3435 8435
3436 8436
3437 8437
3438 8438
3439 8439
3440 8440
3441 8441
3442 8442
3443 8443
3444 8444
3445 8445
3446 8446
3447 8447
3448 8448
3449 8449
3450 8450
3451 8451
3452 8452
3453 8453
3454 8454
3455 8455
3456 8456
3457 8457
3458 8458
3459 8459
3460 8460
3461 8461
3462 8462
3463 8463
3464 8464
3465 8465
3466 8466
3467 8467
3468 8468
3469 8469
3470 8470
3471 8471
3472 8472
3473 8473
3474 8474
3475 8475
3476 8476
3477 8477
3478 8478
3479 8479
3480 8480
3481 8481
3482 8482
3483 8483
3484 8484
3485 8485
3486 8486
3487 8487
3488 8488
3489 8489
3490 8490
3491 8491
3492 8492
3493 8493
3494 8494
3495 8495
3496 8496
3497 8497
3498 8498
3499 8499
3500 8500
3501 8501
3502 8502
3503 8503
3504 8504
3505 8505
3506 8506
3507 8507
3508 8508
3509 8509
3510 8510
3511 8511
3512 8512
3513 8513
3514 8514
3515 8515
3516 8516
3517 8517
3518 8518
3519 8519
3520 8520
3521 8521
3522 8522
3523 8523
3524 8524
3525 8525
3526 8526
3527 8527
3528 8528
3529 8529
3530 8530
3531 8531
3532 8532
3533 8533
3534 8534
3535 8535
3536 8536
3537 8537
3538 8538
3539 8539
3540 8540
3541 8541
3542 8542
3543 8543
3544 8544
3545 8545
3546 8546
3547 8547
3548 8548
3549 8549
3550 8550
3551 8551
3552 8552
3553 8553
3554 8554
3555 8555
3556 8556
3557 8557
3558 8558
3559 8559
3560 8560
3561 8561
3562 8562
3563 8563
3564 8564
3565 8565
3566 8566
3567 8567
3568 8568
3569 8569
3570 8570
3571 8571
3572 8572
3573 8573
3574 8574
3575 8575
3576 8576
3577 8577
3578 8578
3579 8579
3580 8580
3581 8581
3582 8582
3583 8583
3584 8584
3585 8585
3586 8586
3587 8587
3588 8588
3589 8589
3590 8590
3591 8591
3592 8592
3593 8593
3594 8594
3595 8595
3596 8596
3597 8597
3598 8598
3599 8599
3600 8600
3601 8601
3602 8602
3603 8603
3604 8604
3605 8605
3606 8606
3607 8607
3608 8608
3609 8609
3610 8610
3611 8611
3612 8612
3613 8613
3614 8614
3615 8615
3616 8616
3617 8617
3618 8618
3619 8619
3620 8620
3621 8621
3622 8622
3623 8623
3624 8624
3625 8625
3626 8626
3627 8627
3628 8628
3629 8629
3630 8630
3631 8631
3632 8632
3633 8633
3634 8634
3635 8635
3636 8636
3637 8637
3638 8638
3639 8639
3640 8640
3641 8641
3642 8642
3643 8643
3644 8644
3645 8645
3646 8646
3647 8647
3648 8648
3649 8649
3650 8650
3651 8651
3652 8652
3653 8653
3654 8654
3655 8655
3656 8656
3657 8657
3658 8658
3659 8659
3660 8660
3661 8661
3662 8662
3663 8663
3664 8664
3665 8665
3666 8666
3667 8667
3668 8668
3669 8669
3670 8670
3671 8671
3672 8672
3673 8673
3674 8674
3675 8675
3676 8676
3677 8677
3678 8678
3679 8679
3680 8680
3681 8681
3682 8682
3683 8683
3684 8684
3685 8685
3686 8686
3687 8687
3688 8688
3689 8689
3690 8690
3691 8691
3692 8692
3693 8693
3694 8694
3695 8695
3696 8696
3697 8697
3698 8698
3699 8699
3700 8700
3701 8701
3702 8702
3703 8703
3704 8704
3705 8705
3706 8706
3707 8707
3708 8708
3709 8709
3710 8710
3711 8711
3712 8712
3713 8713
3714 8714
3715 8715
3716 8716
3717 8717
3718 8718
3719 8719
3720 8720
3721 8721
3722 8722
3723 8723
3724 8724
3725 8725
3726 8726
3727 8727
3728 8728
3729 8729
3730 8730
3731 8731
3732 8732
3733 8733
3734 8734
3735 8735
3736 8736
3737 8737
3738 8738
3739 8739
3740 8740
3741 8741
3742 8742
3743 8743
3744 8744
3745 8745
3746 8746
3747 8747
3748 8748
3749 8749
3750 8750
3751 8751
3752 8752
3753 8753
3754 8754
3755 8755
3756 8756
3757 8757
3758 8758
3759 8759
3760 8760
3761 8761
3762 8762
3763 8763
3764 8764
3765 8765
3766 8766
3767 8767
3768 8768
3769 8769
3770 8770
3771 8771
3772 8772
3773 8773
3774 8774
3775 8775
3776 8776
3777 8777
3778 8778
3779 8779
3780 8780
3781 8781
3782 8782
3783 8783
3784 8784
3785 8785
3786 8786
3787 8787
3788 8788
3789 8789
3790 8790
3791 8791
3792 8792
3793 8793
3794 8794
3795 8795
3796 8796
3797 8797
3798 8798
3799 8799
3800 8800
3801 8801
3802 8802
3803 8803
3804 8804
3805 8805
3806 8806
3807 8807
3808 8808
3809 8809
3810 8810
3811 8811
3812 8812
3813 8813
3814 8814
3815 8815
3816 8816
3817 8817
3818 8818
3819 8819
3820 8820
3821 8821
3822 8822
3823 8823
3824 8824
3825 8825
3826 8826
3827 8827
3828 8828
3829 8829
3830 8830
3831 8831
3832 8832
3833 8833
3834 8834
3835 8835
3836 8836
3837 8837
3838 8838
3839 8839
3840 8840
3841 8841
3842 8842
3843 8843
3844 8844
3845 8845
3846 8846
3847 8847
3848 8848
3849 8849
3850 8850
3851 8851
3852 8852
3853 8853
3854 8854
3855 8855
3856 8856
3857 8857
3858 8858
3859 8859
3860 8860
3861 8861
3862 8862
3863 8863
3864 8864
3865 8865
3866 8866
3867 8867
3868 8868
3869 8869
3870 8870
3871 8871
3872 8872
3873 8873
3874 8874
3875 8875
3876 8876
3877 8877
3878 8878
3879 8879
3880 8880
3881 8881
3882 8882
3883 8883
3884 8884
3885 8885
3886 8886
3887 8887
3888 8888
3889 8889
3890 8890
3891 8891
3892 8892
3893 8893
3894 8894
3895 8895
3896 8896
3897 8897
3898 8898
3899 8899
3900 8900
3901 8901
3902 8902
3903 8903
3904 8904
3905 8905
3906 8906
3907 8907
3908 8908
3909 8909
3910 8910
3911 8911
3912 8912
3913 8913
3914 8914
3915 8915
3916 8916
3917 8917
3918 8918
3919 8919
3920 8920
3921 8921
3922 8922
3923 8923
3924 8924
3925 8925
3926 8926
3927 8927
3928 8928
3929 8929
3930 8930
3931 8931
3932 8932
3933 8933
3934 8934
3935 8935
3936 8936
3937 8937
3938 8938
3939 8939
3940 8940
3941 8941
3942 8942
3943 8943
3944 8944
3945 8945
3946 8946
3947 8947
3948 8948
3949 8949
3950 8950
3951 8951
3952 8952
3953 8953
3954 8954
3955 8955
3956 8956
3957 8957
3958 8958
3959 8959
3960 8960
3961 8961
3962 8962
3963 8963
3964 8964
3965 8965
3966 8966
3967 8967
3968 8968
3969 8969
3970 8970
3971 8971
3972 8972
3973 8973
3974 8974
3975 8975
3976 8976
3977 8977
3978 8978
3979 8979
3980 8980
3981 8981
3982 8982
3983 8983
3984 8984
3985 8985
3986 8986
3987 8987
3988 8988
3989 8989
3990 8990
3991 8991
3992 8992
3993 8993
3994 8994
3995 8995
3996 8996
3997 8997
3998 8998
3999 8999
4000 9000
4001 9001
4002 9002
4003 9003
4004 9004
4005 9005
4006 9006
4007 9007
4008 9008
4009 9009
4010 9010
4011 9011
4012 9012
4013 9013
4014 9014
4015 9015
4016 9016
4017 9017
4018 9018
4019 9019
4020 9020
4021 9021
4022 9022
4023 9023
4024 9024
4025 9025
4026 9026
4027 9027
4028 9028
4029 9029
4030 9030
4031 9031
4032 9032
4033 9033
4034 9034
4035 9035
4036 9036
4037 9037
4038 9038
4039 9039
4040 9040
4041 9041
4042 9042
4043 9043
4044 9044
4045 9045
4046 9046
4047 9047
4048 9048
4049 9049
4050 9050
4051 9051
4052 9052
4053 9053
4054 9054
4055 9055
4056 9056
4057 9057
4058 9058
4059 9059
4060 9060
4061 9061
4062 9062
4063 9063
4064 9064
4065 9065
4066 9066
4067 9067
4068 9068
4069 9069
4070 9070
4071 9071
4072 9072
4073 9073
4074 9074
4075 9075
4076 9076
4077 9077
4078 9078
4079 9079
4080 9080
4081 9081
4082 9082
4083 9083
4084 9084
4085 9085
4086 9086
4087 9087
4088 9088
4089 9089
4090 9090
4091 9091
4092 9092
4093 9093
4094 9094
4095 9095
4096 9096
4097 9097
4098 9098
4099 9099
4100 9100
4101 9101
4102 9102
4103 9103
4104 9104
4105 9105
4106 9106
4107 9107
4108 9108
4109 9109
4110 9110
4111 9111
4112 9112
4113 9113
4114 9114
4115 9115
4116 9116
4117 9117
4118 9118
4119 9119
4120 9120
4121 9121
4122 9122
4123 9123
4124 9124
4125 9125
4126 9126
4127 9127
4128 9128
4129 9129
4130 9130
4131 9131
4132 9132
4133 9133
4134 9134
4135 9135
4136 9136
4137 9137
4138 9138
4139 9139
4140 9140
4141 9141
4142 9142
4143 9143
4144 9144
4145 9145
4146 9146
4147 9147
4148 9148
4149 9149
4150 9150
4151 9151
4152 9152
4153 9153
4154 9154
4155 9155
4156 9156
4157 9157
4158 9158
4159 9159
4160 9160
4161 9161
4162 9162
4163 9163
4164 9164
4165 9165
4166 9166
4167 9167
4168 9168
4169 9169
4170 9170
4171 9171
4172 9172
4173 9173
4174 9174
4175 9175
4176 9176
4177 9177
4178 9178
4179 9179
4180 9180
4181 9181
4182 9182
4183 9183
4184 9184
4185 9185
4186 9186
4187 9187
4188 9188
4189 9189
4190 9190
4191 9191
4192 9192
4193 9193
4194 9194
4195 9195
4196 9196
4197 9197
4198 9198
4199 9199
4200 9200
4201 9201
4202 9202
4203 9203
4204 9204
4205 9205
4206 9206
4207 9207
4208 9208
4209 9209
4210 9210
4211 9211
4212 9212
4213 9213
4214 9214
4215 9215
4216 9216
4217 9217
4218 9218
4219 9219
4220 9220
4221 9221
4222 9222
4223 9223
4224 9224
4225 9225
4226 9226
4227 9227
4228 9228
4229 9229
4230 9230
4231 9231
4232 9232
4233 9233
4234 9234
4235 9235
4236 9236
4237 9237
4238 9238
4239 9239
4240 9240
4241 9241
4242 9242
4243 9243
4244 9244
4245 9245
4246 9246
4247 9247
4248 9248
4249 9249
4250 9250
4251 9251
4252 9252
4253 9253
4254 9254
4255 9255
4256 9256
4257 9257
4258 9258
4259 9259
4260 9260
4261 9261
4262 9262
4263 9263
4264 9264
4265 9265
4266 9266
4267 9267
4268 9268
4269 9269
4270 9270
4271 9271
4272 9272
4273 9273
4274 9274
4275 9275
4276 9276
4277 9277
4278 9278
4279 9279
4280 9280
4281 9281
4282 9282
4283 9283
4284 9284
4285 9285
4286 9286
4287 9287
4288 9288
4289 9289
4290 9290
4291 9291
4292 9292
4293 9293
4294 9294
4295 9295
4296 9296
4297 9297
4298 9298
4299 9299
4300 9300
4301 9301
4302 9302
4303 9303
4304 9304
4305 9305
4306 9306
4307 9307
4308 9308
4309 9309
4310 9310
4311 9311
4312 9312
4313 9313
4314 9314
4315 9315
4316 9316
4317 9317
4318 9318
4319 9319
4320 9320
4321 9321
4322 9322
4323 9323
4324 9324
4325 9325
4326 9326
4327 9327
4328 9328
4329 9329
4330 9330
4331 9331
4332 9332
4333 9333
4334 9334
4335 9335
4336 9336
4337 9337
4338 9338
4339 9339
4340 9340
4341 9341
4342 9342
4343 9343
4344 9344
4345 9345
4346 9346
4347 9347
4348 9348
4349 9349
4350 9350
4351 9351
4352 9352
4353 9353
4354 9354
4355 9355
4356 9356
4357 9357
4358 9358
4359 9359
4360 9360
4361 9361
4362 9362
4363 9363
4364 9364
4365 9365
4366 9366
4367 9367
4368 9368
4369 9369
4370 9370
4371 9371
4372 9372
4373 9373
4374 9374
4375 9375
4376 9376
4377 9377
4378 9378
4379 9379
4380 9380
4381 9381
4382 9382
4383 9383
4384 9384
4385 9385
4386 9386
4387 9387
4388 9388
4389 9389
4390 9390
4391 9391
4392 9392
4393 9393
4394 9394
4395 9395
4396 9396
4397 9397
4398 9398
4399 9399
4400 9400
4401 9401
4402 9402
4403 9403
4404 9404
4405 9405
4406 9406
4407 9407
4408 9408
4409 9409
4410 9410
4411 9411
4412 9412
4413 9413
4414 9414
4415 9415
4416 9416
4417 9417
4418 9418
4419 9419
4420 9420
4421 9421
4422 9422
4423 9423
4424 9424
4425 9425
4426 9426
4427 9427
4428 9428
4429 9429
4430 9430
4431 9431
4432 9432
4433 9433
4434 9434
4435 9435
4436 9436
4437 9437
4438 9438
4439 9439
4440 9440
4441 9441
4442 9442
4443 9443
4444 9444
4445 9445
4446 9446
4447 9447
4448 9448
4449 9449
4450 9450
4451 9451
4452 9452
4453 9453
4454 9454
4455 9455
4456 9456
4457 9457
4458 9458
4459 9459
4460 9460
4461 9461
4462 9462
4463 9463
4464 9464
4465 9465
4466 9466
4467 9467
4468 9468
4469 9469
4470 9470
4471 9471
4472 9472
4473 9473
4474 9474
4475 9475
4476 9476
4477 9477
4478 9478
4479 9479
4480 9480
4481 9481
4482 9482
4483 9483
4484 9484
4485 9485
4486 9486
4487 9487
4488 9488
4489 9489
4490 9490
4491 9491
4492 9492
4493 9493
4494 9494
4495 9495
4496 9496
4497 9497
4498 9498
4499 9499
4500 9500
4501 9501
4502 9502
4503 9503
4504 9504
4505 9505
4506 9506
4507 9507
4508 9508
4509 9509
4510 9510
4511 9511
4512 9512
4513 9513
4514 9514
4515 9515
4516 9516
4517 9517
4518 9518
4519 9519
4520 9520
4521 9521
4522 9522
4523 9523
4524 9524
4525 9525
4526 9526
4527 9527
4528 9528
4529 9529
4530 9530
4531 9531
4532 9532
4533 9533
4534 9534
4535 9535
4536 9536
4537 9537
4538 9538
4539 9539
4540 9540
4541 9541
4542 9542
4543 9543
4544 9544
4545 9545
4546 9546
4547 9547
4548 9548
4549 9549
4550 9550
4551 9551
4552 9552
4553 9553
4554 9554
4555 9555
4556 9556
4557 9557
4558 9558
4559 9559
4560 9560
4561 9561
4562 9562
4563 9563
4564 9564
4565 9565
4566 9566
4567 9567
4568 9568
4569 9569
4570 9570
4571 9571
4572 9572
4573 9573
4574 9574
4575 9575
4576 9576
4577 9577
4578 9578
4579 9579
4580 9580
4581 9581
4582 9582
4583 9583
4584 9584
4585 9585
4586 9586
4587 9587
4588 9588
4589 9589
4590 9590
4591 9591
4592 9592
4593 9593
4594 9594
4595 9595
4596 9596
4597 9597
4598 9598
4599 9599
4600 9600
4601 9601
4602 9602
4603 9603
4604 9604
4605 9605
4606 9606
4607 9607
4608 9608
4609 9609
4610 9610
4611 9611
4612 9612
4613 9613
4614 9614
4615 9615
4616 9616
4617 9617
4618 9618
4619 9619
4620 9620
4621 9621
4622 9622
4623 9623
4624 9624
4625 9625
4626 9626
4627 9627
4628 9628
4629 9629
4630 9630
4631 9631
4632 9632
4633 9633
4634 9634
4635 9635
4636 9636
4637 9637
4638 9638
4639 9639
4640 9640
4641 9641
4642 9642
4643 9643
4644 9644
4645 9645
4646 9646
4647 9647
4648 9648
4649 9649
4650 9650
4651 9651
4652 9652
4653 9653
4654 9654
4655 9655
4656 9656
4657 9657
4658 9658
4659 9659
4660 9660
4661 9661
4662 9662
4663 9663
4664 9664
4665 9665
4666 9666
4667 9667
4668 9668
4669 9669
4670 9670
4671 9671
4672 9672
4673 9673
4674 9674
4675 9675
4676 9676
4677 9677
4678 9678
4679 9679
4680 9680
4681 9681
4682 9682
4683 9683
4684 9684
4685 9685
4686 9686
4687 9687
4688 9688
4689 9689
4690 9690
4691 9691
4692 9692
4693 9693
4694 9694
4695 9695
4696 9696
4697 9697
4698 9698
4699 9699
4700 9700
4701 9701
4702 9702
4703 9703
4704 9704
4705 9705
4706 9706
4707 9707
4708 9708
4709 9709
4710 9710
4711 9711
4712 9712
4713 9713
4714 9714
4715 9715
4716 9716
4717 9717
4718 9718
4719 9719
4720 9720
4721 9721
4722 9722
4723 9723
4724 9724
4725 9725
4726 9726
4727 9727
4728 9728
4729 9729
4730 9730
4731 9731
4732 9732
4733 9733
4734 9734
4735 9735
4736 9736
4737 9737
4738 9738
4739 9739
4740 9740
4741 9741
4742 9742
4743 9743
4744 9744
4745 9745
4746 9746
4747 9747
4748 9748
4749 9749
4750 9750
4751 9751
4752 9752
4753 9753
4754 9754
4755 9755
4756 9756
4757 9757
4758 9758
4759 9759
4760 9760
4761 9761
4762 9762
4763 9763
4764 9764
4765 9765
4766 9766
4767 9767
4768 9768
4769 9769
4770 9770
4771 9771
4772 9772
4773 9773
4774 9774
4775 9775
4776 9776
4777 9777
4778 9778
4779 9779
4780 9780
4781 9781
4782 9782
4783 9783
4784 9784
4785 9785
4786 9786
4787 9787
4788 9788
4789 9789
4790 9790
4791 9791
4792 9792
4793 9793
4794 9794
4795 9795
4796 9796
4797 9797
4798 9798
4799 9799
4800 9800
4801 9801
4802 9802
4803 9803
4804 9804
4805 9805
4806 9806
4807 9807
4808 9808
4809 9809
4810 9810
4811 9811
4812 9812
4813 9813
4814 9814
4815 9815
4816 9816
4817 9817
4818 9818
4819 9819
4820 9820
4821 9821
4822 9822
4823 9823
4824 9824
4825 9825
4826 9826
4827 9827
4828 9828
4829 9829
4830 9830
4831 9831
4832 9832
4833 9833
4834 9834
4835 9835
4836 9836
4837 9837
4838 9838
4839 9839
4840 9840
4841 9841
4842 9842
4843 9843
4844 9844
4845 9845
4846 9846
4847 9847
4848 9848
4849 9849
4850 9850
4851 9851
4852 9852
4853 9853
4854 9854
4855 9855
4856 9856
4857 9857
4858 9858
4859 9859
4860 9860
4861 9861
4862 9862
4863 9863
4864 9864
4865 9865
4866 9866
4867 9867
4868 9868
4869 9869
4870 9870
4871 9871
4872 9872
4873 9873
4874 9874
4875 9875
4876 9876
4877 9877
4878 9878
4879 9879
4880 9880
4881 9881
4882 9882
4883 9883
4884 9884
4885 9885
4886 9886
4887 9887
4888 9888
4889 9889
4890 9890
4891 9891
4892 9892
4893 9893
4894 9894
4895 9895
4896 9896
4897 9897
4898 9898
4899 9899
4900 9900
4901 9901
4902 9902
4903 9903
4904 9904
4905 9905
4906 9906
4907 9907
4908 9908
4909 9909
4910 9910
4911 9911
4912 9912
4913 9913
4914 9914
4915 9915
4916 9916
4917 9917
4918 9918
4919 9919
4920 9920
4921 9921
4922 9922
4923 9923
4924 9924
4925 9925
4926 9926
4927 9927
4928 9928
4929 9929
4930 9930
4931 9931
4932 9932
4933 9933
4934 9934
4935 9935
4936 9936
4937 9937
4938 9938
4939 9939
4940 9940
4941 9941
4942 9942
4943 9943
4944 9944
4945 9945
4946 9946
4947 9947
4948 9948
4949 9949
4950 9950
4951 9951
4952 9952
4953 9953
4954 9954
4955 9955
4956 9956
4957 9957
4958 9958
4959 9959
4960 9960
4961 9961
4962 9962
4963 9963
4964 9964
4965 9965
4966 9966
4967 9967
4968 9968
4969 9969
4970 9970
4971 9971
4972 9972
4973 9973
4974 9974
4975 9975
4976 9976
4977 9977
4978 9978
4979 9979
4980 9980
4981 9981
4982 9982
4983 9983
4984 9984
4985 9985
4986 9986
4987 9987
4988 9988
4989 9989
4990 9990
4991 9991
4992 9992
4993 9993
4994 9994
4995 9995
4996 9996
4997 9997
4998 9998
4999 9999
5000 10000
5001 5000
5002 4999
5003 4998
5004 4997
5005 4996
5006 4995
5007 4994
5008 4993
5009 4992
5010 4991
5011 4990
5012 4989
5013 4988
5014 4987
5015 4986
5016 4985
5017 4984
5018 4983
5019 4982
5020 4981
5021 4980
5022 4979
5023 4978
5024 4977
5025 4976
5026 4975
5027 4974
5028 4973
5029 4972
5030 4971
5031 4970
5032 4969
5033 4968
5034 4967
5035 4966
5036 4965
5037 4964
5038 4963
5039 4962
5040 4961
5041 4960
5042 4959
5043 4958
5044 4957
5045 4956
5046 4955
5047 4954
5048 4953
5049 4952
5050 4951
5051 4950
5052 4949
5053 4948
5054 4947
5055 4946
5056 4945
5057 4944
5058 4943
5059 4942
5060 4941
5061 4940
5062 4939
5063 4938
5064 4937
5065 4936
5066 4935
5067 4934
5068 4933
5069 4932
5070 4931
5071 4930
5072 4929
5073 4928
5074 4927
5075 4926
5076 4925
5077 4924
5078 4923
5079 4922
5080 4921
5081 4920
5082 4919
5083 4918
5084 4917
5085 4916
5086 4915
5087 4914
5088 4913
5089 4912
5090 4911
5091 4910
5092 4909
5093 4908
5094 4907
5095 4906
5096 4905
5097 4904
5098 4903
5099 4902
5100 4901
5101 4900
5102 4899
5103 4898
5104 4897
5105 4896
5106 4895
5107 4894
5108 4893
5109 4892
5110 4891
5111 4890
5112 4889
5113 4888
5114 4887
5115 4886
5116 4885
5117 4884
5118 4883
5119 4882
5120 4881
5121 4880
5122 4879
5123 4878
5124 4877
5125 4876
5126 4875
5127 4874
5128 4873
5129 4872
5130 4871
5131 4870
5132 4869
5133 4868
5134 4867
5135 4866
5136 4865
5137 4864
5138 4863
5139 4862
5140 4861
5141 4860
5142 4859
5143 4858
5144 4857
5145 4856
5146 4855
5147 4854
5148 4853
5149 4852
5150 4851
5151 4850
5152 4849
5153 4848
5154 4847
5155 4846
5156 4845
5157 4844
5158 4843
5159 4842
5160 4841
5161 4840
5162 4839
5163 4838
5164 4837
5165 4836
5166 4835
5167 4834
5168 4833
5169 4832
5170 4831
5171 4830
5172 4829
5173 4828
5174 4827
5175 4826
5176 4825
5177 4824
5178 4823
5179 4822
5180 4821
5181 4820
5182 4819
5183 4818
5184 4817
5185 4816
5186 4815
5187 4814
5188 4813
5189 4812
5190 4811
5191 4810
5192 4809
5193 4808
5194 4807
5195 4806
5196 4805
5197 4804
5198 4803
5199 4802
5200 4801
5201 4800
5202 4799
5203 4798
5204 4797
5205 4796
5206 4795
5207 4794
5208 4793
5209 4792
5210 4791
5211 4790
5212 4789
5213 4788
5214 4787
5215 4786
5216 4785
5217 4784
5218 4783
5219 4782
5220 4781
5221 4780
5222 4779
5223 4778
5224 4777
5225 4776
5226 4775
5227 4774
5228 4773
5229 4772
5230 4771
5231 4770
5232 4769
5233 4768
5234 4767
5235 4766
5236 4765
5237 4764
5238 4763
5239 4762
5240 4761
5241 4760
5242 4759
5243 4758
5244 4757
5245 4756
5246 4755
5247 4754
5248 4753
5249 4752
5250 4751
5251 4750
5252 4749
5253 4748
5254 4747
5255 4746
5256 4745
5257 4744
5258 4743
5259 4742
5260 4741
5261 4740
5262 4739
5263 4738
5264 4737
5265 4736
5266 4735
5267 4734
5268 4733
5269 4732
5270 4731
5271 4730
5272 4729
5273 4728
5274 4727
5275 4726
5276 4725
5277 4724
5278 4723
5279 4722
5280 4721
5281 4720
5282 4719
5283 4718
5284 4717
5285 4716
5286 4715
5287 4714
5288 4713
5289 4712
5290 4711
5291 4710
5292 4709
5293 4708
5294 4707
5295 4706
5296 4705
5297 4704
5298 4703
5299 4702
5300 4701
5301 4700
5302 4699
5303 4698
5304 4697
5305 4696
5306 4695
5307 4694
5308 4693
5309 4692
5310 4691
5311 4690
5312 4689
5313 4688
5314 4687
5315 4686
5316 4685
5317 4684
5318 4683
5319 4682
5320 4681
5321 4680
5322 4679
5323 4678
5324 4677
5325 4676
5326 4675
5327 4674
5328 4673
5329 4672
5330 4671
5331 4670
5332 4669
5333 4668
5334 4667
5335 4666
5336 4665
5337 4664
5338 4663
5339 4662
5340 4661
5341 4660
5342 4659
5343 4658
5344 4657
5345 4656
5346 4655
5347 4654
5348 4653
5349 4652
5350 4651
5351 4650
5352 4649
5353 4648
5354 4647
5355 4646
5356 4645
5357 4644
5358 4643
5359 4642
5360 4641
5361 4640
5362 4639
5363 4638
5364 4637
5365 4636
5366 4635
5367 4634
5368 4633
5369 4632
5370 4631
5371 4630
5372 4629
5373 4628
5374 4627
5375 4626
5376 4625
5377 4624
5378 4623
5379 4622
5380 4621
5381 4620
5382 4619
5383 4618
5384 4617
5385 4616
5386 4615
5387 4614
5388 4613
5389 4612
5390 4611
5391 4610
5392 4609
5393 4608
5394 4607
5395 4606
5396 4605
5397 4604
5398 4603
5399 4602
5400 4601
5401 4600
5402 4599
5403 4598
5404 4597
5405 4596
5406 4595
5407 4594
5408 4593
5409 4592
5410 4591
5411 4590
5412 4589
5413 4588
5414 4587
5415 4586
5416 4585
5417 4584
5418 4583
5419 4582
5420 4581
5421 4580
5422 4579
5423 4578
5424 4577
5425 4576
5426 4575
5427 4574
5428 4573
5429 4572
5430 4571
5431 4570
5432 4569
5433 4568
5434 4567
5435 4566
5436 4565
5437 4564
5438 4563
5439 4562
5440 4561
5441 4560
5442 4559
5443 4558
5444 4557
5445 4556
5446 4555
5447 4554
5448 4553
5449 4552
5450 4551
5451 4550
5452 4549
5453 4548
5454 4547
5455 4546
5456 4545
5457 4544
5458 4543
5459 4542
5460 4541
5461 4540
5462 4539
5463 4538
5464 4537
5465 4536
5466 4535
5467 4534
5468 4533
5469 4532
5470 4531
5471 4530
5472 4529
5473 4528
5474 4527
5475 4526
5476 4525
5477 4524
5478 4523
5479 4522
5480 4521
5481 4520
5482 4519
5483 4518
5484 4517
5485 4516
5486 4515
5487 4514
5488 4513
5489 4512
5490 4511
5491 4510
5492 4509
5493 4508
5494 4507
5495 4506
5496 4505
5497 4504
5498 4503
5499 4502
5500 4501
5501 4500
5502 4499
5503 4498
5504 4497
5505 4496
5506 4495
5507 4494
5508 4493
5509 4492
5510 4491
5511 4490
5512 4489
5513 4488
5514 4487
5515 4486
5516 4485
5517 4484
5518 4483
5519 4482
5520 4481
5521 4480
5522 4479
5523 4478
5524 4477
5525 4476
5526 4475
5527 4474
5528 4473
5529 4472
5530 4471
5531 4470
5532 4469
5533 4468
5534 4467
5535 4466
5536 4465
5537 4464
5538 4463
5539 4462
5540 4461
5541 4460
5542 4459
5543 4458
5544 4457
5545 4456
5546 4455
5547 4454
5548 4453
5549 4452
5550 4451
5551 4450
5552 4449
5553 4448
5554 4447
5555 4446
5556 4445
5557 4444
5558 4443
5559 4442
5560 4441
5561 4440
5562 4439
5563 4438
5564 4437
5565 4436
5566 4435
5567 4434
5568 4433
5569 4432
5570 4431
5571 4430
5572 4429
5573 4428
5574 4427
5575 4426
5576 4425
5577 4424
5578 4423
5579 4422
5580 4421
5581 4420
5582 4419
5583 4418
5584 4417
5585 4416
5586 4415
5587 4414
5588 4413
5589 4412
5590 4411
5591 4410
5592 4409
5593 4408
5594 4407
5595 4406
5596 4405
5597 4404
5598 4403
5599 4402
5600 4401
5601 4400
5602 4399
5603 4398
5604 4397
5605 4396
5606 4395
5607 4394
5608 4393
5609 4392
5610 4391
5611 4390
5612 4389
5613 4388
5614 4387
5615 4386
5616 4385
5617 4384
5618 4383
5619 4382
5620 4381
5621 4380
5622 4379
5623 4378
5624 4377
5625 4376
5626 4375
5627 4374
5628 4373
5629 4372
5630 4371
5631 4370
5632 4369
5633 4368
5634 4367
5635 4366
5636 4365
5637 4364
5638 4363
5639 4362
5640 4361
5641 4360
5642 4359
5643 4358
5644 4357
5645 4356
5646 4355
5647 4354
5648 4353
5649 4352
5650 4351
5651 4350
5652 4349
5653 4348
5654 4347
5655 4346
5656 4345
5657 4344
5658 4343
5659 4342
5660 4341
5661 4340
5662 4339
5663 4338
5664 4337
5665 4336
5666 4335
5667 4334
5668 4333
5669 4332
5670 4331
5671 4330
5672 4329
5673 4328
5674 4327
5675 4326
5676 4325
5677 4324
5678 4323
5679 4322
5680 4321
5681 4320
5682 4319
5683 4318
5684 4317
5685 4316
5686 4315
5687 4314
5688 4313
5689 4312
5690 4311
5691 4310
5692 4309
5693 4308
5694 4307
5695 4306
5696 4305
5697 4304
5698 4303
5699 4302
5700 4301
5701 4300
5702 4299
5703 4298
5704 4297
5705 4296
5706 4295
5707 4294
5708 4293
5709 4292
5710 4291
5711 4290
5712 4289
5713 4288
5714 4287
5715 4286
5716 4285
5717 4284
5718 4283
5719 4282
5720 4281
5721 4280
5722 4279
5723 4278
5724 4277
5725 4276
5726 4275
5727 4274
5728 4273
5729 4272
5730 4271
5731 4270
5732 4269
5733 4268
5734 4267
5735 4266
5736 4265
5737 4264
5738 4263
5739 4262
5740 4261
5741 4260
5742 4259
5743 4258
5744 4257
5745 4256
5746 4255
5747 4254
5748 4253
5749 4252
5750 4251
5751 4250
5752 4249
5753 4248
5754 4247
5755 4246
5756 4245
5757 4244
5758 4243
5759 4242
5760 4241
5761 4240
5762 4239
5763 4238
5764 4237
5765 4236
5766 4235
5767 4234
5768 4233
5769 4232
5770 4231
5771 4230
5772 4229
5773 4228
5774 4227
5775 4226
5776 4225
5777 4224
5778 4223
5779 4222
5780 4221
5781 4220
5782 4219
5783 4218
5784 4217
5785 4216
5786 4215
5787 4214
5788 4213
5789 4212
5790 4211
5791 4210
5792 4209
5793 4208
5794 4207
5795 4206
5796 4205
5797 4204
5798 4203
5799 4202
5800 4201
5801 4200
5802 4199
5803 4198
5804 4197
5805 4196
5806 4195
5807 4194
5808 4193
5809 4192
5810 4191
5811 4190
5812 4189
5813 4188
5814 4187
5815 4186
5816 4185
5817 4184
5818 4183
5819 4182
5820 4181
5821 4180
5822 4179
5823 4178
5824 4177
5825 4176
5826 4175
5827 4174
5828 4173
5829 4172
5830 4171
5831 4170
5832 4169
5833 4168
5834 4167
5835 4166
5836 4165
5837 4164
5838 4163
5839 4162
5840 4161
5841 4160
5842 4159
5843 4158
5844 4157
5845 4156
5846 4155
5847 4154
5848 4153
5849 4152
5850 4151
5851 4150
5852 4149
5853 4148
5854 4147
5855 4146
5856 4145
5857 4144
5858 4143
5859 4142
5860 4141
5861 4140
5862 4139
5863 4138
5864 4137
5865 4136
5866 4135
5867 4134
5868 4133
5869 4132
5870 4131
5871 4130
5872 4129
5873 4128
5874 4127
5875 4126
5876 4125
5877 4124
5878 4123
5879 4122
5880 4121
5881 4120
5882 4119
5883 4118
5884 4117
5885 4116
5886 4115
5887 4114
5888 4113
5889 4112
5890 4111
5891 4110
5892 4109
5893 4108
5894 4107
5895 4106
5896 4105
5897 4104
5898 4103
5899 4102
5900 4101
5901 4100
5902 4099
5903 4098
5904 4097
5905 4096
5906 4095
5907 4094
5908 4093
5909 4092
5910 4091
5911 4090
5912 4089
5913 4088
5914 4087
5915 4086
5916 4085
5917 4084
5918 4083
5919 4082
5920 4081
5921 4080
5922 4079
5923 4078
5924 4077
5925 4076
5926 4075
5927 4074
5928 4073
5929 4072
5930 4071
5931 4070
5932 4069
5933 4068
5934 4067
5935 4066
5936 4065
5937 4064
5938 4063
5939 4062
5940 4061
5941 4060
5942 4059
5943 4058
5944 4057
5945 4056
5946 4055
5947 4054
5948 4053
5949 4052
5950 4051
5951 4050
5952 4049
5953 4048
5954 4047
5955 4046
5956 4045
5957 4044
5958 4043
5959 4042
5960 4041
5961 4040
5962 4039
5963 4038
5964 4037
5965 4036
5966 4035
5967 4034
5968 4033
5969 4032
5970 4031
5971 4030
5972 4029
5973 4028
5974 4027
5975 4026
5976 4025
5977 4024
5978 4023
5979 4022
5980 4021
5981 4020
5982 4019
5983 4018
5984 4017
5985 4016
5986 4015
5987 4014
5988 4013
5989 4012
5990 4011
5991 4010
5992 4009
5993 4008
5994 4007
5995 4006
5996 4005
5997 4004
5998 4003
5999 4002
6000 4001
6001 4000
6002 3999
6003 3998
6004 3997
6005 3996
6006 3995
6007 3994
6008 3993
6009 3992
6010 3991
6011 3990
6012 3989
6013 3988
6014 3987
6015 3986
6016 3985
6017 3984
6018 3983
6019 3982
6020 3981
6021 3980
6022 3979
6023 3978
6024 3977
6025 3976
6026 3975
6027 3974
6028 3973
6029 3972
6030 3971
6031 3970
6032 3969
6033 3968
6034 3967
6035 3966
6036 3965
6037 3964
6038 3963
6039 3962
6040 3961
6041 3960
6042 3959
6043 3958
6044 3957
6045 3956
6046 3955
6047 3954
6048 3953
6049 3952
6050 3951
6051 3950
6052 3949
6053 3948
6054 3947
6055 3946
6056 3945
6057 3944
6058 3943
6059 3942
6060 3941
6061 3940
6062 3939
6063 3938
6064 3937
6065 3936
6066 3935
6067 3934
6068 3933
6069 3932
6070 3931
6071 3930
6072 3929
6073 3928
6074 3927
6075 3926
6076 3925
6077 3924
6078 3923
6079 3922
6080 3921
6081 3920
6082 3919
6083 3918
6084 3917
6085 3916
6086 3915
6087 3914
6088 3913
6089 3912
6090 3911
6091 3910
6092 3909
6093 3908
6094 3907
6095 3906
6096 3905
6097 3904
6098 3903
6099 3902
6100 3901
6101 3900
6102 3899
6103 3898
6104 3897
6105 3896
6106 3895
6107 3894
6108 3893
6109 3892
6110 3891
6111 3890
6112 3889
6113 3888
6114 3887
6115 3886
6116 3885
6117 3884
6118 3883
6119 3882
6120 3881
6121 3880
6122 3879
6123 3878
6124 3877
6125 3876
6126 3875
6127 3874
6128 3873
6129 3872
6130 3871
6131 3870
6132 3869
6133 3868
6134 3867
6135 3866
6136 3865
6137 3864
6138 3863
6139 3862
6140 3861
6141 3860
6142 3859
6143 3858
6144 3857
6145 3856
6146 3855
6147 3854
6148 3853
6149 3852
6150 3851
6151 3850
6152 3849
6153 3848
6154 3847
6155 3846
6156 3845
6157 3844
6158 3843
6159 3842
6160 3841
6161 3840
6162 3839
6163 3838
6164 3837
6165 3836
6166 3835
6167 3834
6168 3833
6169 3832
6170 3831
6171 3830
6172 3829
6173 3828
6174 3827
6175 3826
6176 3825
6177 3824
6178 3823
6179 3822
6180 3821
6181 3820
6182 3819
6183 3818
6184 3817
6185 3816
6186 3815
6187 3814
6188 3813
6189 3812
6190 3811
6191 3810
6192 3809
6193 3808
6194 3807
6195 3806
6196 3805
6197 3804
6198 3803
6199 3802
6200 3801
6201 3800
6202 3799
6203 3798
6204 3797
6205 3796
6206 3795
6207 3794
6208 3793
6209 3792
6210 3791
6211 3790
6212 3789
6213 3788
6214 3787
6215 3786
6216 3785
6217 3784
6218 3783
6219 3782
6220 3781
6221 3780
6222 3779
6223 3778
6224 3777
6225 3776
6226 3775
6227 3774
6228 3773
6229 3772
6230 3771
6231 3770
6232 3769
6233 3768
6234 3767
6235 3766
6236 3765
6237 3764
6238 3763
6239 3762
6240 3761
6241 3760
6242 3759
6243 3758
6244 3757
6245 3756
6246 3755
6247 3754
6248 3753
6249 3752
6250 3751
6251 3750
6252 3749
6253 3748
6254 3747
6255 3746
6256 3745
6257 3744
6258 3743
6259 3742
6260 3741
6261 3740
6262 3739
6263 3738
6264 3737
6265 3736
6266 3735
6267 3734
6268 3733
6269 3732
6270 3731
6271 3730
6272 3729
6273 3728
6274 3727
6275 3726
6276 3725
6277 3724
6278 3723
6279 3722
6280 3721
6281 3720
6282 3719
6283 3718
6284 3717
6285 3716
6286 3715
6287 3714
6288 3713
6289 3712
6290 3711
6291 3710
6292 3709
6293 3708
6294 3707
6295 3706
6296 3705
6297 3704
6298 3703
6299 3702
6300 3701
6301 3700
6302 3699
6303 3698
6304 3697
6305 3696
6306 3695
6307 3694
6308 3693
6309 3692
6310 3691
6311 3690
6312 3689
6313 3688
6314 3687
6315 3686
6316 3685
6317 3684
6318 3683
6319 3682
6320 3681
6321 3680
6322 3679
6323 3678
6324 3677
6325 3676
6326 3675
6327 3674
6328 3673
6329 3672
6330 3671
6331 3670
6332 3669
6333 3668
6334 3667
6335 3666
6336 3665
6337 3664
6338 3663
6339 3662
6340 3661
6341 3660
6342 3659
6343 3658
6344 3657
6345 3656
6346 3655
6347 3654
6348 3653
6349 3652
6350 3651
6351 3650
6352 3649
6353 3648
6354 3647
6355 3646
6356 3645
6357 3644
6358 3643
6359 3642
6360 3641
6361 3640
6362 3639
6363 3638
6364 3637
6365 3636
6366 3635
6367 3634
6368 3633
6369 3632
6370 3631
6371 3630
6372 3629
6373 3628
6374 3627
6375 3626
6376 3625
6377 3624
6378 3623
6379 3622
6380 3621
6381 3620
6382 3619
6383 3618
6384 3617
6385 3616
6386 3615
6387 3614
6388 3613
6389 3612
6390 3611
6391 3610
6392 3609
6393 3608
6394 3607
6395 3606
6396 3605
6397 3604
6398 3603
6399 3602
6400 3601
6401 3600
6402 3599
6403 3598
6404 3597
6405 3596
6406 3595
6407 3594
6408 3593
6409 3592
6410 3591
6411 3590
6412 3589
6413 3588
6414 3587
6415 3586
6416 3585
6417 3584
6418 3583
6419 3582
6420 3581
6421 3580
6422 3579
6423 3578
6424 3577
6425 3576
6426 3575
6427 3574
6428 3573
6429 3572
6430 3571
6431 3570
6432 3569
6433 3568
6434 3567
6435 3566
6436 3565
6437 3564
6438 3563
6439 3562
6440 3561
6441 3560
6442 3559
6443 3558
6444 3557
6445 3556
6446 3555
6447 3554
6448 3553
6449 3552
6450 3551
6451 3550
6452 3549
6453 3548
6454 3547
6455 3546
6456 3545
6457 3544
6458 3543
6459 3542
6460 3541
6461 3540
6462 3539
6463 3538
6464 3537
6465 3536
6466 3535
6467 3534
6468 3533
6469 3532
6470 3531
6471 3530
6472 3529
6473 3528
6474 3527
6475 3526
6476 3525
6477 3524
6478 3523
6479 3522
6480 3521
6481 3520
6482 3519
6483 3518
6484 3517
6485 3516
6486 3515
6487 3514
6488 3513
6489 3512
6490 3511
6491 3510
6492 3509
6493 3508
6494 3507
6495 3506
6496 3505
6497 3504
6498 3503
6499 3502
6500 3501
6501 3500
6502 3499
6503 3498
6504 3497
6505 3496
6506 3495
6507 3494
6508 3493
6509 3492
6510 3491
6511 3490
6512 3489
6513 3488
6514 3487
6515 3486
6516 3485
6517 3484
6518 3483
6519 3482
6520 3481
6521 3480
6522 3479
6523 3478
6524 3477
6525 3476
6526 3475
6527 3474
6528 3473
6529 3472
6530 3471
6531 3470
6532 3469
6533 3468
6534 3467
6535 3466
6536 3465
6537 3464
6538 3463
6539 3462
6540 3461
6541 3460
6542 3459
6543 3458
6544 3457
6545 3456
6546 3455
6547 3454
6548 3453
6549 3452
6550 3451
6551 3450
6552 3449
6553 3448
6554 3447
6555 3446
6556 3445
6557 3444
6558 3443
6559 3442
6560 3441
6561 3440
6562 3439
6563 3438
6564 3437
6565 3436
6566 3435
6567 3434
6568 3433
6569 3432
6570 3431
6571 3430
6572 3429
6573 3428
6574 3427
6575 3426
6576 3425
6577 3424
6578 3423
6579 3422
6580 3421
6581 3420
6582 3419
6583 3418
6584 3417
6585 3416
6586 3415
6587 3414
6588 3413
6589 3412
6590 3411
6591 3410
6592 3409
6593 3408
6594 3407
6595 3406
6596 3405
6597 3404
6598 3403
6599 3402
6600 3401
6601 3400
6602 3399
6603 3398
6604 3397
6605 3396
6606 3395
6607 3394
6608 3393
6609 3392
6610 3391
6611 3390
6612 3389
6613 3388
6614 3387
6615 3386
6616 3385
6617 3384
6618 3383
6619 3382
6620 3381
6621 3380
6622 3379
6623 3378
6624 3377
6625 3376
6626 3375
6627 3374
6628 3373
6629 3372
6630 3371
6631 3370
6632 3369
6633 3368
6634 3367
6635 3366
6636 3365
6637 3364
6638 3363
6639 3362
6640 3361
6641 3360
6642 3359
6643 3358
6644 3357
6645 3356
6646 3355
6647 3354
6648 3353
6649 3352
6650 3351
6651 3350
6652 3349
6653 3348
6654 3347
6655 3346
6656 3345
6657 3344
6658 3343
6659 3342
6660 3341
6661 3340
6662 3339
6663 3338
6664 3337
6665 3336
6666 3335
6667 3334
6668 3333
6669 3332
6670 3331
6671 3330
6672 3329
6673 3328
6674 3327
6675 3326
6676 3325
6677 3324
6678 3323
6679 3322
6680 3321
6681 3320
6682 3319
6683 3318
6684 3317
6685 3316
6686 3315
6687 3314
6688 3313
6689 3312
6690 3311
6691 3310
6692 3309
6693 3308
6694 3307
6695 3306
6696 3305
6697 3304
6698 3303
6699 3302
6700 3301
6701 3300
6702 3299
6703 3298
6704 3297
6705 3296
6706 3295
6707 3294
6708 3293
6709 3292
6710 3291
6711 3290
6712 3289
6713 3288
6714 3287
6715 3286
6716 3285
6717 3284
6718 3283
6719 3282
6720 3281
6721 3280
6722 3279
6723 3278
6724 3277
6725 3276
6726 3275
6727 3274
6728 3273
6729 3272
6730 3271
6731 3270
6732 3269
6733 3268
6734 3267
6735 3266
6736 3265
6737 3264
6738 3263
6739 3262
6740 3261
6741 3260
6742 3259
6743 3258
6744 3257
6745 3256
6746 3255
6747 3254
6748 3253
6749 3252
6750 3251
6751 3250
6752 3249
6753 3248
6754 3247
6755 3246
6756 3245
6757 3244
6758 3243
6759 3242
6760 3241
6761 3240
6762 3239
6763 3238
6764 3237
6765 3236
6766 3235
6767 3234
6768 3233
6769 3232
6770 3231
6771 3230
6772 3229
6773 3228
6774 3227
6775 3226
6776 3225
6777 3224
6778 3223
6779 3222
6780 3221
6781 3220
6782 3219
6783 3218
6784 3217
6785 3216
6786 3215
6787 3214
6788 3213
6789 3212
6790 3211
6791 3210
6792 3209
6793 3208
6794 3207
6795 3206
6796 3205
6797 3204
6798 3203
6799 3202
6800 3201
6801 3200
6802 3199
6803 3198
6804 3197
6805 3196
6806 3195
6807 3194
6808 3193
6809 3192
6810 3191
6811 3190
6812 3189
6813 3188
6814 3187
6815 3186
6816 3185
6817 3184
6818 3183
6819 3182
6820 3181
6821 3180
6822 3179
6823 3178
6824 3177
6825 3176
6826 3175
6827 3174
6828 3173
6829 3172
6830 3171
6831 3170
6832 3169
6833 3168
6834 3167
6835 3166
6836 3165
6837 3164
6838 3163
6839 3162
6840 3161
6841 3160
6842 3159
6843 3158
6844 3157
6845 3156
6846 3155
6847 3154
6848 3153
6849 3152
6850 3151
6851 3150
6852 3149
6853 3148
6854 3147
6855 3146
6856 3145
6857 3144
6858 3143
6859 3142
6860 3141
6861 3140
6862 3139
6863 3138
6864 3137
6865 3136
6866 3135
6867 3134
6868 3133
6869 3132
6870 3131
6871 3130
6872 3129
6873 3128
6874 3127
6875 3126
6876 3125
6877 3124
6878 3123
6879 3122
6880 3121
6881 3120
6882 3119
6883 3118
6884 3117
6885 3116
6886 3115
6887 3114
6888 3113
6889 3112
6890 3111
6891 3110
6892 3109
6893 3108
6894 3107
6895 3106
6896 3105
6897 3104
6898 3103
6899 3102
6900 3101
6901 3100
6902 3099
6903 3098
6904 3097
6905 3096
6906 3095
6907 3094
6908 3093
6909 3092
6910 3091
6911 3090
6912 3089
6913 3088
6914 3087
6915 3086
6916 3085
6917 3084
6918 3083
6919 3082
6920 3081
6921 3080
6922 3079
6923 3078
6924 3077
6925 3076
6926 3075
6927 3074
6928 3073
6929 3072
6930 3071
6931 3070
6932 3069
6933 3068
6934 3067
6935 3066
6936 3065
6937 3064
6938 3063
6939 3062
6940 3061
6941 3060
6942 3059
6943 3058
6944 3057
6945 3056
6946 3055
6947 3054
6948 3053
6949 3052
6950 3051
6951 3050
6952 3049
6953 3048
6954 3047
6955 3046
6956 3045
6957 3044
6958 3043
6959 3042
6960 3041
6961 3040
6962 3039
6963 3038
6964 3037
6965 3036
6966 3035
6967 3034
6968 3033
6969 3032
6970 3031
6971 3030
6972 3029
6973 3028
6974 3027
6975 3026
6976 3025
6977 3024
6978 3023
6979 3022
6980 3021
6981 3020
6982 3019
6983 3018
6984 3017
6985 3016
6986 3015
6987 3014
6988 3013
6989 3012
6990 3011
6991 3010
6992 3009
6993 3008
6994 3007
6995 3006
6996 3005
6997 3004
6998 3003
6999 3002
7000 3001
7001 3000
7002 2999
7003 2998
7004 2997
7005 2996
7006 2995
7007 2994
7008 2993
7009 2992
7010 2991
7011 2990
7012 2989
7013 2988
7014 2987
7015 2986
7016 2985
7017 2984
7018 2983
7019 2982
7020 2981
7021 2980
7022 2979
7023 2978
7024 2977
7025 2976
7026 2975
7027 2974
7028 2973
7029 2972
7030 2971
7031 2970
7032 2969
7033 2968
7034 2967
7035 2966
7036 2965
7037 2964
7038 2963
7039 2962
7040 2961
7041 2960
7042 2959
7043 2958
7044 2957
7045 2956
7046 2955
7047 2954
7048 2953
7049 2952
7050 2951
7051 2950
7052 2949
7053 2948
7054 2947
7055 2946
7056 2945
7057 2944
7058 2943
7059 2942
7060 2941
7061 2940
7062 2939
7063 2938
7064 2937
7065 2936
7066 2935
7067 2934
7068 2933
7069 2932
7070 2931
7071 2930
7072 2929
7073 2928
7074 2927
7075 2926
7076 2925
7077 2924
7078 2923
7079 2922
7080 2921
7081 2920
7082 2919
7083 2918
7084 2917
7085 2916
7086 2915
7087 2914
7088 2913
7089 2912
7090 2911
7091 2910
7092 2909
7093 2908
7094 2907
7095 2906
7096 2905
7097 2904
7098 2903
7099 2902
7100 2901
7101 2900
7102 2899
7103 2898
7104 2897
7105 2896
7106 2895
7107 2894
7108 2893
7109 2892
7110 2891
7111 2890
7112 2889
7113 2888
7114 2887
7115 2886
7116 2885
7117 2884
7118 2883
7119 2882
7120 2881
7121 2880
7122 2879
7123 2878
7124 2877
7125 2876
7126 2875
7127 2874
7128 2873
7129 2872
7130 2871
7131 2870
7132 2869
7133 2868
7134 2867
7135 2866
7136 2865
7137 2864
7138 2863
7139 2862
7140 2861
7141 2860
7142 2859
7143 2858
7144 2857
7145 2856
7146 2855
7147 2854
7148 2853
7149 2852
7150 2851
7151 2850
7152 2849
7153 2848
7154 2847
7155 2846
7156 2845
7157 2844
7158 2843
7159 2842
7160 2841
7161 2840
7162 2839
7163 2838
7164 2837
7165 2836
7166 2835
7167 2834
7168 2833
7169 2832
7170 2831
7171 2830
7172 2829
7173 2828
7174 2827
7175 2826
7176 2825
7177 2824
7178 2823
7179 2822
7180 2821
7181 2820
7182 2819
7183 2818
7184 2817
7185 2816
7186 2815
7187 2814
7188 2813
7189 2812
7190 2811
7191 2810
7192 2809
7193 2808
7194 2807
7195 2806
7196 2805
7197 2804
7198 2803
7199 2802
7200 2801
7201 2800
7202 2799
7203 2798
7204 2797
7205 2796
7206 2795
7207 2794
7208 2793
7209 2792
7210 2791
7211 2790
7212 2789
7213 2788
7214 2787
7215 2786
7216 2785
7217 2784
7218 2783
7219 2782
7220 2781
7221 2780
7222 2779
7223 2778
7224 2777
7225 2776
7226 2775
7227 2774
7228 2773
7229 2772
7230 2771
7231 2770
7232 2769
7233 2768
7234 2767
7235 2766
7236 2765
7237 2764
7238 2763
7239 2762
7240 2761
7241 2760
7242 2759
7243 2758
7244 2757
7245 2756
7246 2755
7247 2754
7248 2753
7249 2752
7250 2751
7251 2750
7252 2749
7253 2748
7254 2747
7255 2746
7256 2745
7257 2744
7258 2743
7259 2742
7260 2741
7261 2740
7262 2739
7263 2738
7264 2737
7265 2736
7266 2735
7267 2734
7268 2733
7269 2732
7270 2731
7271 2730
7272 2729
7273 2728
7274 2727
7275 2726
7276 2725
7277 2724
7278 2723
7279 2722
7280 2721
7281 2720
7282 2719
7283 2718
7284 2717
7285 2716
7286 2715
7287 2714
7288 2713
7289 2712
7290 2711
7291 2710
7292 2709
7293 2708
7294 2707
7295 2706
7296 2705
7297 2704
7298 2703
7299 2702
7300 2701
7301 2700
7302 2699
7303 2698
7304 2697
7305 2696
7306 2695
7307 2694
7308 2693
7309 2692
7310 2691
7311 2690
7312 2689
7313 2688
7314 2687
7315 2686
7316 2685
7317 2684
7318 2683
7319 2682
7320 2681
7321 2680
7322 2679
7323 2678
7324 2677
7325 2676
7326 2675
7327 2674
7328 2673
7329 2672
7330 2671
7331 2670
7332 2669
7333 2668
7334 2667
7335 2666
7336 2665
7337 2664
7338 2663
7339 2662
7340 2661
7341 2660
7342 2659
7343 2658
7344 2657
7345 2656
7346 2655
7347 2654
7348 2653
7349 2652
7350 2651
7351 2650
7352 2649
7353 2648
7354 2647
7355 2646
7356 2645
7357 2644
7358 2643
7359 2642
7360 2641
7361 2640
7362 2639
7363 2638
7364 2637
7365 2636
7366 2635
7367 2634
7368 2633
7369 2632
7370 2631
7371 2630
7372 2629
7373 2628
7374 2627
7375 2626
7376 2625
7377 2624
7378 2623
7379 2622
7380 2621
7381 2620
7382 2619
7383 2618
7384 2617
7385 2616
7386 2615
7387 2614
7388 2613
7389 2612
7390 2611
7391 2610
7392 2609
7393 2608
7394 2607
7395 2606
7396 2605
7397 2604
7398 2603
7399 2602
7400 2601
7401 2600
7402 2599
7403 2598
7404 2597
7405 2596
7406 2595
7407 2594
7408 2593
7409 2592
7410 2591
7411 2590
7412 2589
7413 2588
7414 2587
7415 2586
7416 2585
7417 2584
7418 2583
7419 2582
7420 2581
7421 2580
7422 2579
7423 2578
7424 2577
7425 2576
7426 2575
7427 2574
7428 2573
7429 2572
7430 2571
7431 2570
7432 2569
7433 2568
7434 2567
7435 2566
7436 2565
7437 2564
7438 2563
7439 2562
7440 2561
7441 2560
7442 2559
7443 2558
7444 2557
7445 2556
7446 2555
7447 2554
7448 2553
7449 2552
7450 2551
7451 2550
7452 2549
7453 2548
7454 2547
7455 2546
7456 2545
7457 2544
7458 2543
7459 2542
7460 2541
7461 2540
7462 2539
7463 2538
7464 2537
7465 2536
7466 2535
7467 2534
7468 2533
7469 2532
7470 2531
7471 2530
7472 2529
7473 2528
7474 2527
7475 2526
7476 2525
7477 2524
7478 2523
7479 2522
7480 2521
7481 2520
7482 2519
7483 2518
7484 2517
7485 2516
7486 2515
7487 2514
7488 2513
7489 2512
7490 2511
7491 2510
7492 2509
7493 2508
7494 2507
7495 2506
7496 2505
7497 2504
7498 2503
7499 2502
7500 2501
7501 2500
7502 2499
7503 2498
7504 2497
7505 2496
7506 2495
7507 2494
7508 2493
7509 2492
7510 2491
7511 2490
7512 2489
7513 2488
7514 2487
7515 2486
7516 2485
7517 2484
7518 2483
7519 2482
7520 2481
7521 2480
7522 2479
7523 2478
7524 2477
7525 2476
7526 2475
7527 2474
7528 2473
7529 2472
7530 2471
7531 2470
7532 2469
7533 2468
7534 2467
7535 2466
7536 2465
7537 2464
7538 2463
7539 2462
7540 2461
7541 2460
7542 2459
7543 2458
7544 2457
7545 2456
7546 2455
7547 2454
7548 2453
7549 2452
7550 2451
7551 2450
7552 2449
7553 2448
7554 2447
7555 2446
7556 2445
7557 2444
7558 2443
7559 2442
7560 2441
7561 2440
7562 2439
7563 2438
7564 2437
7565 2436
7566 2435
7567 2434
7568 2433
7569 2432
7570 2431
7571 2430
7572 2429
7573 2428
7574 2427
7575 2426
7576 2425
7577 2424
7578 2423
7579 2422
7580 2421
7581 2420
7582 2419
7583 2418
7584 2417
7585 2416
7586 2415
7587 2414
7588 2413
7589 2412
7590 2411
7591 2410
7592 2409
7593 2408
7594 2407
7595 2406
7596 2405
7597 2404
7598 2403
7599 2402
7600 2401
7601 2400
7602 2399
7603 2398
7604 2397
7605 2396
7606 2395
7607 2394
7608 2393
7609 2392
7610 2391
7611 2390
7612 2389
7613 2388
7614 2387
7615 2386
7616 2385
7617 2384
7618 2383
7619 2382
7620 2381
7621 2380
7622 2379
7623 2378
7624 2377
7625 2376
7626 2375
7627 2374
7628 2373
7629 2372
7630 2371
7631 2370
7632 2369
7633 2368
7634 2367
7635 2366
7636 2365
7637 2364
7638 2363
7639 2362
7640 2361
7641 2360
7642 2359
7643 2358
7644 2357
7645 2356
7646 2355
7647 2354
7648 2353
7649 2352
7650 2351
7651 2350
7652 2349
7653 2348
7654 2347
7655 2346
7656 2345
7657 2344
7658 2343
7659 2342
7660 2341
7661 2340
7662 2339
7663 2338
7664 2337
7665 2336
7666 2335
7667 2334
7668 2333
7669 2332
7670 2331
7671 2330
7672 2329
7673 2328
7674 2327
7675 2326
7676 2325
7677 2324
7678 2323
7679 2322
7680 2321
7681 2320
7682 2319
7683 2318
7684 2317
7685 2316
7686 2315
7687 2314
7688 2313
7689 2312
7690 2311
7691 2310
7692 2309
7693 2308
7694 2307
7695 2306
7696 2305
7697 2304
7698 2303
7699 2302
7700 2301
7701 2300
7702 2299
7703 2298
7704 2297
7705 2296
7706 2295
7707 2294
7708 2293
7709 2292
7710 2291
7711 2290
7712 2289
7713 2288
7714 2287
7715 2286
7716 2285
7717 2284
7718 2283
7719 2282
7720 2281
7721 2280
7722 2279
7723 2278
7724 2277
7725 2276
7726 2275
7727 2274
7728 2273
7729 2272
7730 2271
7731 2270
7732 2269
7733 2268
7734 2267
7735 2266
7736 2265
7737 2264
7738 2263
7739 2262
7740 2261
7741 2260
7742 2259
7743 2258
7744 2257
7745 2256
7746 2255
7747 2254
7748 2253
7749 2252
7750 2251
7751 2250
7752 2249
7753 2248
7754 2247
7755 2246
7756 2245
7757 2244
7758 2243
7759 2242
7760 2241
7761 2240
7762 2239
7763 2238
7764 2237
7765 2236
7766 2235
7767 2234
7768 2233
7769 2232
7770 2231
7771 2230
7772 2229
7773 2228
7774 2227
7775 2226
7776 2225
7777 2224
7778 2223
7779 2222
7780 2221
7781 2220
7782 2219
7783 2218
7784 2217
7785 2216
7786 2215
7787 2214
7788 2213
7789 2212
7790 2211
7791 2210
7792 2209
7793 2208
7794 2207
7795 2206
7796 2205
7797 2204
7798 2203
7799 2202
7800 2201
7801 2200
7802 2199
7803 2198
7804 2197
7805 2196
7806 2195
7807 2194
7808 2193
7809 2192
7810 2191
7811 2190
7812 2189
7813 2188
7814 2187
7815 2186
7816 2185
7817 2184
7818 2183
7819 2182
7820 2181
7821 2180
7822 2179
7823 2178
7824 2177
7825 2176
7826 2175
7827 2174
7828 2173
7829 2172
7830 2171
7831 2170
7832 2169
7833 2168
7834 2167
7835 2166
7836 2165
7837 2164
7838 2163
7839 2162
7840 2161
7841 2160
7842 2159
7843 2158
7844 2157
7845 2156
7846 2155
7847 2154
7848 2153
7849 2152
7850 2151
7851 2150
7852 2149
7853 2148
7854 2147
7855 2146
7856 2145
7857 2144
7858 2143
7859 2142
7860 2141
7861 2140
7862 2139
7863 2138
7864 2137
7865 2136
7866 2135
7867 2134
7868 2133
7869 2132
7870 2131
7871 2130
7872 2129
7873 2128
7874 2127
7875 2126
7876 2125
7877 2124
7878 2123
7879 2122
7880 2121
7881 2120
7882 2119
7883 2118
7884 2117
7885 2116
7886 2115
7887 2114
7888 2113
7889 2112
7890 2111
7891 2110
7892 2109
7893 2108
7894 2107
7895 2106
7896 2105
7897 2104
7898 2103
7899 2102
7900 2101
7901 2100
7902 2099
7903 2098
7904 2097
7905 2096
7906 2095
7907 2094
7908 2093
7909 2092
7910 2091
7911 2090
7912 2089
7913 2088
7914 2087
7915 2086
7916 2085
7917 2084
7918 2083
7919 2082
7920 2081
7921 2080
7922 2079
7923 2078
7924 2077
7925 2076
7926 2075
7927 2074
7928 2073
7929 2072
7930 2071
7931 2070
7932 2069
7933 2068
7934 2067
7935 2066
7936 2065
7937 2064
7938 2063
7939 2062
7940 2061
7941 2060
7942 2059
7943 2058
7944 2057
7945 2056
7946 2055
7947 2054
7948 2053
7949 2052
7950 2051
7951 2050
7952 2049
7953 2048
7954 2047
7955 2046
7956 2045
7957 2044
7958 2043
7959 2042
7960 2041
7961 2040
7962 2039
7963 2038
7964 2037
7965 2036
7966 2035
7967 2034
7968 2033
7969 2032
7970 2031
7971 2030
7972 2029
7973 2028
7974 2027
7975 2026
7976 2025
7977 2024
7978 2023
7979 2022
7980 2021
7981 2020
7982 2019
7983 2018
7984 2017
7985 2016
7986 2015
7987 2014
7988 2013
7989 2012
7990 2011
7991 2010
7992 2009
7993 2008
7994 2007
7995 2006
7996 2005
7997 2004
7998 2003
7999 2002
8000 2001
8001 2000
8002 1999
8003 1998
8004 1997
8005 1996
8006 1995
8007 1994
8008 1993
8009 1992
8010 1991
8011 1990
8012 1989
8013 1988
8014 1987
8015 1986
8016 1985
8017 1984
8018 1983
8019 1982
8020 1981
8021 1980
8022 1979
8023 1978
8024 1977
8025 1976
8026 1975
8027 1974
8028 1973
8029 1972
8030 1971
8031 1970
8032 1969
8033 1968
8034 1967
8035 1966
8036 1965
8037 1964
8038 1963
8039 1962
8040 1961
8041 1960
8042 1959
8043 1958
8044 1957
8045 1956
8046 1955
8047 1954
8048 1953
8049 1952
8050 1951
8051 1950
8052 1949
8053 1948
8054 1947
8055 1946
8056 1945
8057 1944
8058 1943
8059 1942
8060 1941
8061 1940
8062 1939
8063 1938
8064 1937
8065 1936
8066 1935
8067 1934
8068 1933
8069 1932
8070 1931
8071 1930
8072 1929
8073 1928
8074 1927
8075 1926
8076 1925
8077 1924
8078 1923
8079 1922
8080 1921
8081 1920
8082 1919
8083 1918
8084 1917
8085 1916
8086 1915
8087 1914
8088 1913
8089 1912
8090 1911
8091 1910
8092 1909
8093 1908
8094 1907
8095 1906
8096 1905
8097 1904
8098 1903
8099 1902
8100 1901
8101 1900
8102 1899
8103 1898
8104 1897
8105 1896
8106 1895
8107 1894
8108 1893
8109 1892
8110 1891
8111 1890
8112 1889
8113 1888
8114 1887
8115 1886
8116 1885
8117 1884
8118 1883
8119 1882
8120 1881
8121 1880
8122 1879
8123 1878
8124 1877
8125 1876
8126 1875
8127 1874
8128 1873
8129 1872
8130 1871
8131 1870
8132 1869
8133 1868
8134 1867
8135 1866
8136 1865
8137 1864
8138 1863
8139 1862
8140 1861
8141 1860
8142 1859
8143 1858
8144 1857
8145 1856
8146 1855
8147 1854
8148 1853
8149 1852
8150 1851
8151 1850
8152 1849
8153 1848
8154 1847
8155 1846
8156 1845
8157 1844
8158 1843
8159 1842
8160 1841
8161 1840
8162 1839
8163 1838
8164 1837
8165 1836
8166 1835
8167 1834
8168 1833
8169 1832
8170 1831
8171 1830
8172 1829
8173 1828
8174 1827
8175 1826
8176 1825
8177 1824
8178 1823
8179 1822
8180 1821
8181 1820
8182 1819
8183 1818
8184 1817
8185 1816
8186 1815
8187 1814
8188 1813
8189 1812
8190 1811
8191 1810
8192 1809
8193 1808
8194 1807
8195 1806
8196 1805
8197 1804
8198 1803
8199 1802
8200 1801
8201 1800
8202 1799
8203 1798
8204 1797
8205 1796
8206 1795
8207 1794
8208 1793
8209 1792
8210 1791
8211 1790
8212 1789
8213 1788
8214 1787
8215 1786
8216 1785
8217 1784
8218 1783
8219 1782
8220 1781
8221 1780
8222 1779
8223 1778
8224 1777
8225 1776
8226 1775
8227 1774
8228 1773
8229 1772
8230 1771
8231 1770
8232 1769
8233 1768
8234 1767
8235 1766
8236 1765
8237 1764
8238 1763
8239 1762
8240 1761
8241 1760
8242 1759
8243 1758
8244 1757
8245 1756
8246 1755
8247 1754
8248 1753
8249 1752
8250 1751
8251 1750
8252 1749
8253 1748
8254 1747
8255 1746
8256 1745
8257 1744
8258 1743
8259 1742
8260 1741
8261 1740
8262 1739
8263 1738
8264 1737
8265 1736
8266 1735
8267 1734
8268 1733
8269 1732
8270 1731
8271 1730
8272 1729
8273 1728
8274 1727
8275 1726
8276 1725
8277 1724
8278 1723
8279 1722
8280 1721
8281 1720
8282 1719
8283 1718
8284 1717
8285 1716
8286 1715
8287 1714
8288 1713
8289 1712
8290 1711
8291 1710
8292 1709
8293 1708
8294 1707
8295 1706
8296 1705
8297 1704
8298 1703
8299 1702
8300 1701
8301 1700
8302 1699
8303 1698
8304 1697
8305 1696
8306 1695
8307 1694
8308 1693
8309 1692
8310 1691
8311 1690
8312 1689
8313 1688
8314 1687
8315 1686
8316 1685
8317 1684
8318 1683
8319 1682
8320 1681
8321 1680
8322 1679
8323 1678
8324 1677
8325 1676
8326 1675
8327 1674
8328 1673
8329 1672
8330 1671
8331 1670
8332 1669
8333 1668
8334 1667
8335 1666
8336 1665
8337 1664
8338 1663
8339 1662
8340 1661
8341 1660
8342 1659
8343 1658
8344 1657
8345 1656
8346 1655
8347 1654
8348 1653
8349 1652
8350 1651
8351 1650
8352 1649
8353 1648
8354 1647
8355 1646
8356 1645
8357 1644
8358 1643
8359 1642
8360 1641
8361 1640
8362 1639
8363 1638
8364 1637
8365 1636
8366 1635
8367 1634
8368 1633
8369 1632
8370 1631
8371 1630
8372 1629
8373 1628
8374 1627
8375 1626
8376 1625
8377 1624
8378 1623
8379 1622
8380 1621
8381 1620
8382 1619
8383 1618
8384 1617
8385 1616
8386 1615
8387 1614
8388 1613
8389 1612
8390 1611
8391 1610
8392 1609
8393 1608
8394 1607
8395 1606
8396 1605
8397 1604
8398 1603
8399 1602
8400 1601
8401 1600
8402 1599
8403 1598
8404 1597
8405 1596
8406 1595
8407 1594
8408 1593
8409 1592
8410 1591
8411 1590
8412 1589
8413 1588
8414 1587
8415 1586
8416 1585
8417 1584
8418 1583
8419 1582
8420 1581
8421 1580
8422 1579
8423 1578
8424 1577
8425 1576
8426 1575
8427 1574
8428 1573
8429 1572
8430 1571
8431 1570
8432 1569
8433 1568
8434 1567
8435 1566
8436 1565
8437 1564
8438 1563
8439 1562
8440 1561
8441 1560
8442 1559
8443 1558
8444 1557
8445 1556
8446 1555
8447 1554
8448 1553
8449 1552
8450 1551
8451 1550
8452 1549
8453 1548
8454 1547
8455 1546
8456 1545
8457 1544
8458 1543
8459 1542
8460 1541
8461 1540
8462 1539
8463 1538
8464 1537
8465 1536
8466 1535
8467 1534
8468 1533
8469 1532
8470 1531
8471 1530
8472 1529
8473 1528
8474 1527
8475 1526
8476 1525
8477 1524
8478 1523
8479 1522
8480 1521
8481 1520
8482 1519
8483 1518
8484 1517
8485 1516
8486 1515
8487 1514
8488 1513
8489 1512
8490 1511
8491 1510
8492 1509
8493 1508
8494 1507
8495 1506
8496 1505
8497 1504
8498 1503
8499 1502
8500 1501
8501 1500
8502 1499
8503 1498
8504 1497
8505 1496
8506 1495
8507 1494
8508 1493
8509 1492
8510 1491
8511 1490
8512 1489
8513 1488
8514 1487
8515 1486
8516 1485
8517 1484
8518 1483
8519 1482
8520 1481
8521 1480
8522 1479
8523 1478
8524 1477
8525 1476
8526 1475
8527 1474
8528 1473
8529 1472
8530 1471
8531 1470
8532 1469
8533 1468
8534 1467
8535 1466
8536 1465
8537 1464
8538 1463
8539 1462
8540 1461
8541 1460
8542 1459
8543 1458
8544 1457
8545 1456
8546 1455
8547 1454
8548 1453
8549 1452
8550 1451
8551 1450
8552 1449
8553 1448
8554 1447
8555 1446
8556 1445
8557 1444
8558 1443
8559 1442
8560 1441
8561 1440
8562 1439
8563 1438
8564 1437
8565 1436
8566 1435
8567 1434
8568 1433
8569 1432
8570 1431
8571 1430
8572 1429
8573 1428
8574 1427
8575 1426
8576 1425
8577 1424
8578 1423
8579 1422
8580 1421
8581 1420
8582 1419
8583 1418
8584 1417
8585 1416
8586 1415
8587 1414
8588 1413
8589 1412
8590 1411
8591 1410
8592 1409
8593 1408
8594 1407
8595 1406
8596 1405
8597 1404
8598 1403
8599 1402
8600 1401
8601 1400
8602 1399
8603 1398
8604 1397
8605 1396
8606 1395
8607 1394
8608 1393
8609 1392
8610 1391
8611 1390
8612 1389
8613 1388
8614 1387
8615 1386
8616 1385
8617 1384
8618 1383
8619 1382
8620 1381
8621 1380
8622 1379
8623 1378
8624 1377
8625 1376
8626 1375
8627 1374
8628 1373
8629 1372
8630 1371
8631 1370
8632 1369
8633 1368
8634 1367
8635 1366
8636 1365
8637 1364
8638 1363
8639 1362
8640 1361
8641 1360
8642 1359
8643 1358
8644 1357
8645 1356
8646 1355
8647 1354
8648 1353
8649 1352
8650 1351
8651 1350
8652 1349
8653 1348
8654 1347
8655 1346
8656 1345
8657 1344
8658 1343
8659 1342
8660 1341
8661 1340
8662 1339
8663 1338
8664 1337
8665 1336
8666 1335
8667 1334
8668 1333
8669 1332
8670 1331
8671 1330
8672 1329
8673 1328
8674 1327
8675 1326
8676 1325
8677 1324
8678 1323
8679 1322
8680 1321
8681 1320
8682 1319
8683 1318
8684 1317
8685 1316
8686 1315
8687 1314
8688 1313
8689 1312
8690 1311
8691 1310
8692 1309
8693 1308
8694 1307
8695 1306
8696 1305
8697 1304
8698 1303
8699 1302
8700 1301
8701 1300
8702 1299
8703 1298
8704 1297
8705 1296
8706 1295
8707 1294
8708 1293
8709 1292
8710 1291
8711 1290
8712 1289
8713 1288
8714 1287
8715 1286
8716 1285
8717 1284
8718 1283
8719 1282
8720 1281
8721 1280
8722 1279
8723 1278
8724 1277
8725 1276
8726 1275
8727 1274
8728 1273
8729 1272
8730 1271
8731 1270
8732 1269
8733 1268
8734 1267
8735 1266
8736 1265
8737 1264
8738 1263
8739 1262
8740 1261
8741 1260
8742 1259
8743 1258
8744 1257
8745 1256
8746 1255
8747 1254
8748 1253
8749 1252
8750 1251
8751 1250
8752 1249
8753 1248
8754 1247
8755 1246
8756 1245
8757 1244
8758 1243
8759 1242
8760 1241
8761 1240
8762 1239
8763 1238
8764 1237
8765 1236
8766 1235
8767 1234
8768 1233
8769 1232
8770 1231
8771 1230
8772 1229
8773 1228
8774 1227
8775 1226
8776 1225
8777 1224
8778 1223
8779 1222
8780 1221
8781 1220
8782 1219
8783 1218
8784 1217
8785 1216
8786 1215
8787 1214
8788 1213
8789 1212
8790 1211
8791 1210
8792 1209
8793 1208
8794 1207
8795 1206
8796 1205
8797 1204
8798 1203
8799 1202
8800 1201
8801 1200
8802 1199
8803 1198
8804 1197
8805 1196
8806 1195
8807 1194
8808 1193
8809 1192
8810 1191
8811 1190
8812 1189
8813 1188
8814 1187
8815 1186
8816 1185
8817 1184
8818 1183
8819 1182
8820 1181
8821 1180
8822 1179
8823 1178
8824 1177
8825 1176
8826 1175
8827 1174
8828 1173
8829 1172
8830 1171
8831 1170
8832 1169
8833 1168
8834 1167
8835 1166
8836 1165
8837 1164
8838 1163
8839 1162
8840 1161
8841 1160
8842 1159
8843 1158
8844 1157
8845 1156
8846 1155
8847 1154
8848 1153
8849 1152
8850 1151
8851 1150
8852 1149
8853 1148
8854 1147
8855 1146
8856 1145
8857 1144
8858 1143
8859 1142
8860 1141
8861 1140
8862 1139
8863 1138
8864 1137
8865 1136
8866 1135
8867 1134
8868 1133
8869 1132
8870 1131
8871 1130
8872 1129
8873 1128
8874 1127
8875 1126
8876 1125
8877 1124
8878 1123
8879 1122
8880 1121
8881 1120
8882 1119
8883 1118
8884 1117
8885 1116
8886 1115
8887 1114
8888 1113
8889 1112
8890 1111
8891 1110
8892 1109
8893 1108
8894 1107
8895 1106
8896 1105
8897 1104
8898 1103
8899 1102
8900 1101
8901 1100
8902 1099
8903 1098
8904 1097
8905 1096
8906 1095
8907 1094
8908 1093
8909 1092
8910 1091
8911 1090
8912 1089
8913 1088
8914 1087
8915 1086
8916 1085
8917 1084
8918 1083
8919 1082
8920 1081
8921 1080
8922 1079
8923 1078
8924 1077
8925 1076
8926 1075
8927 1074
8928 1073
8929 1072
8930 1071
8931 1070
8932 1069
8933 1068
8934 1067
8935 1066
8936 1065
8937 1064
8938 1063
8939 1062
8940 1061
8941 1060
8942 1059
8943 1058
8944 1057
8945 1056
8946 1055
8947 1054
8948 1053
8949 1052
8950 1051
8951 1050
8952 1049
8953 1048
8954 1047
8955 1046
8956 1045
8957 1044
8958 1043
8959 1042
8960 1041
8961 1040
8962 1039
8963 1038
8964 1037
8965 1036
8966 1035
8967 1034
8968 1033
8969 1032
8970 1031
8971 1030
8972 1029
8973 1028
8974 1027
8975 1026
8976 1025
8977 1024
8978 1023
8979 1022
8980 1021
8981 1020
8982 1019
8983 1018
8984 1017
8985 1016
8986 1015
8987 1014
8988 1013
8989 1012
8990 1011
8991 1010
8992 1009
8993 1008
8994 1007
8995 1006
8996 1005
8997 1004
8998 1003
8999 1002
9000 1001
9001 1000
9002 999
9003 998
9004 997
9005 996
9006 995
9007 994
9008 993
9009 992
9010 991
9011 990
9012 989
9013 988
9014 987
9015 986
9016 985
9017 984
9018 983
9019 982
9020 981
9021 980
9022 979
9023 978
9024 977
9025 976
9026 975
9027 974
9028 973
9029 972
9030 971
9031 970
9032 969
9033 968
9034 967
9035 966
9036 965
9037 964
9038 963
9039 962
9040 961
9041 960
9042 959
9043 958
9044 957
9045 956
9046 955
9047 954
9048 953
9049 952
9050 951
9051 950
9052 949
9053 948
9054 947
9055 946
9056 945
9057 944
9058 943
9059 942
9060 941
9061 940
9062 939
9063 938
9064 937
9065 936
9066 935
9067 934
9068 933
9069 932
9070 931
9071 930
9072 929
9073 928
9074 927
9075 926
9076 925
9077 924
9078 923
9079 922
9080 921
9081 920
9082 919
9083 918
9084 917
9085 916
9086 915
9087 914
9088 913
9089 912
9090 911
9091 910
9092 909
9093 908
9094 907
9095 906
9096 905
9097 904
9098 903
9099 902
9100 901
9101 900
9102 899
9103 898
9104 897
9105 896
9106 895
9107 894
9108 893
9109 892
9110 891
9111 890
9112 889
9113 888
9114 887
9115 886
9116 885
9117 884
9118 883
9119 882
9120 881
9121 880
9122 879
9123 878
9124 877
9125 876
9126 875
9127 874
9128 873
9129 872
9130 871
9131 870
9132 869
9133 868
9134 867
9135 866
9136 865
9137 864
9138 863
9139 862
9140 861
9141 860
9142 859
9143 858
9144 857
9145 856
9146 855
9147 854
9148 853
9149 852
9150 851
9151 850
9152 849
9153 848
9154 847
9155 846
9156 845
9157 844
9158 843
9159 842
9160 841
9161 840
9162 839
9163 838
9164 837
9165 836
9166 835
9167 834
9168 833
9169 832
9170 831
9171 830
9172 829
9173 828
9174 827
9175 826
9176 825
9177 824
9178 823
9179 822
9180 821
9181 820
9182 819
9183 818
9184 817
9185 816
9186 815
9187 814
9188 813
9189 812
9190 811
9191 810
9192 809
9193 808
9194 807
9195 806
9196 805
9197 804
9198 803
9199 802
9200 801
9201 800
9202 799
9203 798
9204 797
9205 796
9206 795
9207 794
9208 793
9209 792
9210 791
9211 790
9212 789
9213 788
9214 787
9215 786
9216 785
9217 784
9218 783
9219 782
9220 781
9221 780
9222 779
9223 778
9224 777
9225 776
9226 775
9227 774
9228 773
9229 772
9230 771
9231 770
9232 769
9233 768
9234 767
9235 766
9236 765
9237 764
9238 763
9239 762
9240 761
9241 760
9242 759
9243 758
9244 757
9245 756
9246 755
9247 754
9248 753
9249 752
9250 751
9251 750
9252 749
9253 748
9254 747
9255 746
9256 745
9257 744
9258 743
9259 742
9260 741
9261 740
9262 739
9263 738
9264 737
9265 736
9266 735
9267 734
9268 733
9269 732
9270 731
9271 730
9272 729
9273 728
9274 727
9275 726
9276 725
9277 724
9278 723
9279 722
9280 721
9281 720
9282 719
9283 718
9284 717
9285 716
9286 715
9287 714
9288 713
9289 712
9290 711
9291 710
9292 709
9293 708
9294 707
9295 706
9296 705
9297 704
9298 703
9299 702
9300 701
9301 700
9302 699
9303 698
9304 697
9305 696
9306 695
9307 694
9308 693
9309 692
9310 691
9311 690
9312 689
9313 688
9314 687
9315 686
9316 685
9317 684
9318 683
9319 682
9320 681
9321 680
9322 679
9323 678
9324 677
9325 676
9326 675
9327 674
9328 673
9329 672
9330 671
9331 670
9332 669
9333 668
9334 667
9335 666
9336 665
9337 664
9338 663
9339 662
9340 661
9341 660
9342 659
9343 658
9344 657
9345 656
9346 655
9347 654
9348 653
9349 652
9350 651
9351 650
9352 649
9353 648
9354 647
9355 646
9356 645
9357 644
9358 643
9359 642
9360 641
9361 640
9362 639
9363 638
9364 637
9365 636
9366 635
9367 634
9368 633
9369 632
9370 631
9371 630
9372 629
9373 628
9374 627
9375 626
9376 625
9377 624
9378 623
9379 622
9380 621
9381 620
9382 619
9383 618
9384 617
9385 616
9386 615
9387 614
9388 613
9389 612
9390 611
9391 610
9392 609
9393 608
9394 607
9395 606
9396 605
9397 604
9398 603
9399 602
9400 601
9401 600
9402 599
9403 598
9404 597
9405 596
9406 595
9407 594
9408 593
9409 592
9410 591
9411 590
9412 589
9413 588
9414 587
9415 586
9416 585
9417 584
9418 583
9419 582
9420 581
9421 580
9422 579
9423 578
9424 577
9425 576
9426 575
9427 574
9428 573
9429 572
9430 571
9431 570
9432 569
9433 568
9434 567
9435 566
9436 565
9437 564
9438 563
9439 562
9440 561
9441 560
9442 559
9443 558
9444 557
9445 556
9446 555
9447 554
9448 553
9449 552
9450 551
9451 550
9452 549
9453 548
9454 547
9455 546
9456 545
9457 544
9458 543
9459 542
9460 541
9461 540
9462 539
9463 538
9464 537
9465 536
9466 535
9467 534
9468 533
9469 532
9470 531
9471 530
9472 529
9473 528
9474 527
9475 526
9476 525
9477 524
9478 523
9479 522
9480 521
9481 520
9482 519
9483 518
9484 517
9485 516
9486 515
9487 514
9488 513
9489 512
9490 511
9491 510
9492 509
9493 508
9494 507
9495 506
9496 505
9497 504
9498 503
9499 502
9500 501
9501 500
9502 499
9503 498
9504 497
9505 496
9506 495
9507 494
9508 493
9509 492
9510 491
9511 490
9512 489
9513 488
9514 487
9515 486
9516 485
9517 484
9518 483
9519 482
9520 481
9521 480
9522 479
9523 478
9524 477
9525 476
9526 475
9527 474
9528 473
9529 472
9530 471
9531 470
9532 469
9533 468
9534 467
9535 466
9536 465
9537 464
9538 463
9539 462
9540 461
9541 460
9542 459
9543 458
9544 457
9545 456
9546 455
9547 454
9548 453
9549 452
9550 451
9551 450
9552 449
9553 448
9554 447
9555 446
9556 445
9557 444
9558 443
9559 442
9560 441
9561 440
9562 439
9563 438
9564 437
9565 436
9566 435
9567 434
9568 433
9569 432
9570 431
9571 430
9572 429
9573 428
9574 427
9575 426
9576 425
9577 424
9578 423
9579 422
9580 421
9581 420
9582 419
9583 418
9584 417
9585 416
9586 415
9587 414
9588 413
9589 412
9590 411
9591 410
9592 409
9593 408
9594 407
9595 406
9596 405
9597 404
9598 403
9599 402
9600 401
9601 400
9602 399
9603 398
9604 397
9605 396
9606 395
9607 394
9608 393
9609 392
9610 391
9611 390
9612 389
9613 388
9614 387
9615 386
9616 385
9617 384
9618 383
9619 382
9620 381
9621 380
9622 379
9623 378
9624 377
9625 376
9626 375
9627 374
9628 373
9629 372
9630 371
9631 370
9632 369
9633 368
9634 367
9635 366
9636 365
9637 364
9638 363
9639 362
9640 361
9641 360
9642 359
9643 358
9644 357
9645 356
9646 355
9647 354
9648 353
9649 352
9650 351
9651 350
9652 349
9653 348
9654 347
9655 346
9656 345
9657 344
9658 343
9659 342
9660 341
9661 340
9662 339
9663 338
9664 337
9665 336
9666 335
9667 334
9668 333
9669 332
9670 331
9671 330
9672 329
9673 328
9674 327
9675 326
9676 325
9677 324
9678 323
9679 322
9680 321
9681 320
9682 319
9683 318
9684 317
9685 316
9686 315
9687 314
9688 313
9689 312
9690 311
9691 310
9692 309
9693 308
9694 307
9695 306
9696 305
9697 304
9698 303
9699 302
9700 301
9701 300
9702 299
9703 298
9704 297
9705 296
9706 295
9707 294
9708 293
9709 292
9710 291
9711 290
9712 289
9713 288
9714 287
9715 286
9716 285
9717 284
9718 283
9719 282
9720 281
9721 280
9722 279
9723 278
9724 277
9725 276
9726 275
9727 274
9728 273
9729 272
9730 271
9731 270
9732 269
9733 268
9734 267
9735 266
9736 265
9737 264
9738 263
9739 262
9740 261
9741 260
9742 259
9743 258
9744 257
9745 256
9746 255
9747 254
9748 253
9749 252
9750 251
9751 250
9752 249
9753 248
9754 247
9755 246
9756 245
9757 244
9758 243
9759 242
9760 241
9761 240
9762 239
9763 238
9764 237
9765 236
9766 235
9767 234
9768 233
9769 232
9770 231
9771 230
9772 229
9773 228
9774 227
9775 226
9776 225
9777 224
9778 223
9779 222
9780 221
9781 220
9782 219
9783 218
9784 217
9785 216
9786 215
9787 214
9788 213
9789 212
9790 211
9791 210
9792 209
9793 208
9794 207
9795 206
9796 205
9797 204
9798 203
9799 202
9800 201
9801 200
9802 199
9803 198
9804 197
9805 196
9806 195
9807 194
9808 193
9809 192
9810 191
9811 190
9812 189
9813 188
9814 187
9815 186
9816 185
9817 184
9818 183
9819 182
9820 181
9821 180
9822 179
9823 178
9824 177
9825 176
9826 175
9827 174
9828 173
9829 172
9830 171
9831 170
9832 169
9833 168
9834 167
9835 166
9836 165
9837 164
9838 163
9839 162
9840 161
9841 160
9842 159
9843 158
9844 157
9845 156
9846 155
9847 154
9848 153
9849 152
9850 151
9851 150
9852 149
9853 148
9854 147
9855 146
9856 145
9857 144
9858 143
9859 142
9860 141
9861 140
9862 139
9863 138
9864 137
9865 136
9866 135
9867 134
9868 133
9869 132
9870 131
9871 130
9872 129
9873 128
9874 127
9875 126
9876 125
9877 124
9878 123
9879 122
9880 121
9881 120
9882 119
9883 118
9884 117
9885 116
9886 115
9887 114
9888 113
9889 112
9890 111
9891 110
9892 109
9893 108
9894 107
9895 106
9896 105
9897 104
9898 103
9899 102
9900 101
9901 100
9902 99
9903 98
9904 97
9905 96
9906 95
9907 94
9908 93
9909 92
9910 91
9911 90
9912 89
9913 88
9914 87
9915 86
9916 85
9917 84
9918 83
9919 82
9920 81
9921 80
9922 79
9923 78
9924 77
9925 76
9926 75
9927 74
9928 73
9929 72
9930 71
9931 70
9932 69
9933 68
9934 67
9935 66
9936 65
9937 64
9938 63
9939 62
9940 61
9941 60
9942 59
9943 58
9944 57
9945 56
9946 55
9947 54
9948 53
9949 52
9950 51
9951 50
9952 49
9953 48
9954 47
9955 46
9956 45
9957 44
9958 43
9959 42
9960 41
9961 40
9962 39
9963 38
9964 37
9965 36
9966 35
9967 34
9968 33
9969 32
9970 31
9971 30
9972 29
9973 28
9974 27
9975 26
9976 25
9977 24
9978 23
9979 22
9980 21
9981 20
9982 19
9983 18
9984 17
9985 16
9986 15
9987 14
9988 13
9989 12
9990 11
9991 10
9992 9
9993 8
9994 7
9995 6
9996 5
9997 4
9998 3
9999 2
10000 1
