1 5000
2 4999
3 4998
4 4997
5 4996
6 4995
7 4994
8 4993
9 4992
10 4991
11 4990
12 4989
13 4988
14 4987
15 4986
16 4985
17 4984
18 4983
19 4982
20 4981
21 4980
22 4979
23 4978
24 4977
25 4976
26 4975
27 4974
28 4973
29 4972
30 4971
31 4970
32 4969
33 4968
34 4967
35 4966
36 4965
37 4964
38 4963
39 4962
40 4961
41 4960
42 4959
43 4958
44 4957
45 4956
46 4955
47 4954
48 4953
49 4952
50 4951
51 4950
52 4949
53 4948
54 4947
55 4946
56 4945
57 4944
58 4943
59 4942
60 4941
61 4940
62 4939
63 4938
64 4937
65 4936
66 4935
67 4934
68 4933
69 4932
70 4931
71 4930
72 4929
73 4928
74 4927
75 4926
76 4925
77 4924
78 4923
79 4922
80 4921
81 4920
82 4919
83 4918
84 4917
85 4916
86 4915
87 4914
88 4913
89 4912
90 4911
91 4910
92 4909
93 4908
94 4907
95 4906
96 4905
97 4904
98 4903
99 4902
100 4901
101 4900
102 4899
103 4898
104 4897
105 4896
106 4895
107 4894
108 4893
109 4892
110 4891
111 4890
112 4889
113 4888
114 4887
115 4886
116 4885
117 4884
118 4883
119 4882
120 4881
121 4880
122 4879
123 4878
124 4877
125 4876
126 4875
127 4874
128 4873
129 4872
130 4871
131 4870
132 4869
133 4868
134 4867
135 4866
136 4865
137 4864
138 4863
139 4862
140 4861
141 4860
142 4859
143 4858
144 4857
145 4856
146 4855
147 4854
148 4853
149 4852
150 4851
151 4850
152 4849
153 4848
154 4847
155 4846
156 4845
157 4844
158 4843
159 4842
160 4841
161 4840
162 4839
163 4838
164 4837
165 4836
166 4835
167 4834
168 4833
169 4832
170 4831
171 4830
172 4829
173 4828
174 4827
175 4826
176 4825
177 4824
178 4823
179 4822
180 4821
181 4820
182 4819
183 4818
184 4817
185 4816
186 4815
187 4814
188 4813
189 4812
190 4811
191 4810
192 4809
193 4808
194 4807
195 4806
196 4805
197 4804
198 4803
199 4802
200 4801
201 4800
202 4799
203 4798
204 4797
205 4796
206 4795
207 4794
208 4793
209 4792
210 4791
211 4790
212 4789
213 4788
214 4787
215 4786
216 4785
217 4784
218 4783
219 4782
220 4781
221 4780
222 4779
223 4778
224 4777
225 4776
226 4775
227 4774
228 4773
229 4772
230 4771
231 4770
232 4769
233 4768
234 4767
235 4766
236 4765
237 4764
238 4763
239 4762
240 4761
241 4760
242 4759
243 4758
244 4757
245 4756
246 4755
247 4754
248 4753
249 4752
250 4751
251 4750
252 4749
253 4748
254 4747
255 4746
256 4745
257 4744
258 4743
259 4742
260 4741
261 4740
262 4739
263 4738
264 4737
265 4736
266 4735
267 4734
268 4733
269 4732
270 4731
271 4730
272 4729
273 4728
274 4727
275 4726
276 4725
277 4724
278 4723
279 4722
280 4721
281 4720
282 4719
283 4718
284 4717
285 4716
286 4715
287 4714
288 4713
289 4712
290 4711
291 4710
292 4709
293 4708
294 4707
295 4706
296 4705
297 4704
298 4703
299 4702
300 4701
301 4700
302 4699
303 4698
304 4697
305 4696
306 4695
307 4694
308 4693
309 4692
310 4691
311 4690
312 4689
313 4688
314 4687
315 4686
316 4685
317 4684
318 4683
319 4682
320 4681
321 4680
322 4679
323 4678
324 4677
325 4676
326 4675
327 4674
328 4673
329 4672
330 4671
331 4670
332 4669
333 4668
334 4667
335 4666
336 4665
337 4664
338 4663
339 4662
340 4661
341 4660
342 4659
343 4658
344 4657
345 4656
346 4655
347 4654
348 4653
349 4652
350 4651
351 4650
352 4649
353 4648
354 4647
355 4646
356 4645
357 4644
358 4643
359 4642
360 4641
361 4640
362 4639
363 4638
364 4637
365 4636
366 4635
367 4634
368 4633
369 4632
370 4631
371 4630
372 4629
373 4628
374 4627
375 4626
376 4625
377 4624
378 4623
379 4622
380 4621
381 4620
382 4619
383 4618
384 4617
385 4616
386 4615
387 4614
388 4613
389 4612
390 4611
391 4610
392 4609
393 4608
394 4607
395 4606
396 4605
397 4604
398 4603
399 4602
400 4601
401 4600
402 4599
403 4598
404 4597
405 4596
406 4595
407 4594
408 4593
409 4592
410 4591
411 4590
412 4589
413 4588
414 4587
415 4586
416 4585
417 4584
418 4583
419 4582
420 4581
421 4580
422 4579
423 4578
424 4577
425 4576
426 4575
427 4574
428 4573
429 4572
430 4571
431 4570
432 4569
433 4568
434 4567
435 4566
436 4565
437 4564
438 4563
439 4562
440 4561
441 4560
442 4559
443 4558
444 4557
445 4556
446 4555
447 4554
448 4553
449 4552
450 4551
451 4550
452 4549
453 4548
454 4547
455 4546
456 4545
457 4544
458 4543
459 4542
460 4541
461 4540
462 4539
463 4538
464 4537
465 4536
466 4535
467 4534
468 4533
469 4532
470 4531
471 4530
472 4529
473 4528
474 4527
475 4526
476 4525
477 4524
478 4523
479 4522
480 4521
481 4520
482 4519
483 4518
484 4517
485 4516
486 4515
487 4514
488 4513
489 4512
490 4511
491 4510
492 4509
493 4508
494 4507
495 4506
496 4505
497 4504
498 4503
499 4502
500 4501
501 4500
502 4499
503 4498
504 4497
505 4496
506 4495
507 4494
508 4493
509 4492
510 4491
511 4490
512 4489
513 4488
514 4487
515 4486
516 4485
517 4484
518 4483
519 4482
520 4481
521 4480
522 4479
523 4478
524 4477
525 4476
526 4475
527 4474
528 4473
529 4472
530 4471
531 4470
532 4469
533 4468
534 4467
535 4466
536 4465
537 4464
538 4463
539 4462
540 4461
541 4460
542 4459
543 4458
544 4457
545 4456
546 4455
547 4454
548 4453
549 4452
550 4451
551 4450
552 4449
553 4448
554 4447
555 4446
556 4445
557 4444
558 4443
559 4442
560 4441
561 4440
562 4439
563 4438
564 4437
565 4436
566 4435
567 4434
568 4433
569 4432
570 4431
571 4430
572 4429
573 4428
574 4427
575 4426
576 4425
577 4424
578 4423
579 4422
580 4421
581 4420
582 4419
583 4418
584 4417
585 4416
586 4415
587 4414
588 4413
589 4412
590 4411
591 4410
592 4409
593 4408
594 4407
595 4406
596 4405
597 4404
598 4403
599 4402
600 4401
601 4400
602 4399
603 4398
604 4397
605 4396
606 4395
607 4394
608 4393
609 4392
610 4391
611 4390
612 4389
613 4388
614 4387
615 4386
616 4385
617 4384
618 4383
619 4382
620 4381
621 4380
622 4379
623 4378
624 4377
625 4376
626 4375
627 4374
628 4373
629 4372
630 4371
631 4370
632 4369
633 4368
634 4367
635 4366
636 4365
637 4364
638 4363
639 4362
640 4361
641 4360
642 4359
643 4358
644 4357
645 4356
646 4355
647 4354
648 4353
649 4352
650 4351
651 4350
652 4349
653 4348
654 4347
655 4346
656 4345
657 4344
658 4343
659 4342
660 4341
661 4340
662 4339
663 4338
664 4337
665 4336
666 4335
667 4334
668 4333
669 4332
670 4331
671 4330
672 4329
673 4328
674 4327
675 4326
676 4325
677 4324
678 4323
679 4322
680 4321
681 4320
682 4319
683 4318
684 4317
685 4316
686 4315
687 4314
688 4313
689 4312
690 4311
691 4310
692 4309
693 4308
694 4307
695 4306
696 4305
697 4304
698 4303
699 4302
700 4301
701 4300
702 4299
703 4298
704 4297
705 4296
706 4295
707 4294
708 4293
709 4292
710 4291
711 4290
712 4289
713 4288
714 4287
715 4286
716 4285
717 4284
718 4283
719 4282
720 4281
721 4280
722 4279
723 4278
724 4277
725 4276
726 4275
727 4274
728 4273
729 4272
730 4271
731 4270
732 4269
733 4268
734 4267
735 4266
736 4265
737 4264
738 4263
739 4262
740 4261
741 4260
742 4259
743 4258
744 4257
745 4256
746 4255
747 4254
748 4253
749 4252
750 4251
751 4250
752 4249
753 4248
754 4247
755 4246
756 4245
757 4244
758 4243
759 4242
760 4241
761 4240
762 4239
763 4238
764 4237
765 4236
766 4235
767 4234
768 4233
769 4232
770 4231
771 4230
772 4229
773 4228
774 4227
775 4226
776 4225
777 4224
778 4223
779 4222
780 4221
781 4220
782 4219
783 4218
784 4217
785 4216
786 4215
787 4214
788 4213
789 4212
790 4211
791 4210
792 4209
793 4208
794 4207
795 4206
796 4205
797 4204
798 4203
799 4202
800 4201
801 4200
802 4199
803 4198
804 4197
805 4196
806 4195
807 4194
808 4193
809 4192
810 4191
811 4190
812 4189
813 4188
814 4187
815 4186
816 4185
817 4184
818 4183
819 4182
820 4181
821 4180
822 4179
823 4178
824 4177
825 4176
826 4175
827 4174
828 4173
829 4172
830 4171
831 4170
832 4169
833 4168
834 4167
835 4166
836 4165
837 4164
838 4163
839 4162
840 4161
841 4160
842 4159
843 4158
844 4157
845 4156
846 4155
847 4154
848 4153
849 4152
850 4151
851 4150
852 4149
853 4148
854 4147
855 4146
856 4145
857 4144
858 4143
859 4142
860 4141
861 4140
862 4139
863 4138
864 4137
865 4136
866 4135
867 4134
868 4133
869 4132
870 4131
871 4130
872 4129
873 4128
874 4127
875 4126
876 4125
877 4124
878 4123
879 4122
880 4121
881 4120
882 4119
883 4118
884 4117
885 4116
886 4115
887 4114
888 4113
889 4112
890 4111
891 4110
892 4109
893 4108
894 4107
895 4106
896 4105
897 4104
898 4103
899 4102
900 4101
901 4100
902 4099
903 4098
904 4097
905 4096
906 4095
907 4094
908 4093
909 4092
910 4091
911 4090
912 4089
913 4088
914 4087
915 4086
916 4085
917 4084
918 4083
919 4082
920 4081
921 4080
922 4079
923 4078
924 4077
925 4076
926 4075
927 4074
928 4073
929 4072
930 4071
931 4070
932 4069
933 4068
934 4067
935 4066
936 4065
937 4064
938 4063
939 4062
940 4061
941 4060
942 4059
943 4058
944 4057
945 4056
946 4055
947 4054
948 4053
949 4052
950 4051
951 4050
952 4049
953 4048
954 4047
955 4046
956 4045
957 4044
958 4043
959 4042
960 4041
961 4040
962 4039
963 4038
964 4037
965 4036
966 4035
967 4034
968 4033
969 4032
970 4031
971 4030
972 4029
973 4028
974 4027
975 4026
976 4025
977 4024
978 4023
979 4022
980 4021
981 4020
982 4019
983 4018
984 4017
985 4016
986 4015
987 4014
988 4013
989 4012
990 4011
991 4010
992 4009
993 4008
994 4007
995 4006
996 4005
997 4004
998 4003
999 4002
1000 4001
1001 4000
1002 3999
1003 3998
1004 3997
1005 3996
1006 3995
1007 3994
1008 3993
1009 3992
1010 3991
1011 3990
1012 3989
1013 3988
1014 3987
1015 3986
1016 3985
1017 3984
1018 3983
1019 3982
1020 3981
1021 3980
1022 3979
1023 3978
1024 3977
1025 3976
1026 3975
1027 3974
1028 3973
1029 3972
1030 3971
1031 3970
1032 3969
1033 3968
1034 3967
1035 3966
1036 3965
1037 3964
1038 3963
1039 3962
1040 3961
1041 3960
1042 3959
1043 3958
1044 3957
1045 3956
1046 3955
1047 3954
1048 3953
1049 3952
1050 3951
1051 3950
1052 3949
1053 3948
1054 3947
1055 3946
1056 3945
1057 3944
1058 3943
1059 3942
1060 3941
1061 3940
1062 3939
1063 3938
1064 3937
1065 3936
1066 3935
1067 3934
1068 3933
1069 3932
1070 3931
1071 3930
1072 3929
1073 3928
1074 3927
1075 3926
1076 3925
1077 3924
1078 3923
1079 3922
1080 3921
1081 3920
1082 3919
1083 3918
1084 3917
1085 3916
1086 3915
1087 3914
1088 3913
1089 3912
1090 3911
1091 3910
1092 3909
1093 3908
1094 3907
1095 3906
1096 3905
1097 3904
1098 3903
1099 3902
1100 3901
1101 3900
1102 3899
1103 3898
1104 3897
1105 3896
1106 3895
1107 3894
1108 3893
1109 3892
1110 3891
1111 3890
1112 3889
1113 3888
1114 3887
1115 3886
1116 3885
1117 3884
1118 3883
1119 3882
1120 3881
1121 3880
1122 3879
1123 3878
1124 3877
1125 3876
1126 3875
1127 3874
1128 3873
1129 3872
1130 3871
1131 3870
1132 3869
1133 3868
1134 3867
1135 3866
1136 3865
1137 3864
1138 3863
1139 3862
1140 3861
1141 3860
1142 3859
1143 3858
1144 3857
1145 3856
1146 3855
1147 3854
1148 3853
1149 3852
1150 3851
1151 3850
1152 3849
1153 3848
1154 3847
1155 3846
1156 3845
1157 3844
1158 3843
1159 3842
1160 3841
1161 3840
1162 3839
1163 3838
1164 3837
1165 3836
1166 3835
1167 3834
1168 3833
1169 3832
1170 3831
1171 3830
1172 3829
1173 3828
1174 3827
1175 3826
1176 3825
1177 3824
1178 3823
1179 3822
1180 3821
1181 3820
1182 3819
1183 3818
1184 3817
1185 3816
1186 3815
1187 3814
1188 3813
1189 3812
1190 3811
1191 3810
1192 3809
1193 3808
1194 3807
1195 3806
1196 3805
1197 3804
1198 3803
1199 3802
1200 3801
1201 3800
1202 3799
1203 3798
1204 3797
1205 3796
1206 3795
1207 3794
1208 3793
1209 3792
1210 3791
1211 3790
1212 3789
1213 3788
1214 3787
1215 3786
1216 3785
1217 3784
1218 3783
1219 3782
1220 3781
1221 3780
1222 3779
1223 3778
1224 3777
1225 3776
1226 3775
1227 3774
1228 3773
1229 3772
1230 3771
1231 3770
1232 3769
1233 3768
1234 3767
1235 3766
1236 3765
1237 3764
1238 3763
1239 3762
1240 3761
1241 3760
1242 3759
1243 3758
1244 3757
1245 3756
1246 3755
1247 3754
1248 3753
1249 3752
1250 3751
1251 3750
1252 3749
1253 3748
1254 3747
1255 3746
1256 3745
1257 3744
1258 3743
1259 3742
1260 3741
1261 3740
1262 3739
1263 3738
1264 3737
1265 3736
1266 3735
1267 3734
1268 3733
1269 3732
1270 3731
1271 3730
1272 3729
1273 3728
1274 3727
1275 3726
1276 3725
1277 3724
1278 3723
1279 3722
1280 3721
1281 3720
1282 3719
1283 3718
1284 3717
1285 3716
1286 3715
1287 3714
1288 3713
1289 3712
1290 3711
1291 3710
1292 3709
1293 3708
1294 3707
1295 3706
1296 3705
1297 3704
1298 3703
1299 3702
1300 3701
1301 3700
1302 3699
1303 3698
1304 3697
1305 3696
1306 3695
1307 3694
1308 3693
1309 3692
1310 3691
1311 3690
1312 3689
1313 3688
1314 3687
1315 3686
1316 3685
1317 3684
1318 3683
1319 3682
1320 3681
1321 3680
1322 3679
1323 3678
1324 3677
1325 3676
1326 3675
1327 3674
1328 3673
1329 3672
1330 3671
1331 3670
1332 3669
1333 3668
1334 3667
1335 3666
1336 3665
1337 3664
1338 3663
1339 3662
1340 3661
1341 3660
1342 3659
1343 3658
1344 3657
1345 3656
1346 3655
1347 3654
1348 3653
1349 3652
1350 3651
1351 3650
1352 3649
1353 3648
1354 3647
1355 3646
1356 3645
1357 3644
1358 3643
1359 3642
1360 3641
1361 3640
1362 3639
1363 3638
1364 3637
1365 3636
1366 3635
1367 3634
1368 3633
1369 3632
1370 3631
1371 3630
1372 3629
1373 3628
1374 3627
1375 3626
1376 3625
1377 3624
1378 3623
1379 3622
1380 3621
1381 3620
1382 3619
1383 3618
1384 3617
1385 3616
1386 3615
1387 3614
1388 3613
1389 3612
1390 3611
1391 3610
1392 3609
1393 3608
1394 3607
1395 3606
1396 3605
1397 3604
1398 3603
1399 3602
1400 3601
1401 3600
1402 3599
1403 3598
1404 3597
1405 3596
1406 3595
1407 3594
1408 3593
1409 3592
1410 3591
1411 3590
1412 3589
1413 3588
1414 3587
1415 3586
1416 3585
1417 3584
1418 3583
1419 3582
1420 3581
1421 3580
1422 3579
1423 3578
1424 3577
1425 3576
1426 3575
1427 3574
1428 3573
1429 3572
1430 3571
1431 3570
1432 3569
1433 3568
1434 3567
1435 3566
1436 3565
1437 3564
1438 3563
1439 3562
1440 3561
1441 3560
1442 3559
1443 3558
1444 3557
1445 3556
1446 3555
1447 3554
1448 3553
1449 3552
1450 3551
1451 3550
1452 3549
1453 3548
1454 3547
1455 3546
1456 3545
1457 3544
1458 3543
1459 3542
1460 3541
1461 3540
1462 3539
1463 3538
1464 3537
1465 3536
1466 3535
1467 3534
1468 3533
1469 3532
1470 3531
1471 3530
1472 3529
1473 3528
1474 3527
1475 3526
1476 3525
1477 3524
1478 3523
1479 3522
1480 3521
1481 3520
1482 3519
1483 3518
1484 3517
1485 3516
1486 3515
1487 3514
1488 3513
1489 3512
1490 3511
1491 3510
1492 3509
1493 3508
1494 3507
1495 3506
1496 3505
1497 3504
1498 3503
1499 3502
1500 3501
1501 3500
1502 3499
1503 3498
1504 3497
1505 3496
1506 3495
1507 3494
1508 3493
1509 3492
1510 3491
1511 3490
1512 3489
1513 3488
1514 3487
1515 3486
1516 3485
1517 3484
1518 3483
1519 3482
1520 3481
1521 3480
1522 3479
1523 3478
1524 3477
1525 3476
1526 3475
1527 3474
1528 3473
1529 3472
1530 3471
1531 3470
1532 3469
1533 3468
1534 3467
1535 3466
1536 3465
1537 3464
1538 3463
1539 3462
1540 3461
1541 3460
1542 3459
1543 3458
1544 3457
1545 3456
1546 3455
1547 3454
1548 3453
1549 3452
1550 3451
1551 3450
1552 3449
1553 3448
1554 3447
1555 3446
1556 3445
1557 3444
1558 3443
1559 3442
1560 3441
1561 3440
1562 3439
1563 3438
1564 3437
1565 3436
1566 3435
1567 3434
1568 3433
1569 3432
1570 3431
1571 3430
1572 3429
1573 3428
1574 3427
1575 3426
1576 3425
1577 3424
1578 3423
1579 3422
1580 3421
1581 3420
1582 3419
1583 3418
1584 3417
1585 3416
1586 3415
1587 3414
1588 3413
1589 3412
1590 3411
1591 3410
1592 3409
1593 3408
1594 3407
1595 3406
1596 3405
1597 3404
1598 3403
1599 3402
1600 3401
1601 3400
1602 3399
1603 3398
1604 3397
1605 3396
1606 3395
1607 3394
1608 3393
1609 3392
1610 3391
1611 3390
1612 3389
1613 3388
1614 3387
1615 3386
1616 3385
1617 3384
1618 3383
1619 3382
1620 3381
1621 3380
1622 3379
1623 3378
1624 3377
1625 3376
1626 3375
1627 3374
1628 3373
1629 3372
1630 3371
1631 3370
1632 3369
1633 3368
1634 3367
1635 3366
1636 3365
1637 3364
1638 3363
1639 3362
1640 3361
1641 3360
1642 3359
1643 3358
1644 3357
1645 3356
1646 3355
1647 3354
1648 3353
1649 3352
1650 3351
1651 3350
1652 3349
1653 3348
1654 3347
1655 3346
1656 3345
1657 3344
1658 3343
1659 3342
1660 3341
1661 3340
1662 3339
1663 3338
1664 3337
1665 3336
1666 3335
1667 3334
1668 3333
1669 3332
1670 3331
1671 3330
1672 3329
1673 3328
1674 3327
1675 3326
1676 3325
1677 3324
1678 3323
1679 3322
1680 3321
1681 3320
1682 3319
1683 3318
1684 3317
1685 3316
1686 3315
1687 3314
1688 3313
1689 3312
1690 3311
1691 3310
1692 3309
1693 3308
1694 3307
1695 3306
1696 3305
1697 3304
1698 3303
1699 3302
1700 3301
1701 3300
1702 3299
1703 3298
1704 3297
1705 3296
1706 3295
1707 3294
1708 3293
1709 3292
1710 3291
1711 3290
1712 3289
1713 3288
1714 3287
1715 3286
1716 3285
1717 3284
1718 3283
1719 3282
1720 3281
1721 3280
1722 3279
1723 3278
1724 3277
1725 3276
1726 3275
1727 3274
1728 3273
1729 3272
1730 3271
1731 3270
1732 3269
1733 3268
1734 3267
1735 3266
1736 3265
1737 3264
1738 3263
1739 3262
1740 3261
1741 3260
1742 3259
1743 3258
1744 3257
1745 3256
1746 3255
1747 3254
1748 3253
1749 3252
1750 3251
1751 3250
1752 3249
1753 3248
1754 3247
1755 3246
1756 3245
1757 3244
1758 3243
1759 3242
1760 3241
1761 3240
1762 3239
1763 3238
1764 3237
1765 3236
1766 3235
1767 3234
1768 3233
1769 3232
1770 3231
1771 3230
1772 3229
1773 3228
1774 3227
1775 3226
1776 3225
1777 3224
1778 3223
1779 3222
1780 3221
1781 3220
1782 3219
1783 3218
1784 3217
1785 3216
1786 3215
1787 3214
1788 3213
1789 3212
1790 3211
1791 3210
1792 3209
1793 3208
1794 3207
1795 3206
1796 3205
1797 3204
1798 3203
1799 3202
1800 3201
1801 3200
1802 3199
1803 3198
1804 3197
1805 3196
1806 3195
1807 3194
1808 3193
1809 3192
1810 3191
1811 3190
1812 3189
1813 3188
1814 3187
1815 3186
1816 3185
1817 3184
1818 3183
1819 3182
1820 3181
1821 3180
1822 3179
1823 3178
1824 3177
1825 3176
1826 3175
1827 3174
1828 3173
1829 3172
1830 3171
1831 3170
1832 3169
1833 3168
1834 3167
1835 3166
1836 3165
1837 3164
1838 3163
1839 3162
1840 3161
1841 3160
1842 3159
1843 3158
1844 3157
1845 3156
1846 3155
1847 3154
1848 3153
1849 3152
1850 3151
1851 3150
1852 3149
1853 3148
1854 3147
1855 3146
1856 3145
1857 3144
1858 3143
1859 3142
1860 3141
1861 3140
1862 3139
1863 3138
1864 3137
1865 3136
1866 3135
1867 3134
1868 3133
1869 3132
1870 3131
1871 3130
1872 3129
1873 3128
1874 3127
1875 3126
1876 3125
1877 3124
1878 3123
1879 3122
1880 3121
1881 3120
1882 3119
1883 3118
1884 3117
1885 3116
1886 3115
1887 3114
1888 3113
1889 3112
1890 3111
1891 3110
1892 3109
1893 3108
1894 3107
1895 3106
1896 3105
1897 3104
1898 3103
1899 3102
1900 3101
1901 3100
1902 3099
1903 3098
1904 3097
1905 3096
1906 3095
1907 3094
1908 3093
1909 3092
1910 3091
1911 3090
1912 3089
1913 3088
1914 3087
1915 3086
1916 3085
1917 3084
1918 3083
1919 3082
1920 3081
1921 3080
1922 3079
1923 3078
1924 3077
1925 3076
1926 3075
1927 3074
1928 3073
1929 3072
1930 3071
1931 3070
1932 3069
1933 3068
1934 3067
1935 3066
1936 3065
1937 3064
1938 3063
1939 3062
1940 3061
1941 3060
1942 3059
1943 3058
1944 3057
1945 3056
1946 3055
1947 3054
1948 3053
1949 3052
1950 3051
1951 3050
1952 3049
1953 3048
1954 3047
1955 3046
1956 3045
1957 3044
1958 3043
1959 3042
1960 3041
1961 3040
1962 3039
1963 3038
1964 3037
1965 3036
1966 3035
1967 3034
1968 3033
1969 3032
1970 3031
1971 3030
1972 3029
1973 3028
1974 3027
1975 3026
1976 3025
1977 3024
1978 3023
1979 3022
1980 3021
1981 3020
1982 3019
1983 3018
1984 3017
1985 3016
1986 3015
1987 3014
1988 3013
1989 3012
1990 3011
1991 3010
1992 3009
1993 3008
1994 3007
1995 3006
1996 3005
1997 3004
1998 3003
1999 3002
2000 3001
2001 3000
2002 2999
2003 2998
2004 2997
2005 2996
2006 2995
2007 2994
2008 2993
2009 2992
2010 2991
2011 2990
2012 2989
2013 2988
2014 2987
2015 2986
2016 2985
2017 2984
2018 2983
2019 2982
2020 2981
2021 2980
2022 2979
2023 2978
2024 2977
2025 2976
2026 2975
2027 2974
2028 2973
2029 2972
2030 2971
2031 2970
2032 2969
2033 2968
2034 2967
2035 2966
2036 2965
2037 2964
2038 2963
2039 2962
2040 2961
2041 2960
2042 2959
2043 2958
2044 2957
2045 2956
2046 2955
2047 2954
2048 2953
2049 2952
2050 2951
2051 2950
2052 2949
2053 2948
2054 2947
2055 2946
2056 2945
2057 2944
2058 2943
2059 2942
2060 2941
2061 2940
2062 2939
2063 2938
2064 2937
2065 2936
2066 2935
2067 2934
2068 2933
2069 2932
2070 2931
2071 2930
2072 2929
2073 2928
2074 2927
2075 2926
2076 2925
2077 2924
2078 2923
2079 2922
2080 2921
2081 2920
2082 2919
2083 2918
2084 2917
2085 2916
2086 2915
2087 2914
2088 2913
2089 2912
2090 2911
2091 2910
2092 2909
2093 2908
2094 2907
2095 2906
2096 2905
2097 2904
2098 2903
2099 2902
2100 2901
2101 2900
2102 2899
2103 2898
2104 2897
2105 2896
2106 2895
2107 2894
2108 2893
2109 2892
2110 2891
2111 2890
2112 2889
2113 2888
2114 2887
2115 2886
2116 2885
2117 2884
2118 2883
2119 2882
2120 2881
2121 2880
2122 2879
2123 2878
2124 2877
2125 2876
2126 2875
2127 2874
2128 2873
2129 2872
2130 2871
2131 2870
2132 2869
2133 2868
2134 2867
2135 2866
2136 2865
2137 2864
2138 2863
2139 2862
2140 2861
2141 2860
2142 2859
2143 2858
2144 2857
2145 2856
2146 2855
2147 2854
2148 2853
2149 2852
2150 2851
2151 2850
2152 2849
2153 2848
2154 2847
2155 2846
2156 2845
2157 2844
2158 2843
2159 2842
2160 2841
2161 2840
2162 2839
2163 2838
2164 2837
2165 2836
2166 2835
2167 2834
2168 2833
2169 2832
2170 2831
2171 2830
2172 2829
2173 2828
2174 2827
2175 2826
2176 2825
2177 2824
2178 2823
2179 2822
2180 2821
2181 2820
2182 2819
2183 2818
2184 2817
2185 2816
2186 2815
2187 2814
2188 2813
2189 2812
2190 2811
2191 2810
2192 2809
2193 2808
2194 2807
2195 2806
2196 2805
2197 2804
2198 2803
2199 2802
2200 2801
2201 2800
2202 2799
2203 2798
2204 2797
2205 2796
2206 2795
2207 2794
2208 2793
2209 2792
2210 2791
2211 2790
2212 2789
2213 2788
2214 2787
2215 2786
2216 2785
2217 2784
2218 2783
2219 2782
2220 2781
2221 2780
2222 2779
2223 2778
2224 2777
2225 2776
2226 2775
2227 2774
2228 2773
2229 2772
2230 2771
2231 2770
2232 2769
2233 2768
2234 2767
2235 2766
2236 2765
2237 2764
2238 2763
2239 2762
2240 2761
2241 2760
2242 2759
2243 2758
2244 2757
2245 2756
2246 2755
2247 2754
2248 2753
2249 2752
2250 2751
2251 2750
2252 2749
2253 2748
2254 2747
2255 2746
2256 2745
2257 2744
2258 2743
2259 2742
2260 2741
2261 2740
2262 2739
2263 2738
2264 2737
2265 2736
2266 2735
2267 2734
2268 2733
2269 2732
2270 2731
2271 2730
2272 2729
2273 2728
2274 2727
2275 2726
2276 2725
2277 2724
2278 2723
2279 2722
2280 2721
2281 2720
2282 2719
2283 2718
2284 2717
2285 2716
2286 2715
2287 2714
2288 2713
2289 2712
2290 2711
2291 2710
2292 2709
2293 2708
2294 2707
2295 2706
2296 2705
2297 2704
2298 2703
2299 2702
2300 2701
2301 2700
2302 2699
2303 2698
2304 2697
2305 2696
2306 2695
2307 2694
2308 2693
2309 2692
2310 2691
2311 2690
2312 2689
2313 2688
2314 2687
2315 2686
2316 2685
2317 2684
2318 2683
2319 2682
2320 2681
2321 2680
2322 2679
2323 2678
2324 2677
2325 2676
2326 2675
2327 2674
2328 2673
2329 2672
2330 2671
2331 2670
2332 2669
2333 2668
2334 2667
2335 2666
2336 2665
2337 2664
2338 2663
2339 2662
2340 2661
2341 2660
2342 2659
2343 2658
2344 2657
2345 2656
2346 2655
2347 2654
2348 2653
2349 2652
2350 2651
2351 2650
2352 2649
2353 2648
2354 2647
2355 2646
2356 2645
2357 2644
2358 2643
2359 2642
2360 2641
2361 2640
2362 2639
2363 2638
2364 2637
2365 2636
2366 2635
2367 2634
2368 2633
2369 2632
2370 2631
2371 2630
2372 2629
2373 2628
2374 2627
2375 2626
2376 2625
2377 2624
2378 2623
2379 2622
2380 2621
2381 2620
2382 2619
2383 2618
2384 2617
2385 2616
2386 2615
2387 2614
2388 2613
2389 2612
2390 2611
2391 2610
2392 2609
2393 2608
2394 2607
2395 2606
2396 2605
2397 2604
2398 2603
2399 2602
2400 2601
2401 2600
2402 2599
2403 2598
2404 2597
2405 2596
2406 2595
2407 2594
2408 2593
2409 2592
2410 2591
2411 2590
2412 2589
2413 2588
2414 2587
2415 2586
2416 2585
2417 2584
2418 2583
2419 2582
2420 2581
2421 2580
2422 2579
2423 2578
2424 2577
2425 2576
2426 2575
2427 2574
2428 2573
2429 2572
2430 2571
2431 2570
2432 2569
2433 2568
2434 2567
2435 2566
2436 2565
2437 2564
2438 2563
2439 2562
2440 2561
2441 2560
2442 2559
2443 2558
2444 2557
2445 2556
2446 2555
2447 2554
2448 2553
2449 2552
2450 2551
2451 2550
2452 2549
2453 2548
2454 2547
2455 2546
2456 2545
2457 2544
2458 2543
2459 2542
2460 2541
2461 2540
2462 2539
2463 2538
2464 2537
2465 2536
2466 2535
2467 2534
2468 2533
2469 2532
2470 2531
2471 2530
2472 2529
2473 2528
2474 2527
2475 2526
2476 2525
2477 2524
2478 2523
2479 2522
2480 2521
2481 2520
2482 2519
2483 2518
2484 2517
2485 2516
2486 2515
2487 2514
2488 2513
2489 2512
2490 2511
2491 2510
2492 2509
2493 2508
2494 2507
2495 2506
2496 2505
2497 2504
2498 2503
2499 2502
2500 2501
2501 2500
2502 2499
2503 2498
2504 2497
2505 2496
2506 2495
2507 2494
2508 2493
2509 2492
2510 2491
2511 2490
2512 2489
2513 2488
2514 2487
2515 2486
2516 2485
2517 2484
2518 2483
2519 2482
2520 2481
2521 2480
2522 2479
2523 2478
2524 2477
2525 2476
2526 2475
2527 2474
2528 2473
2529 2472
2530 2471
2531 2470
2532 2469
2533 2468
2534 2467
2535 2466
2536 2465
2537 2464
2538 2463
2539 2462
2540 2461
2541 2460
2542 2459
2543 2458
2544 2457
2545 2456
2546 2455
2547 2454
2548 2453
2549 2452
2550 2451
2551 2450
2552 2449
2553 2448
2554 2447
2555 2446
2556 2445
2557 2444
2558 2443
2559 2442
2560 2441
2561 2440
2562 2439
2563 2438
2564 2437
2565 2436
2566 2435
2567 2434
2568 2433
2569 2432
2570 2431
2571 2430
2572 2429
2573 2428
2574 2427
2575 2426
2576 2425
2577 2424
2578 2423
2579 2422
2580 2421
2581 2420
2582 2419
2583 2418
2584 2417
2585 2416
2586 2415
2587 2414
2588 2413
2589 2412
2590 2411
2591 2410
2592 2409
2593 2408
2594 2407
2595 2406
2596 2405
2597 2404
2598 2403
2599 2402
2600 2401
2601 2400
2602 2399
2603 2398
2604 2397
2605 2396
2606 2395
2607 2394
2608 2393
2609 2392
2610 2391
2611 2390
2612 2389
2613 2388
2614 2387
2615 2386
2616 2385
2617 2384
2618 2383
2619 2382
2620 2381
2621 2380
2622 2379
2623 2378
2624 2377
2625 2376
2626 2375
2627 2374
2628 2373
2629 2372
2630 2371
2631 2370
2632 2369
2633 2368
2634 2367
2635 2366
2636 2365
2637 2364
2638 2363
2639 2362
2640 2361
2641 2360
2642 2359
2643 2358
2644 2357
2645 2356
2646 2355
2647 2354
2648 2353
2649 2352
2650 2351
2651 2350
2652 2349
2653 2348
2654 2347
2655 2346
2656 2345
2657 2344
2658 2343
2659 2342
2660 2341
2661 2340
2662 2339
2663 2338
2664 2337
2665 2336
2666 2335
2667 2334
2668 2333
2669 2332
2670 2331
2671 2330
2672 2329
2673 2328
2674 2327
2675 2326
2676 2325
2677 2324
2678 2323
2679 2322
2680 2321
2681 2320
2682 2319
2683 2318
2684 2317
2685 2316
2686 2315
2687 2314
2688 2313
2689 2312
2690 2311
2691 2310
2692 2309
2693 2308
2694 2307
2695 2306
2696 2305
2697 2304
2698 2303
2699 2302
2700 2301
2701 2300
2702 2299
2703 2298
2704 2297
2705 2296
2706 2295
2707 2294
2708 2293
2709 2292
2710 2291
2711 2290
2712 2289
2713 2288
2714 2287
2715 2286
2716 2285
2717 2284
2718 2283
2719 2282
2720 2281
2721 2280
2722 2279
2723 2278
2724 2277
2725 2276
2726 2275
2727 2274
2728 2273
2729 2272
2730 2271
2731 2270
2732 2269
2733 2268
2734 2267
2735 2266
2736 2265
2737 2264
2738 2263
2739 2262
2740 2261
2741 2260
2742 2259
2743 2258
2744 2257
2745 2256
2746 2255
2747 2254
2748 2253
2749 2252
2750 2251
2751 2250
2752 2249
2753 2248
2754 2247
2755 2246
2756 2245
2757 2244
2758 2243
2759 2242
2760 2241
2761 2240
2762 2239
2763 2238
2764 2237
2765 2236
2766 2235
2767 2234
2768 2233
2769 2232
2770 2231
2771 2230
2772 2229
2773 2228
2774 2227
2775 2226
2776 2225
2777 2224
2778 2223
2779 2222
2780 2221
2781 2220
2782 2219
2783 2218
2784 2217
2785 2216
2786 2215
2787 2214
2788 2213
2789 2212
2790 2211
2791 2210
2792 2209
2793 2208
2794 2207
2795 2206
2796 2205
2797 2204
2798 2203
2799 2202
2800 2201
2801 2200
2802 2199
2803 2198
2804 2197
2805 2196
2806 2195
2807 2194
2808 2193
2809 2192
2810 2191
2811 2190
2812 2189
2813 2188
2814 2187
2815 2186
2816 2185
2817 2184
2818 2183
2819 2182
2820 2181
2821 2180
2822 2179
2823 2178
2824 2177
2825 2176
2826 2175
2827 2174
2828 2173
2829 2172
2830 2171
2831 2170
2832 2169
2833 2168
2834 2167
2835 2166
2836 2165
2837 2164
2838 2163
2839 2162
2840 2161
2841 2160
2842 2159
2843 2158
2844 2157
2845 2156
2846 2155
2847 2154
2848 2153
2849 2152
2850 2151
2851 2150
2852 2149
2853 2148
2854 2147
2855 2146
2856 2145
2857 2144
2858 2143
2859 2142
2860 2141
2861 2140
2862 2139
2863 2138
2864 2137
2865 2136
2866 2135
2867 2134
2868 2133
2869 2132
2870 2131
2871 2130
2872 2129
2873 2128
2874 2127
2875 2126
2876 2125
2877 2124
2878 2123
2879 2122
2880 2121
2881 2120
2882 2119
2883 2118
2884 2117
2885 2116
2886 2115
2887 2114
2888 2113
2889 2112
2890 2111
2891 2110
2892 2109
2893 2108
2894 2107
2895 2106
2896 2105
2897 2104
2898 2103
2899 2102
2900 2101
2901 2100
2902 2099
2903 2098
2904 2097
2905 2096
2906 2095
2907 2094
2908 2093
2909 2092
2910 2091
2911 2090
2912 2089
2913 2088
2914 2087
2915 2086
2916 2085
2917 2084
2918 2083
2919 2082
2920 2081
2921 2080
2922 2079
2923 2078
2924 2077
2925 2076
2926 2075
2927 2074
2928 2073
2929 2072
2930 2071
2931 2070
2932 2069
2933 2068
2934 2067
2935 2066
2936 2065
2937 2064
2938 2063
2939 2062
2940 2061
2941 2060
2942 2059
2943 2058
2944 2057
2945 2056
2946 2055
2947 2054
2948 2053
2949 2052
2950 2051
2951 2050
2952 2049
2953 2048
2954 2047
2955 2046
2956 2045
2957 2044
2958 2043
2959 2042
2960 2041
2961 2040
2962 2039
2963 2038
2964 2037
2965 2036
2966 2035
2967 2034
2968 2033
2969 2032
2970 2031
2971 2030
2972 2029
2973 2028
2974 2027
2975 2026
2976 2025
2977 2024
2978 2023
2979 2022
2980 2021
2981 2020
2982 2019
2983 2018
2984 2017
2985 2016
2986 2015
2987 2014
2988 2013
2989 2012
2990 2011
2991 2010
2992 2009
2993 2008
2994 2007
2995 2006
2996 2005
2997 2004
2998 2003
2999 2002
3000 2001
3001 2000
3002 1999
3003 1998
3004 1997
3005 1996
3006 1995
3007 1994
3008 1993
3009 1992
3010 1991
3011 1990
3012 1989
3013 1988
3014 1987
3015 1986
3016 1985
3017 1984
3018 1983
3019 1982
3020 1981
3021 1980
3022 1979
3023 1978
3024 1977
3025 1976
3026 1975
3027 1974
3028 1973
3029 1972
3030 1971
3031 1970
3032 1969
3033 1968
3034 1967
3035 1966
3036 1965
3037 1964
3038 1963
3039 1962
3040 1961
3041 1960
3042 1959
3043 1958
3044 1957
3045 1956
3046 1955
3047 1954
3048 1953
3049 1952
3050 1951
3051 1950
3052 1949
3053 1948
3054 1947
3055 1946
3056 1945
3057 1944
3058 1943
3059 1942
3060 1941
3061 1940
3062 1939
3063 1938
3064 1937
3065 1936
3066 1935
3067 1934
3068 1933
3069 1932
3070 1931
3071 1930
3072 1929
3073 1928
3074 1927
3075 1926
3076 1925
3077 1924
3078 1923
3079 1922
3080 1921
3081 1920
3082 1919
3083 1918
3084 1917
3085 1916
3086 1915
3087 1914
3088 1913
3089 1912
3090 1911
3091 1910
3092 1909
3093 1908
3094 1907
3095 1906
3096 1905
3097 1904
3098 1903
3099 1902
3100 1901
3101 1900
3102 1899
3103 1898
3104 1897
3105 1896
3106 1895
3107 1894
3108 1893
3109 1892
3110 1891
3111 1890
3112 1889
3113 1888
3114 1887
3115 1886
3116 1885
3117 1884
3118 1883
3119 1882
3120 1881
3121 1880
3122 1879
3123 1878
3124 1877
3125 1876
3126 1875
3127 1874
3128 1873
3129 1872
3130 1871
3131 1870
3132 1869
3133 1868
3134 1867
3135 1866
3136 1865
3137 1864
3138 1863
3139 1862
3140 1861
3141 1860
3142 1859
3143 1858
3144 1857
3145 1856
3146 1855
3147 1854
3148 1853
3149 1852
3150 1851
3151 1850
3152 1849
3153 1848
3154 1847
3155 1846
3156 1845
3157 1844
3158 1843
3159 1842
3160 1841
3161 1840
3162 1839
3163 1838
3164 1837
3165 1836
3166 1835
3167 1834
3168 1833
3169 1832
3170 1831
3171 1830
3172 1829
3173 1828
3174 1827
3175 1826
3176 1825
3177 1824
3178 1823
3179 1822
3180 1821
3181 1820
3182 1819
3183 1818
3184 1817
3185 1816
3186 1815
3187 1814
3188 1813
3189 1812
3190 1811
3191 1810
3192 1809
3193 1808
3194 1807
3195 1806
3196 1805
3197 1804
3198 1803
3199 1802
3200 1801
3201 1800
3202 1799
3203 1798
3204 1797
3205 1796
3206 1795
3207 1794
3208 1793
3209 1792
3210 1791
3211 1790
3212 1789
3213 1788
3214 1787
3215 1786
3216 1785
3217 1784
3218 1783
3219 1782
3220 1781
3221 1780
3222 1779
3223 1778
3224 1777
3225 1776
3226 1775
3227 1774
3228 1773
3229 1772
3230 1771
3231 1770
3232 1769
3233 1768
3234 1767
3235 1766
3236 1765
3237 1764
3238 1763
3239 1762
3240 1761
3241 1760
3242 1759
3243 1758
3244 1757
3245 1756
3246 1755
3247 1754
3248 1753
3249 1752
3250 1751
3251 1750
3252 1749
3253 1748
3254 1747
3255 1746
3256 1745
3257 1744
3258 1743
3259 1742
3260 1741
3261 1740
3262 1739
3263 1738
3264 1737
3265 1736
3266 1735
3267 1734
3268 1733
3269 1732
3270 1731
3271 1730
3272 1729
3273 1728
3274 1727
3275 1726
3276 1725
3277 1724
3278 1723
3279 1722
3280 1721
3281 1720
3282 1719
3283 1718
3284 1717
3285 1716
3286 1715
3287 1714
3288 1713
3289 1712
3290 1711
3291 1710
3292 1709
3293 1708
3294 1707
3295 1706
3296 1705
3297 1704
3298 1703
3299 1702
3300 1701
3301 1700
3302 1699
3303 1698
3304 1697
3305 1696
3306 1695
3307 1694
3308 1693
3309 1692
3310 1691
3311 1690
3312 1689
3313 1688
3314 1687
3315 1686
3316 1685
3317 1684
3318 1683
3319 1682
3320 1681
3321 1680
3322 1679
3323 1678
3324 1677
3325 1676
3326 1675
3327 1674
3328 1673
3329 1672
3330 1671
3331 1670
3332 1669
3333 1668
3334 1667
3335 1666
3336 1665
3337 1664
3338 1663
3339 1662
3340 1661
3341 1660
3342 1659
3343 1658
3344 1657
3345 1656
3346 1655
3347 1654
3348 1653
3349 1652
3350 1651
3351 1650
3352 1649
3353 1648
3354 1647
3355 1646
3356 1645
3357 1644
3358 1643
3359 1642
3360 1641
3361 1640
3362 1639
3363 1638
3364 1637
3365 1636
3366 1635
3367 1634
3368 1633
3369 1632
3370 1631
3371 1630
3372 1629
3373 1628
3374 1627
3375 1626
3376 1625
3377 1624
3378 1623
3379 1622
3380 1621
3381 1620
3382 1619
3383 1618
3384 1617
3385 1616
3386 1615
3387 1614
3388 1613
3389 1612
3390 1611
3391 1610
3392 1609
3393 1608
3394 1607
3395 1606
3396 1605
3397 1604
3398 1603
3399 1602
3400 1601
3401 1600
3402 1599
3403 1598
3404 1597
3405 1596
3406 1595
3407 1594
3408 1593
3409 1592
3410 1591
3411 1590
3412 1589
3413 1588
3414 1587
3415 1586
3416 1585
3417 1584
3418 1583
3419 1582
3420 1581
3421 1580
3422 1579
3423 1578
3424 1577
3425 1576
3426 1575
3427 1574
3428 1573
3429 1572
3430 1571
3431 1570
3432 1569
3433 1568
3434 1567
3435 1566
3436 1565
3437 1564
3438 1563
3439 1562
3440 1561
3441 1560
3442 1559
3443 1558
3444 1557
3445 1556
3446 1555
3447 1554
3448 1553
3449 1552
3450 1551
3451 1550
3452 1549
3453 1548
3454 1547
3455 1546
3456 1545
3457 1544
3458 1543
3459 1542
3460 1541
3461 1540
3462 1539
3463 1538
3464 1537
3465 1536
3466 1535
3467 1534
3468 1533
3469 1532
3470 1531
3471 1530
3472 1529
3473 1528
3474 1527
3475 1526
3476 1525
3477 1524
3478 1523
3479 1522
3480 1521
3481 1520
3482 1519
3483 1518
3484 1517
3485 1516
3486 1515
3487 1514
3488 1513
3489 1512
3490 1511
3491 1510
3492 1509
3493 1508
3494 1507
3495 1506
3496 1505
3497 1504
3498 1503
3499 1502
3500 1501
3501 1500
3502 1499
3503 1498
3504 1497
3505 1496
3506 1495
3507 1494
3508 1493
3509 1492
3510 1491
3511 1490
3512 1489
3513 1488
3514 1487
3515 1486
3516 1485
3517 1484
3518 1483
3519 1482
3520 1481
3521 1480
3522 1479
3523 1478
3524 1477
3525 1476
3526 1475
3527 1474
3528 1473
3529 1472
3530 1471
3531 1470
3532 1469
3533 1468
3534 1467
3535 1466
3536 1465
3537 1464
3538 1463
3539 1462
3540 1461
3541 1460
3542 1459
3543 1458
3544 1457
3545 1456
3546 1455
3547 1454
3548 1453
3549 1452
3550 1451
3551 1450
3552 1449
3553 1448
3554 1447
3555 1446
3556 1445
3557 1444
3558 1443
3559 1442
3560 1441
3561 1440
3562 1439
3563 1438
3564 1437
3565 1436
3566 1435
3567 1434
3568 1433
3569 1432
3570 1431
3571 1430
3572 1429
3573 1428
3574 1427
3575 1426
3576 1425
3577 1424
3578 1423
3579 1422
3580 1421
3581 1420
3582 1419
3583 1418
3584 1417
3585 1416
3586 1415
3587 1414
3588 1413
3589 1412
3590 1411
3591 1410
3592 1409
3593 1408
3594 1407
3595 1406
3596 1405
3597 1404
3598 1403
3599 1402
3600 1401
3601 1400
3602 1399
3603 1398
3604 1397
3605 1396
3606 1395
3607 1394
3608 1393
3609 1392
3610 1391
3611 1390
3612 1389
3613 1388
3614 1387
3615 1386
3616 1385
3617 1384
3618 1383
3619 1382
3620 1381
3621 1380
3622 1379
3623 1378
3624 1377
3625 1376
3626 1375
3627 1374
3628 1373
3629 1372
3630 1371
3631 1370
3632 1369
3633 1368
3634 1367
3635 1366
3636 1365
3637 1364
3638 1363
3639 1362
3640 1361
3641 1360
3642 1359
3643 1358
3644 1357
3645 1356
3646 1355
3647 1354
3648 1353
3649 1352
3650 1351
3651 1350
3652 1349
3653 1348
3654 1347
3655 1346
3656 1345
3657 1344
3658 1343
3659 1342
3660 1341
3661 1340
3662 1339
3663 1338
3664 1337
3665 1336
3666 1335
3667 1334
3668 1333
3669 1332
3670 1331
3671 1330
3672 1329
3673 1328
3674 1327
3675 1326
3676 1325
3677 1324
3678 1323
3679 1322
3680 1321
3681 1320
3682 1319
3683 1318
3684 1317
3685 1316
3686 1315
3687 1314
3688 1313
3689 1312
3690 1311
3691 1310
3692 1309
3693 1308
3694 1307
3695 1306
3696 1305
3697 1304
3698 1303
3699 1302
3700 1301
3701 1300
3702 1299
3703 1298
3704 1297
3705 1296
3706 1295
3707 1294
3708 1293
3709 1292
3710 1291
3711 1290
3712 1289
3713 1288
3714 1287
3715 1286
3716 1285
3717 1284
3718 1283
3719 1282
3720 1281
3721 1280
3722 1279
3723 1278
3724 1277
3725 1276
3726 1275
3727 1274
3728 1273
3729 1272
3730 1271
3731 1270
3732 1269
3733 1268
3734 1267
3735 1266
3736 1265
3737 1264
3738 1263
3739 1262
3740 1261
3741 1260
3742 1259
3743 1258
3744 1257
3745 1256
3746 1255
3747 1254
3748 1253
3749 1252
3750 1251
3751 1250
3752 1249
3753 1248
3754 1247
3755 1246
3756 1245
3757 1244
3758 1243
3759 1242
3760 1241
3761 1240
3762 1239
3763 1238
3764 1237
3765 1236
3766 1235
3767 1234
3768 1233
3769 1232
3770 1231
3771 1230
3772 1229
3773 1228
3774 1227
3775 1226
3776 1225
3777 1224
3778 1223
3779 1222
3780 1221
3781 1220
3782 1219
3783 1218
3784 1217
3785 1216
3786 1215
3787 1214
3788 1213
3789 1212
3790 1211
3791 1210
3792 1209
3793 1208
3794 1207
3795 1206
3796 1205
3797 1204
3798 1203
3799 1202
3800 1201
3801 1200
3802 1199
3803 1198
3804 1197
3805 1196
3806 1195
3807 1194
3808 1193
3809 1192
3810 1191
3811 1190
3812 1189
3813 1188
3814 1187
3815 1186
3816 1185
3817 1184
3818 1183
3819 1182
3820 1181
3821 1180
3822 1179
3823 1178
3824 1177
3825 1176
3826 1175
3827 1174
3828 1173
3829 1172
3830 1171
3831 1170
3832 1169
3833 1168
3834 1167
3835 1166
3836 1165
3837 1164
3838 1163
3839 1162
3840 1161
3841 1160
3842 1159
3843 1158
3844 1157
3845 1156
3846 1155
3847 1154
3848 1153
3849 1152
3850 1151
3851 1150
3852 1149
3853 1148
3854 1147
3855 1146
3856 1145
3857 1144
3858 1143
3859 1142
3860 1141
3861 1140
3862 1139
3863 1138
3864 1137
3865 1136
3866 1135
3867 1134
3868 1133
3869 1132
3870 1131
3871 1130
3872 1129
3873 1128
3874 1127
3875 1126
3876 1125
3877 1124
3878 1123
3879 1122
3880 1121
3881 1120
3882 1119
3883 1118
3884 1117
3885 1116
3886 1115
3887 1114
3888 1113
3889 1112
3890 1111
3891 1110
3892 1109
3893 1108
3894 1107
3895 1106
3896 1105
3897 1104
3898 1103
3899 1102
3900 1101
3901 1100
3902 1099
3903 1098
3904 1097
3905 1096
3906 1095
3907 1094
3908 1093
3909 1092
3910 1091
3911 1090
3912 1089
3913 1088
3914 1087
3915 1086
3916 1085
3917 1084
3918 1083
3919 1082
3920 1081
3921 1080
3922 1079
3923 1078
3924 1077
3925 1076
3926 1075
3927 1074
3928 1073
3929 1072
3930 1071
3931 1070
3932 1069
3933 1068
3934 1067
3935 1066
3936 1065
3937 1064
3938 1063
3939 1062
3940 1061
3941 1060
3942 1059
3943 1058
3944 1057
3945 1056
3946 1055
3947 1054
3948 1053
3949 1052
3950 1051
3951 1050
3952 1049
3953 1048
3954 1047
3955 1046
3956 1045
3957 1044
3958 1043
3959 1042
3960 1041
3961 1040
3962 1039
3963 1038
3964 1037
3965 1036
3966 1035
3967 1034
3968 1033
3969 1032
3970 1031
3971 1030
3972 1029
3973 1028
3974 1027
3975 1026
3976 1025
3977 1024
3978 1023
3979 1022
3980 1021
3981 1020
3982 1019
3983 1018
3984 1017
3985 1016
3986 1015
3987 1014
3988 1013
3989 1012
3990 1011
3991 1010
3992 1009
3993 1008
3994 1007
3995 1006
3996 1005
3997 1004
3998 1003
3999 1002
4000 1001
4001 1000
4002 999
4003 998
4004 997
4005 996
4006 995
4007 994
4008 993
4009 992
4010 991
4011 990
4012 989
4013 988
4014 987
4015 986
4016 985
4017 984
4018 983
4019 982
4020 981
4021 980
4022 979
4023 978
4024 977
4025 976
4026 975
4027 974
4028 973
4029 972
4030 971
4031 970
4032 969
4033 968
4034 967
4035 966
4036 965
4037 964
4038 963
4039 962
4040 961
4041 960
4042 959
4043 958
4044 957
4045 956
4046 955
4047 954
4048 953
4049 952
4050 951
4051 950
4052 949
4053 948
4054 947
4055 946
4056 945
4057 944
4058 943
4059 942
4060 941
4061 940
4062 939
4063 938
4064 937
4065 936
4066 935
4067 934
4068 933
4069 932
4070 931
4071 930
4072 929
4073 928
4074 927
4075 926
4076 925
4077 924
4078 923
4079 922
4080 921
4081 920
4082 919
4083 918
4084 917
4085 916
4086 915
4087 914
4088 913
4089 912
4090 911
4091 910
4092 909
4093 908
4094 907
4095 906
4096 905
4097 904
4098 903
4099 902
4100 901
4101 900
4102 899
4103 898
4104 897
4105 896
4106 895
4107 894
4108 893
4109 892
4110 891
4111 890
4112 889
4113 888
4114 887
4115 886
4116 885
4117 884
4118 883
4119 882
4120 881
4121 880
4122 879
4123 878
4124 877
4125 876
4126 875
4127 874
4128 873
4129 872
4130 871
4131 870
4132 869
4133 868
4134 867
4135 866
4136 865
4137 864
4138 863
4139 862
4140 861
4141 860
4142 859
4143 858
4144 857
4145 856
4146 855
4147 854
4148 853
4149 852
4150 851
4151 850
4152 849
4153 848
4154 847
4155 846
4156 845
4157 844
4158 843
4159 842
4160 841
4161 840
4162 839
4163 838
4164 837
4165 836
4166 835
4167 834
4168 833
4169 832
4170 831
4171 830
4172 829
4173 828
4174 827
4175 826
4176 825
4177 824
4178 823
4179 822
4180 821
4181 820
4182 819
4183 818
4184 817
4185 816
4186 815
4187 814
4188 813
4189 812
4190 811
4191 810
4192 809
4193 808
4194 807
4195 806
4196 805
4197 804
4198 803
4199 802
4200 801
4201 800
4202 799
4203 798
4204 797
4205 796
4206 795
4207 794
4208 793
4209 792
4210 791
4211 790
4212 789
4213 788
4214 787
4215 786
4216 785
4217 784
4218 783
4219 782
4220 781
4221 780
4222 779
4223 778
4224 777
4225 776
4226 775
4227 774
4228 773
4229 772
4230 771
4231 770
4232 769
4233 768
4234 767
4235 766
4236 765
4237 764
4238 763
4239 762
4240 761
4241 760
4242 759
4243 758
4244 757
4245 756
4246 755
4247 754
4248 753
4249 752
4250 751
4251 750
4252 749
4253 748
4254 747
4255 746
4256 745
4257 744
4258 743
4259 742
4260 741
4261 740
4262 739
4263 738
4264 737
4265 736
4266 735
4267 734
4268 733
4269 732
4270 731
4271 730
4272 729
4273 728
4274 727
4275 726
4276 725
4277 724
4278 723
4279 722
4280 721
4281 720
4282 719
4283 718
4284 717
4285 716
4286 715
4287 714
4288 713
4289 712
4290 711
4291 710
4292 709
4293 708
4294 707
4295 706
4296 705
4297 704
4298 703
4299 702
4300 701
4301 700
4302 699
4303 698
4304 697
4305 696
4306 695
4307 694
4308 693
4309 692
4310 691
4311 690
4312 689
4313 688
4314 687
4315 686
4316 685
4317 684
4318 683
4319 682
4320 681
4321 680
4322 679
4323 678
4324 677
4325 676
4326 675
4327 674
4328 673
4329 672
4330 671
4331 670
4332 669
4333 668
4334 667
4335 666
4336 665
4337 664
4338 663
4339 662
4340 661
4341 660
4342 659
4343 658
4344 657
4345 656
4346 655
4347 654
4348 653
4349 652
4350 651
4351 650
4352 649
4353 648
4354 647
4355 646
4356 645
4357 644
4358 643
4359 642
4360 641
4361 640
4362 639
4363 638
4364 637
4365 636
4366 635
4367 634
4368 633
4369 632
4370 631
4371 630
4372 629
4373 628
4374 627
4375 626
4376 625
4377 624
4378 623
4379 622
4380 621
4381 620
4382 619
4383 618
4384 617
4385 616
4386 615
4387 614
4388 613
4389 612
4390 611
4391 610
4392 609
4393 608
4394 607
4395 606
4396 605
4397 604
4398 603
4399 602
4400 601
4401 600
4402 599
4403 598
4404 597
4405 596
4406 595
4407 594
4408 593
4409 592
4410 591
4411 590
4412 589
4413 588
4414 587
4415 586
4416 585
4417 584
4418 583
4419 582
4420 581
4421 580
4422 579
4423 578
4424 577
4425 576
4426 575
4427 574
4428 573
4429 572
4430 571
4431 570
4432 569
4433 568
4434 567
4435 566
4436 565
4437 564
4438 563
4439 562
4440 561
4441 560
4442 559
4443 558
4444 557
4445 556
4446 555
4447 554
4448 553
4449 552
4450 551
4451 550
4452 549
4453 548
4454 547
4455 546
4456 545
4457 544
4458 543
4459 542
4460 541
4461 540
4462 539
4463 538
4464 537
4465 536
4466 535
4467 534
4468 533
4469 532
4470 531
4471 530
4472 529
4473 528
4474 527
4475 526
4476 525
4477 524
4478 523
4479 522
4480 521
4481 520
4482 519
4483 518
4484 517
4485 516
4486 515
4487 514
4488 513
4489 512
4490 511
4491 510
4492 509
4493 508
4494 507
4495 506
4496 505
4497 504
4498 503
4499 502
4500 501
4501 500
4502 499
4503 498
4504 497
4505 496
4506 495
4507 494
4508 493
4509 492
4510 491
4511 490
4512 489
4513 488
4514 487
4515 486
4516 485
4517 484
4518 483
4519 482
4520 481
4521 480
4522 479
4523 478
4524 477
4525 476
4526 475
4527 474
4528 473
4529 472
4530 471
4531 470
4532 469
4533 468
4534 467
4535 466
4536 465
4537 464
4538 463
4539 462
4540 461
4541 460
4542 459
4543 458
4544 457
4545 456
4546 455
4547 454
4548 453
4549 452
4550 451
4551 450
4552 449
4553 448
4554 447
4555 446
4556 445
4557 444
4558 443
4559 442
4560 441
4561 440
4562 439
4563 438
4564 437
4565 436
4566 435
4567 434
4568 433
4569 432
4570 431
4571 430
4572 429
4573 428
4574 427
4575 426
4576 425
4577 424
4578 423
4579 422
4580 421
4581 420
4582 419
4583 418
4584 417
4585 416
4586 415
4587 414
4588 413
4589 412
4590 411
4591 410
4592 409
4593 408
4594 407
4595 406
4596 405
4597 404
4598 403
4599 402
4600 401
4601 400
4602 399
4603 398
4604 397
4605 396
4606 395
4607 394
4608 393
4609 392
4610 391
4611 390
4612 389
4613 388
4614 387
4615 386
4616 385
4617 384
4618 383
4619 382
4620 381
4621 380
4622 379
4623 378
4624 377
4625 376
4626 375
4627 374
4628 373
4629 372
4630 371
4631 370
4632 369
4633 368
4634 367
4635 366
4636 365
4637 364
4638 363
4639 362
4640 361
4641 360
4642 359
4643 358
4644 357
4645 356
4646 355
4647 354
4648 353
4649 352
4650 351
4651 350
4652 349
4653 348
4654 347
4655 346
4656 345
4657 344
4658 343
4659 342
4660 341
4661 340
4662 339
4663 338
4664 337
4665 336
4666 335
4667 334
4668 333
4669 332
4670 331
4671 330
4672 329
4673 328
4674 327
4675 326
4676 325
4677 324
4678 323
4679 322
4680 321
4681 320
4682 319
4683 318
4684 317
4685 316
4686 315
4687 314
4688 313
4689 312
4690 311
4691 310
4692 309
4693 308
4694 307
4695 306
4696 305
4697 304
4698 303
4699 302
4700 301
4701 300
4702 299
4703 298
4704 297
4705 296
4706 295
4707 294
4708 293
4709 292
4710 291
4711 290
4712 289
4713 288
4714 287
4715 286
4716 285
4717 284
4718 283
4719 282
4720 281
4721 280
4722 279
4723 278
4724 277
4725 276
4726 275
4727 274
4728 273
4729 272
4730 271
4731 270
4732 269
4733 268
4734 267
4735 266
4736 265
4737 264
4738 263
4739 262
4740 261
4741 260
4742 259
4743 258
4744 257
4745 256
4746 255
4747 254
4748 253
4749 252
4750 251
4751 250
4752 249
4753 248
4754 247
4755 246
4756 245
4757 244
4758 243
4759 242
4760 241
4761 240
4762 239
4763 238
4764 237
4765 236
4766 235
4767 234
4768 233
4769 232
4770 231
4771 230
4772 229
4773 228
4774 227
4775 226
4776 225
4777 224
4778 223
4779 222
4780 221
4781 220
4782 219
4783 218
4784 217
4785 216
4786 215
4787 214
4788 213
4789 212
4790 211
4791 210
4792 209
4793 208
4794 207
4795 206
4796 205
4797 204
4798 203
4799 202
4800 201
4801 200
4802 199
4803 198
4804 197
4805 196
4806 195
4807 194
4808 193
4809 192
4810 191
4811 190
4812 189
4813 188
4814 187
4815 186
4816 185
4817 184
4818 183
4819 182
4820 181
4821 180
4822 179
4823 178
4824 177
4825 176
4826 175
4827 174
4828 173
4829 172
4830 171
4831 170
4832 169
4833 168
4834 167
4835 166
4836 165
4837 164
4838 163
4839 162
4840 161
4841 160
4842 159
4843 158
4844 157
4845 156
4846 155
4847 154
4848 153
4849 152
4850 151
4851 150
4852 149
4853 148
4854 147
4855 146
4856 145
4857 144
4858 143
4859 142
4860 141
4861 140
4862 139
4863 138
4864 137
4865 136
4866 135
4867 134
4868 133
4869 132
4870 131
4871 130
4872 129
4873 128
4874 127
4875 126
4876 125
4877 124
4878 123
4879 122
4880 121
4881 120
4882 119
4883 118
4884 117
4885 116
4886 115
4887 114
4888 113
4889 112
4890 111
4891 110
4892 109
4893 108
4894 107
4895 106
4896 105
4897 104
4898 103
4899 102
4900 101
4901 100
4902 99
4903 98
4904 97
4905 96
4906 95
4907 94
4908 93
4909 92
4910 91
4911 90
4912 89
4913 88
4914 87
4915 86
4916 85
4917 84
4918 83
4919 82
4920 81
4921 80
4922 79
4923 78
4924 77
4925 76
4926 75
4927 74
4928 73
4929 72
4930 71
4931 70
4932 69
4933 68
4934 67
4935 66
4936 65
4937 64
4938 63
4939 62
4940 61
4941 60
4942 59
4943 58
4944 57
4945 56
4946 55
4947 54
4948 53
4949 52
4950 51
4951 50
4952 49
4953 48
4954 47
4955 46
4956 45
4957 44
4958 43
4959 42
4960 41
4961 40
4962 39
4963 38
4964 37
4965 36
4966 35
4967 34
4968 33
4969 32
4970 31
4971 30
4972 29
4973 28
4974 27
4975 26
4976 25
4977 24
4978 23
4979 22
4980 21
4981 20
4982 19
4983 18
4984 17
4985 16
4986 15
4987 14
4988 13
4989 12
4990 11
4991 10
4992 9
4993 8
4994 7
4995 6
4996 5
4997 4
4998 3
4999 2
5000 1
5001 5001
5002 5002
5003 5003
5004 5004
5005 5005
5006 5006
5007 5007
5008 5008
5009 5009
5010 5010
5011 5011
5012 5012
5013 5013
5014 5014
5015 5015
5016 5016
5017 5017
5018 5018
5019 5019
5020 5020
5021 5021
5022 5022
5023 5023
5024 5024
5025 5025
5026 5026
5027 5027
5028 5028
5029 5029
5030 5030
5031 5031
5032 5032
5033 5033
5034 5034
5035 5035
5036 5036
5037 5037
5038 5038
5039 5039
5040 5040
5041 5041
5042 5042
5043 5043
5044 5044
5045 5045
5046 5046
5047 5047
5048 5048
5049 5049
5050 5050
5051 5051
5052 5052
5053 5053
5054 5054
5055 5055
5056 5056
5057 5057
5058 5058
5059 5059
5060 5060
5061 5061
5062 5062
5063 5063
5064 5064
5065 5065
5066 5066
5067 5067
5068 5068
5069 5069
5070 5070
5071 5071
5072 5072
5073 5073
5074 5074
5075 5075
5076 5076
5077 5077
5078 5078
5079 5079
5080 5080
5081 5081
5082 5082
5083 5083
5084 5084
5085 5085
5086 5086
5087 5087
5088 5088
5089 5089
5090 5090
5091 5091
5092 5092
5093 5093
5094 5094
5095 5095
5096 5096
5097 5097
5098 5098
5099 5099
5100 5100
5101 5101
5102 5102
5103 5103
5104 5104
5105 5105
5106 5106
5107 5107
5108 5108
5109 5109
5110 5110
5111 5111
5112 5112
5113 5113
5114 5114
5115 5115
5116 5116
5117 5117
5118 5118
5119 5119
5120 5120
5121 5121
5122 5122
5123 5123
5124 5124
5125 5125
5126 5126
5127 5127
5128 5128
5129 5129
5130 5130
5131 5131
5132 5132
5133 5133
5134 5134
5135 5135
5136 5136
5137 5137
5138 5138
5139 5139
5140 5140
5141 5141
5142 5142
5143 5143
5144 5144
5145 5145
5146 5146
5147 5147
5148 5148
5149 5149
5150 5150
5151 5151
5152 5152
5153 5153
5154 5154
5155 5155
5156 5156
5157 5157
5158 5158
5159 5159
5160 5160
5161 5161
5162 5162
5163 5163
5164 5164
5165 5165
5166 5166
5167 5167
5168 5168
5169 5169
5170 5170
5171 5171
5172 5172
5173 5173
5174 5174
5175 5175
5176 5176
5177 5177
5178 5178
5179 5179
5180 5180
5181 5181
5182 5182
5183 5183
5184 5184
5185 5185
5186 5186
5187 5187
5188 5188
5189 5189
5190 5190
5191 5191
5192 5192
5193 5193
5194 5194
5195 5195
5196 5196
5197 5197
5198 5198
5199 5199
5200 5200
5201 5201
5202 5202
5203 5203
5204 5204
5205 5205
5206 5206
5207 5207
5208 5208
5209 5209
5210 5210
5211 5211
5212 5212
5213 5213
5214 5214
5215 5215
5216 5216
5217 5217
5218 5218
5219 5219
5220 5220
5221 5221
5222 5222
5223 5223
5224 5224
5225 5225
5226 5226
5227 5227
5228 5228
5229 5229
5230 5230
5231 5231
5232 5232
5233 5233
5234 5234
5235 5235
5236 5236
5237 5237
5238 5238
5239 5239
5240 5240
5241 5241
5242 5242
5243 5243
5244 5244
5245 5245
5246 5246
5247 5247
5248 5248
5249 5249
5250 5250
5251 5251
5252 5252
5253 5253
5254 5254
5255 5255
5256 5256
5257 5257
5258 5258
5259 5259
5260 5260
5261 5261
5262 5262
5263 5263
5264 5264
5265 5265
5266 5266
5267 5267
5268 5268
5269 5269
5270 5270
5271 5271
5272 5272
5273 5273
5274 5274
5275 5275
5276 5276
5277 5277
5278 5278
5279 5279
5280 5280
5281 5281
5282 5282
5283 5283
5284 5284
5285 5285
5286 5286
5287 5287
5288 5288
5289 5289
5290 5290
5291 5291
5292 5292
5293 5293
5294 5294
5295 5295
5296 5296
5297 5297
5298 5298
5299 5299
5300 5300
5301 5301
5302 5302
5303 5303
5304 5304
5305 5305
5306 5306
5307 5307
5308 5308
5309 5309
5310 5310
5311 5311
5312 5312
5313 5313
5314 5314
5315 5315
5316 5316
5317 5317
5318 5318
5319 5319
5320 5320
5321 5321
5322 5322
5323 5323
5324 5324
5325 5325
5326 5326
5327 5327
5328 5328
5329 5329
5330 5330
5331 5331
5332 5332
5333 5333
5334 5334
5335 5335
5336 5336
5337 5337
5338 5338
5339 5339
5340 5340
5341 5341
5342 5342
5343 5343
5344 5344
5345 5345
5346 5346
5347 5347
5348 5348
5349 5349
5350 5350
5351 5351
5352 5352
5353 5353
5354 5354
5355 5355
5356 5356
5357 5357
5358 5358
5359 5359
5360 5360
5361 5361
5362 5362
5363 5363
5364 5364
5365 5365
5366 5366
5367 5367
5368 5368
5369 5369
5370 5370
5371 5371
5372 5372
5373 5373
5374 5374
5375 5375
5376 5376
5377 5377
5378 5378
5379 5379
5380 5380
5381 5381
5382 5382
5383 5383
5384 5384
5385 5385
5386 5386
5387 5387
5388 5388
5389 5389
5390 5390
5391 5391
5392 5392
5393 5393
5394 5394
5395 5395
5396 5396
5397 5397
5398 5398
5399 5399
5400 5400
5401 5401
5402 5402
5403 5403
5404 5404
5405 5405
5406 5406
5407 5407
5408 5408
5409 5409
5410 5410
5411 5411
5412 5412
5413 5413
5414 5414
5415 5415
5416 5416
5417 5417
5418 5418
5419 5419
5420 5420
5421 5421
5422 5422
5423 5423
5424 5424
5425 5425
5426 5426
5427 5427
5428 5428
5429 5429
5430 5430
5431 5431
5432 5432
5433 5433
5434 5434
5435 5435
5436 5436
5437 5437
5438 5438
5439 5439
5440 5440
5441 5441
5442 5442
5443 5443
5444 5444
5445 5445
5446 5446
5447 5447
5448 5448
5449 5449
5450 5450
5451 5451
5452 5452
5453 5453
5454 5454
5455 5455
5456 5456
5457 5457
5458 5458
5459 5459
5460 5460
5461 5461
5462 5462
5463 5463
5464 5464
5465 5465
5466 5466
5467 5467
5468 5468
5469 5469
5470 5470
5471 5471
5472 5472
5473 5473
5474 5474
5475 5475
5476 5476
5477 5477
5478 5478
5479 5479
5480 5480
5481 5481
5482 5482
5483 5483
5484 5484
5485 5485
5486 5486
5487 5487
5488 5488
5489 5489
5490 5490
5491 5491
5492 5492
5493 5493
5494 5494
5495 5495
5496 5496
5497 5497
5498 5498
5499 5499
5500 5500
5501 5501
5502 5502
5503 5503
5504 5504
5505 5505
5506 5506
5507 5507
5508 5508
5509 5509
5510 5510
5511 5511
5512 5512
5513 5513
5514 5514
5515 5515
5516 5516
5517 5517
5518 5518
5519 5519
5520 5520
5521 5521
5522 5522
5523 5523
5524 5524
5525 5525
5526 5526
5527 5527
5528 5528
5529 5529
5530 5530
5531 5531
5532 5532
5533 5533
5534 5534
5535 5535
5536 5536
5537 5537
5538 5538
5539 5539
5540 5540
5541 5541
5542 5542
5543 5543
5544 5544
5545 5545
5546 5546
5547 5547
5548 5548
5549 5549
5550 5550
5551 5551
5552 5552
5553 5553
5554 5554
5555 5555
5556 5556
5557 5557
5558 5558
5559 5559
5560 5560
5561 5561
5562 5562
5563 5563
5564 5564
5565 5565
5566 5566
5567 5567
5568 5568
5569 5569
5570 5570
5571 5571
5572 5572
5573 5573
5574 5574
5575 5575
5576 5576
5577 5577
5578 5578
5579 5579
5580 5580
5581 5581
5582 5582
5583 5583
5584 5584
5585 5585
5586 5586
5587 5587
5588 5588
5589 5589
5590 5590
5591 5591
5592 5592
5593 5593
5594 5594
5595 5595
5596 5596
5597 5597
5598 5598
5599 5599
5600 5600
5601 5601
5602 5602
5603 5603
5604 5604
5605 5605
5606 5606
5607 5607
5608 5608
5609 5609
5610 5610
5611 5611
5612 5612
5613 5613
5614 5614
5615 5615
5616 5616
5617 5617
5618 5618
5619 5619
5620 5620
5621 5621
5622 5622
5623 5623
5624 5624
5625 5625
5626 5626
5627 5627
5628 5628
5629 5629
5630 5630
5631 5631
5632 5632
5633 5633
5634 5634
5635 5635
5636 5636
5637 5637
5638 5638
5639 5639
5640 5640
5641 5641
5642 5642
5643 5643
5644 5644
5645 5645
5646 5646
5647 5647
5648 5648
5649 5649
5650 5650
5651 5651
5652 5652
5653 5653
5654 5654
5655 5655
5656 5656
5657 5657
5658 5658
5659 5659
5660 5660
5661 5661
5662 5662
5663 5663
5664 5664
5665 5665
5666 5666
5667 5667
5668 5668
5669 5669
5670 5670
5671 5671
5672 5672
5673 5673
5674 5674
5675 5675
5676 5676
5677 5677
5678 5678
5679 5679
5680 5680
5681 5681
5682 5682
5683 5683
5684 5684
5685 5685
5686 5686
5687 5687
5688 5688
5689 5689
5690 5690
5691 5691
5692 5692
5693 5693
5694 5694
5695 5695
5696 5696
5697 5697
5698 5698
5699 5699
5700 5700
5701 5701
5702 5702
5703 5703
5704 5704
5705 5705
5706 5706
5707 5707
5708 5708
5709 5709
5710 5710
5711 5711
5712 5712
5713 5713
5714 5714
5715 5715
5716 5716
5717 5717
5718 5718
5719 5719
5720 5720
5721 5721
5722 5722
5723 5723
5724 5724
5725 5725
5726 5726
5727 5727
5728 5728
5729 5729
5730 5730
5731 5731
5732 5732
5733 5733
5734 5734
5735 5735
5736 5736
5737 5737
5738 5738
5739 5739
5740 5740
5741 5741
5742 5742
5743 5743
5744 5744
5745 5745
5746 5746
5747 5747
5748 5748
5749 5749
5750 5750
5751 5751
5752 5752
5753 5753
5754 5754
5755 5755
5756 5756
5757 5757
5758 5758
5759 5759
5760 5760
5761 5761
5762 5762
5763 5763
5764 5764
5765 5765
5766 5766
5767 5767
5768 5768
5769 5769
5770 5770
5771 5771
5772 5772
5773 5773
5774 5774
5775 5775
5776 5776
5777 5777
5778 5778
5779 5779
5780 5780
5781 5781
5782 5782
5783 5783
5784 5784
5785 5785
5786 5786
5787 5787
5788 5788
5789 5789
5790 5790
5791 5791
5792 5792
5793 5793
5794 5794
5795 5795
5796 5796
5797 5797
5798 5798
5799 5799
5800 5800
5801 5801
5802 5802
5803 5803
5804 5804
5805 5805
5806 5806
5807 5807
5808 5808
5809 5809
5810 5810
5811 5811
5812 5812
5813 5813
5814 5814
5815 5815
5816 5816
5817 5817
5818 5818
5819 5819
5820 5820
5821 5821
5822 5822
5823 5823
5824 5824
5825 5825
5826 5826
5827 5827
5828 5828
5829 5829
5830 5830
5831 5831
5832 5832
5833 5833
5834 5834
5835 5835
5836 5836
5837 5837
5838 5838
5839 5839
5840 5840
5841 5841
5842 5842
5843 5843
5844 5844
5845 5845
5846 5846
5847 5847
5848 5848
5849 5849
5850 5850
5851 5851
5852 5852
5853 5853
5854 5854
5855 5855
5856 5856
5857 5857
5858 5858
5859 5859
5860 5860
5861 5861
5862 5862
5863 5863
5864 5864
5865 5865
5866 5866
5867 5867
5868 5868
5869 5869
5870 5870
5871 5871
5872 5872
5873 5873
5874 5874
5875 5875
5876 5876
5877 5877
5878 5878
5879 5879
5880 5880
5881 5881
5882 5882
5883 5883
5884 5884
5885 5885
5886 5886
5887 5887
5888 5888
5889 5889
5890 5890
5891 5891
5892 5892
5893 5893
5894 5894
5895 5895
5896 5896
5897 5897
5898 5898
5899 5899
5900 5900
5901 5901
5902 5902
5903 5903
5904 5904
5905 5905
5906 5906
5907 5907
5908 5908
5909 5909
5910 5910
5911 5911
5912 5912
5913 5913
5914 5914
5915 5915
5916 5916
5917 5917
5918 5918
5919 5919
5920 5920
5921 5921
5922 5922
5923 5923
5924 5924
5925 5925
5926 5926
5927 5927
5928 5928
5929 5929
5930 5930
5931 5931
5932 5932
5933 5933
5934 5934
5935 5935
5936 5936
5937 5937
5938 5938
5939 5939
5940 5940
5941 5941
5942 5942
5943 5943
5944 5944
5945 5945
5946 5946
5947 5947
5948 5948
5949 5949
5950 5950
5951 5951
5952 5952
5953 5953
5954 5954
5955 5955
5956 5956
5957 5957
5958 5958
5959 5959
5960 5960
5961 5961
5962 5962
5963 5963
5964 5964
5965 5965
5966 5966
5967 5967
5968 5968
5969 5969
5970 5970
5971 5971
5972 5972
5973 5973
5974 5974
5975 5975
5976 5976
5977 5977
5978 5978
5979 5979
5980 5980
5981 5981
5982 5982
5983 5983
5984 5984
5985 5985
5986 5986
5987 5987
5988 5988
5989 5989
5990 5990
5991 5991
5992 5992
5993 5993
5994 5994
5995 5995
5996 5996
5997 5997
5998 5998
5999 5999
6000 6000
6001 6001
6002 6002
6003 6003
6004 6004
6005 6005
6006 6006
6007 6007
6008 6008
6009 6009
6010 6010
6011 6011
6012 6012
6013 6013
6014 6014
6015 6015
6016 6016
6017 6017
6018 6018
6019 6019
6020 6020
6021 6021
6022 6022
6023 6023
6024 6024
6025 6025
6026 6026
6027 6027
6028 6028
6029 6029
6030 6030
6031 6031
6032 6032
6033 6033
6034 6034
6035 6035
6036 6036
6037 6037
6038 6038
6039 6039
6040 6040
6041 6041
6042 6042
6043 6043
6044 6044
6045 6045
6046 6046
6047 6047
6048 6048
6049 6049
6050 6050
6051 6051
6052 6052
6053 6053
6054 6054
6055 6055
6056 6056
6057 6057
6058 6058
6059 6059
6060 6060
6061 6061
6062 6062
6063 6063
6064 6064
6065 6065
6066 6066
6067 6067
6068 6068
6069 6069
6070 6070
6071 6071
6072 6072
6073 6073
6074 6074
6075 6075
6076 6076
6077 6077
6078 6078
6079 6079
6080 6080
6081 6081
6082 6082
6083 6083
6084 6084
6085 6085
6086 6086
6087 6087
6088 6088
6089 6089
6090 6090
6091 6091
6092 6092
6093 6093
6094 6094
6095 6095
6096 6096
6097 6097
6098 6098
6099 6099
6100 6100
6101 6101
6102 6102
6103 6103
6104 6104
6105 6105
6106 6106
6107 6107
6108 6108
6109 6109
6110 6110
6111 6111
6112 6112
6113 6113
6114 6114
6115 6115
6116 6116
6117 6117
6118 6118
6119 6119
6120 6120
6121 6121
6122 6122
6123 6123
6124 6124
6125 6125
6126 6126
6127 6127
6128 6128
6129 6129
6130 6130
6131 6131
6132 6132
6133 6133
6134 6134
6135 6135
6136 6136
6137 6137
6138 6138
6139 6139
6140 6140
6141 6141
6142 6142
6143 6143
6144 6144
6145 6145
6146 6146
6147 6147
6148 6148
6149 6149
6150 6150
6151 6151
6152 6152
6153 6153
6154 6154
6155 6155
6156 6156
6157 6157
6158 6158
6159 6159
6160 6160
6161 6161
6162 6162
6163 6163
6164 6164
6165 6165
6166 6166
6167 6167
6168 6168
6169 6169
6170 6170
6171 6171
6172 6172
6173 6173
6174 6174
6175 6175
6176 6176
6177 6177
6178 6178
6179 6179
6180 6180
6181 6181
6182 6182
6183 6183
6184 6184
6185 6185
6186 6186
6187 6187
6188 6188
6189 6189
6190 6190
6191 6191
6192 6192
6193 6193
6194 6194
6195 6195
6196 6196
6197 6197
6198 6198
6199 6199
6200 6200
6201 6201
6202 6202
6203 6203
6204 6204
6205 6205
6206 6206
6207 6207
6208 6208
6209 6209
6210 6210
6211 6211
6212 6212
6213 6213
6214 6214
6215 6215
6216 6216
6217 6217
6218 6218
6219 6219
6220 6220
6221 6221
6222 6222
6223 6223
6224 6224
6225 6225
6226 6226
6227 6227
6228 6228
6229 6229
6230 6230
6231 6231
6232 6232
6233 6233
6234 6234
6235 6235
6236 6236
6237 6237
6238 6238
6239 6239
6240 6240
6241 6241
6242 6242
6243 6243
6244 6244
6245 6245
6246 6246
6247 6247
6248 6248
6249 6249
6250 6250
6251 6251
6252 6252
6253 6253
6254 6254
6255 6255
6256 6256
6257 6257
6258 6258
6259 6259
6260 6260
6261 6261
6262 6262
6263 6263
6264 6264
6265 6265
6266 6266
6267 6267
6268 6268
6269 6269
6270 6270
6271 6271
6272 6272
6273 6273
6274 6274
6275 6275
6276 6276
6277 6277
6278 6278
6279 6279
6280 6280
6281 6281
6282 6282
6283 6283
6284 6284
6285 6285
6286 6286
6287 6287
6288 6288
6289 6289
6290 6290
6291 6291
6292 6292
6293 6293
6294 6294
6295 6295
6296 6296
6297 6297
6298 6298
6299 6299
6300 6300
6301 6301
6302 6302
6303 6303
6304 6304
6305 6305
6306 6306
6307 6307
6308 6308
6309 6309
6310 6310
6311 6311
6312 6312
6313 6313
6314 6314
6315 6315
6316 6316
6317 6317
6318 6318
6319 6319
6320 6320
6321 6321
6322 6322
6323 6323
6324 6324
6325 6325
6326 6326
6327 6327
6328 6328
6329 6329
6330 6330
6331 6331
6332 6332
6333 6333
6334 6334
6335 6335
6336 6336
6337 6337
6338 6338
6339 6339
6340 6340
6341 6341
6342 6342
6343 6343
6344 6344
6345 6345
6346 6346
6347 6347
6348 6348
6349 6349
6350 6350
6351 6351
6352 6352
6353 6353
6354 6354
6355 6355
6356 6356
6357 6357
6358 6358
6359 6359
6360 6360
6361 6361
6362 6362
6363 6363
6364 6364
6365 6365
6366 6366
6367 6367
6368 6368
6369 6369
6370 6370
6371 6371
6372 6372
6373 6373
6374 6374
6375 6375
6376 6376
6377 6377
6378 6378
6379 6379
6380 6380
6381 6381
6382 6382
6383 6383
6384 6384
6385 6385
6386 6386
6387 6387
6388 6388
6389 6389
6390 6390
6391 6391
6392 6392
6393 6393
6394 6394
6395 6395
6396 6396
6397 6397
6398 6398
6399 6399
6400 6400
6401 6401
6402 6402
6403 6403
6404 6404
6405 6405
6406 6406
6407 6407
6408 6408
6409 6409
6410 6410
6411 6411
6412 6412
6413 6413
6414 6414
6415 6415
6416 6416
6417 6417
6418 6418
6419 6419
6420 6420
6421 6421
6422 6422
6423 6423
6424 6424
6425 6425
6426 6426
6427 6427
6428 6428
6429 6429
6430 6430
6431 6431
6432 6432
6433 6433
6434 6434
6435 6435
6436 6436
6437 6437
6438 6438
6439 6439
6440 6440
6441 6441
6442 6442
6443 6443
6444 6444
6445 6445
6446 6446
6447 6447
6448 6448
6449 6449
6450 6450
6451 6451
6452 6452
6453 6453
6454 6454
6455 6455
6456 6456
6457 6457
6458 6458
6459 6459
6460 6460
6461 6461
6462 6462
6463 6463
6464 6464
6465 6465
6466 6466
6467 6467
6468 6468
6469 6469
6470 6470
6471 6471
6472 6472
6473 6473
6474 6474
6475 6475
6476 6476
6477 6477
6478 6478
6479 6479
6480 6480
6481 6481
6482 6482
6483 6483
6484 6484
6485 6485
6486 6486
6487 6487
6488 6488
6489 6489
6490 6490
6491 6491
6492 6492
6493 6493
6494 6494
6495 6495
6496 6496
6497 6497
6498 6498
6499 6499
6500 6500
6501 6501
6502 6502
6503 6503
6504 6504
6505 6505
6506 6506
6507 6507
6508 6508
6509 6509
6510 6510
6511 6511
6512 6512
6513 6513
6514 6514
6515 6515
6516 6516
6517 6517
6518 6518
6519 6519
6520 6520
6521 6521
6522 6522
6523 6523
6524 6524
6525 6525
6526 6526
6527 6527
6528 6528
6529 6529
6530 6530
6531 6531
6532 6532
6533 6533
6534 6534
6535 6535
6536 6536
6537 6537
6538 6538
6539 6539
6540 6540
6541 6541
6542 6542
6543 6543
6544 6544
6545 6545
6546 6546
6547 6547
6548 6548
6549 6549
6550 6550
6551 6551
6552 6552
6553 6553
6554 6554
6555 6555
6556 6556
6557 6557
6558 6558
6559 6559
6560 6560
6561 6561
6562 6562
6563 6563
6564 6564
6565 6565
6566 6566
6567 6567
6568 6568
6569 6569
6570 6570
6571 6571
6572 6572
6573 6573
6574 6574
6575 6575
6576 6576
6577 6577
6578 6578
6579 6579
6580 6580
6581 6581
6582 6582
6583 6583
6584 6584
6585 6585
6586 6586
6587 6587
6588 6588
6589 6589
6590 6590
6591 6591
6592 6592
6593 6593
6594 6594
6595 6595
6596 6596
6597 6597
6598 6598
6599 6599
6600 6600
6601 6601
6602 6602
6603 6603
6604 6604
6605 6605
6606 6606
6607 6607
6608 6608
6609 6609
6610 6610
6611 6611
6612 6612
6613 6613
6614 6614
6615 6615
6616 6616
6617 6617
6618 6618
6619 6619
6620 6620
6621 6621
6622 6622
6623 6623
6624 6624
6625 6625
6626 6626
6627 6627
6628 6628
6629 6629
6630 6630
6631 6631
6632 6632
6633 6633
6634 6634
6635 6635
6636 6636
6637 6637
6638 6638
6639 6639
6640 6640
6641 6641
6642 6642
6643 6643
6644 6644
6645 6645
6646 6646
6647 6647
6648 6648
6649 6649
6650 6650
6651 6651
6652 6652
6653 6653
6654 6654
6655 6655
6656 6656
6657 6657
6658 6658
6659 6659
6660 6660
6661 6661
6662 6662
6663 6663
6664 6664
6665 6665
6666 6666
6667 6667
6668 6668
6669 6669
6670 6670
6671 6671
6672 6672
6673 6673
6674 6674
6675 6675
6676 6676
6677 6677
6678 6678
6679 6679
6680 6680
6681 6681
6682 6682
6683 6683
6684 6684
6685 6685
6686 6686
6687 6687
6688 6688
6689 6689
6690 6690
6691 6691
6692 6692
6693 6693
6694 6694
6695 6695
6696 6696
6697 6697
6698 6698
6699 6699
6700 6700
6701 6701
6702 6702
6703 6703
6704 6704
6705 6705
6706 6706
6707 6707
6708 6708
6709 6709
6710 6710
6711 6711
6712 6712
6713 6713
6714 6714
6715 6715
6716 6716
6717 6717
6718 6718
6719 6719
6720 6720
6721 6721
6722 6722
6723 6723
6724 6724
6725 6725
6726 6726
6727 6727
6728 6728
6729 6729
6730 6730
6731 6731
6732 6732
6733 6733
6734 6734
6735 6735
6736 6736
6737 6737
6738 6738
6739 6739
6740 6740
6741 6741
6742 6742
6743 6743
6744 6744
6745 6745
6746 6746
6747 6747
6748 6748
6749 6749
6750 6750
6751 6751
6752 6752
6753 6753
6754 6754
6755 6755
6756 6756
6757 6757
6758 6758
6759 6759
6760 6760
6761 6761
6762 6762
6763 6763
6764 6764
6765 6765
6766 6766
6767 6767
6768 6768
6769 6769
6770 6770
6771 6771
6772 6772
6773 6773
6774 6774
6775 6775
6776 6776
6777 6777
6778 6778
6779 6779
6780 6780
6781 6781
6782 6782
6783 6783
6784 6784
6785 6785
6786 6786
6787 6787
6788 6788
6789 6789
6790 6790
6791 6791
6792 6792
6793 6793
6794 6794
6795 6795
6796 6796
6797 6797
6798 6798
6799 6799
6800 6800
6801 6801
6802 6802
6803 6803
6804 6804
6805 6805
6806 6806
6807 6807
6808 6808
6809 6809
6810 6810
6811 6811
6812 6812
6813 6813
6814 6814
6815 6815
6816 6816
6817 6817
6818 6818
6819 6819
6820 6820
6821 6821
6822 6822
6823 6823
6824 6824
6825 6825
6826 6826
6827 6827
6828 6828
6829 6829
6830 6830
6831 6831
6832 6832
6833 6833
6834 6834
6835 6835
6836 6836
6837 6837
6838 6838
6839 6839
6840 6840
6841 6841
6842 6842
6843 6843
6844 6844
6845 6845
6846 6846
6847 6847
6848 6848
6849 6849
6850 6850
6851 6851
6852 6852
6853 6853
6854 6854
6855 6855
6856 6856
6857 6857
6858 6858
6859 6859
6860 6860
6861 6861
6862 6862
6863 6863
6864 6864
6865 6865
6866 6866
6867 6867
6868 6868
6869 6869
6870 6870
6871 6871
6872 6872
6873 6873
6874 6874
6875 6875
6876 6876
6877 6877
6878 6878
6879 6879
6880 6880
6881 6881
6882 6882
6883 6883
6884 6884
6885 6885
6886 6886
6887 6887
6888 6888
6889 6889
6890 6890
6891 6891
6892 6892
6893 6893
6894 6894
6895 6895
6896 6896
6897 6897
6898 6898
6899 6899
6900 6900
6901 6901
6902 6902
6903 6903
6904 6904
6905 6905
6906 6906
6907 6907
6908 6908
6909 6909
6910 6910
6911 6911
6912 6912
6913 6913
6914 6914
6915 6915
6916 6916
6917 6917
6918 6918
6919 6919
6920 6920
6921 6921
6922 6922
6923 6923
6924 6924
6925 6925
6926 6926
6927 6927
6928 6928
6929 6929
6930 6930
6931 6931
6932 6932
6933 6933
6934 6934
6935 6935
6936 6936
6937 6937
6938 6938
6939 6939
6940 6940
6941 6941
6942 6942
6943 6943
6944 6944
6945 6945
6946 6946
6947 6947
6948 6948
6949 6949
6950 6950
6951 6951
6952 6952
6953 6953
6954 6954
6955 6955
6956 6956
6957 6957
6958 6958
6959 6959
6960 6960
6961 6961
6962 6962
6963 6963
6964 6964
6965 6965
6966 6966
6967 6967
6968 6968
6969 6969
6970 6970
6971 6971
6972 6972
6973 6973
6974 6974
6975 6975
6976 6976
6977 6977
6978 6978
6979 6979
6980 6980
6981 6981
6982 6982
6983 6983
6984 6984
6985 6985
6986 6986
6987 6987
6988 6988
6989 6989
6990 6990
6991 6991
6992 6992
6993 6993
6994 6994
6995 6995
6996 6996
6997 6997
6998 6998
6999 6999
7000 7000
7001 7001
7002 7002
7003 7003
7004 7004
7005 7005
7006 7006
7007 7007
7008 7008
7009 7009
7010 7010
7011 7011
7012 7012
7013 7013
7014 7014
7015 7015
7016 7016
7017 7017
7018 7018
7019 7019
7020 7020
7021 7021
7022 7022
7023 7023
7024 7024
7025 7025
7026 7026
7027 7027
7028 7028
7029 7029
7030 7030
7031 7031
7032 7032
7033 7033
7034 7034
7035 7035
7036 7036
7037 7037
7038 7038
7039 7039
7040 7040
7041 7041
7042 7042
7043 7043
7044 7044
7045 7045
7046 7046
7047 7047
7048 7048
7049 7049
7050 7050
7051 7051
7052 7052
7053 7053
7054 7054
7055 7055
7056 7056
7057 7057
7058 7058
7059 7059
7060 7060
7061 7061
7062 7062
7063 7063
7064 7064
7065 7065
7066 7066
7067 7067
7068 7068
7069 7069
7070 7070
7071 7071
7072 7072
7073 7073
7074 7074
7075 7075
7076 7076
7077 7077
7078 7078
7079 7079
7080 7080
7081 7081
7082 7082
7083 7083
7084 7084
7085 7085
7086 7086
7087 7087
7088 7088
7089 7089
7090 7090
7091 7091
7092 7092
7093 7093
7094 7094
7095 7095
7096 7096
7097 7097
7098 7098
7099 7099
7100 7100
7101 7101
7102 7102
7103 7103
7104 7104
7105 7105
7106 7106
7107 7107
7108 7108
7109 7109
7110 7110
7111 7111
7112 7112
7113 7113
7114 7114
7115 7115
7116 7116
7117 7117
7118 7118
7119 7119
7120 7120
7121 7121
7122 7122
7123 7123
7124 7124
7125 7125
7126 7126
7127 7127
7128 7128
7129 7129
7130 7130
7131 7131
7132 7132
7133 7133
7134 7134
7135 7135
7136 7136
7137 7137
7138 7138
7139 7139
7140 7140
7141 7141
7142 7142
7143 7143
7144 7144
7145 7145
7146 7146
7147 7147
7148 7148
7149 7149
7150 7150
7151 7151
7152 7152
7153 7153
7154 7154
7155 7155
7156 7156
7157 7157
7158 7158
7159 7159
7160 7160
7161 7161
7162 7162
7163 7163
7164 7164
7165 7165
7166 7166
7167 7167
7168 7168
7169 7169
7170 7170
7171 7171
7172 7172
7173 7173
7174 7174
7175 7175
7176 7176
7177 7177
7178 7178
7179 7179
7180 7180
7181 7181
7182 7182
7183 7183
7184 7184
7185 7185
7186 7186
7187 7187
7188 7188
7189 7189
7190 7190
7191 7191
7192 7192
7193 7193
7194 7194
7195 7195
7196 7196
7197 7197
7198 7198
7199 7199
7200 7200
7201 7201
7202 7202
7203 7203
7204 7204
7205 7205
7206 7206
7207 7207
7208 7208
7209 7209
7210 7210
7211 7211
7212 7212
7213 7213
7214 7214
7215 7215
7216 7216
7217 7217
7218 7218
7219 7219
7220 7220
7221 7221
7222 7222
7223 7223
7224 7224
7225 7225
7226 7226
7227 7227
7228 7228
7229 7229
7230 7230
7231 7231
7232 7232
7233 7233
7234 7234
7235 7235
7236 7236
7237 7237
7238 7238
7239 7239
7240 7240
7241 7241
7242 7242
7243 7243
7244 7244
7245 7245
7246 7246
7247 7247
7248 7248
7249 7249
7250 7250
7251 7251
7252 7252
7253 7253
7254 7254
7255 7255
7256 7256
7257 7257
7258 7258
7259 7259
7260 7260
7261 7261
7262 7262
7263 7263
7264 7264
7265 7265
7266 7266
7267 7267
7268 7268
7269 7269
7270 7270
7271 7271
7272 7272
7273 7273
7274 7274
7275 7275
7276 7276
7277 7277
7278 7278
7279 7279
7280 7280
7281 7281
7282 7282
7283 7283
7284 7284
7285 7285
7286 7286
7287 7287
7288 7288
7289 7289
7290 7290
7291 7291
7292 7292
7293 7293
7294 7294
7295 7295
7296 7296
7297 7297
7298 7298
7299 7299
7300 7300
7301 7301
7302 7302
7303 7303
7304 7304
7305 7305
7306 7306
7307 7307
7308 7308
7309 7309
7310 7310
7311 7311
7312 7312
7313 7313
7314 7314
7315 7315
7316 7316
7317 7317
7318 7318
7319 7319
7320 7320
7321 7321
7322 7322
7323 7323
7324 7324
7325 7325
7326 7326
7327 7327
7328 7328
7329 7329
7330 7330
7331 7331
7332 7332
7333 7333
7334 7334
7335 7335
7336 7336
7337 7337
7338 7338
7339 7339
7340 7340
7341 7341
7342 7342
7343 7343
7344 7344
7345 7345
7346 7346
7347 7347
7348 7348
7349 7349
7350 7350
7351 7351
7352 7352
7353 7353
7354 7354
7355 7355
7356 7356
7357 7357
7358 7358
7359 7359
7360 7360
7361 7361
7362 7362
7363 7363
7364 7364
7365 7365
7366 7366
7367 7367
7368 7368
7369 7369
7370 7370
7371 7371
7372 7372
7373 7373
7374 7374
7375 7375
7376 7376
7377 7377
7378 7378
7379 7379
7380 7380
7381 7381
7382 7382
7383 7383
7384 7384
7385 7385
7386 7386
7387 7387
7388 7388
7389 7389
7390 7390
7391 7391
7392 7392
7393 7393
7394 7394
7395 7395
7396 7396
7397 7397
7398 7398
7399 7399
7400 7400
7401 7401
7402 7402
7403 7403
7404 7404
7405 7405
7406 7406
7407 7407
7408 7408
7409 7409
7410 7410
7411 7411
7412 7412
7413 7413
7414 7414
7415 7415
7416 7416
7417 7417
7418 7418
7419 7419
7420 7420
7421 7421
7422 7422
7423 7423
7424 7424
7425 7425
7426 7426
7427 7427
7428 7428
7429 7429
7430 7430
7431 7431
7432 7432
7433 7433
7434 7434
7435 7435
7436 7436
7437 7437
7438 7438
7439 7439
7440 7440
7441 7441
7442 7442
7443 7443
7444 7444
7445 7445
7446 7446
7447 7447
7448 7448
7449 7449
7450 7450
7451 7451
7452 7452
7453 7453
7454 7454
7455 7455
7456 7456
7457 7457
7458 7458
7459 7459
7460 7460
7461 7461
7462 7462
7463 7463
7464 7464
7465 7465
7466 7466
7467 7467
7468 7468
7469 7469
7470 7470
7471 7471
7472 7472
7473 7473
7474 7474
7475 7475
7476 7476
7477 7477
7478 7478
7479 7479
7480 7480
7481 7481
7482 7482
7483 7483
7484 7484
7485 7485
7486 7486
7487 7487
7488 7488
7489 7489
7490 7490
7491 7491
7492 7492
7493 7493
7494 7494
7495 7495
7496 7496
7497 7497
7498 7498
7499 7499
7500 7500
7501 7501
7502 7502
7503 7503
7504 7504
7505 7505
7506 7506
7507 7507
7508 7508
7509 7509
7510 7510
7511 7511
7512 7512
7513 7513
7514 7514
7515 7515
7516 7516
7517 7517
7518 7518
7519 7519
7520 7520
7521 7521
7522 7522
7523 7523
7524 7524
7525 7525
7526 7526
7527 7527
7528 7528
7529 7529
7530 7530
7531 7531
7532 7532
7533 7533
7534 7534
7535 7535
7536 7536
7537 7537
7538 7538
7539 7539
7540 7540
7541 7541
7542 7542
7543 7543
7544 7544
7545 7545
7546 7546
7547 7547
7548 7548
7549 7549
7550 7550
7551 7551
7552 7552
7553 7553
7554 7554
7555 7555
7556 7556
7557 7557
7558 7558
7559 7559
7560 7560
7561 7561
7562 7562
7563 7563
7564 7564
7565 7565
7566 7566
7567 7567
7568 7568
7569 7569
7570 7570
7571 7571
7572 7572
7573 7573
7574 7574
7575 7575
7576 7576
7577 7577
7578 7578
7579 7579
7580 7580
7581 7581
7582 7582
7583 7583
7584 7584
7585 7585
7586 7586
7587 7587
7588 7588
7589 7589
7590 7590
7591 7591
7592 7592
7593 7593
7594 7594
7595 7595
7596 7596
7597 7597
7598 7598
7599 7599
7600 7600
7601 7601
7602 7602
7603 7603
7604 7604
7605 7605
7606 7606
7607 7607
7608 7608
7609 7609
7610 7610
7611 7611
7612 7612
7613 7613
7614 7614
7615 7615
7616 7616
7617 7617
7618 7618
7619 7619
7620 7620
7621 7621
7622 7622
7623 7623
7624 7624
7625 7625
7626 7626
7627 7627
7628 7628
7629 7629
7630 7630
7631 7631
7632 7632
7633 7633
7634 7634
7635 7635
7636 7636
7637 7637
7638 7638
7639 7639
7640 7640
7641 7641
7642 7642
7643 7643
7644 7644
7645 7645
7646 7646
7647 7647
7648 7648
7649 7649
7650 7650
7651 7651
7652 7652
7653 7653
7654 7654
7655 7655
7656 7656
7657 7657
7658 7658
7659 7659
7660 7660
7661 7661
7662 7662
7663 7663
7664 7664
7665 7665
7666 7666
7667 7667
7668 7668
7669 7669
7670 7670
7671 7671
7672 7672
7673 7673
7674 7674
7675 7675
7676 7676
7677 7677
7678 7678
7679 7679
7680 7680
7681 7681
7682 7682
7683 7683
7684 7684
7685 7685
7686 7686
7687 7687
7688 7688
7689 7689
7690 7690
7691 7691
7692 7692
7693 7693
7694 7694
7695 7695
7696 7696
7697 7697
7698 7698
7699 7699
7700 7700
7701 7701
7702 7702
7703 7703
7704 7704
7705 7705
7706 7706
7707 7707
7708 7708
7709 7709
7710 7710
7711 7711
7712 7712
7713 7713
7714 7714
7715 7715
7716 7716
7717 7717
7718 7718
7719 7719
7720 7720
7721 7721
7722 7722
7723 7723
7724 7724
7725 7725
7726 7726
7727 7727
7728 7728
7729 7729
7730 7730
7731 7731
7732 7732
7733 7733
7734 7734
7735 7735
7736 7736
7737 7737
7738 7738
7739 7739
7740 7740
7741 7741
7742 7742
7743 7743
7744 7744
7745 7745
7746 7746
7747 7747
7748 7748
7749 7749
7750 7750
7751 7751
7752 7752
7753 7753
7754 7754
7755 7755
7756 7756
7757 7757
7758 7758
7759 7759
7760 7760
7761 7761
7762 7762
7763 7763
7764 7764
7765 7765
7766 7766
7767 7767
7768 7768
7769 7769
7770 7770
7771 7771
7772 7772
7773 7773
7774 7774
7775 7775
7776 7776
7777 7777
7778 7778
7779 7779
7780 7780
7781 7781
7782 7782
7783 7783
7784 7784
7785 7785
7786 7786
7787 7787
7788 7788
7789 7789
7790 7790
7791 7791
7792 7792
7793 7793
7794 7794
7795 7795
7796 7796
7797 7797
7798 7798
7799 7799
7800 7800
7801 7801
7802 7802
7803 7803
7804 7804
7805 7805
7806 7806
7807 7807
7808 7808
7809 7809
7810 7810
7811 7811
7812 7812
7813 7813
7814 7814
7815 7815
7816 7816
7817 7817
7818 7818
7819 7819
7820 7820
7821 7821
7822 7822
7823 7823
7824 7824
7825 7825
7826 7826
7827 7827
7828 7828
7829 7829
7830 7830
7831 7831
7832 7832
7833 7833
7834 7834
7835 7835
7836 7836
7837 7837
7838 7838
7839 7839
7840 7840
7841 7841
7842 7842
7843 7843
7844 7844
7845 7845
7846 7846
7847 7847
7848 7848
7849 7849
7850 7850
7851 7851
7852 7852
7853 7853
7854 7854
7855 7855
7856 7856
7857 7857
7858 7858
7859 7859
7860 7860
7861 7861
7862 7862
7863 7863
7864 7864
7865 7865
7866 7866
7867 7867
7868 7868
7869 7869
7870 7870
7871 7871
7872 7872
7873 7873
7874 7874
7875 7875
7876 7876
7877 7877
7878 7878
7879 7879
7880 7880
7881 7881
7882 7882
7883 7883
7884 7884
7885 7885
7886 7886
7887 7887
7888 7888
7889 7889
7890 7890
7891 7891
7892 7892
7893 7893
7894 7894
7895 7895
7896 7896
7897 7897
7898 7898
7899 7899
7900 7900
7901 7901
7902 7902
7903 7903
7904 7904
7905 7905
7906 7906
7907 7907
7908 7908
7909 7909
7910 7910
7911 7911
7912 7912
7913 7913
7914 7914
7915 7915
7916 7916
7917 7917
7918 7918
7919 7919
7920 7920
7921 7921
7922 7922
7923 7923
7924 7924
7925 7925
7926 7926
7927 7927
7928 7928
7929 7929
7930 7930
7931 7931
7932 7932
7933 7933
7934 7934
7935 7935
7936 7936
7937 7937
7938 7938
7939 7939
7940 7940
7941 7941
7942 7942
7943 7943
7944 7944
7945 7945
7946 7946
7947 7947
7948 7948
7949 7949
7950 7950
7951 7951
7952 7952
7953 7953
7954 7954
7955 7955
7956 7956
7957 7957
7958 7958
7959 7959
7960 7960
7961 7961
7962 7962
7963 7963
7964 7964
7965 7965
7966 7966
7967 7967
7968 7968
7969 7969
7970 7970
7971 7971
7972 7972
7973 7973
7974 7974
7975 7975
7976 7976
7977 7977
7978 7978
7979 7979
7980 7980
7981 7981
7982 7982
7983 7983
7984 7984
7985 7985
7986 7986
7987 7987
7988 7988
7989 7989
7990 7990
7991 7991
7992 7992
7993 7993
7994 7994
7995 7995
7996 7996
7997 7997
7998 7998
7999 7999
8000 8000
8001 8001
8002 8002
8003 8003
8004 8004
8005 8005
8006 8006
8007 8007
8008 8008
8009 8009
8010 8010
8011 8011
8012 8012
8013 8013
8014 8014
8015 8015
8016 8016
8017 8017
8018 8018
8019 8019
8020 8020
8021 8021
8022 8022
8023 8023
8024 8024
8025 8025
8026 8026
8027 8027
8028 8028
8029 8029
8030 8030
8031 8031
8032 8032
8033 8033
8034 8034
8035 8035
8036 8036
8037 8037
8038 8038
8039 8039
8040 8040
8041 8041
8042 8042
8043 8043
8044 8044
8045 8045
8046 8046
8047 8047
8048 8048
8049 8049
8050 8050
8051 8051
8052 8052
8053 8053
8054 8054
8055 8055
8056 8056
8057 8057
8058 8058
8059 8059
8060 8060
8061 8061
8062 8062
8063 8063
8064 8064
8065 8065
8066 8066
8067 8067
8068 8068
8069 8069
8070 8070
8071 8071
8072 8072
8073 8073
8074 8074
8075 8075
8076 8076
8077 8077
8078 8078
8079 8079
8080 8080
8081 8081
8082 8082
8083 8083
8084 8084
8085 8085
8086 8086
8087 8087
8088 8088
8089 8089
8090 8090
8091 8091
8092 8092
8093 8093
8094 8094
8095 8095
8096 8096
8097 8097
8098 8098
8099 8099
8100 8100
8101 8101
8102 8102
8103 8103
8104 8104
8105 8105
8106 8106
8107 8107
8108 8108
8109 8109
8110 8110
8111 8111
8112 8112
8113 8113
8114 8114
8115 8115
8116 8116
8117 8117
8118 8118
8119 8119
8120 8120
8121 8121
8122 8122
8123 8123
8124 8124
8125 8125
8126 8126
8127 8127
8128 8128
8129 8129
8130 8130
8131 8131
8132 8132
8133 8133
8134 8134
8135 8135
8136 8136
8137 8137
8138 8138
8139 8139
8140 8140
8141 8141
8142 8142
8143 8143
8144 8144
8145 8145
8146 8146
8147 8147
8148 8148
8149 8149
8150 8150
8151 8151
8152 8152
8153 8153
8154 8154
8155 8155
8156 8156
8157 8157
8158 8158
8159 8159
8160 8160
8161 8161
8162 8162
8163 8163
8164 8164
8165 8165
8166 8166
8167 8167
8168 8168
8169 8169
8170 8170
8171 8171
8172 8172
8173 8173
8174 8174
8175 8175
8176 8176
8177 8177
8178 8178
8179 8179
8180 8180
8181 8181
8182 8182
8183 8183
8184 8184
8185 8185
8186 8186
8187 8187
8188 8188
8189 8189
8190 8190
8191 8191
8192 8192
8193 8193
8194 8194
8195 8195
8196 8196
8197 8197
8198 8198
8199 8199
8200 8200
8201 8201
8202 8202
8203 8203
8204 8204
8205 8205
8206 8206
8207 8207
8208 8208
8209 8209
8210 8210
8211 8211
8212 8212
8213 8213
8214 8214
8215 8215
8216 8216
8217 8217
8218 8218
8219 8219
8220 8220
8221 8221
8222 8222
8223 8223
8224 8224
8225 8225
8226 8226
8227 8227
8228 8228
8229 8229
8230 8230
8231 8231
8232 8232
8233 8233
8234 8234
8235 8235
8236 8236
8237 8237
8238 8238
8239 8239
8240 8240
8241 8241
8242 8242
8243 8243
8244 8244
8245 8245
8246 8246
8247 8247
8248 8248
8249 8249
8250 8250
8251 8251
8252 8252
8253 8253
8254 8254
8255 8255
8256 8256
8257 8257
8258 8258
8259 8259
8260 8260
8261 8261
8262 8262
8263 8263
8264 8264
8265 8265
8266 8266
8267 8267
8268 8268
8269 8269
8270 8270
8271 8271
8272 8272
8273 8273
8274 8274
8275 8275
8276 8276
8277 8277
8278 8278
8279 8279
8280 8280
8281 8281
8282 8282
8283 8283
8284 8284
8285 8285
8286 8286
8287 8287
8288 8288
8289 8289
8290 8290
8291 8291
8292 8292
8293 8293
8294 8294
8295 8295
8296 8296
8297 8297
8298 8298
8299 8299
8300 8300
8301 8301
8302 8302
8303 8303
8304 8304
8305 8305
8306 8306
8307 8307
8308 8308
8309 8309
8310 8310
8311 8311
8312 8312
8313 8313
8314 8314
8315 8315
8316 8316
8317 8317
8318 8318
8319 8319
8320 8320
8321 8321
8322 8322
8323 8323
8324 8324
8325 8325
8326 8326
8327 8327
8328 8328
8329 8329
8330 8330
8331 8331
8332 8332
8333 8333
8334 8334
8335 8335
8336 8336
8337 8337
8338 8338
8339 8339
8340 8340
8341 8341
8342 8342
8343 8343
8344 8344
8345 8345
8346 8346
8347 8347
8348 8348
8349 8349
8350 8350
8351 8351
8352 8352
8353 8353
8354 8354
8355 8355
8356 8356
8357 8357
8358 8358
8359 8359
8360 8360
8361 8361
8362 8362
8363 8363
8364 8364
8365 8365
8366 8366
8367 8367
8368 8368
8369 8369
8370 8370
8371 8371
8372 8372
8373 8373
8374 8374
8375 8375
8376 8376
8377 8377
8378 8378
8379 8379
8380 8380
8381 8381
8382 8382
8383 8383
8384 8384
8385 8385
8386 8386
8387 8387
8388 8388
8389 8389
8390 8390
8391 8391
8392 8392
8393 8393
8394 8394
8395 8395
8396 8396
8397 8397
8398 8398
8399 8399
8400 8400
8401 8401
8402 8402
8403 8403
8404 8404
8405 8405
8406 8406
8407 8407
8408 8408
8409 8409
8410 8410
8411 8411
8412 8412
8413 8413
8414 8414
8415 8415
8416 8416
8417 8417
8418 8418
8419 8419
8420 8420
8421 8421
8422 8422
8423 8423
8424 8424
8425 8425
8426 8426
8427 8427
8428 8428
8429 8429
8430 8430
8431 8431
8432 8432
8433 8433
8434 8434
8435 8435
8436 8436
8437 8437
8438 8438
8439 8439
8440 8440
8441 8441
8442 8442
8443 8443
8444 8444
8445 8445
8446 8446
8447 8447
8448 8448
8449 8449
8450 8450
8451 8451
8452 8452
8453 8453
8454 8454
8455 8455
8456 8456
8457 8457
8458 8458
8459 8459
8460 8460
8461 8461
8462 8462
8463 8463
8464 8464
8465 8465
8466 8466
8467 8467
8468 8468
8469 8469
8470 8470
8471 8471
8472 8472
8473 8473
8474 8474
8475 8475
8476 8476
8477 8477
8478 8478
8479 8479
8480 8480
8481 8481
8482 8482
8483 8483
8484 8484
8485 8485
8486 8486
8487 8487
8488 8488
8489 8489
8490 8490
8491 8491
8492 8492
8493 8493
8494 8494
8495 8495
8496 8496
8497 8497
8498 8498
8499 8499
8500 8500
8501 8501
8502 8502
8503 8503
8504 8504
8505 8505
8506 8506
8507 8507
8508 8508
8509 8509
8510 8510
8511 8511
8512 8512
8513 8513
8514 8514
8515 8515
8516 8516
8517 8517
8518 8518
8519 8519
8520 8520
8521 8521
8522 8522
8523 8523
8524 8524
8525 8525
8526 8526
8527 8527
8528 8528
8529 8529
8530 8530
8531 8531
8532 8532
8533 8533
8534 8534
8535 8535
8536 8536
8537 8537
8538 8538
8539 8539
8540 8540
8541 8541
8542 8542
8543 8543
8544 8544
8545 8545
8546 8546
8547 8547
8548 8548
8549 8549
8550 8550
8551 8551
8552 8552
8553 8553
8554 8554
8555 8555
8556 8556
8557 8557
8558 8558
8559 8559
8560 8560
8561 8561
8562 8562
8563 8563
8564 8564
8565 8565
8566 8566
8567 8567
8568 8568
8569 8569
8570 8570
8571 8571
8572 8572
8573 8573
8574 8574
8575 8575
8576 8576
8577 8577
8578 8578
8579 8579
8580 8580
8581 8581
8582 8582
8583 8583
8584 8584
8585 8585
8586 8586
8587 8587
8588 8588
8589 8589
8590 8590
8591 8591
8592 8592
8593 8593
8594 8594
8595 8595
8596 8596
8597 8597
8598 8598
8599 8599
8600 8600
8601 8601
8602 8602
8603 8603
8604 8604
8605 8605
8606 8606
8607 8607
8608 8608
8609 8609
8610 8610
8611 8611
8612 8612
8613 8613
8614 8614
8615 8615
8616 8616
8617 8617
8618 8618
8619 8619
8620 8620
8621 8621
8622 8622
8623 8623
8624 8624
8625 8625
8626 8626
8627 8627
8628 8628
8629 8629
8630 8630
8631 8631
8632 8632
8633 8633
8634 8634
8635 8635
8636 8636
8637 8637
8638 8638
8639 8639
8640 8640
8641 8641
8642 8642
8643 8643
8644 8644
8645 8645
8646 8646
8647 8647
8648 8648
8649 8649
8650 8650
8651 8651
8652 8652
8653 8653
8654 8654
8655 8655
8656 8656
8657 8657
8658 8658
8659 8659
8660 8660
8661 8661
8662 8662
8663 8663
8664 8664
8665 8665
8666 8666
8667 8667
8668 8668
8669 8669
8670 8670
8671 8671
8672 8672
8673 8673
8674 8674
8675 8675
8676 8676
8677 8677
8678 8678
8679 8679
8680 8680
8681 8681
8682 8682
8683 8683
8684 8684
8685 8685
8686 8686
8687 8687
8688 8688
8689 8689
8690 8690
8691 8691
8692 8692
8693 8693
8694 8694
8695 8695
8696 8696
8697 8697
8698 8698
8699 8699
8700 8700
8701 8701
8702 8702
8703 8703
8704 8704
8705 8705
8706 8706
8707 8707
8708 8708
8709 8709
8710 8710
8711 8711
8712 8712
8713 8713
8714 8714
8715 8715
8716 8716
8717 8717
8718 8718
8719 8719
8720 8720
8721 8721
8722 8722
8723 8723
8724 8724
8725 8725
8726 8726
8727 8727
8728 8728
8729 8729
8730 8730
8731 8731
8732 8732
8733 8733
8734 8734
8735 8735
8736 8736
8737 8737
8738 8738
8739 8739
8740 8740
8741 8741
8742 8742
8743 8743
8744 8744
8745 8745
8746 8746
8747 8747
8748 8748
8749 8749
8750 8750
8751 8751
8752 8752
8753 8753
8754 8754
8755 8755
8756 8756
8757 8757
8758 8758
8759 8759
8760 8760
8761 8761
8762 8762
8763 8763
8764 8764
8765 8765
8766 8766
8767 8767
8768 8768
8769 8769
8770 8770
8771 8771
8772 8772
8773 8773
8774 8774
8775 8775
8776 8776
8777 8777
8778 8778
8779 8779
8780 8780
8781 8781
8782 8782
8783 8783
8784 8784
8785 8785
8786 8786
8787 8787
8788 8788
8789 8789
8790 8790
8791 8791
8792 8792
8793 8793
8794 8794
8795 8795
8796 8796
8797 8797
8798 8798
8799 8799
8800 8800
8801 8801
8802 8802
8803 8803
8804 8804
8805 8805
8806 8806
8807 8807
8808 8808
8809 8809
8810 8810
8811 8811
8812 8812
8813 8813
8814 8814
8815 8815
8816 8816
8817 8817
8818 8818
8819 8819
8820 8820
8821 8821
8822 8822
8823 8823
8824 8824
8825 8825
8826 8826
8827 8827
8828 8828
8829 8829
8830 8830
8831 8831
8832 8832
8833 8833
8834 8834
8835 8835
8836 8836
8837 8837
8838 8838
8839 8839
8840 8840
8841 8841
8842 8842
8843 8843
8844 8844
8845 8845
8846 8846
8847 8847
8848 8848
8849 8849
8850 8850
8851 8851
8852 8852
8853 8853
8854 8854
8855 8855
8856 8856
8857 8857
8858 8858
8859 8859
8860 8860
8861 8861
8862 8862
8863 8863
8864 8864
8865 8865
8866 8866
8867 8867
8868 8868
8869 8869
8870 8870
8871 8871
8872 8872
8873 8873
8874 8874
8875 8875
8876 8876
8877 8877
8878 8878
8879 8879
8880 8880
8881 8881
8882 8882
8883 8883
8884 8884
8885 8885
8886 8886
8887 8887
8888 8888
8889 8889
8890 8890
8891 8891
8892 8892
8893 8893
8894 8894
8895 8895
8896 8896
8897 8897
8898 8898
8899 8899
8900 8900
8901 8901
8902 8902
8903 8903
8904 8904
8905 8905
8906 8906
8907 8907
8908 8908
8909 8909
8910 8910
8911 8911
8912 8912
8913 8913
8914 8914
8915 8915
8916 8916
8917 8917
8918 8918
8919 8919
8920 8920
8921 8921
8922 8922
8923 8923
8924 8924
8925 8925
8926 8926
8927 8927
8928 8928
8929 8929
8930 8930
8931 8931
8932 8932
8933 8933
8934 8934
8935 8935
8936 8936
8937 8937
8938 8938
8939 8939
8940 8940
8941 8941
8942 8942
8943 8943
8944 8944
8945 8945
8946 8946
8947 8947
8948 8948
8949 8949
8950 8950
8951 8951
8952 8952
8953 8953
8954 8954
8955 8955
8956 8956
8957 8957
8958 8958
8959 8959
8960 8960
8961 8961
8962 8962
8963 8963
8964 8964
8965 8965
8966 8966
8967 8967
8968 8968
8969 8969
8970 8970
8971 8971
8972 8972
8973 8973
8974 8974
8975 8975
8976 8976
8977 8977
8978 8978
8979 8979
8980 8980
8981 8981
8982 8982
8983 8983
8984 8984
8985 8985
8986 8986
8987 8987
8988 8988
8989 8989
8990 8990
8991 8991
8992 8992
8993 8993
8994 8994
8995 8995
8996 8996
8997 8997
8998 8998
8999 8999
9000 9000
9001 9001
9002 9002
9003 9003
9004 9004
9005 9005
9006 9006
9007 9007
9008 9008
9009 9009
9010 9010
9011 9011
9012 9012
9013 9013
9014 9014
9015 9015
9016 9016
9017 9017
9018 9018
9019 9019
9020 9020
9021 9021
9022 9022
9023 9023
9024 9024
9025 9025
9026 9026
9027 9027
9028 9028
9029 9029
9030 9030
9031 9031
9032 9032
9033 9033
9034 9034
9035 9035
9036 9036
9037 9037
9038 9038
9039 9039
9040 9040
9041 9041
9042 9042
9043 9043
9044 9044
9045 9045
9046 9046
9047 9047
9048 9048
9049 9049
9050 9050
9051 9051
9052 9052
9053 9053
9054 9054
9055 9055
9056 9056
9057 9057
9058 9058
9059 9059
9060 9060
9061 9061
9062 9062
9063 9063
9064 9064
9065 9065
9066 9066
9067 9067
9068 9068
9069 9069
9070 9070
9071 9071
9072 9072
9073 9073
9074 9074
9075 9075
9076 9076
9077 9077
9078 9078
9079 9079
9080 9080
9081 9081
9082 9082
9083 9083
9084 9084
9085 9085
9086 9086
9087 9087
9088 9088
9089 9089
9090 9090
9091 9091
9092 9092
9093 9093
9094 9094
9095 9095
9096 9096
9097 9097
9098 9098
9099 9099
9100 9100
9101 9101
9102 9102
9103 9103
9104 9104
9105 9105
9106 9106
9107 9107
9108 9108
9109 9109
9110 9110
9111 9111
9112 9112
9113 9113
9114 9114
9115 9115
9116 9116
9117 9117
9118 9118
9119 9119
9120 9120
9121 9121
9122 9122
9123 9123
9124 9124
9125 9125
9126 9126
9127 9127
9128 9128
9129 9129
9130 9130
9131 9131
9132 9132
9133 9133
9134 9134
9135 9135
9136 9136
9137 9137
9138 9138
9139 9139
9140 9140
9141 9141
9142 9142
9143 9143
9144 9144
9145 9145
9146 9146
9147 9147
9148 9148
9149 9149
9150 9150
9151 9151
9152 9152
9153 9153
9154 9154
9155 9155
9156 9156
9157 9157
9158 9158
9159 9159
9160 9160
9161 9161
9162 9162
9163 9163
9164 9164
9165 9165
9166 9166
9167 9167
9168 9168
9169 9169
9170 9170
9171 9171
9172 9172
9173 9173
9174 9174
9175 9175
9176 9176
9177 9177
9178 9178
9179 9179
9180 9180
9181 9181
9182 9182
9183 9183
9184 9184
9185 9185
9186 9186
9187 9187
9188 9188
9189 9189
9190 9190
9191 9191
9192 9192
9193 9193
9194 9194
9195 9195
9196 9196
9197 9197
9198 9198
9199 9199
9200 9200
9201 9201
9202 9202
9203 9203
9204 9204
9205 9205
9206 9206
9207 9207
9208 9208
9209 9209
9210 9210
9211 9211
9212 9212
9213 9213
9214 9214
9215 9215
9216 9216
9217 9217
9218 9218
9219 9219
9220 9220
9221 9221
9222 9222
9223 9223
9224 9224
9225 9225
9226 9226
9227 9227
9228 9228
9229 9229
9230 9230
9231 9231
9232 9232
9233 9233
9234 9234
9235 9235
9236 9236
9237 9237
9238 9238
9239 9239
9240 9240
9241 9241
9242 9242
9243 9243
9244 9244
9245 9245
9246 9246
9247 9247
9248 9248
9249 9249
9250 9250
9251 9251
9252 9252
9253 9253
9254 9254
9255 9255
9256 9256
9257 9257
9258 9258
9259 9259
9260 9260
9261 9261
9262 9262
9263 9263
9264 9264
9265 9265
9266 9266
9267 9267
9268 9268
9269 9269
9270 9270
9271 9271
9272 9272
9273 9273
9274 9274
9275 9275
9276 9276
9277 9277
9278 9278
9279 9279
9280 9280
9281 9281
9282 9282
9283 9283
9284 9284
9285 9285
9286 9286
9287 9287
9288 9288
9289 9289
9290 9290
9291 9291
9292 9292
9293 9293
9294 9294
9295 9295
9296 9296
9297 9297
9298 9298
9299 9299
9300 9300
9301 9301
9302 9302
9303 9303
9304 9304
9305 9305
9306 9306
9307 9307
9308 9308
9309 9309
9310 9310
9311 9311
9312 9312
9313 9313
9314 9314
9315 9315
9316 9316
9317 9317
9318 9318
9319 9319
9320 9320
9321 9321
9322 9322
9323 9323
9324 9324
9325 9325
9326 9326
9327 9327
9328 9328
9329 9329
9330 9330
9331 9331
9332 9332
9333 9333
9334 9334
9335 9335
9336 9336
9337 9337
9338 9338
9339 9339
9340 9340
9341 9341
9342 9342
9343 9343
9344 9344
9345 9345
9346 9346
9347 9347
9348 9348
9349 9349
9350 9350
9351 9351
9352 9352
9353 9353
9354 9354
9355 9355
9356 9356
9357 9357
9358 9358
9359 9359
9360 9360
9361 9361
9362 9362
9363 9363
9364 9364
9365 9365
9366 9366
9367 9367
9368 9368
9369 9369
9370 9370
9371 9371
9372 9372
9373 9373
9374 9374
9375 9375
9376 9376
9377 9377
9378 9378
9379 9379
9380 9380
9381 9381
9382 9382
9383 9383
9384 9384
9385 9385
9386 9386
9387 9387
9388 9388
9389 9389
9390 9390
9391 9391
9392 9392
9393 9393
9394 9394
9395 9395
9396 9396
9397 9397
9398 9398
9399 9399
9400 9400
9401 9401
9402 9402
9403 9403
9404 9404
9405 9405
9406 9406
9407 9407
9408 9408
9409 9409
9410 9410
9411 9411
9412 9412
9413 9413
9414 9414
9415 9415
9416 9416
9417 9417
9418 9418
9419 9419
9420 9420
9421 9421
9422 9422
9423 9423
9424 9424
9425 9425
9426 9426
9427 9427
9428 9428
9429 9429
9430 9430
9431 9431
9432 9432
9433 9433
9434 9434
9435 9435
9436 9436
9437 9437
9438 9438
9439 9439
9440 9440
9441 9441
9442 9442
9443 9443
9444 9444
9445 9445
9446 9446
9447 9447
9448 9448
9449 9449
9450 9450
9451 9451
9452 9452
9453 9453
9454 9454
9455 9455
9456 9456
9457 9457
9458 9458
9459 9459
9460 9460
9461 9461
9462 9462
9463 9463
9464 9464
9465 9465
9466 9466
9467 9467
9468 9468
9469 9469
9470 9470
9471 9471
9472 9472
9473 9473
9474 9474
9475 9475
9476 9476
9477 9477
9478 9478
9479 9479
9480 9480
9481 9481
9482 9482
9483 9483
9484 9484
9485 9485
9486 9486
9487 9487
9488 9488
9489 9489
9490 9490
9491 9491
9492 9492
9493 9493
9494 9494
9495 9495
9496 9496
9497 9497
9498 9498
9499 9499
9500 9500
9501 9501
9502 9502
9503 9503
9504 9504
9505 9505
9506 9506
9507 9507
9508 9508
9509 9509
9510 9510
9511 9511
9512 9512
9513 9513
9514 9514
9515 9515
9516 9516
9517 9517
9518 9518
9519 9519
9520 9520
9521 9521
9522 9522
9523 9523
9524 9524
9525 9525
9526 9526
9527 9527
9528 9528
9529 9529
9530 9530
9531 9531
9532 9532
9533 9533
9534 9534
9535 9535
9536 9536
9537 9537
9538 9538
9539 9539
9540 9540
9541 9541
9542 9542
9543 9543
9544 9544
9545 9545
9546 9546
9547 9547
9548 9548
9549 9549
9550 9550
9551 9551
9552 9552
9553 9553
9554 9554
9555 9555
9556 9556
9557 9557
9558 9558
9559 9559
9560 9560
9561 9561
9562 9562
9563 9563
9564 9564
9565 9565
9566 9566
9567 9567
9568 9568
9569 9569
9570 9570
9571 9571
9572 9572
9573 9573
9574 9574
9575 9575
9576 9576
9577 9577
9578 9578
9579 9579
9580 9580
9581 9581
9582 9582
9583 9583
9584 9584
9585 9585
9586 9586
9587 9587
9588 9588
9589 9589
9590 9590
9591 9591
9592 9592
9593 9593
9594 9594
9595 9595
9596 9596
9597 9597
9598 9598
9599 9599
9600 9600
9601 9601
9602 9602
9603 9603
9604 9604
9605 9605
9606 9606
9607 9607
9608 9608
9609 9609
9610 9610
9611 9611
9612 9612
9613 9613
9614 9614
9615 9615
9616 9616
9617 9617
9618 9618
9619 9619
9620 9620
9621 9621
9622 9622
9623 9623
9624 9624
9625 9625
9626 9626
9627 9627
9628 9628
9629 9629
9630 9630
9631 9631
9632 9632
9633 9633
9634 9634
9635 9635
9636 9636
9637 9637
9638 9638
9639 9639
9640 9640
9641 9641
9642 9642
9643 9643
9644 9644
9645 9645
9646 9646
9647 9647
9648 9648
9649 9649
9650 9650
9651 9651
9652 9652
9653 9653
9654 9654
9655 9655
9656 9656
9657 9657
9658 9658
9659 9659
9660 9660
9661 9661
9662 9662
9663 9663
9664 9664
9665 9665
9666 9666
9667 9667
9668 9668
9669 9669
9670 9670
9671 9671
9672 9672
9673 9673
9674 9674
9675 9675
9676 9676
9677 9677
9678 9678
9679 9679
9680 9680
9681 9681
9682 9682
9683 9683
9684 9684
9685 9685
9686 9686
9687 9687
9688 9688
9689 9689
9690 9690
9691 9691
9692 9692
9693 9693
9694 9694
9695 9695
9696 9696
9697 9697
9698 9698
9699 9699
9700 9700
9701 9701
9702 9702
9703 9703
9704 9704
9705 9705
9706 9706
9707 9707
9708 9708
9709 9709
9710 9710
9711 9711
9712 9712
9713 9713
9714 9714
9715 9715
9716 9716
9717 9717
9718 9718
9719 9719
9720 9720
9721 9721
9722 9722
9723 9723
9724 9724
9725 9725
9726 9726
9727 9727
9728 9728
9729 9729
9730 9730
9731 9731
9732 9732
9733 9733
9734 9734
9735 9735
9736 9736
9737 9737
9738 9738
9739 9739
9740 9740
9741 9741
9742 9742
9743 9743
9744 9744
9745 9745
9746 9746
9747 9747
9748 9748
9749 9749
9750 9750
9751 9751
9752 9752
9753 9753
9754 9754
9755 9755
9756 9756
9757 9757
9758 9758
9759 9759
9760 9760
9761 9761
9762 9762
9763 9763
9764 9764
9765 9765
9766 9766
9767 9767
9768 9768
9769 9769
9770 9770
9771 9771
9772 9772
9773 9773
9774 9774
9775 9775
9776 9776
9777 9777
9778 9778
9779 9779
9780 9780
9781 9781
9782 9782
9783 9783
9784 9784
9785 9785
9786 9786
9787 9787
9788 9788
9789 9789
9790 9790
9791 9791
9792 9792
9793 9793
9794 9794
9795 9795
9796 9796
9797 9797
9798 9798
9799 9799
9800 9800
9801 9801
9802 9802
9803 9803
9804 9804
9805 9805
9806 9806
9807 9807
9808 9808
9809 9809
9810 9810
9811 9811
9812 9812
9813 9813
9814 9814
9815 9815
9816 9816
9817 9817
9818 9818
9819 9819
9820 9820
9821 9821
9822 9822
9823 9823
9824 9824
9825 9825
9826 9826
9827 9827
9828 9828
9829 9829
9830 9830
9831 9831
9832 9832
9833 9833
9834 9834
9835 9835
9836 9836
9837 9837
9838 9838
9839 9839
9840 9840
9841 9841
9842 9842
9843 9843
9844 9844
9845 9845
9846 9846
9847 9847
9848 9848
9849 9849
9850 9850
9851 9851
9852 9852
9853 9853
9854 9854
9855 9855
9856 9856
9857 9857
9858 9858
9859 9859
9860 9860
9861 9861
9862 9862
9863 9863
9864 9864
9865 9865
9866 9866
9867 9867
9868 9868
9869 9869
9870 9870
9871 9871
9872 9872
9873 9873
9874 9874
9875 9875
9876 9876
9877 9877
9878 9878
9879 9879
9880 9880
9881 9881
9882 9882
9883 9883
9884 9884
9885 9885
9886 9886
9887 9887
9888 9888
9889 9889
9890 9890
9891 9891
9892 9892
9893 9893
9894 9894
9895 9895
9896 9896
9897 9897
9898 9898
9899 9899
9900 9900
9901 9901
9902 9902
9903 9903
9904 9904
9905 9905
9906 9906
9907 9907
9908 9908
9909 9909
9910 9910
9911 9911
9912 9912
9913 9913
9914 9914
9915 9915
9916 9916
9917 9917
9918 9918
9919 9919
9920 9920
9921 9921
9922 9922
9923 9923
9924 9924
9925 9925
9926 9926
9927 9927
9928 9928
9929 9929
9930 9930
9931 9931
9932 9932
9933 9933
9934 9934
9935 9935
9936 9936
9937 9937
9938 9938
9939 9939
9940 9940
9941 9941
9942 9942
9943 9943
9944 9944
9945 9945
9946 9946
9947 9947
9948 9948
9949 9949
9950 9950
9951 9951
9952 9952
9953 9953
9954 9954
9955 9955
9956 9956
9957 9957
9958 9958
9959 9959
9960 9960
9961 9961
9962 9962
9963 9963
9964 9964
9965 9965
9966 9966
9967 9967
9968 9968
9969 9969
9970 9970
9971 9971
9972 9972
9973 9973
9974 9974
9975 9975
9976 9976
9977 9977
9978 9978
9979 9979
9980 9980
9981 9981
9982 9982
9983 9983
9984 9984
9985 9985
9986 9986
9987 9987
9988 9988
9989 9989
9990 9990
9991 9991
9992 9992
9993 9993
9994 9994
9995 9995
9996 9996
9997 9997
9998 9998
9999 9999
10000 10000
