1 2501
2 2502
3 2503
4 2504
5 2505
6 2506
7 2507
8 2508
9 2509
10 2510
11 2511
12 2512
13 2513
14 2514
15 2515
16 2516
17 2517
18 2518
19 2519
20 2520
21 2521
22 2522
23 2523
24 2524
25 2525
26 2526
27 2527
28 2528
29 2529
30 2530
31 2531
32 2532
33 2533
34 2534
35 2535
36 2536
37 2537
38 2538
39 2539
40 2540
41 2541
42 2542
43 2543
44 2544
45 2545
46 2546
47 2547
48 2548
49 2549
50 2550
51 2551
52 2552
53 2553
54 2554
55 2555
56 2556
57 2557
58 2558
59 2559
60 2560
61 2561
62 2562
63 2563
64 2564
65 2565
66 2566
67 2567
68 2568
69 2569
70 2570
71 2571
72 2572
73 2573
74 2574
75 2575
76 2576
77 2577
78 2578
79 2579
80 2580
81 2581
82 2582
83 2583
84 2584
85 2585
86 2586
87 2587
88 2588
89 2589
90 2590
91 2591
92 2592
93 2593
94 2594
95 2595
96 2596
97 2597
98 2598
99 2599
100 2600
101 2601
102 2602
103 2603
104 2604
105 2605
106 2606
107 2607
108 2608
109 2609
110 2610
111 2611
112 2612
113 2613
114 2614
115 2615
116 2616
117 2617
118 2618
119 2619
120 2620
121 2621
122 2622
123 2623
124 2624
125 2625
126 2626
127 2627
128 2628
129 2629
130 2630
131 2631
132 2632
133 2633
134 2634
135 2635
136 2636
137 2637
138 2638
139 2639
140 2640
141 2641
142 2642
143 2643
144 2644
145 2645
146 2646
147 2647
148 2648
149 2649
150 2650
151 2651
152 2652
153 2653
154 2654
155 2655
156 2656
157 2657
158 2658
159 2659
160 2660
161 2661
162 2662
163 2663
164 2664
165 2665
166 2666
167 2667
168 2668
169 2669
170 2670
171 2671
172 2672
173 2673
174 2674
175 2675
176 2676
177 2677
178 2678
179 2679
180 2680
181 2681
182 2682
183 2683
184 2684
185 2685
186 2686
187 2687
188 2688
189 2689
190 2690
191 2691
192 2692
193 2693
194 2694
195 2695
196 2696
197 2697
198 2698
199 2699
200 2700
201 2701
202 2702
203 2703
204 2704
205 2705
206 2706
207 2707
208 2708
209 2709
210 2710
211 2711
212 2712
213 2713
214 2714
215 2715
216 2716
217 2717
218 2718
219 2719
220 2720
221 2721
222 2722
223 2723
224 2724
225 2725
226 2726
227 2727
228 2728
229 2729
230 2730
231 2731
232 2732
233 2733
234 2734
235 2735
236 2736
237 2737
238 2738
239 2739
240 2740
241 2741
242 2742
243 2743
244 2744
245 2745
246 2746
247 2747
248 2748
249 2749
250 2750
251 2751
252 2752
253 2753
254 2754
255 2755
256 2756
257 2757
258 2758
259 2759
260 2760
261 2761
262 2762
263 2763
264 2764
265 2765
266 2766
267 2767
268 2768
269 2769
270 2770
271 2771
272 2772
273 2773
274 2774
275 2775
276 2776
277 2777
278 2778
279 2779
280 2780
281 2781
282 2782
283 2783
284 2784
285 2785
286 2786
287 2787
288 2788
289 2789
290 2790
291 2791
292 2792
293 2793
294 2794
295 2795
296 2796
297 2797
298 2798
299 2799
300 2800
301 2801
302 2802
303 2803
304 2804
305 2805
306 2806
307 2807
308 2808
309 2809
310 2810
311 2811
312 2812
313 2813
314 2814
315 2815
316 2816
317 2817
318 2818
319 2819
320 2820
321 2821
322 2822
323 2823
324 2824
325 2825
326 2826
327 2827
328 2828
329 2829
330 2830
331 2831
332 2832
333 2833
334 2834
335 2835
336 2836
337 2837
338 2838
339 2839
340 2840
341 2841
342 2842
343 2843
344 2844
345 2845
346 2846
347 2847
348 2848
349 2849
350 2850
351 2851
352 2852
353 2853
354 2854
355 2855
356 2856
357 2857
358 2858
359 2859
360 2860
361 2861
362 2862
363 2863
364 2864
365 2865
366 2866
367 2867
368 2868
369 2869
370 2870
371 2871
372 2872
373 2873
374 2874
375 2875
376 2876
377 2877
378 2878
379 2879
380 2880
381 2881
382 2882
383 2883
384 2884
385 2885
386 2886
387 2887
388 2888
389 2889
390 2890
391 2891
392 2892
393 2893
394 2894
395 2895
396 2896
397 2897
398 2898
399 2899
400 2900
401 2901
402 2902
403 2903
404 2904
405 2905
406 2906
407 2907
408 2908
409 2909
410 2910
411 2911
412 2912
413 2913
414 2914
415 2915
416 2916
417 2917
418 2918
419 2919
420 2920
421 2921
422 2922
423 2923
424 2924
425 2925
426 2926
427 2927
428 2928
429 2929
430 2930
431 2931
432 2932
433 2933
434 2934
435 2935
436 2936
437 2937
438 2938
439 2939
440 2940
441 2941
442 2942
443 2943
444 2944
445 2945
446 2946
447 2947
448 2948
449 2949
450 2950
451 2951
452 2952
453 2953
454 2954
455 2955
456 2956
457 2957
458 2958
459 2959
460 2960
461 2961
462 2962
463 2963
464 2964
465 2965
466 2966
467 2967
468 2968
469 2969
470 2970
471 2971
472 2972
473 2973
474 2974
475 2975
476 2976
477 2977
478 2978
479 2979
480 2980
481 2981
482 2982
483 2983
484 2984
485 2985
486 2986
487 2987
488 2988
489 2989
490 2990
491 2991
492 2992
493 2993
494 2994
495 2995
496 2996
497 2997
498 2998
499 2999
500 3000
501 3001
502 3002
503 3003
504 3004
505 3005
506 3006
507 3007
508 3008
509 3009
510 3010
511 3011
512 3012
513 3013
514 3014
515 3015
516 3016
517 3017
518 3018
519 3019
520 3020
521 3021
522 3022
523 3023
524 3024
525 3025
526 3026
527 3027
528 3028
529 3029
530 3030
531 3031
532 3032
533 3033
534 3034
535 3035
536 3036
537 3037
538 3038
539 3039
540 3040
541 3041
542 3042
543 3043
544 3044
545 3045
546 3046
547 3047
548 3048
549 3049
550 3050
551 3051
552 3052
553 3053
554 3054
555 3055
556 3056
557 3057
558 3058
559 3059
560 3060
561 3061
562 3062
563 3063
564 3064
565 3065
566 3066
567 3067
568 3068
569 3069
570 3070
571 3071
572 3072
573 3073
574 3074
575 3075
576 3076
577 3077
578 3078
579 3079
580 3080
581 3081
582 3082
583 3083
584 3084
585 3085
586 3086
587 3087
588 3088
589 3089
590 3090
591 3091
592 3092
593 3093
594 3094
595 3095
596 3096
597 3097
598 3098
599 3099
600 3100
601 3101
602 3102
603 3103
604 3104
605 3105
606 3106
607 3107
608 3108
609 3109
610 3110
611 3111
612 3112
613 3113
614 3114
615 3115
616 3116
617 3117
618 3118
619 3119
620 3120
621 3121
622 3122
623 3123
624 3124
625 3125
626 3126
627 3127
628 3128
629 3129
630 3130
631 3131
632 3132
633 3133
634 3134
635 3135
636 3136
637 3137
638 3138
639 3139
640 3140
641 3141
642 3142
643 3143
644 3144
645 3145
646 3146
647 3147
648 3148
649 3149
650 3150
651 3151
652 3152
653 3153
654 3154
655 3155
656 3156
657 3157
658 3158
659 3159
660 3160
661 3161
662 3162
663 3163
664 3164
665 3165
666 3166
667 3167
668 3168
669 3169
670 3170
671 3171
672 3172
673 3173
674 3174
675 3175
676 3176
677 3177
678 3178
679 3179
680 3180
681 3181
682 3182
683 3183
684 3184
685 3185
686 3186
687 3187
688 3188
689 3189
690 3190
691 3191
692 3192
693 3193
694 3194
695 3195
696 3196
697 3197
698 3198
699 3199
700 3200
701 3201
702 3202
703 3203
704 3204
705 3205
706 3206
707 3207
708 3208
709 3209
710 3210
711 3211
712 3212
713 3213
714 3214
715 3215
716 3216
717 3217
718 3218
719 3219
720 3220
721 3221
722 3222
723 3223
724 3224
725 3225
726 3226
727 3227
728 3228
729 3229
730 3230
731 3231
732 3232
733 3233
734 3234
735 3235
736 3236
737 3237
738 3238
739 3239
740 3240
741 3241
742 3242
743 3243
744 3244
745 3245
746 3246
747 3247
748 3248
749 3249
750 3250
751 3251
752 3252
753 3253
754 3254
755 3255
756 3256
757 3257
758 3258
759 3259
760 3260
761 3261
762 3262
763 3263
764 3264
765 3265
766 3266
767 3267
768 3268
769 3269
770 3270
771 3271
772 3272
773 3273
774 3274
775 3275
776 3276
777 3277
778 3278
779 3279
780 3280
781 3281
782 3282
783 3283
784 3284
785 3285
786 3286
787 3287
788 3288
789 3289
790 3290
791 3291
792 3292
793 3293
794 3294
795 3295
796 3296
797 3297
798 3298
799 3299
800 3300
801 3301
802 3302
803 3303
804 3304
805 3305
806 3306
807 3307
808 3308
809 3309
810 3310
811 3311
812 3312
813 3313
814 3314
815 3315
816 3316
817 3317
818 3318
819 3319
820 3320
821 3321
822 3322
823 3323
824 3324
825 3325
826 3326
827 3327
828 3328
829 3329
830 3330
831 3331
832 3332
833 3333
834 3334
835 3335
836 3336
837 3337
838 3338
839 3339
840 3340
841 3341
842 3342
843 3343
844 3344
845 3345
846 3346
847 3347
848 3348
849 3349
850 3350
851 3351
852 3352
853 3353
854 3354
855 3355
856 3356
857 3357
858 3358
859 3359
860 3360
861 3361
862 3362
863 3363
864 3364
865 3365
866 3366
867 3367
868 3368
869 3369
870 3370
871 3371
872 3372
873 3373
874 3374
875 3375
876 3376
877 3377
878 3378
879 3379
880 3380
881 3381
882 3382
883 3383
884 3384
885 3385
886 3386
887 3387
888 3388
889 3389
890 3390
891 3391
892 3392
893 3393
894 3394
895 3395
896 3396
897 3397
898 3398
899 3399
900 3400
901 3401
902 3402
903 3403
904 3404
905 3405
906 3406
907 3407
908 3408
909 3409
910 3410
911 3411
912 3412
913 3413
914 3414
915 3415
916 3416
917 3417
918 3418
919 3419
920 3420
921 3421
922 3422
923 3423
924 3424
925 3425
926 3426
927 3427
928 3428
929 3429
930 3430
931 3431
932 3432
933 3433
934 3434
935 3435
936 3436
937 3437
938 3438
939 3439
940 3440
941 3441
942 3442
943 3443
944 3444
945 3445
946 3446
947 3447
948 3448
949 3449
950 3450
951 3451
952 3452
953 3453
954 3454
955 3455
956 3456
957 3457
958 3458
959 3459
960 3460
961 3461
962 3462
963 3463
964 3464
965 3465
966 3466
967 3467
968 3468
969 3469
970 3470
971 3471
972 3472
973 3473
974 3474
975 3475
976 3476
977 3477
978 3478
979 3479
980 3480
981 3481
982 3482
983 3483
984 3484
985 3485
986 3486
987 3487
988 3488
989 3489
990 3490
991 3491
992 3492
993 3493
994 3494
995 3495
996 3496
997 3497
998 3498
999 3499
1000 3500
1001 3501
1002 3502
1003 3503
1004 3504
1005 3505
1006 3506
1007 3507
1008 3508
1009 3509
1010 3510
1011 3511
1012 3512
1013 3513
1014 3514
1015 3515
1016 3516
1017 3517
1018 3518
1019 3519
1020 3520
1021 3521
1022 3522
1023 3523
1024 3524
1025 3525
1026 3526
1027 3527
1028 3528
1029 3529
1030 3530
1031 3531
1032 3532
1033 3533
1034 3534
1035 3535
1036 3536
1037 3537
1038 3538
1039 3539
1040 3540
1041 3541
1042 3542
1043 3543
1044 3544
1045 3545
1046 3546
1047 3547
1048 3548
1049 3549
1050 3550
1051 3551
1052 3552
1053 3553
1054 3554
1055 3555
1056 3556
1057 3557
1058 3558
1059 3559
1060 3560
1061 3561
1062 3562
1063 3563
1064 3564
1065 3565
1066 3566
1067 3567
1068 3568
1069 3569
1070 3570
1071 3571
1072 3572
1073 3573
1074 3574
1075 3575
1076 3576
1077 3577
1078 3578
1079 3579
1080 3580
1081 3581
1082 3582
1083 3583
1084 3584
1085 3585
1086 3586
1087 3587
1088 3588
1089 3589
1090 3590
1091 3591
1092 3592
1093 3593
1094 3594
1095 3595
1096 3596
1097 3597
1098 3598
1099 3599
1100 3600
1101 3601
1102 3602
1103 3603
1104 3604
1105 3605
1106 3606
1107 3607
1108 3608
1109 3609
1110 3610
1111 3611
1112 3612
1113 3613
1114 3614
1115 3615
1116 3616
1117 3617
1118 3618
1119 3619
1120 3620
1121 3621
1122 3622
1123 3623
1124 3624
1125 3625
1126 3626
1127 3627
1128 3628
1129 3629
1130 3630
1131 3631
1132 3632
1133 3633
1134 3634
1135 3635
1136 3636
1137 3637
1138 3638
1139 3639
1140 3640
1141 3641
1142 3642
1143 3643
1144 3644
1145 3645
1146 3646
1147 3647
1148 3648
1149 3649
1150 3650
1151 3651
1152 3652
1153 3653
1154 3654
1155 3655
1156 3656
1157 3657
1158 3658
1159 3659
1160 3660
1161 3661
1162 3662
1163 3663
1164 3664
1165 3665
1166 3666
1167 3667
1168 3668
1169 3669
1170 3670
1171 3671
1172 3672
1173 3673
1174 3674
1175 3675
1176 3676
1177 3677
1178 3678
1179 3679
1180 3680
1181 3681
1182 3682
1183 3683
1184 3684
1185 3685
1186 3686
1187 3687
1188 3688
1189 3689
1190 3690
1191 3691
1192 3692
1193 3693
1194 3694
1195 3695
1196 3696
1197 3697
1198 3698
1199 3699
1200 3700
1201 3701
1202 3702
1203 3703
1204 3704
1205 3705
1206 3706
1207 3707
1208 3708
1209 3709
1210 3710
1211 3711
1212 3712
1213 3713
1214 3714
1215 3715
1216 3716
1217 3717
1218 3718
1219 3719
1220 3720
1221 3721
1222 3722
1223 3723
1224 3724
1225 3725
1226 3726
1227 3727
1228 3728
1229 3729
1230 3730
1231 3731
1232 3732
1233 3733
1234 3734
1235 3735
1236 3736
1237 3737
1238 3738
1239 3739
1240 3740
1241 3741
1242 3742
1243 3743
1244 3744
1245 3745
1246 3746
1247 3747
1248 3748
1249 3749
1250 3750
1251 3751
1252 3752
1253 3753
1254 3754
1255 3755
1256 3756
1257 3757
1258 3758
1259 3759
1260 3760
1261 3761
1262 3762
1263 3763
1264 3764
1265 3765
1266 3766
1267 3767
1268 3768
1269 3769
1270 3770
1271 3771
1272 3772
1273 3773
1274 3774
1275 3775
1276 3776
1277 3777
1278 3778
1279 3779
1280 3780
1281 3781
1282 3782
1283 3783
1284 3784
1285 3785
1286 3786
1287 3787
1288 3788
1289 3789
1290 3790
1291 3791
1292 3792
1293 3793
1294 3794
1295 3795
1296 3796
1297 3797
1298 3798
1299 3799
1300 3800
1301 3801
1302 3802
1303 3803
1304 3804
1305 3805
1306 3806
1307 3807
1308 3808
1309 3809
1310 3810
1311 3811
1312 3812
1313 3813
1314 3814
1315 3815
1316 3816
1317 3817
1318 3818
1319 3819
1320 3820
1321 3821
1322 3822
1323 3823
1324 3824
1325 3825
1326 3826
1327 3827
1328 3828
1329 3829
1330 3830
1331 3831
1332 3832
1333 3833
1334 3834
1335 3835
1336 3836
1337 3837
1338 3838
1339 3839
1340 3840
1341 3841
1342 3842
1343 3843
1344 3844
1345 3845
1346 3846
1347 3847
1348 3848
1349 3849
1350 3850
1351 3851
1352 3852
1353 3853
1354 3854
1355 3855
1356 3856
1357 3857
1358 3858
1359 3859
1360 3860
1361 3861
1362 3862
1363 3863
1364 3864
1365 3865
1366 3866
1367 3867
1368 3868
1369 3869
1370 3870
1371 3871
1372 3872
1373 3873
1374 3874
1375 3875
1376 3876
1377 3877
1378 3878
1379 3879
1380 3880
1381 3881
1382 3882
1383 3883
1384 3884
1385 3885
1386 3886
1387 3887
1388 3888
1389 3889
1390 3890
1391 3891
1392 3892
1393 3893
1394 3894
1395 3895
1396 3896
1397 3897
1398 3898
1399 3899
1400 3900
1401 3901
1402 3902
1403 3903
1404 3904
1405 3905
1406 3906
1407 3907
1408 3908
1409 3909
1410 3910
1411 3911
1412 3912
1413 3913
1414 3914
1415 3915
1416 3916
1417 3917
1418 3918
1419 3919
1420 3920
1421 3921
1422 3922
1423 3923
1424 3924
1425 3925
1426 3926
1427 3927
1428 3928
1429 3929
1430 3930
1431 3931
1432 3932
1433 3933
1434 3934
1435 3935
1436 3936
1437 3937
1438 3938
1439 3939
1440 3940
1441 3941
1442 3942
1443 3943
1444 3944
1445 3945
1446 3946
1447 3947
1448 3948
1449 3949
1450 3950
1451 3951
1452 3952
1453 3953
1454 3954
1455 3955
1456 3956
1457 3957
1458 3958
1459 3959
1460 3960
1461 3961
1462 3962
1463 3963
1464 3964
1465 3965
1466 3966
1467 3967
1468 3968
1469 3969
1470 3970
1471 3971
1472 3972
1473 3973
1474 3974
1475 3975
1476 3976
1477 3977
1478 3978
1479 3979
1480 3980
1481 3981
1482 3982
1483 3983
1484 3984
1485 3985
1486 3986
1487 3987
1488 3988
1489 3989
1490 3990
1491 3991
1492 3992
1493 3993
1494 3994
1495 3995
1496 3996
1497 3997
1498 3998
1499 3999
1500 4000
1501 4001
1502 4002
1503 4003
1504 4004
1505 4005
1506 4006
1507 4007
1508 4008
1509 4009
1510 4010
1511 4011
1512 4012
1513 4013
1514 4014
1515 4015
1516 4016
1517 4017
1518 4018
1519 4019
1520 4020
1521 4021
1522 4022
1523 4023
1524 4024
1525 4025
1526 4026
1527 4027
1528 4028
1529 4029
1530 4030
1531 4031
1532 4032
1533 4033
1534 4034
1535 4035
1536 4036
1537 4037
1538 4038
1539 4039
1540 4040
1541 4041
1542 4042
1543 4043
1544 4044
1545 4045
1546 4046
1547 4047
1548 4048
1549 4049
1550 4050
1551 4051
1552 4052
1553 4053
1554 4054
1555 4055
1556 4056
1557 4057
1558 4058
1559 4059
1560 4060
1561 4061
1562 4062
1563 4063
1564 4064
1565 4065
1566 4066
1567 4067
1568 4068
1569 4069
1570 4070
1571 4071
1572 4072
1573 4073
1574 4074
1575 4075
1576 4076
1577 4077
1578 4078
1579 4079
1580 4080
1581 4081
1582 4082
1583 4083
1584 4084
1585 4085
1586 4086
1587 4087
1588 4088
1589 4089
1590 4090
1591 4091
1592 4092
1593 4093
1594 4094
1595 4095
1596 4096
1597 4097
1598 4098
1599 4099
1600 4100
1601 4101
1602 4102
1603 4103
1604 4104
1605 4105
1606 4106
1607 4107
1608 4108
1609 4109
1610 4110
1611 4111
1612 4112
1613 4113
1614 4114
1615 4115
1616 4116
1617 4117
1618 4118
1619 4119
1620 4120
1621 4121
1622 4122
1623 4123
1624 4124
1625 4125
1626 4126
1627 4127
1628 4128
1629 4129
1630 4130
1631 4131
1632 4132
1633 4133
1634 4134
1635 4135
1636 4136
1637 4137
1638 4138
1639 4139
1640 4140
1641 4141
1642 4142
1643 4143
1644 4144
1645 4145
1646 4146
1647 4147
1648 4148
1649 4149
1650 4150
1651 4151
1652 4152
1653 4153
1654 4154
1655 4155
1656 4156
1657 4157
1658 4158
1659 4159
1660 4160
1661 4161
1662 4162
1663 4163
1664 4164
1665 4165
1666 4166
1667 4167
1668 4168
1669 4169
1670 4170
1671 4171
1672 4172
1673 4173
1674 4174
1675 4175
1676 4176
1677 4177
1678 4178
1679 4179
1680 4180
1681 4181
1682 4182
1683 4183
1684 4184
1685 4185
1686 4186
1687 4187
1688 4188
1689 4189
1690 4190
1691 4191
1692 4192
1693 4193
1694 4194
1695 4195
1696 4196
1697 4197
1698 4198
1699 4199
1700 4200
1701 4201
1702 4202
1703 4203
1704 4204
1705 4205
1706 4206
1707 4207
1708 4208
1709 4209
1710 4210
1711 4211
1712 4212
1713 4213
1714 4214
1715 4215
1716 4216
1717 4217
1718 4218
1719 4219
1720 4220
1721 4221
1722 4222
1723 4223
1724 4224
1725 4225
1726 4226
1727 4227
1728 4228
1729 4229
1730 4230
1731 4231
1732 4232
1733 4233
1734 4234
1735 4235
1736 4236
1737 4237
1738 4238
1739 4239
1740 4240
1741 4241
1742 4242
1743 4243
1744 4244
1745 4245
1746 4246
1747 4247
1748 4248
1749 4249
1750 4250
1751 4251
1752 4252
1753 4253
1754 4254
1755 4255
1756 4256
1757 4257
1758 4258
1759 4259
1760 4260
1761 4261
1762 4262
1763 4263
1764 4264
1765 4265
1766 4266
1767 4267
1768 4268
1769 4269
1770 4270
1771 4271
1772 4272
1773 4273
1774 4274
1775 4275
1776 4276
1777 4277
1778 4278
1779 4279
1780 4280
1781 4281
1782 4282
1783 4283
1784 4284
1785 4285
1786 4286
1787 4287
1788 4288
1789 4289
1790 4290
1791 4291
1792 4292
1793 4293
1794 4294
1795 4295
1796 4296
1797 4297
1798 4298
1799 4299
1800 4300
1801 4301
1802 4302
1803 4303
1804 4304
1805 4305
1806 4306
1807 4307
1808 4308
1809 4309
1810 4310
1811 4311
1812 4312
1813 4313
1814 4314
1815 4315
1816 4316
1817 4317
1818 4318
1819 4319
1820 4320
1821 4321
1822 4322
1823 4323
1824 4324
1825 4325
1826 4326
1827 4327
1828 4328
1829 4329
1830 4330
1831 4331
1832 4332
1833 4333
1834 4334
1835 4335
1836 4336
1837 4337
1838 4338
1839 4339
1840 4340
1841 4341
1842 4342
1843 4343
1844 4344
1845 4345
1846 4346
1847 4347
1848 4348
1849 4349
1850 4350
1851 4351
1852 4352
1853 4353
1854 4354
1855 4355
1856 4356
1857 4357
1858 4358
1859 4359
1860 4360
1861 4361
1862 4362
1863 4363
1864 4364
1865 4365
1866 4366
1867 4367
1868 4368
1869 4369
1870 4370
1871 4371
1872 4372
1873 4373
1874 4374
1875 4375
1876 4376
1877 4377
1878 4378
1879 4379
1880 4380
1881 4381
1882 4382
1883 4383
1884 4384
1885 4385
1886 4386
1887 4387
1888 4388
1889 4389
1890 4390
1891 4391
1892 4392
1893 4393
1894 4394
1895 4395
1896 4396
1897 4397
1898 4398
1899 4399
1900 4400
1901 4401
1902 4402
1903 4403
1904 4404
1905 4405
1906 4406
1907 4407
1908 4408
1909 4409
1910 4410
1911 4411
1912 4412
1913 4413
1914 4414
1915 4415
1916 4416
1917 4417
1918 4418
1919 4419
1920 4420
1921 4421
1922 4422
1923 4423
1924 4424
1925 4425
1926 4426
1927 4427
1928 4428
1929 4429
1930 4430
1931 4431
1932 4432
1933 4433
1934 4434
1935 4435
1936 4436
1937 4437
1938 4438
1939 4439
1940 4440
1941 4441
1942 4442
1943 4443
1944 4444
1945 4445
1946 4446
1947 4447
1948 4448
1949 4449
1950 4450
1951 4451
1952 4452
1953 4453
1954 4454
1955 4455
1956 4456
1957 4457
1958 4458
1959 4459
1960 4460
1961 4461
1962 4462
1963 4463
1964 4464
1965 4465
1966 4466
1967 4467
1968 4468
1969 4469
1970 4470
1971 4471
1972 4472
1973 4473
1974 4474
1975 4475
1976 4476
1977 4477
1978 4478
1979 4479
1980 4480
1981 4481
1982 4482
1983 4483
1984 4484
1985 4485
1986 4486
1987 4487
1988 4488
1989 4489
1990 4490
1991 4491
1992 4492
1993 4493
1994 4494
1995 4495
1996 4496
1997 4497
1998 4498
1999 4499
2000 4500
2001 4501
2002 4502
2003 4503
2004 4504
2005 4505
2006 4506
2007 4507
2008 4508
2009 4509
2010 4510
2011 4511
2012 4512
2013 4513
2014 4514
2015 4515
2016 4516
2017 4517
2018 4518
2019 4519
2020 4520
2021 4521
2022 4522
2023 4523
2024 4524
2025 4525
2026 4526
2027 4527
2028 4528
2029 4529
2030 4530
2031 4531
2032 4532
2033 4533
2034 4534
2035 4535
2036 4536
2037 4537
2038 4538
2039 4539
2040 4540
2041 4541
2042 4542
2043 4543
2044 4544
2045 4545
2046 4546
2047 4547
2048 4548
2049 4549
2050 4550
2051 4551
2052 4552
2053 4553
2054 4554
2055 4555
2056 4556
2057 4557
2058 4558
2059 4559
2060 4560
2061 4561
2062 4562
2063 4563
2064 4564
2065 4565
2066 4566
2067 4567
2068 4568
2069 4569
2070 4570
2071 4571
2072 4572
2073 4573
2074 4574
2075 4575
2076 4576
2077 4577
2078 4578
2079 4579
2080 4580
2081 4581
2082 4582
2083 4583
2084 4584
2085 4585
2086 4586
2087 4587
2088 4588
2089 4589
2090 4590
2091 4591
2092 4592
2093 4593
2094 4594
2095 4595
2096 4596
2097 4597
2098 4598
2099 4599
2100 4600
2101 4601
2102 4602
2103 4603
2104 4604
2105 4605
2106 4606
2107 4607
2108 4608
2109 4609
2110 4610
2111 4611
2112 4612
2113 4613
2114 4614
2115 4615
2116 4616
2117 4617
2118 4618
2119 4619
2120 4620
2121 4621
2122 4622
2123 4623
2124 4624
2125 4625
2126 4626
2127 4627
2128 4628
2129 4629
2130 4630
2131 4631
2132 4632
2133 4633
2134 4634
2135 4635
2136 4636
2137 4637
2138 4638
2139 4639
2140 4640
2141 4641
2142 4642
2143 4643
2144 4644
2145 4645
2146 4646
2147 4647
2148 4648
2149 4649
2150 4650
2151 4651
2152 4652
2153 4653
2154 4654
2155 4655
2156 4656
2157 4657
2158 4658
2159 4659
2160 4660
2161 4661
2162 4662
2163 4663
2164 4664
2165 4665
2166 4666
2167 4667
2168 4668
2169 4669
2170 4670
2171 4671
2172 4672
2173 4673
2174 4674
2175 4675
2176 4676
2177 4677
2178 4678
2179 4679
2180 4680
2181 4681
2182 4682
2183 4683
2184 4684
2185 4685
2186 4686
2187 4687
2188 4688
2189 4689
2190 4690
2191 4691
2192 4692
2193 4693
2194 4694
2195 4695
2196 4696
2197 4697
2198 4698
2199 4699
2200 4700
2201 4701
2202 4702
2203 4703
2204 4704
2205 4705
2206 4706
2207 4707
2208 4708
2209 4709
2210 4710
2211 4711
2212 4712
2213 4713
2214 4714
2215 4715
2216 4716
2217 4717
2218 4718
2219 4719
2220 4720
2221 4721
2222 4722
2223 4723
2224 4724
2225 4725
2226 4726
2227 4727
2228 4728
2229 4729
2230 4730
2231 4731
2232 4732
2233 4733
2234 4734
2235 4735
2236 4736
2237 4737
2238 4738
2239 4739
2240 4740
2241 4741
2242 4742
2243 4743
2244 4744
2245 4745
2246 4746
2247 4747
2248 4748
2249 4749
2250 4750
2251 4751
2252 4752
2253 4753
2254 4754
2255 4755
2256 4756
2257 4757
2258 4758
2259 4759
2260 4760
2261 4761
2262 4762
2263 4763
2264 4764
2265 4765
2266 4766
2267 4767
2268 4768
2269 4769
2270 4770
2271 4771
2272 4772
2273 4773
2274 4774
2275 4775
2276 4776
2277 4777
2278 4778
2279 4779
2280 4780
2281 4781
2282 4782
2283 4783
2284 4784
2285 4785
2286 4786
2287 4787
2288 4788
2289 4789
2290 4790
2291 4791
2292 4792
2293 4793
2294 4794
2295 4795
2296 4796
2297 4797
2298 4798
2299 4799
2300 4800
2301 4801
2302 4802
2303 4803
2304 4804
2305 4805
2306 4806
2307 4807
2308 4808
2309 4809
2310 4810
2311 4811
2312 4812
2313 4813
2314 4814
2315 4815
2316 4816
2317 4817
2318 4818
2319 4819
2320 4820
2321 4821
2322 4822
2323 4823
2324 4824
2325 4825
2326 4826
2327 4827
2328 4828
2329 4829
2330 4830
2331 4831
2332 4832
2333 4833
2334 4834
2335 4835
2336 4836
2337 4837
2338 4838
2339 4839
2340 4840
2341 4841
2342 4842
2343 4843
2344 4844
2345 4845
2346 4846
2347 4847
2348 4848
2349 4849
2350 4850
2351 4851
2352 4852
2353 4853
2354 4854
2355 4855
2356 4856
2357 4857
2358 4858
2359 4859
2360 4860
2361 4861
2362 4862
2363 4863
2364 4864
2365 4865
2366 4866
2367 4867
2368 4868
2369 4869
2370 4870
2371 4871
2372 4872
2373 4873
2374 4874
2375 4875
2376 4876
2377 4877
2378 4878
2379 4879
2380 4880
2381 4881
2382 4882
2383 4883
2384 4884
2385 4885
2386 4886
2387 4887
2388 4888
2389 4889
2390 4890
2391 4891
2392 4892
2393 4893
2394 4894
2395 4895
2396 4896
2397 4897
2398 4898
2399 4899
2400 4900
2401 4901
2402 4902
2403 4903
2404 4904
2405 4905
2406 4906
2407 4907
2408 4908
2409 4909
2410 4910
2411 4911
2412 4912
2413 4913
2414 4914
2415 4915
2416 4916
2417 4917
2418 4918
2419 4919
2420 4920
2421 4921
2422 4922
2423 4923
2424 4924
2425 4925
2426 4926
2427 4927
2428 4928
2429 4929
2430 4930
2431 4931
2432 4932
2433 4933
2434 4934
2435 4935
2436 4936
2437 4937
2438 4938
2439 4939
2440 4940
2441 4941
2442 4942
2443 4943
2444 4944
2445 4945
2446 4946
2447 4947
2448 4948
2449 4949
2450 4950
2451 4951
2452 4952
2453 4953
2454 4954
2455 4955
2456 4956
2457 4957
2458 4958
2459 4959
2460 4960
2461 4961
2462 4962
2463 4963
2464 4964
2465 4965
2466 4966
2467 4967
2468 4968
2469 4969
2470 4970
2471 4971
2472 4972
2473 4973
2474 4974
2475 4975
2476 4976
2477 4977
2478 4978
2479 4979
2480 4980
2481 4981
2482 4982
2483 4983
2484 4984
2485 4985
2486 4986
2487 4987
2488 4988
2489 4989
2490 4990
2491 4991
2492 4992
2493 4993
2494 4994
2495 4995
2496 4996
2497 4997
2498 4998
2499 4999
2500 5000
2501 10000
2502 9999
2503 9998
2504 9997
2505 9996
2506 9995
2507 9994
2508 9993
2509 9992
2510 9991
2511 9990
2512 9989
2513 9988
2514 9987
2515 9986
2516 9985
2517 9984
2518 9983
2519 9982
2520 9981
2521 9980
2522 9979
2523 9978
2524 9977
2525 9976
2526 9975
2527 9974
2528 9973
2529 9972
2530 9971
2531 9970
2532 9969
2533 9968
2534 9967
2535 9966
2536 9965
2537 9964
2538 9963
2539 9962
2540 9961
2541 9960
2542 9959
2543 9958
2544 9957
2545 9956
2546 9955
2547 9954
2548 9953
2549 9952
2550 9951
2551 9950
2552 9949
2553 9948
2554 9947
2555 9946
2556 9945
2557 9944
2558 9943
2559 9942
2560 9941
2561 9940
2562 9939
2563 9938
2564 9937
2565 9936
2566 9935
2567 9934
2568 9933
2569 9932
2570 9931
2571 9930
2572 9929
2573 9928
2574 9927
2575 9926
2576 9925
2577 9924
2578 9923
2579 9922
2580 9921
2581 9920
2582 9919
2583 9918
2584 9917
2585 9916
2586 9915
2587 9914
2588 9913
2589 9912
2590 9911
2591 9910
2592 9909
2593 9908
2594 9907
2595 9906
2596 9905
2597 9904
2598 9903
2599 9902
2600 9901
2601 9900
2602 9899
2603 9898
2604 9897
2605 9896
2606 9895
2607 9894
2608 9893
2609 9892
2610 9891
2611 9890
2612 9889
2613 9888
2614 9887
2615 9886
2616 9885
2617 9884
2618 9883
2619 9882
2620 9881
2621 9880
2622 9879
2623 9878
2624 9877
2625 9876
2626 9875
2627 9874
2628 9873
2629 9872
2630 9871
2631 9870
2632 9869
2633 9868
2634 9867
2635 9866
2636 9865
2637 9864
2638 9863
2639 9862
2640 9861
2641 9860
2642 9859
2643 9858
2644 9857
2645 9856
2646 9855
2647 9854
2648 9853
2649 9852
2650 9851
2651 9850
2652 9849
2653 9848
2654 9847
2655 9846
2656 9845
2657 9844
2658 9843
2659 9842
2660 9841
2661 9840
2662 9839
2663 9838
2664 9837
2665 9836
2666 9835
2667 9834
2668 9833
2669 9832
2670 9831
2671 9830
2672 9829
2673 9828
2674 9827
2675 9826
2676 9825
2677 9824
2678 9823
2679 9822
2680 9821
2681 9820
2682 9819
2683 9818
2684 9817
2685 9816
2686 9815
2687 9814
2688 9813
2689 9812
2690 9811
2691 9810
2692 9809
2693 9808
2694 9807
2695 9806
2696 9805
2697 9804
2698 9803
2699 9802
2700 9801
2701 9800
2702 9799
2703 9798
2704 9797
2705 9796
2706 9795
2707 9794
2708 9793
2709 9792
2710 9791
2711 9790
2712 9789
2713 9788
2714 9787
2715 9786
2716 9785
2717 9784
2718 9783
2719 9782
2720 9781
2721 9780
2722 9779
2723 9778
2724 9777
2725 9776
2726 9775
2727 9774
2728 9773
2729 9772
2730 9771
2731 9770
2732 9769
2733 9768
2734 9767
2735 9766
2736 9765
2737 9764
2738 9763
2739 9762
2740 9761
2741 9760
2742 9759
2743 9758
2744 9757
2745 9756
2746 9755
2747 9754
2748 9753
2749 9752
2750 9751
2751 9750
2752 9749
2753 9748
2754 9747
2755 9746
2756 9745
2757 9744
2758 9743
2759 9742
2760 9741
2761 9740
2762 9739
2763 9738
2764 9737
2765 9736
2766 9735
2767 9734
2768 9733
2769 9732
2770 9731
2771 9730
2772 9729
2773 9728
2774 9727
2775 9726
2776 9725
2777 9724
2778 9723
2779 9722
2780 9721
2781 9720
2782 9719
2783 9718
2784 9717
2785 9716
2786 9715
2787 9714
2788 9713
2789 9712
2790 9711
2791 9710
2792 9709
2793 9708
2794 9707
2795 9706
2796 9705
2797 9704
2798 9703
2799 9702
2800 9701
2801 9700
2802 9699
2803 9698
2804 9697
2805 9696
2806 9695
2807 9694
2808 9693
2809 9692
2810 9691
2811 9690
2812 9689
2813 9688
2814 9687
2815 9686
2816 9685
2817 9684
2818 9683
2819 9682
2820 9681
2821 9680
2822 9679
2823 9678
2824 9677
2825 9676
2826 9675
2827 9674
2828 9673
2829 9672
2830 9671
2831 9670
2832 9669
2833 9668
2834 9667
2835 9666
2836 9665
2837 9664
2838 9663
2839 9662
2840 9661
2841 9660
2842 9659
2843 9658
2844 9657
2845 9656
2846 9655
2847 9654
2848 9653
2849 9652
2850 9651
2851 9650
2852 9649
2853 9648
2854 9647
2855 9646
2856 9645
2857 9644
2858 9643
2859 9642
2860 9641
2861 9640
2862 9639
2863 9638
2864 9637
2865 9636
2866 9635
2867 9634
2868 9633
2869 9632
2870 9631
2871 9630
2872 9629
2873 9628
2874 9627
2875 9626
2876 9625
2877 9624
2878 9623
2879 9622
2880 9621
2881 9620
2882 9619
2883 9618
2884 9617
2885 9616
2886 9615
2887 9614
2888 9613
2889 9612
2890 9611
2891 9610
2892 9609
2893 9608
2894 9607
2895 9606
2896 9605
2897 9604
2898 9603
2899 9602
2900 9601
2901 9600
2902 9599
2903 9598
2904 9597
2905 9596
2906 9595
2907 9594
2908 9593
2909 9592
2910 9591
2911 9590
2912 9589
2913 9588
2914 9587
2915 9586
2916 9585
2917 9584
2918 9583
2919 9582
2920 9581
2921 9580
2922 9579
2923 9578
2924 9577
2925 9576
2926 9575
2927 9574
2928 9573
2929 9572
2930 9571
2931 9570
2932 9569
2933 9568
2934 9567
2935 9566
2936 9565
2937 9564
2938 9563
2939 9562
2940 9561
2941 9560
2942 9559
2943 9558
2944 9557
2945 9556
2946 9555
2947 9554
2948 9553
2949 9552
2950 9551
2951 9550
2952 9549
2953 9548
2954 9547
2955 9546
2956 9545
2957 9544
2958 9543
2959 9542
2960 9541
2961 9540
2962 9539
2963 9538
2964 9537
2965 9536
2966 9535
2967 9534
2968 9533
2969 9532
2970 9531
2971 9530
2972 9529
2973 9528
2974 9527
2975 9526
2976 9525
2977 9524
2978 9523
2979 9522
2980 9521
2981 9520
2982 9519
2983 9518
2984 9517
2985 9516
2986 9515
2987 9514
2988 9513
2989 9512
2990 9511
2991 9510
2992 9509
2993 9508
2994 9507
2995 9506
2996 9505
2997 9504
2998 9503
2999 9502
3000 9501
3001 9500
3002 9499
3003 9498
3004 9497
3005 9496
3006 9495
3007 9494
3008 9493
3009 9492
3010 9491
3011 9490
3012 9489
3013 9488
3014 9487
3015 9486
3016 9485
3017 9484
3018 9483
3019 9482
3020 9481
3021 9480
3022 9479
3023 9478
3024 9477
3025 9476
3026 9475
3027 9474
3028 9473
3029 9472
3030 9471
3031 9470
3032 9469
3033 9468
3034 9467
3035 9466
3036 9465
3037 9464
3038 9463
3039 9462
3040 9461
3041 9460
3042 9459
3043 9458
3044 9457
3045 9456
3046 9455
3047 9454
3048 9453
3049 9452
3050 9451
3051 9450
3052 9449
3053 9448
3054 9447
3055 9446
3056 9445
3057 9444
3058 9443
3059 9442
3060 9441
3061 9440
3062 9439
3063 9438
3064 9437
3065 9436
3066 9435
3067 9434
3068 9433
3069 9432
3070 9431
3071 9430
3072 9429
3073 9428
3074 9427
3075 9426
3076 9425
3077 9424
3078 9423
3079 9422
3080 9421
3081 9420
3082 9419
3083 9418
3084 9417
3085 9416
3086 9415
3087 9414
3088 9413
3089 9412
3090 9411
3091 9410
3092 9409
3093 9408
3094 9407
3095 9406
3096 9405
3097 9404
3098 9403
3099 9402
3100 9401
3101 9400
3102 9399
3103 9398
3104 9397
3105 9396
3106 9395
3107 9394
3108 9393
3109 9392
3110 9391
3111 9390
3112 9389
3113 9388
3114 9387
3115 9386
3116 9385
3117 9384
3118 9383
3119 9382
3120 9381
3121 9380
3122 9379
3123 9378
3124 9377
3125 9376
3126 9375
3127 9374
3128 9373
3129 9372
3130 9371
3131 9370
3132 9369
3133 9368
3134 9367
3135 9366
3136 9365
3137 9364
3138 9363
3139 9362
3140 9361
3141 9360
3142 9359
3143 9358
3144 9357
3145 9356
3146 9355
3147 9354
3148 9353
3149 9352
3150 9351
3151 9350
3152 9349
3153 9348
3154 9347
3155 9346
3156 9345
3157 9344
3158 9343
3159 9342
3160 9341
3161 9340
3162 9339
3163 9338
3164 9337
3165 9336
3166 9335
3167 9334
3168 9333
3169 9332
3170 9331
3171 9330
3172 9329
3173 9328
3174 9327
3175 9326
3176 9325
3177 9324
3178 9323
3179 9322
3180 9321
3181 9320
3182 9319
3183 9318
3184 9317
3185 9316
3186 9315
3187 9314
3188 9313
3189 9312
3190 9311
3191 9310
3192 9309
3193 9308
3194 9307
3195 9306
3196 9305
3197 9304
3198 9303
3199 9302
3200 9301
3201 9300
3202 9299
3203 9298
3204 9297
3205 9296
3206 9295
3207 9294
3208 9293
3209 9292
3210 9291
3211 9290
3212 9289
3213 9288
3214 9287
3215 9286
3216 9285
3217 9284
3218 9283
3219 9282
3220 9281
3221 9280
3222 9279
3223 9278
3224 9277
3225 9276
3226 9275
3227 9274
3228 9273
3229 9272
3230 9271
3231 9270
3232 9269
3233 9268
3234 9267
3235 9266
3236 9265
3237 9264
3238 9263
3239 9262
3240 9261
3241 9260
3242 9259
3243 9258
3244 9257
3245 9256
3246 9255
3247 9254
3248 9253
3249 9252
3250 9251
3251 9250
3252 9249
3253 9248
3254 9247
3255 9246
3256 9245
3257 9244
3258 9243
3259 9242
3260 9241
3261 9240
3262 9239
3263 9238
3264 9237
3265 9236
3266 9235
3267 9234
3268 9233
3269 9232
3270 9231
3271 9230
3272 9229
3273 9228
3274 9227
3275 9226
3276 9225
3277 9224
3278 9223
3279 9222
3280 9221
3281 9220
3282 9219
3283 9218
3284 9217
3285 9216
3286 9215
3287 9214
3288 9213
3289 9212
3290 9211
3291 9210
3292 9209
3293 9208
3294 9207
3295 9206
3296 9205
3297 9204
3298 9203
3299 9202
3300 9201
3301 9200
3302 9199
3303 9198
3304 9197
3305 9196
3306 9195
3307 9194
3308 9193
3309 9192
3310 9191
3311 9190
3312 9189
3313 9188
3314 9187
3315 9186
3316 9185
3317 9184
3318 9183
3319 9182
3320 9181
3321 9180
3322 9179
3323 9178
3324 9177
3325 9176
3326 9175
3327 9174
3328 9173
3329 9172
3330 9171
3331 9170
3332 9169
3333 9168
3334 9167
3335 9166
3336 9165
3337 9164
3338 9163
3339 9162
3340 9161
3341 9160
3342 9159
3343 9158
3344 9157
3345 9156
3346 9155
3347 9154
3348 9153
3349 9152
3350 9151
3351 9150
3352 9149
3353 9148
3354 9147
3355 9146
3356 9145
3357 9144
3358 9143
3359 9142
3360 9141
3361 9140
3362 9139
3363 9138
3364 9137
3365 9136
3366 9135
3367 9134
3368 9133
3369 9132
3370 9131
3371 9130
3372 9129
3373 9128
3374 9127
3375 9126
3376 9125
3377 9124
3378 9123
3379 9122
3380 9121
3381 9120
3382 9119
3383 9118
3384 9117
3385 9116
3386 9115
3387 9114
3388 9113
3389 9112
3390 9111
3391 9110
3392 9109
3393 9108
3394 9107
3395 9106
3396 9105
3397 9104
3398 9103
3399 9102
3400 9101
3401 9100
3402 9099
3403 9098
3404 9097
3405 9096
3406 9095
3407 9094
3408 9093
3409 9092
3410 9091
3411 9090
3412 9089
3413 9088
3414 9087
3415 9086
3416 9085
3417 9084
3418 9083
3419 9082
3420 9081
3421 9080
3422 9079
3423 9078
3424 9077
3425 9076
3426 9075
3427 9074
3428 9073
3429 9072
3430 9071
3431 9070
3432 9069
3433 9068
3434 9067
3435 9066
3436 9065
3437 9064
3438 9063
3439 9062
3440 9061
3441 9060
3442 9059
3443 9058
3444 9057
3445 9056
3446 9055
3447 9054
3448 9053
3449 9052
3450 9051
3451 9050
3452 9049
3453 9048
3454 9047
3455 9046
3456 9045
3457 9044
3458 9043
3459 9042
3460 9041
3461 9040
3462 9039
3463 9038
3464 9037
3465 9036
3466 9035
3467 9034
3468 9033
3469 9032
3470 9031
3471 9030
3472 9029
3473 9028
3474 9027
3475 9026
3476 9025
3477 9024
3478 9023
3479 9022
3480 9021
3481 9020
3482 9019
3483 9018
3484 9017
3485 9016
3486 9015
3487 9014
3488 9013
3489 9012
3490 9011
3491 9010
3492 9009
3493 9008
3494 9007
3495 9006
3496 9005
3497 9004
3498 9003
3499 9002
3500 9001
3501 9000
3502 8999
3503 8998
3504 8997
3505 8996
3506 8995
3507 8994
3508 8993
3509 8992
3510 8991
3511 8990
3512 8989
3513 8988
3514 8987
3515 8986
3516 8985
3517 8984
3518 8983
3519 8982
3520 8981
3521 8980
3522 8979
3523 8978
3524 8977
3525 8976
3526 8975
3527 8974
3528 8973
3529 8972
3530 8971
3531 8970
3532 8969
3533 8968
3534 8967
3535 8966
3536 8965
3537 8964
3538 8963
3539 8962
3540 8961
3541 8960
3542 8959
3543 8958
3544 8957
3545 8956
3546 8955
3547 8954
3548 8953
3549 8952
3550 8951
3551 8950
3552 8949
3553 8948
3554 8947
3555 8946
3556 8945
3557 8944
3558 8943
3559 8942
3560 8941
3561 8940
3562 8939
3563 8938
3564 8937
3565 8936
3566 8935
3567 8934
3568 8933
3569 8932
3570 8931
3571 8930
3572 8929
3573 8928
3574 8927
3575 8926
3576 8925
3577 8924
3578 8923
3579 8922
3580 8921
3581 8920
3582 8919
3583 8918
3584 8917
3585 8916
3586 8915
3587 8914
3588 8913
3589 8912
3590 8911
3591 8910
3592 8909
3593 8908
3594 8907
3595 8906
3596 8905
3597 8904
3598 8903
3599 8902
3600 8901
3601 8900
3602 8899
3603 8898
3604 8897
3605 8896
3606 8895
3607 8894
3608 8893
3609 8892
3610 8891
3611 8890
3612 8889
3613 8888
3614 8887
3615 8886
3616 8885
3617 8884
3618 8883
3619 8882
3620 8881
3621 8880
3622 8879
3623 8878
3624 8877
3625 8876
3626 8875
3627 8874
3628 8873
3629 8872
3630 8871
3631 8870
3632 8869
3633 8868
3634 8867
3635 8866
3636 8865
3637 8864
3638 8863
3639 8862
3640 8861
3641 8860
3642 8859
3643 8858
3644 8857
3645 8856
3646 8855
3647 8854
3648 8853
3649 8852
3650 8851
3651 8850
3652 8849
3653 8848
3654 8847
3655 8846
3656 8845
3657 8844
3658 8843
3659 8842
3660 8841
3661 8840
3662 8839
3663 8838
3664 8837
3665 8836
3666 8835
3667 8834
3668 8833
3669 8832
3670 8831
3671 8830
3672 8829
3673 8828
3674 8827
3675 8826
3676 8825
3677 8824
3678 8823
3679 8822
3680 8821
3681 8820
3682 8819
3683 8818
3684 8817
3685 8816
3686 8815
3687 8814
3688 8813
3689 8812
3690 8811
3691 8810
3692 8809
3693 8808
3694 8807
3695 8806
3696 8805
3697 8804
3698 8803
3699 8802
3700 8801
3701 8800
3702 8799
3703 8798
3704 8797
3705 8796
3706 8795
3707 8794
3708 8793
3709 8792
3710 8791
3711 8790
3712 8789
3713 8788
3714 8787
3715 8786
3716 8785
3717 8784
3718 8783
3719 8782
3720 8781
3721 8780
3722 8779
3723 8778
3724 8777
3725 8776
3726 8775
3727 8774
3728 8773
3729 8772
3730 8771
3731 8770
3732 8769
3733 8768
3734 8767
3735 8766
3736 8765
3737 8764
3738 8763
3739 8762
3740 8761
3741 8760
3742 8759
3743 8758
3744 8757
3745 8756
3746 8755
3747 8754
3748 8753
3749 8752
3750 8751
3751 8750
3752 8749
3753 8748
3754 8747
3755 8746
3756 8745
3757 8744
3758 8743
3759 8742
3760 8741
3761 8740
3762 8739
3763 8738
3764 8737
3765 8736
3766 8735
3767 8734
3768 8733
3769 8732
3770 8731
3771 8730
3772 8729
3773 8728
3774 8727
3775 8726
3776 8725
3777 8724
3778 8723
3779 8722
3780 8721
3781 8720
3782 8719
3783 8718
3784 8717
3785 8716
3786 8715
3787 8714
3788 8713
3789 8712
3790 8711
3791 8710
3792 8709
3793 8708
3794 8707
3795 8706
3796 8705
3797 8704
3798 8703
3799 8702
3800 8701
3801 8700
3802 8699
3803 8698
3804 8697
3805 8696
3806 8695
3807 8694
3808 8693
3809 8692
3810 8691
3811 8690
3812 8689
3813 8688
3814 8687
3815 8686
3816 8685
3817 8684
3818 8683
3819 8682
3820 8681
3821 8680
3822 8679
3823 8678
3824 8677
3825 8676
3826 8675
3827 8674
3828 8673
3829 8672
3830 8671
3831 8670
3832 8669
3833 8668
3834 8667
3835 8666
3836 8665
3837 8664
3838 8663
3839 8662
3840 8661
3841 8660
3842 8659
3843 8658
3844 8657
3845 8656
3846 8655
3847 8654
3848 8653
3849 8652
3850 8651
3851 8650
3852 8649
3853 8648
3854 8647
3855 8646
3856 8645
3857 8644
3858 8643
3859 8642
3860 8641
3861 8640
3862 8639
3863 8638
3864 8637
3865 8636
3866 8635
3867 8634
3868 8633
3869 8632
3870 8631
3871 8630
3872 8629
3873 8628
3874 8627
3875 8626
3876 8625
3877 8624
3878 8623
3879 8622
3880 8621
3881 8620
3882 8619
3883 8618
3884 8617
3885 8616
3886 8615
3887 8614
3888 8613
3889 8612
3890 8611
3891 8610
3892 8609
3893 8608
3894 8607
3895 8606
3896 8605
3897 8604
3898 8603
3899 8602
3900 8601
3901 8600
3902 8599
3903 8598
3904 8597
3905 8596
3906 8595
3907 8594
3908 8593
3909 8592
3910 8591
3911 8590
3912 8589
3913 8588
3914 8587
3915 8586
3916 8585
3917 8584
3918 8583
3919 8582
3920 8581
3921 8580
3922 8579
3923 8578
3924 8577
3925 8576
3926 8575
3927 8574
3928 8573
3929 8572
3930 8571
3931 8570
3932 8569
3933 8568
3934 8567
3935 8566
3936 8565
3937 8564
3938 8563
3939 8562
3940 8561
3941 8560
3942 8559
3943 8558
3944 8557
3945 8556
3946 8555
3947 8554
3948 8553
3949 8552
3950 8551
3951 8550
3952 8549
3953 8548
3954 8547
3955 8546
3956 8545
3957 8544
3958 8543
3959 8542
3960 8541
3961 8540
3962 8539
3963 8538
3964 8537
3965 8536
3966 8535
3967 8534
3968 8533
3969 8532
3970 8531
3971 8530
3972 8529
3973 8528
3974 8527
3975 8526
3976 8525
3977 8524
3978 8523
3979 8522
3980 8521
3981 8520
3982 8519
3983 8518
3984 8517
3985 8516
3986 8515
3987 8514
3988 8513
3989 8512
3990 8511
3991 8510
3992 8509
3993 8508
3994 8507
3995 8506
3996 8505
3997 8504
3998 8503
3999 8502
4000 8501
4001 8500
4002 8499
4003 8498
4004 8497
4005 8496
4006 8495
4007 8494
4008 8493
4009 8492
4010 8491
4011 8490
4012 8489
4013 8488
4014 8487
4015 8486
4016 8485
4017 8484
4018 8483
4019 8482
4020 8481
4021 8480
4022 8479
4023 8478
4024 8477
4025 8476
4026 8475
4027 8474
4028 8473
4029 8472
4030 8471
4031 8470
4032 8469
4033 8468
4034 8467
4035 8466
4036 8465
4037 8464
4038 8463
4039 8462
4040 8461
4041 8460
4042 8459
4043 8458
4044 8457
4045 8456
4046 8455
4047 8454
4048 8453
4049 8452
4050 8451
4051 8450
4052 8449
4053 8448
4054 8447
4055 8446
4056 8445
4057 8444
4058 8443
4059 8442
4060 8441
4061 8440
4062 8439
4063 8438
4064 8437
4065 8436
4066 8435
4067 8434
4068 8433
4069 8432
4070 8431
4071 8430
4072 8429
4073 8428
4074 8427
4075 8426
4076 8425
4077 8424
4078 8423
4079 8422
4080 8421
4081 8420
4082 8419
4083 8418
4084 8417
4085 8416
4086 8415
4087 8414
4088 8413
4089 8412
4090 8411
4091 8410
4092 8409
4093 8408
4094 8407
4095 8406
4096 8405
4097 8404
4098 8403
4099 8402
4100 8401
4101 8400
4102 8399
4103 8398
4104 8397
4105 8396
4106 8395
4107 8394
4108 8393
4109 8392
4110 8391
4111 8390
4112 8389
4113 8388
4114 8387
4115 8386
4116 8385
4117 8384
4118 8383
4119 8382
4120 8381
4121 8380
4122 8379
4123 8378
4124 8377
4125 8376
4126 8375
4127 8374
4128 8373
4129 8372
4130 8371
4131 8370
4132 8369
4133 8368
4134 8367
4135 8366
4136 8365
4137 8364
4138 8363
4139 8362
4140 8361
4141 8360
4142 8359
4143 8358
4144 8357
4145 8356
4146 8355
4147 8354
4148 8353
4149 8352
4150 8351
4151 8350
4152 8349
4153 8348
4154 8347
4155 8346
4156 8345
4157 8344
4158 8343
4159 8342
4160 8341
4161 8340
4162 8339
4163 8338
4164 8337
4165 8336
4166 8335
4167 8334
4168 8333
4169 8332
4170 8331
4171 8330
4172 8329
4173 8328
4174 8327
4175 8326
4176 8325
4177 8324
4178 8323
4179 8322
4180 8321
4181 8320
4182 8319
4183 8318
4184 8317
4185 8316
4186 8315
4187 8314
4188 8313
4189 8312
4190 8311
4191 8310
4192 8309
4193 8308
4194 8307
4195 8306
4196 8305
4197 8304
4198 8303
4199 8302
4200 8301
4201 8300
4202 8299
4203 8298
4204 8297
4205 8296
4206 8295
4207 8294
4208 8293
4209 8292
4210 8291
4211 8290
4212 8289
4213 8288
4214 8287
4215 8286
4216 8285
4217 8284
4218 8283
4219 8282
4220 8281
4221 8280
4222 8279
4223 8278
4224 8277
4225 8276
4226 8275
4227 8274
4228 8273
4229 8272
4230 8271
4231 8270
4232 8269
4233 8268
4234 8267
4235 8266
4236 8265
4237 8264
4238 8263
4239 8262
4240 8261
4241 8260
4242 8259
4243 8258
4244 8257
4245 8256
4246 8255
4247 8254
4248 8253
4249 8252
4250 8251
4251 8250
4252 8249
4253 8248
4254 8247
4255 8246
4256 8245
4257 8244
4258 8243
4259 8242
4260 8241
4261 8240
4262 8239
4263 8238
4264 8237
4265 8236
4266 8235
4267 8234
4268 8233
4269 8232
4270 8231
4271 8230
4272 8229
4273 8228
4274 8227
4275 8226
4276 8225
4277 8224
4278 8223
4279 8222
4280 8221
4281 8220
4282 8219
4283 8218
4284 8217
4285 8216
4286 8215
4287 8214
4288 8213
4289 8212
4290 8211
4291 8210
4292 8209
4293 8208
4294 8207
4295 8206
4296 8205
4297 8204
4298 8203
4299 8202
4300 8201
4301 8200
4302 8199
4303 8198
4304 8197
4305 8196
4306 8195
4307 8194
4308 8193
4309 8192
4310 8191
4311 8190
4312 8189
4313 8188
4314 8187
4315 8186
4316 8185
4317 8184
4318 8183
4319 8182
4320 8181
4321 8180
4322 8179
4323 8178
4324 8177
4325 8176
4326 8175
4327 8174
4328 8173
4329 8172
4330 8171
4331 8170
4332 8169
4333 8168
4334 8167
4335 8166
4336 8165
4337 8164
4338 8163
4339 8162
4340 8161
4341 8160
4342 8159
4343 8158
4344 8157
4345 8156
4346 8155
4347 8154
4348 8153
4349 8152
4350 8151
4351 8150
4352 8149
4353 8148
4354 8147
4355 8146
4356 8145
4357 8144
4358 8143
4359 8142
4360 8141
4361 8140
4362 8139
4363 8138
4364 8137
4365 8136
4366 8135
4367 8134
4368 8133
4369 8132
4370 8131
4371 8130
4372 8129
4373 8128
4374 8127
4375 8126
4376 8125
4377 8124
4378 8123
4379 8122
4380 8121
4381 8120
4382 8119
4383 8118
4384 8117
4385 8116
4386 8115
4387 8114
4388 8113
4389 8112
4390 8111
4391 8110
4392 8109
4393 8108
4394 8107
4395 8106
4396 8105
4397 8104
4398 8103
4399 8102
4400 8101
4401 8100
4402 8099
4403 8098
4404 8097
4405 8096
4406 8095
4407 8094
4408 8093
4409 8092
4410 8091
4411 8090
4412 8089
4413 8088
4414 8087
4415 8086
4416 8085
4417 8084
4418 8083
4419 8082
4420 8081
4421 8080
4422 8079
4423 8078
4424 8077
4425 8076
4426 8075
4427 8074
4428 8073
4429 8072
4430 8071
4431 8070
4432 8069
4433 8068
4434 8067
4435 8066
4436 8065
4437 8064
4438 8063
4439 8062
4440 8061
4441 8060
4442 8059
4443 8058
4444 8057
4445 8056
4446 8055
4447 8054
4448 8053
4449 8052
4450 8051
4451 8050
4452 8049
4453 8048
4454 8047
4455 8046
4456 8045
4457 8044
4458 8043
4459 8042
4460 8041
4461 8040
4462 8039
4463 8038
4464 8037
4465 8036
4466 8035
4467 8034
4468 8033
4469 8032
4470 8031
4471 8030
4472 8029
4473 8028
4474 8027
4475 8026
4476 8025
4477 8024
4478 8023
4479 8022
4480 8021
4481 8020
4482 8019
4483 8018
4484 8017
4485 8016
4486 8015
4487 8014
4488 8013
4489 8012
4490 8011
4491 8010
4492 8009
4493 8008
4494 8007
4495 8006
4496 8005
4497 8004
4498 8003
4499 8002
4500 8001
4501 8000
4502 7999
4503 7998
4504 7997
4505 7996
4506 7995
4507 7994
4508 7993
4509 7992
4510 7991
4511 7990
4512 7989
4513 7988
4514 7987
4515 7986
4516 7985
4517 7984
4518 7983
4519 7982
4520 7981
4521 7980
4522 7979
4523 7978
4524 7977
4525 7976
4526 7975
4527 7974
4528 7973
4529 7972
4530 7971
4531 7970
4532 7969
4533 7968
4534 7967
4535 7966
4536 7965
4537 7964
4538 7963
4539 7962
4540 7961
4541 7960
4542 7959
4543 7958
4544 7957
4545 7956
4546 7955
4547 7954
4548 7953
4549 7952
4550 7951
4551 7950
4552 7949
4553 7948
4554 7947
4555 7946
4556 7945
4557 7944
4558 7943
4559 7942
4560 7941
4561 7940
4562 7939
4563 7938
4564 7937
4565 7936
4566 7935
4567 7934
4568 7933
4569 7932
4570 7931
4571 7930
4572 7929
4573 7928
4574 7927
4575 7926
4576 7925
4577 7924
4578 7923
4579 7922
4580 7921
4581 7920
4582 7919
4583 7918
4584 7917
4585 7916
4586 7915
4587 7914
4588 7913
4589 7912
4590 7911
4591 7910
4592 7909
4593 7908
4594 7907
4595 7906
4596 7905
4597 7904
4598 7903
4599 7902
4600 7901
4601 7900
4602 7899
4603 7898
4604 7897
4605 7896
4606 7895
4607 7894
4608 7893
4609 7892
4610 7891
4611 7890
4612 7889
4613 7888
4614 7887
4615 7886
4616 7885
4617 7884
4618 7883
4619 7882
4620 7881
4621 7880
4622 7879
4623 7878
4624 7877
4625 7876
4626 7875
4627 7874
4628 7873
4629 7872
4630 7871
4631 7870
4632 7869
4633 7868
4634 7867
4635 7866
4636 7865
4637 7864
4638 7863
4639 7862
4640 7861
4641 7860
4642 7859
4643 7858
4644 7857
4645 7856
4646 7855
4647 7854
4648 7853
4649 7852
4650 7851
4651 7850
4652 7849
4653 7848
4654 7847
4655 7846
4656 7845
4657 7844
4658 7843
4659 7842
4660 7841
4661 7840
4662 7839
4663 7838
4664 7837
4665 7836
4666 7835
4667 7834
4668 7833
4669 7832
4670 7831
4671 7830
4672 7829
4673 7828
4674 7827
4675 7826
4676 7825
4677 7824
4678 7823
4679 7822
4680 7821
4681 7820
4682 7819
4683 7818
4684 7817
4685 7816
4686 7815
4687 7814
4688 7813
4689 7812
4690 7811
4691 7810
4692 7809
4693 7808
4694 7807
4695 7806
4696 7805
4697 7804
4698 7803
4699 7802
4700 7801
4701 7800
4702 7799
4703 7798
4704 7797
4705 7796
4706 7795
4707 7794
4708 7793
4709 7792
4710 7791
4711 7790
4712 7789
4713 7788
4714 7787
4715 7786
4716 7785
4717 7784
4718 7783
4719 7782
4720 7781
4721 7780
4722 7779
4723 7778
4724 7777
4725 7776
4726 7775
4727 7774
4728 7773
4729 7772
4730 7771
4731 7770
4732 7769
4733 7768
4734 7767
4735 7766
4736 7765
4737 7764
4738 7763
4739 7762
4740 7761
4741 7760
4742 7759
4743 7758
4744 7757
4745 7756
4746 7755
4747 7754
4748 7753
4749 7752
4750 7751
4751 7750
4752 7749
4753 7748
4754 7747
4755 7746
4756 7745
4757 7744
4758 7743
4759 7742
4760 7741
4761 7740
4762 7739
4763 7738
4764 7737
4765 7736
4766 7735
4767 7734
4768 7733
4769 7732
4770 7731
4771 7730
4772 7729
4773 7728
4774 7727
4775 7726
4776 7725
4777 7724
4778 7723
4779 7722
4780 7721
4781 7720
4782 7719
4783 7718
4784 7717
4785 7716
4786 7715
4787 7714
4788 7713
4789 7712
4790 7711
4791 7710
4792 7709
4793 7708
4794 7707
4795 7706
4796 7705
4797 7704
4798 7703
4799 7702
4800 7701
4801 7700
4802 7699
4803 7698
4804 7697
4805 7696
4806 7695
4807 7694
4808 7693
4809 7692
4810 7691
4811 7690
4812 7689
4813 7688
4814 7687
4815 7686
4816 7685
4817 7684
4818 7683
4819 7682
4820 7681
4821 7680
4822 7679
4823 7678
4824 7677
4825 7676
4826 7675
4827 7674
4828 7673
4829 7672
4830 7671
4831 7670
4832 7669
4833 7668
4834 7667
4835 7666
4836 7665
4837 7664
4838 7663
4839 7662
4840 7661
4841 7660
4842 7659
4843 7658
4844 7657
4845 7656
4846 7655
4847 7654
4848 7653
4849 7652
4850 7651
4851 7650
4852 7649
4853 7648
4854 7647
4855 7646
4856 7645
4857 7644
4858 7643
4859 7642
4860 7641
4861 7640
4862 7639
4863 7638
4864 7637
4865 7636
4866 7635
4867 7634
4868 7633
4869 7632
4870 7631
4871 7630
4872 7629
4873 7628
4874 7627
4875 7626
4876 7625
4877 7624
4878 7623
4879 7622
4880 7621
4881 7620
4882 7619
4883 7618
4884 7617
4885 7616
4886 7615
4887 7614
4888 7613
4889 7612
4890 7611
4891 7610
4892 7609
4893 7608
4894 7607
4895 7606
4896 7605
4897 7604
4898 7603
4899 7602
4900 7601
4901 7600
4902 7599
4903 7598
4904 7597
4905 7596
4906 7595
4907 7594
4908 7593
4909 7592
4910 7591
4911 7590
4912 7589
4913 7588
4914 7587
4915 7586
4916 7585
4917 7584
4918 7583
4919 7582
4920 7581
4921 7580
4922 7579
4923 7578
4924 7577
4925 7576
4926 7575
4927 7574
4928 7573
4929 7572
4930 7571
4931 7570
4932 7569
4933 7568
4934 7567
4935 7566
4936 7565
4937 7564
4938 7563
4939 7562
4940 7561
4941 7560
4942 7559
4943 7558
4944 7557
4945 7556
4946 7555
4947 7554
4948 7553
4949 7552
4950 7551
4951 7550
4952 7549
4953 7548
4954 7547
4955 7546
4956 7545
4957 7544
4958 7543
4959 7542
4960 7541
4961 7540
4962 7539
4963 7538
4964 7537
4965 7536
4966 7535
4967 7534
4968 7533
4969 7532
4970 7531
4971 7530
4972 7529
4973 7528
4974 7527
4975 7526
4976 7525
4977 7524
4978 7523
4979 7522
4980 7521
4981 7520
4982 7519
4983 7518
4984 7517
4985 7516
4986 7515
4987 7514
4988 7513
4989 7512
4990 7511
4991 7510
4992 7509
4993 7508
4994 7507
4995 7506
4996 7505
4997 7504
4998 7503
4999 7502
5000 7501
7501 5001
7502 5002
7503 5003
7504 5004
7505 5005
7506 5006
7507 5007
7508 5008
7509 5009
7510 5010
7511 5011
7512 5012
7513 5013
7514 5014
7515 5015
7516 5016
7517 5017
7518 5018
7519 5019
7520 5020
7521 5021
7522 5022
7523 5023
7524 5024
7525 5025
7526 5026
7527 5027
7528 5028
7529 5029
7530 5030
7531 5031
7532 5032
7533 5033
7534 5034
7535 5035
7536 5036
7537 5037
7538 5038
7539 5039
7540 5040
7541 5041
7542 5042
7543 5043
7544 5044
7545 5045
7546 5046
7547 5047
7548 5048
7549 5049
7550 5050
7551 5051
7552 5052
7553 5053
7554 5054
7555 5055
7556 5056
7557 5057
7558 5058
7559 5059
7560 5060
7561 5061
7562 5062
7563 5063
7564 5064
7565 5065
7566 5066
7567 5067
7568 5068
7569 5069
7570 5070
7571 5071
7572 5072
7573 5073
7574 5074
7575 5075
7576 5076
7577 5077
7578 5078
7579 5079
7580 5080
7581 5081
7582 5082
7583 5083
7584 5084
7585 5085
7586 5086
7587 5087
7588 5088
7589 5089
7590 5090
7591 5091
7592 5092
7593 5093
7594 5094
7595 5095
7596 5096
7597 5097
7598 5098
7599 5099
7600 5100
7601 5101
7602 5102
7603 5103
7604 5104
7605 5105
7606 5106
7607 5107
7608 5108
7609 5109
7610 5110
7611 5111
7612 5112
7613 5113
7614 5114
7615 5115
7616 5116
7617 5117
7618 5118
7619 5119
7620 5120
7621 5121
7622 5122
7623 5123
7624 5124
7625 5125
7626 5126
7627 5127
7628 5128
7629 5129
7630 5130
7631 5131
7632 5132
7633 5133
7634 5134
7635 5135
7636 5136
7637 5137
7638 5138
7639 5139
7640 5140
7641 5141
7642 5142
7643 5143
7644 5144
7645 5145
7646 5146
7647 5147
7648 5148
7649 5149
7650 5150
7651 5151
7652 5152
7653 5153
7654 5154
7655 5155
7656 5156
7657 5157
7658 5158
7659 5159
7660 5160
7661 5161
7662 5162
7663 5163
7664 5164
7665 5165
7666 5166
7667 5167
7668 5168
7669 5169
7670 5170
7671 5171
7672 5172
7673 5173
7674 5174
7675 5175
7676 5176
7677 5177
7678 5178
7679 5179
7680 5180
7681 5181
7682 5182
7683 5183
7684 5184
7685 5185
7686 5186
7687 5187
7688 5188
7689 5189
7690 5190
7691 5191
7692 5192
7693 5193
7694 5194
7695 5195
7696 5196
7697 5197
7698 5198
7699 5199
7700 5200
7701 5201
7702 5202
7703 5203
7704 5204
7705 5205
7706 5206
7707 5207
7708 5208
7709 5209
7710 5210
7711 5211
7712 5212
7713 5213
7714 5214
7715 5215
7716 5216
7717 5217
7718 5218
7719 5219
7720 5220
7721 5221
7722 5222
7723 5223
7724 5224
7725 5225
7726 5226
7727 5227
7728 5228
7729 5229
7730 5230
7731 5231
7732 5232
7733 5233
7734 5234
7735 5235
7736 5236
7737 5237
7738 5238
7739 5239
7740 5240
7741 5241
7742 5242
7743 5243
7744 5244
7745 5245
7746 5246
7747 5247
7748 5248
7749 5249
7750 5250
7751 5251
7752 5252
7753 5253
7754 5254
7755 5255
7756 5256
7757 5257
7758 5258
7759 5259
7760 5260
7761 5261
7762 5262
7763 5263
7764 5264
7765 5265
7766 5266
7767 5267
7768 5268
7769 5269
7770 5270
7771 5271
7772 5272
7773 5273
7774 5274
7775 5275
7776 5276
7777 5277
7778 5278
7779 5279
7780 5280
7781 5281
7782 5282
7783 5283
7784 5284
7785 5285
7786 5286
7787 5287
7788 5288
7789 5289
7790 5290
7791 5291
7792 5292
7793 5293
7794 5294
7795 5295
7796 5296
7797 5297
7798 5298
7799 5299
7800 5300
7801 5301
7802 5302
7803 5303
7804 5304
7805 5305
7806 5306
7807 5307
7808 5308
7809 5309
7810 5310
7811 5311
7812 5312
7813 5313
7814 5314
7815 5315
7816 5316
7817 5317
7818 5318
7819 5319
7820 5320
7821 5321
7822 5322
7823 5323
7824 5324
7825 5325
7826 5326
7827 5327
7828 5328
7829 5329
7830 5330
7831 5331
7832 5332
7833 5333
7834 5334
7835 5335
7836 5336
7837 5337
7838 5338
7839 5339
7840 5340
7841 5341
7842 5342
7843 5343
7844 5344
7845 5345
7846 5346
7847 5347
7848 5348
7849 5349
7850 5350
7851 5351
7852 5352
7853 5353
7854 5354
7855 5355
7856 5356
7857 5357
7858 5358
7859 5359
7860 5360
7861 5361
7862 5362
7863 5363
7864 5364
7865 5365
7866 5366
7867 5367
7868 5368
7869 5369
7870 5370
7871 5371
7872 5372
7873 5373
7874 5374
7875 5375
7876 5376
7877 5377
7878 5378
7879 5379
7880 5380
7881 5381
7882 5382
7883 5383
7884 5384
7885 5385
7886 5386
7887 5387
7888 5388
7889 5389
7890 5390
7891 5391
7892 5392
7893 5393
7894 5394
7895 5395
7896 5396
7897 5397
7898 5398
7899 5399
7900 5400
7901 5401
7902 5402
7903 5403
7904 5404
7905 5405
7906 5406
7907 5407
7908 5408
7909 5409
7910 5410
7911 5411
7912 5412
7913 5413
7914 5414
7915 5415
7916 5416
7917 5417
7918 5418
7919 5419
7920 5420
7921 5421
7922 5422
7923 5423
7924 5424
7925 5425
7926 5426
7927 5427
7928 5428
7929 5429
7930 5430
7931 5431
7932 5432
7933 5433
7934 5434
7935 5435
7936 5436
7937 5437
7938 5438
7939 5439
7940 5440
7941 5441
7942 5442
7943 5443
7944 5444
7945 5445
7946 5446
7947 5447
7948 5448
7949 5449
7950 5450
7951 5451
7952 5452
7953 5453
7954 5454
7955 5455
7956 5456
7957 5457
7958 5458
7959 5459
7960 5460
7961 5461
7962 5462
7963 5463
7964 5464
7965 5465
7966 5466
7967 5467
7968 5468
7969 5469
7970 5470
7971 5471
7972 5472
7973 5473
7974 5474
7975 5475
7976 5476
7977 5477
7978 5478
7979 5479
7980 5480
7981 5481
7982 5482
7983 5483
7984 5484
7985 5485
7986 5486
7987 5487
7988 5488
7989 5489
7990 5490
7991 5491
7992 5492
7993 5493
7994 5494
7995 5495
7996 5496
7997 5497
7998 5498
7999 5499
8000 5500
8001 5501
8002 5502
8003 5503
8004 5504
8005 5505
8006 5506
8007 5507
8008 5508
8009 5509
8010 5510
8011 5511
8012 5512
8013 5513
8014 5514
8015 5515
8016 5516
8017 5517
8018 5518
8019 5519
8020 5520
8021 5521
8022 5522
8023 5523
8024 5524
8025 5525
8026 5526
8027 5527
8028 5528
8029 5529
8030 5530
8031 5531
8032 5532
8033 5533
8034 5534
8035 5535
8036 5536
8037 5537
8038 5538
8039 5539
8040 5540
8041 5541
8042 5542
8043 5543
8044 5544
8045 5545
8046 5546
8047 5547
8048 5548
8049 5549
8050 5550
8051 5551
8052 5552
8053 5553
8054 5554
8055 5555
8056 5556
8057 5557
8058 5558
8059 5559
8060 5560
8061 5561
8062 5562
8063 5563
8064 5564
8065 5565
8066 5566
8067 5567
8068 5568
8069 5569
8070 5570
8071 5571
8072 5572
8073 5573
8074 5574
8075 5575
8076 5576
8077 5577
8078 5578
8079 5579
8080 5580
8081 5581
8082 5582
8083 5583
8084 5584
8085 5585
8086 5586
8087 5587
8088 5588
8089 5589
8090 5590
8091 5591
8092 5592
8093 5593
8094 5594
8095 5595
8096 5596
8097 5597
8098 5598
8099 5599
8100 5600
8101 5601
8102 5602
8103 5603
8104 5604
8105 5605
8106 5606
8107 5607
8108 5608
8109 5609
8110 5610
8111 5611
8112 5612
8113 5613
8114 5614
8115 5615
8116 5616
8117 5617
8118 5618
8119 5619
8120 5620
8121 5621
8122 5622
8123 5623
8124 5624
8125 5625
8126 5626
8127 5627
8128 5628
8129 5629
8130 5630
8131 5631
8132 5632
8133 5633
8134 5634
8135 5635
8136 5636
8137 5637
8138 5638
8139 5639
8140 5640
8141 5641
8142 5642
8143 5643
8144 5644
8145 5645
8146 5646
8147 5647
8148 5648
8149 5649
8150 5650
8151 5651
8152 5652
8153 5653
8154 5654
8155 5655
8156 5656
8157 5657
8158 5658
8159 5659
8160 5660
8161 5661
8162 5662
8163 5663
8164 5664
8165 5665
8166 5666
8167 5667
8168 5668
8169 5669
8170 5670
8171 5671
8172 5672
8173 5673
8174 5674
8175 5675
8176 5676
8177 5677
8178 5678
8179 5679
8180 5680
8181 5681
8182 5682
8183 5683
8184 5684
8185 5685
8186 5686
8187 5687
8188 5688
8189 5689
8190 5690
8191 5691
8192 5692
8193 5693
8194 5694
8195 5695
8196 5696
8197 5697
8198 5698
8199 5699
8200 5700
8201 5701
8202 5702
8203 5703
8204 5704
8205 5705
8206 5706
8207 5707
8208 5708
8209 5709
8210 5710
8211 5711
8212 5712
8213 5713
8214 5714
8215 5715
8216 5716
8217 5717
8218 5718
8219 5719
8220 5720
8221 5721
8222 5722
8223 5723
8224 5724
8225 5725
8226 5726
8227 5727
8228 5728
8229 5729
8230 5730
8231 5731
8232 5732
8233 5733
8234 5734
8235 5735
8236 5736
8237 5737
8238 5738
8239 5739
8240 5740
8241 5741
8242 5742
8243 5743
8244 5744
8245 5745
8246 5746
8247 5747
8248 5748
8249 5749
8250 5750
8251 5751
8252 5752
8253 5753
8254 5754
8255 5755
8256 5756
8257 5757
8258 5758
8259 5759
8260 5760
8261 5761
8262 5762
8263 5763
8264 5764
8265 5765
8266 5766
8267 5767
8268 5768
8269 5769
8270 5770
8271 5771
8272 5772
8273 5773
8274 5774
8275 5775
8276 5776
8277 5777
8278 5778
8279 5779
8280 5780
8281 5781
8282 5782
8283 5783
8284 5784
8285 5785
8286 5786
8287 5787
8288 5788
8289 5789
8290 5790
8291 5791
8292 5792
8293 5793
8294 5794
8295 5795
8296 5796
8297 5797
8298 5798
8299 5799
8300 5800
8301 5801
8302 5802
8303 5803
8304 5804
8305 5805
8306 5806
8307 5807
8308 5808
8309 5809
8310 5810
8311 5811
8312 5812
8313 5813
8314 5814
8315 5815
8316 5816
8317 5817
8318 5818
8319 5819
8320 5820
8321 5821
8322 5822
8323 5823
8324 5824
8325 5825
8326 5826
8327 5827
8328 5828
8329 5829
8330 5830
8331 5831
8332 5832
8333 5833
8334 5834
8335 5835
8336 5836
8337 5837
8338 5838
8339 5839
8340 5840
8341 5841
8342 5842
8343 5843
8344 5844
8345 5845
8346 5846
8347 5847
8348 5848
8349 5849
8350 5850
8351 5851
8352 5852
8353 5853
8354 5854
8355 5855
8356 5856
8357 5857
8358 5858
8359 5859
8360 5860
8361 5861
8362 5862
8363 5863
8364 5864
8365 5865
8366 5866
8367 5867
8368 5868
8369 5869
8370 5870
8371 5871
8372 5872
8373 5873
8374 5874
8375 5875
8376 5876
8377 5877
8378 5878
8379 5879
8380 5880
8381 5881
8382 5882
8383 5883
8384 5884
8385 5885
8386 5886
8387 5887
8388 5888
8389 5889
8390 5890
8391 5891
8392 5892
8393 5893
8394 5894
8395 5895
8396 5896
8397 5897
8398 5898
8399 5899
8400 5900
8401 5901
8402 5902
8403 5903
8404 5904
8405 5905
8406 5906
8407 5907
8408 5908
8409 5909
8410 5910
8411 5911
8412 5912
8413 5913
8414 5914
8415 5915
8416 5916
8417 5917
8418 5918
8419 5919
8420 5920
8421 5921
8422 5922
8423 5923
8424 5924
8425 5925
8426 5926
8427 5927
8428 5928
8429 5929
8430 5930
8431 5931
8432 5932
8433 5933
8434 5934
8435 5935
8436 5936
8437 5937
8438 5938
8439 5939
8440 5940
8441 5941
8442 5942
8443 5943
8444 5944
8445 5945
8446 5946
8447 5947
8448 5948
8449 5949
8450 5950
8451 5951
8452 5952
8453 5953
8454 5954
8455 5955
8456 5956
8457 5957
8458 5958
8459 5959
8460 5960
8461 5961
8462 5962
8463 5963
8464 5964
8465 5965
8466 5966
8467 5967
8468 5968
8469 5969
8470 5970
8471 5971
8472 5972
8473 5973
8474 5974
8475 5975
8476 5976
8477 5977
8478 5978
8479 5979
8480 5980
8481 5981
8482 5982
8483 5983
8484 5984
8485 5985
8486 5986
8487 5987
8488 5988
8489 5989
8490 5990
8491 5991
8492 5992
8493 5993
8494 5994
8495 5995
8496 5996
8497 5997
8498 5998
8499 5999
8500 6000
8501 6001
8502 6002
8503 6003
8504 6004
8505 6005
8506 6006
8507 6007
8508 6008
8509 6009
8510 6010
8511 6011
8512 6012
8513 6013
8514 6014
8515 6015
8516 6016
8517 6017
8518 6018
8519 6019
8520 6020
8521 6021
8522 6022
8523 6023
8524 6024
8525 6025
8526 6026
8527 6027
8528 6028
8529 6029
8530 6030
8531 6031
8532 6032
8533 6033
8534 6034
8535 6035
8536 6036
8537 6037
8538 6038
8539 6039
8540 6040
8541 6041
8542 6042
8543 6043
8544 6044
8545 6045
8546 6046
8547 6047
8548 6048
8549 6049
8550 6050
8551 6051
8552 6052
8553 6053
8554 6054
8555 6055
8556 6056
8557 6057
8558 6058
8559 6059
8560 6060
8561 6061
8562 6062
8563 6063
8564 6064
8565 6065
8566 6066
8567 6067
8568 6068
8569 6069
8570 6070
8571 6071
8572 6072
8573 6073
8574 6074
8575 6075
8576 6076
8577 6077
8578 6078
8579 6079
8580 6080
8581 6081
8582 6082
8583 6083
8584 6084
8585 6085
8586 6086
8587 6087
8588 6088
8589 6089
8590 6090
8591 6091
8592 6092
8593 6093
8594 6094
8595 6095
8596 6096
8597 6097
8598 6098
8599 6099
8600 6100
8601 6101
8602 6102
8603 6103
8604 6104
8605 6105
8606 6106
8607 6107
8608 6108
8609 6109
8610 6110
8611 6111
8612 6112
8613 6113
8614 6114
8615 6115
8616 6116
8617 6117
8618 6118
8619 6119
8620 6120
8621 6121
8622 6122
8623 6123
8624 6124
8625 6125
8626 6126
8627 6127
8628 6128
8629 6129
8630 6130
8631 6131
8632 6132
8633 6133
8634 6134
8635 6135
8636 6136
8637 6137
8638 6138
8639 6139
8640 6140
8641 6141
8642 6142
8643 6143
8644 6144
8645 6145
8646 6146
8647 6147
8648 6148
8649 6149
8650 6150
8651 6151
8652 6152
8653 6153
8654 6154
8655 6155
8656 6156
8657 6157
8658 6158
8659 6159
8660 6160
8661 6161
8662 6162
8663 6163
8664 6164
8665 6165
8666 6166
8667 6167
8668 6168
8669 6169
8670 6170
8671 6171
8672 6172
8673 6173
8674 6174
8675 6175
8676 6176
8677 6177
8678 6178
8679 6179
8680 6180
8681 6181
8682 6182
8683 6183
8684 6184
8685 6185
8686 6186
8687 6187
8688 6188
8689 6189
8690 6190
8691 6191
8692 6192
8693 6193
8694 6194
8695 6195
8696 6196
8697 6197
8698 6198
8699 6199
8700 6200
8701 6201
8702 6202
8703 6203
8704 6204
8705 6205
8706 6206
8707 6207
8708 6208
8709 6209
8710 6210
8711 6211
8712 6212
8713 6213
8714 6214
8715 6215
8716 6216
8717 6217
8718 6218
8719 6219
8720 6220
8721 6221
8722 6222
8723 6223
8724 6224
8725 6225
8726 6226
8727 6227
8728 6228
8729 6229
8730 6230
8731 6231
8732 6232
8733 6233
8734 6234
8735 6235
8736 6236
8737 6237
8738 6238
8739 6239
8740 6240
8741 6241
8742 6242
8743 6243
8744 6244
8745 6245
8746 6246
8747 6247
8748 6248
8749 6249
8750 6250
8751 6251
8752 6252
8753 6253
8754 6254
8755 6255
8756 6256
8757 6257
8758 6258
8759 6259
8760 6260
8761 6261
8762 6262
8763 6263
8764 6264
8765 6265
8766 6266
8767 6267
8768 6268
8769 6269
8770 6270
8771 6271
8772 6272
8773 6273
8774 6274
8775 6275
8776 6276
8777 6277
8778 6278
8779 6279
8780 6280
8781 6281
8782 6282
8783 6283
8784 6284
8785 6285
8786 6286
8787 6287
8788 6288
8789 6289
8790 6290
8791 6291
8792 6292
8793 6293
8794 6294
8795 6295
8796 6296
8797 6297
8798 6298
8799 6299
8800 6300
8801 6301
8802 6302
8803 6303
8804 6304
8805 6305
8806 6306
8807 6307
8808 6308
8809 6309
8810 6310
8811 6311
8812 6312
8813 6313
8814 6314
8815 6315
8816 6316
8817 6317
8818 6318
8819 6319
8820 6320
8821 6321
8822 6322
8823 6323
8824 6324
8825 6325
8826 6326
8827 6327
8828 6328
8829 6329
8830 6330
8831 6331
8832 6332
8833 6333
8834 6334
8835 6335
8836 6336
8837 6337
8838 6338
8839 6339
8840 6340
8841 6341
8842 6342
8843 6343
8844 6344
8845 6345
8846 6346
8847 6347
8848 6348
8849 6349
8850 6350
8851 6351
8852 6352
8853 6353
8854 6354
8855 6355
8856 6356
8857 6357
8858 6358
8859 6359
8860 6360
8861 6361
8862 6362
8863 6363
8864 6364
8865 6365
8866 6366
8867 6367
8868 6368
8869 6369
8870 6370
8871 6371
8872 6372
8873 6373
8874 6374
8875 6375
8876 6376
8877 6377
8878 6378
8879 6379
8880 6380
8881 6381
8882 6382
8883 6383
8884 6384
8885 6385
8886 6386
8887 6387
8888 6388
8889 6389
8890 6390
8891 6391
8892 6392
8893 6393
8894 6394
8895 6395
8896 6396
8897 6397
8898 6398
8899 6399
8900 6400
8901 6401
8902 6402
8903 6403
8904 6404
8905 6405
8906 6406
8907 6407
8908 6408
8909 6409
8910 6410
8911 6411
8912 6412
8913 6413
8914 6414
8915 6415
8916 6416
8917 6417
8918 6418
8919 6419
8920 6420
8921 6421
8922 6422
8923 6423
8924 6424
8925 6425
8926 6426
8927 6427
8928 6428
8929 6429
8930 6430
8931 6431
8932 6432
8933 6433
8934 6434
8935 6435
8936 6436
8937 6437
8938 6438
8939 6439
8940 6440
8941 6441
8942 6442
8943 6443
8944 6444
8945 6445
8946 6446
8947 6447
8948 6448
8949 6449
8950 6450
8951 6451
8952 6452
8953 6453
8954 6454
8955 6455
8956 6456
8957 6457
8958 6458
8959 6459
8960 6460
8961 6461
8962 6462
8963 6463
8964 6464
8965 6465
8966 6466
8967 6467
8968 6468
8969 6469
8970 6470
8971 6471
8972 6472
8973 6473
8974 6474
8975 6475
8976 6476
8977 6477
8978 6478
8979 6479
8980 6480
8981 6481
8982 6482
8983 6483
8984 6484
8985 6485
8986 6486
8987 6487
8988 6488
8989 6489
8990 6490
8991 6491
8992 6492
8993 6493
8994 6494
8995 6495
8996 6496
8997 6497
8998 6498
8999 6499
9000 6500
9001 6501
9002 6502
9003 6503
9004 6504
9005 6505
9006 6506
9007 6507
9008 6508
9009 6509
9010 6510
9011 6511
9012 6512
9013 6513
9014 6514
9015 6515
9016 6516
9017 6517
9018 6518
9019 6519
9020 6520
9021 6521
9022 6522
9023 6523
9024 6524
9025 6525
9026 6526
9027 6527
9028 6528
9029 6529
9030 6530
9031 6531
9032 6532
9033 6533
9034 6534
9035 6535
9036 6536
9037 6537
9038 6538
9039 6539
9040 6540
9041 6541
9042 6542
9043 6543
9044 6544
9045 6545
9046 6546
9047 6547
9048 6548
9049 6549
9050 6550
9051 6551
9052 6552
9053 6553
9054 6554
9055 6555
9056 6556
9057 6557
9058 6558
9059 6559
9060 6560
9061 6561
9062 6562
9063 6563
9064 6564
9065 6565
9066 6566
9067 6567
9068 6568
9069 6569
9070 6570
9071 6571
9072 6572
9073 6573
9074 6574
9075 6575
9076 6576
9077 6577
9078 6578
9079 6579
9080 6580
9081 6581
9082 6582
9083 6583
9084 6584
9085 6585
9086 6586
9087 6587
9088 6588
9089 6589
9090 6590
9091 6591
9092 6592
9093 6593
9094 6594
9095 6595
9096 6596
9097 6597
9098 6598
9099 6599
9100 6600
9101 6601
9102 6602
9103 6603
9104 6604
9105 6605
9106 6606
9107 6607
9108 6608
9109 6609
9110 6610
9111 6611
9112 6612
9113 6613
9114 6614
9115 6615
9116 6616
9117 6617
9118 6618
9119 6619
9120 6620
9121 6621
9122 6622
9123 6623
9124 6624
9125 6625
9126 6626
9127 6627
9128 6628
9129 6629
9130 6630
9131 6631
9132 6632
9133 6633
9134 6634
9135 6635
9136 6636
9137 6637
9138 6638
9139 6639
9140 6640
9141 6641
9142 6642
9143 6643
9144 6644
9145 6645
9146 6646
9147 6647
9148 6648
9149 6649
9150 6650
9151 6651
9152 6652
9153 6653
9154 6654
9155 6655
9156 6656
9157 6657
9158 6658
9159 6659
9160 6660
9161 6661
9162 6662
9163 6663
9164 6664
9165 6665
9166 6666
9167 6667
9168 6668
9169 6669
9170 6670
9171 6671
9172 6672
9173 6673
9174 6674
9175 6675
9176 6676
9177 6677
9178 6678
9179 6679
9180 6680
9181 6681
9182 6682
9183 6683
9184 6684
9185 6685
9186 6686
9187 6687
9188 6688
9189 6689
9190 6690
9191 6691
9192 6692
9193 6693
9194 6694
9195 6695
9196 6696
9197 6697
9198 6698
9199 6699
9200 6700
9201 6701
9202 6702
9203 6703
9204 6704
9205 6705
9206 6706
9207 6707
9208 6708
9209 6709
9210 6710
9211 6711
9212 6712
9213 6713
9214 6714
9215 6715
9216 6716
9217 6717
9218 6718
9219 6719
9220 6720
9221 6721
9222 6722
9223 6723
9224 6724
9225 6725
9226 6726
9227 6727
9228 6728
9229 6729
9230 6730
9231 6731
9232 6732
9233 6733
9234 6734
9235 6735
9236 6736
9237 6737
9238 6738
9239 6739
9240 6740
9241 6741
9242 6742
9243 6743
9244 6744
9245 6745
9246 6746
9247 6747
9248 6748
9249 6749
9250 6750
9251 6751
9252 6752
9253 6753
9254 6754
9255 6755
9256 6756
9257 6757
9258 6758
9259 6759
9260 6760
9261 6761
9262 6762
9263 6763
9264 6764
9265 6765
9266 6766
9267 6767
9268 6768
9269 6769
9270 6770
9271 6771
9272 6772
9273 6773
9274 6774
9275 6775
9276 6776
9277 6777
9278 6778
9279 6779
9280 6780
9281 6781
9282 6782
9283 6783
9284 6784
9285 6785
9286 6786
9287 6787
9288 6788
9289 6789
9290 6790
9291 6791
9292 6792
9293 6793
9294 6794
9295 6795
9296 6796
9297 6797
9298 6798
9299 6799
9300 6800
9301 6801
9302 6802
9303 6803
9304 6804
9305 6805
9306 6806
9307 6807
9308 6808
9309 6809
9310 6810
9311 6811
9312 6812
9313 6813
9314 6814
9315 6815
9316 6816
9317 6817
9318 6818
9319 6819
9320 6820
9321 6821
9322 6822
9323 6823
9324 6824
9325 6825
9326 6826
9327 6827
9328 6828
9329 6829
9330 6830
9331 6831
9332 6832
9333 6833
9334 6834
9335 6835
9336 6836
9337 6837
9338 6838
9339 6839
9340 6840
9341 6841
9342 6842
9343 6843
9344 6844
9345 6845
9346 6846
9347 6847
9348 6848
9349 6849
9350 6850
9351 6851
9352 6852
9353 6853
9354 6854
9355 6855
9356 6856
9357 6857
9358 6858
9359 6859
9360 6860
9361 6861
9362 6862
9363 6863
9364 6864
9365 6865
9366 6866
9367 6867
9368 6868
9369 6869
9370 6870
9371 6871
9372 6872
9373 6873
9374 6874
9375 6875
9376 6876
9377 6877
9378 6878
9379 6879
9380 6880
9381 6881
9382 6882
9383 6883
9384 6884
9385 6885
9386 6886
9387 6887
9388 6888
9389 6889
9390 6890
9391 6891
9392 6892
9393 6893
9394 6894
9395 6895
9396 6896
9397 6897
9398 6898
9399 6899
9400 6900
9401 6901
9402 6902
9403 6903
9404 6904
9405 6905
9406 6906
9407 6907
9408 6908
9409 6909
9410 6910
9411 6911
9412 6912
9413 6913
9414 6914
9415 6915
9416 6916
9417 6917
9418 6918
9419 6919
9420 6920
9421 6921
9422 6922
9423 6923
9424 6924
9425 6925
9426 6926
9427 6927
9428 6928
9429 6929
9430 6930
9431 6931
9432 6932
9433 6933
9434 6934
9435 6935
9436 6936
9437 6937
9438 6938
9439 6939
9440 6940
9441 6941
9442 6942
9443 6943
9444 6944
9445 6945
9446 6946
9447 6947
9448 6948
9449 6949
9450 6950
9451 6951
9452 6952
9453 6953
9454 6954
9455 6955
9456 6956
9457 6957
9458 6958
9459 6959
9460 6960
9461 6961
9462 6962
9463 6963
9464 6964
9465 6965
9466 6966
9467 6967
9468 6968
9469 6969
9470 6970
9471 6971
9472 6972
9473 6973
9474 6974
9475 6975
9476 6976
9477 6977
9478 6978
9479 6979
9480 6980
9481 6981
9482 6982
9483 6983
9484 6984
9485 6985
9486 6986
9487 6987
9488 6988
9489 6989
9490 6990
9491 6991
9492 6992
9493 6993
9494 6994
9495 6995
9496 6996
9497 6997
9498 6998
9499 6999
9500 7000
9501 7001
9502 7002
9503 7003
9504 7004
9505 7005
9506 7006
9507 7007
9508 7008
9509 7009
9510 7010
9511 7011
9512 7012
9513 7013
9514 7014
9515 7015
9516 7016
9517 7017
9518 7018
9519 7019
9520 7020
9521 7021
9522 7022
9523 7023
9524 7024
9525 7025
9526 7026
9527 7027
9528 7028
9529 7029
9530 7030
9531 7031
9532 7032
9533 7033
9534 7034
9535 7035
9536 7036
9537 7037
9538 7038
9539 7039
9540 7040
9541 7041
9542 7042
9543 7043
9544 7044
9545 7045
9546 7046
9547 7047
9548 7048
9549 7049
9550 7050
9551 7051
9552 7052
9553 7053
9554 7054
9555 7055
9556 7056
9557 7057
9558 7058
9559 7059
9560 7060
9561 7061
9562 7062
9563 7063
9564 7064
9565 7065
9566 7066
9567 7067
9568 7068
9569 7069
9570 7070
9571 7071
9572 7072
9573 7073
9574 7074
9575 7075
9576 7076
9577 7077
9578 7078
9579 7079
9580 7080
9581 7081
9582 7082
9583 7083
9584 7084
9585 7085
9586 7086
9587 7087
9588 7088
9589 7089
9590 7090
9591 7091
9592 7092
9593 7093
9594 7094
9595 7095
9596 7096
9597 7097
9598 7098
9599 7099
9600 7100
9601 7101
9602 7102
9603 7103
9604 7104
9605 7105
9606 7106
9607 7107
9608 7108
9609 7109
9610 7110
9611 7111
9612 7112
9613 7113
9614 7114
9615 7115
9616 7116
9617 7117
9618 7118
9619 7119
9620 7120
9621 7121
9622 7122
9623 7123
9624 7124
9625 7125
9626 7126
9627 7127
9628 7128
9629 7129
9630 7130
9631 7131
9632 7132
9633 7133
9634 7134
9635 7135
9636 7136
9637 7137
9638 7138
9639 7139
9640 7140
9641 7141
9642 7142
9643 7143
9644 7144
9645 7145
9646 7146
9647 7147
9648 7148
9649 7149
9650 7150
9651 7151
9652 7152
9653 7153
9654 7154
9655 7155
9656 7156
9657 7157
9658 7158
9659 7159
9660 7160
9661 7161
9662 7162
9663 7163
9664 7164
9665 7165
9666 7166
9667 7167
9668 7168
9669 7169
9670 7170
9671 7171
9672 7172
9673 7173
9674 7174
9675 7175
9676 7176
9677 7177
9678 7178
9679 7179
9680 7180
9681 7181
9682 7182
9683 7183
9684 7184
9685 7185
9686 7186
9687 7187
9688 7188
9689 7189
9690 7190
9691 7191
9692 7192
9693 7193
9694 7194
9695 7195
9696 7196
9697 7197
9698 7198
9699 7199
9700 7200
9701 7201
9702 7202
9703 7203
9704 7204
9705 7205
9706 7206
9707 7207
9708 7208
9709 7209
9710 7210
9711 7211
9712 7212
9713 7213
9714 7214
9715 7215
9716 7216
9717 7217
9718 7218
9719 7219
9720 7220
9721 7221
9722 7222
9723 7223
9724 7224
9725 7225
9726 7226
9727 7227
9728 7228
9729 7229
9730 7230
9731 7231
9732 7232
9733 7233
9734 7234
9735 7235
9736 7236
9737 7237
9738 7238
9739 7239
9740 7240
9741 7241
9742 7242
9743 7243
9744 7244
9745 7245
9746 7246
9747 7247
9748 7248
9749 7249
9750 7250
9751 7251
9752 7252
9753 7253
9754 7254
9755 7255
9756 7256
9757 7257
9758 7258
9759 7259
9760 7260
9761 7261
9762 7262
9763 7263
9764 7264
9765 7265
9766 7266
9767 7267
9768 7268
9769 7269
9770 7270
9771 7271
9772 7272
9773 7273
9774 7274
9775 7275
9776 7276
9777 7277
9778 7278
9779 7279
9780 7280
9781 7281
9782 7282
9783 7283
9784 7284
9785 7285
9786 7286
9787 7287
9788 7288
9789 7289
9790 7290
9791 7291
9792 7292
9793 7293
9794 7294
9795 7295
9796 7296
9797 7297
9798 7298
9799 7299
9800 7300
9801 7301
9802 7302
9803 7303
9804 7304
9805 7305
9806 7306
9807 7307
9808 7308
9809 7309
9810 7310
9811 7311
9812 7312
9813 7313
9814 7314
9815 7315
9816 7316
9817 7317
9818 7318
9819 7319
9820 7320
9821 7321
9822 7322
9823 7323
9824 7324
9825 7325
9826 7326
9827 7327
9828 7328
9829 7329
9830 7330
9831 7331
9832 7332
9833 7333
9834 7334
9835 7335
9836 7336
9837 7337
9838 7338
9839 7339
9840 7340
9841 7341
9842 7342
9843 7343
9844 7344
9845 7345
9846 7346
9847 7347
9848 7348
9849 7349
9850 7350
9851 7351
9852 7352
9853 7353
9854 7354
9855 7355
9856 7356
9857 7357
9858 7358
9859 7359
9860 7360
9861 7361
9862 7362
9863 7363
9864 7364
9865 7365
9866 7366
9867 7367
9868 7368
9869 7369
9870 7370
9871 7371
9872 7372
9873 7373
9874 7374
9875 7375
9876 7376
9877 7377
9878 7378
9879 7379
9880 7380
9881 7381
9882 7382
9883 7383
9884 7384
9885 7385
9886 7386
9887 7387
9888 7388
9889 7389
9890 7390
9891 7391
9892 7392
9893 7393
9894 7394
9895 7395
9896 7396
9897 7397
9898 7398
9899 7399
9900 7400
9901 7401
9902 7402
9903 7403
9904 7404
9905 7405
9906 7406
9907 7407
9908 7408
9909 7409
9910 7410
9911 7411
9912 7412
9913 7413
9914 7414
9915 7415
9916 7416
9917 7417
9918 7418
9919 7419
9920 7420
9921 7421
9922 7422
9923 7423
9924 7424
9925 7425
9926 7426
9927 7427
9928 7428
9929 7429
9930 7430
9931 7431
9932 7432
9933 7433
9934 7434
9935 7435
9936 7436
9937 7437
9938 7438
9939 7439
9940 7440
9941 7441
9942 7442
9943 7443
9944 7444
9945 7445
9946 7446
9947 7447
9948 7448
9949 7449
9950 7450
9951 7451
9952 7452
9953 7453
9954 7454
9955 7455
9956 7456
9957 7457
9958 7458
9959 7459
9960 7460
9961 7461
9962 7462
9963 7463
9964 7464
9965 7465
9966 7466
9967 7467
9968 7468
9969 7469
9970 7470
9971 7471
9972 7472
9973 7473
9974 7474
9975 7475
9976 7476
9977 7477
9978 7478
9979 7479
9980 7480
9981 7481
9982 7482
9983 7483
9984 7484
9985 7485
9986 7486
9987 7487
9988 7488
9989 7489
9990 7490
9991 7491
9992 7492
9993 7493
9994 7494
9995 7495
9996 7496
9997 7497
9998 7498
9999 7499
10000 7500
5001 2500
5002 2499
5003 2498
5004 2497
5005 2496
5006 2495
5007 2494
5008 2493
5009 2492
5010 2491
5011 2490
5012 2489
5013 2488
5014 2487
5015 2486
5016 2485
5017 2484
5018 2483
5019 2482
5020 2481
5021 2480
5022 2479
5023 2478
5024 2477
5025 2476
5026 2475
5027 2474
5028 2473
5029 2472
5030 2471
5031 2470
5032 2469
5033 2468
5034 2467
5035 2466
5036 2465
5037 2464
5038 2463
5039 2462
5040 2461
5041 2460
5042 2459
5043 2458
5044 2457
5045 2456
5046 2455
5047 2454
5048 2453
5049 2452
5050 2451
5051 2450
5052 2449
5053 2448
5054 2447
5055 2446
5056 2445
5057 2444
5058 2443
5059 2442
5060 2441
5061 2440
5062 2439
5063 2438
5064 2437
5065 2436
5066 2435
5067 2434
5068 2433
5069 2432
5070 2431
5071 2430
5072 2429
5073 2428
5074 2427
5075 2426
5076 2425
5077 2424
5078 2423
5079 2422
5080 2421
5081 2420
5082 2419
5083 2418
5084 2417
5085 2416
5086 2415
5087 2414
5088 2413
5089 2412
5090 2411
5091 2410
5092 2409
5093 2408
5094 2407
5095 2406
5096 2405
5097 2404
5098 2403
5099 2402
5100 2401
5101 2400
5102 2399
5103 2398
5104 2397
5105 2396
5106 2395
5107 2394
5108 2393
5109 2392
5110 2391
5111 2390
5112 2389
5113 2388
5114 2387
5115 2386
5116 2385
5117 2384
5118 2383
5119 2382
5120 2381
5121 2380
5122 2379
5123 2378
5124 2377
5125 2376
5126 2375
5127 2374
5128 2373
5129 2372
5130 2371
5131 2370
5132 2369
5133 2368
5134 2367
5135 2366
5136 2365
5137 2364
5138 2363
5139 2362
5140 2361
5141 2360
5142 2359
5143 2358
5144 2357
5145 2356
5146 2355
5147 2354
5148 2353
5149 2352
5150 2351
5151 2350
5152 2349
5153 2348
5154 2347
5155 2346
5156 2345
5157 2344
5158 2343
5159 2342
5160 2341
5161 2340
5162 2339
5163 2338
5164 2337
5165 2336
5166 2335
5167 2334
5168 2333
5169 2332
5170 2331
5171 2330
5172 2329
5173 2328
5174 2327
5175 2326
5176 2325
5177 2324
5178 2323
5179 2322
5180 2321
5181 2320
5182 2319
5183 2318
5184 2317
5185 2316
5186 2315
5187 2314
5188 2313
5189 2312
5190 2311
5191 2310
5192 2309
5193 2308
5194 2307
5195 2306
5196 2305
5197 2304
5198 2303
5199 2302
5200 2301
5201 2300
5202 2299
5203 2298
5204 2297
5205 2296
5206 2295
5207 2294
5208 2293
5209 2292
5210 2291
5211 2290
5212 2289
5213 2288
5214 2287
5215 2286
5216 2285
5217 2284
5218 2283
5219 2282
5220 2281
5221 2280
5222 2279
5223 2278
5224 2277
5225 2276
5226 2275
5227 2274
5228 2273
5229 2272
5230 2271
5231 2270
5232 2269
5233 2268
5234 2267
5235 2266
5236 2265
5237 2264
5238 2263
5239 2262
5240 2261
5241 2260
5242 2259
5243 2258
5244 2257
5245 2256
5246 2255
5247 2254
5248 2253
5249 2252
5250 2251
5251 2250
5252 2249
5253 2248
5254 2247
5255 2246
5256 2245
5257 2244
5258 2243
5259 2242
5260 2241
5261 2240
5262 2239
5263 2238
5264 2237
5265 2236
5266 2235
5267 2234
5268 2233
5269 2232
5270 2231
5271 2230
5272 2229
5273 2228
5274 2227
5275 2226
5276 2225
5277 2224
5278 2223
5279 2222
5280 2221
5281 2220
5282 2219
5283 2218
5284 2217
5285 2216
5286 2215
5287 2214
5288 2213
5289 2212
5290 2211
5291 2210
5292 2209
5293 2208
5294 2207
5295 2206
5296 2205
5297 2204
5298 2203
5299 2202
5300 2201
5301 2200
5302 2199
5303 2198
5304 2197
5305 2196
5306 2195
5307 2194
5308 2193
5309 2192
5310 2191
5311 2190
5312 2189
5313 2188
5314 2187
5315 2186
5316 2185
5317 2184
5318 2183
5319 2182
5320 2181
5321 2180
5322 2179
5323 2178
5324 2177
5325 2176
5326 2175
5327 2174
5328 2173
5329 2172
5330 2171
5331 2170
5332 2169
5333 2168
5334 2167
5335 2166
5336 2165
5337 2164
5338 2163
5339 2162
5340 2161
5341 2160
5342 2159
5343 2158
5344 2157
5345 2156
5346 2155
5347 2154
5348 2153
5349 2152
5350 2151
5351 2150
5352 2149
5353 2148
5354 2147
5355 2146
5356 2145
5357 2144
5358 2143
5359 2142
5360 2141
5361 2140
5362 2139
5363 2138
5364 2137
5365 2136
5366 2135
5367 2134
5368 2133
5369 2132
5370 2131
5371 2130
5372 2129
5373 2128
5374 2127
5375 2126
5376 2125
5377 2124
5378 2123
5379 2122
5380 2121
5381 2120
5382 2119
5383 2118
5384 2117
5385 2116
5386 2115
5387 2114
5388 2113
5389 2112
5390 2111
5391 2110
5392 2109
5393 2108
5394 2107
5395 2106
5396 2105
5397 2104
5398 2103
5399 2102
5400 2101
5401 2100
5402 2099
5403 2098
5404 2097
5405 2096
5406 2095
5407 2094
5408 2093
5409 2092
5410 2091
5411 2090
5412 2089
5413 2088
5414 2087
5415 2086
5416 2085
5417 2084
5418 2083
5419 2082
5420 2081
5421 2080
5422 2079
5423 2078
5424 2077
5425 2076
5426 2075
5427 2074
5428 2073
5429 2072
5430 2071
5431 2070
5432 2069
5433 2068
5434 2067
5435 2066
5436 2065
5437 2064
5438 2063
5439 2062
5440 2061
5441 2060
5442 2059
5443 2058
5444 2057
5445 2056
5446 2055
5447 2054
5448 2053
5449 2052
5450 2051
5451 2050
5452 2049
5453 2048
5454 2047
5455 2046
5456 2045
5457 2044
5458 2043
5459 2042
5460 2041
5461 2040
5462 2039
5463 2038
5464 2037
5465 2036
5466 2035
5467 2034
5468 2033
5469 2032
5470 2031
5471 2030
5472 2029
5473 2028
5474 2027
5475 2026
5476 2025
5477 2024
5478 2023
5479 2022
5480 2021
5481 2020
5482 2019
5483 2018
5484 2017
5485 2016
5486 2015
5487 2014
5488 2013
5489 2012
5490 2011
5491 2010
5492 2009
5493 2008
5494 2007
5495 2006
5496 2005
5497 2004
5498 2003
5499 2002
5500 2001
5501 2000
5502 1999
5503 1998
5504 1997
5505 1996
5506 1995
5507 1994
5508 1993
5509 1992
5510 1991
5511 1990
5512 1989
5513 1988
5514 1987
5515 1986
5516 1985
5517 1984
5518 1983
5519 1982
5520 1981
5521 1980
5522 1979
5523 1978
5524 1977
5525 1976
5526 1975
5527 1974
5528 1973
5529 1972
5530 1971
5531 1970
5532 1969
5533 1968
5534 1967
5535 1966
5536 1965
5537 1964
5538 1963
5539 1962
5540 1961
5541 1960
5542 1959
5543 1958
5544 1957
5545 1956
5546 1955
5547 1954
5548 1953
5549 1952
5550 1951
5551 1950
5552 1949
5553 1948
5554 1947
5555 1946
5556 1945
5557 1944
5558 1943
5559 1942
5560 1941
5561 1940
5562 1939
5563 1938
5564 1937
5565 1936
5566 1935
5567 1934
5568 1933
5569 1932
5570 1931
5571 1930
5572 1929
5573 1928
5574 1927
5575 1926
5576 1925
5577 1924
5578 1923
5579 1922
5580 1921
5581 1920
5582 1919
5583 1918
5584 1917
5585 1916
5586 1915
5587 1914
5588 1913
5589 1912
5590 1911
5591 1910
5592 1909
5593 1908
5594 1907
5595 1906
5596 1905
5597 1904
5598 1903
5599 1902
5600 1901
5601 1900
5602 1899
5603 1898
5604 1897
5605 1896
5606 1895
5607 1894
5608 1893
5609 1892
5610 1891
5611 1890
5612 1889
5613 1888
5614 1887
5615 1886
5616 1885
5617 1884
5618 1883
5619 1882
5620 1881
5621 1880
5622 1879
5623 1878
5624 1877
5625 1876
5626 1875
5627 1874
5628 1873
5629 1872
5630 1871
5631 1870
5632 1869
5633 1868
5634 1867
5635 1866
5636 1865
5637 1864
5638 1863
5639 1862
5640 1861
5641 1860
5642 1859
5643 1858
5644 1857
5645 1856
5646 1855
5647 1854
5648 1853
5649 1852
5650 1851
5651 1850
5652 1849
5653 1848
5654 1847
5655 1846
5656 1845
5657 1844
5658 1843
5659 1842
5660 1841
5661 1840
5662 1839
5663 1838
5664 1837
5665 1836
5666 1835
5667 1834
5668 1833
5669 1832
5670 1831
5671 1830
5672 1829
5673 1828
5674 1827
5675 1826
5676 1825
5677 1824
5678 1823
5679 1822
5680 1821
5681 1820
5682 1819
5683 1818
5684 1817
5685 1816
5686 1815
5687 1814
5688 1813
5689 1812
5690 1811
5691 1810
5692 1809
5693 1808
5694 1807
5695 1806
5696 1805
5697 1804
5698 1803
5699 1802
5700 1801
5701 1800
5702 1799
5703 1798
5704 1797
5705 1796
5706 1795
5707 1794
5708 1793
5709 1792
5710 1791
5711 1790
5712 1789
5713 1788
5714 1787
5715 1786
5716 1785
5717 1784
5718 1783
5719 1782
5720 1781
5721 1780
5722 1779
5723 1778
5724 1777
5725 1776
5726 1775
5727 1774
5728 1773
5729 1772
5730 1771
5731 1770
5732 1769
5733 1768
5734 1767
5735 1766
5736 1765
5737 1764
5738 1763
5739 1762
5740 1761
5741 1760
5742 1759
5743 1758
5744 1757
5745 1756
5746 1755
5747 1754
5748 1753
5749 1752
5750 1751
5751 1750
5752 1749
5753 1748
5754 1747
5755 1746
5756 1745
5757 1744
5758 1743
5759 1742
5760 1741
5761 1740
5762 1739
5763 1738
5764 1737
5765 1736
5766 1735
5767 1734
5768 1733
5769 1732
5770 1731
5771 1730
5772 1729
5773 1728
5774 1727
5775 1726
5776 1725
5777 1724
5778 1723
5779 1722
5780 1721
5781 1720
5782 1719
5783 1718
5784 1717
5785 1716
5786 1715
5787 1714
5788 1713
5789 1712
5790 1711
5791 1710
5792 1709
5793 1708
5794 1707
5795 1706
5796 1705
5797 1704
5798 1703
5799 1702
5800 1701
5801 1700
5802 1699
5803 1698
5804 1697
5805 1696
5806 1695
5807 1694
5808 1693
5809 1692
5810 1691
5811 1690
5812 1689
5813 1688
5814 1687
5815 1686
5816 1685
5817 1684
5818 1683
5819 1682
5820 1681
5821 1680
5822 1679
5823 1678
5824 1677
5825 1676
5826 1675
5827 1674
5828 1673
5829 1672
5830 1671
5831 1670
5832 1669
5833 1668
5834 1667
5835 1666
5836 1665
5837 1664
5838 1663
5839 1662
5840 1661
5841 1660
5842 1659
5843 1658
5844 1657
5845 1656
5846 1655
5847 1654
5848 1653
5849 1652
5850 1651
5851 1650
5852 1649
5853 1648
5854 1647
5855 1646
5856 1645
5857 1644
5858 1643
5859 1642
5860 1641
5861 1640
5862 1639
5863 1638
5864 1637
5865 1636
5866 1635
5867 1634
5868 1633
5869 1632
5870 1631
5871 1630
5872 1629
5873 1628
5874 1627
5875 1626
5876 1625
5877 1624
5878 1623
5879 1622
5880 1621
5881 1620
5882 1619
5883 1618
5884 1617
5885 1616
5886 1615
5887 1614
5888 1613
5889 1612
5890 1611
5891 1610
5892 1609
5893 1608
5894 1607
5895 1606
5896 1605
5897 1604
5898 1603
5899 1602
5900 1601
5901 1600
5902 1599
5903 1598
5904 1597
5905 1596
5906 1595
5907 1594
5908 1593
5909 1592
5910 1591
5911 1590
5912 1589
5913 1588
5914 1587
5915 1586
5916 1585
5917 1584
5918 1583
5919 1582
5920 1581
5921 1580
5922 1579
5923 1578
5924 1577
5925 1576
5926 1575
5927 1574
5928 1573
5929 1572
5930 1571
5931 1570
5932 1569
5933 1568
5934 1567
5935 1566
5936 1565
5937 1564
5938 1563
5939 1562
5940 1561
5941 1560
5942 1559
5943 1558
5944 1557
5945 1556
5946 1555
5947 1554
5948 1553
5949 1552
5950 1551
5951 1550
5952 1549
5953 1548
5954 1547
5955 1546
5956 1545
5957 1544
5958 1543
5959 1542
5960 1541
5961 1540
5962 1539
5963 1538
5964 1537
5965 1536
5966 1535
5967 1534
5968 1533
5969 1532
5970 1531
5971 1530
5972 1529
5973 1528
5974 1527
5975 1526
5976 1525
5977 1524
5978 1523
5979 1522
5980 1521
5981 1520
5982 1519
5983 1518
5984 1517
5985 1516
5986 1515
5987 1514
5988 1513
5989 1512
5990 1511
5991 1510
5992 1509
5993 1508
5994 1507
5995 1506
5996 1505
5997 1504
5998 1503
5999 1502
6000 1501
6001 1500
6002 1499
6003 1498
6004 1497
6005 1496
6006 1495
6007 1494
6008 1493
6009 1492
6010 1491
6011 1490
6012 1489
6013 1488
6014 1487
6015 1486
6016 1485
6017 1484
6018 1483
6019 1482
6020 1481
6021 1480
6022 1479
6023 1478
6024 1477
6025 1476
6026 1475
6027 1474
6028 1473
6029 1472
6030 1471
6031 1470
6032 1469
6033 1468
6034 1467
6035 1466
6036 1465
6037 1464
6038 1463
6039 1462
6040 1461
6041 1460
6042 1459
6043 1458
6044 1457
6045 1456
6046 1455
6047 1454
6048 1453
6049 1452
6050 1451
6051 1450
6052 1449
6053 1448
6054 1447
6055 1446
6056 1445
6057 1444
6058 1443
6059 1442
6060 1441
6061 1440
6062 1439
6063 1438
6064 1437
6065 1436
6066 1435
6067 1434
6068 1433
6069 1432
6070 1431
6071 1430
6072 1429
6073 1428
6074 1427
6075 1426
6076 1425
6077 1424
6078 1423
6079 1422
6080 1421
6081 1420
6082 1419
6083 1418
6084 1417
6085 1416
6086 1415
6087 1414
6088 1413
6089 1412
6090 1411
6091 1410
6092 1409
6093 1408
6094 1407
6095 1406
6096 1405
6097 1404
6098 1403
6099 1402
6100 1401
6101 1400
6102 1399
6103 1398
6104 1397
6105 1396
6106 1395
6107 1394
6108 1393
6109 1392
6110 1391
6111 1390
6112 1389
6113 1388
6114 1387
6115 1386
6116 1385
6117 1384
6118 1383
6119 1382
6120 1381
6121 1380
6122 1379
6123 1378
6124 1377
6125 1376
6126 1375
6127 1374
6128 1373
6129 1372
6130 1371
6131 1370
6132 1369
6133 1368
6134 1367
6135 1366
6136 1365
6137 1364
6138 1363
6139 1362
6140 1361
6141 1360
6142 1359
6143 1358
6144 1357
6145 1356
6146 1355
6147 1354
6148 1353
6149 1352
6150 1351
6151 1350
6152 1349
6153 1348
6154 1347
6155 1346
6156 1345
6157 1344
6158 1343
6159 1342
6160 1341
6161 1340
6162 1339
6163 1338
6164 1337
6165 1336
6166 1335
6167 1334
6168 1333
6169 1332
6170 1331
6171 1330
6172 1329
6173 1328
6174 1327
6175 1326
6176 1325
6177 1324
6178 1323
6179 1322
6180 1321
6181 1320
6182 1319
6183 1318
6184 1317
6185 1316
6186 1315
6187 1314
6188 1313
6189 1312
6190 1311
6191 1310
6192 1309
6193 1308
6194 1307
6195 1306
6196 1305
6197 1304
6198 1303
6199 1302
6200 1301
6201 1300
6202 1299
6203 1298
6204 1297
6205 1296
6206 1295
6207 1294
6208 1293
6209 1292
6210 1291
6211 1290
6212 1289
6213 1288
6214 1287
6215 1286
6216 1285
6217 1284
6218 1283
6219 1282
6220 1281
6221 1280
6222 1279
6223 1278
6224 1277
6225 1276
6226 1275
6227 1274
6228 1273
6229 1272
6230 1271
6231 1270
6232 1269
6233 1268
6234 1267
6235 1266
6236 1265
6237 1264
6238 1263
6239 1262
6240 1261
6241 1260
6242 1259
6243 1258
6244 1257
6245 1256
6246 1255
6247 1254
6248 1253
6249 1252
6250 1251
6251 1250
6252 1249
6253 1248
6254 1247
6255 1246
6256 1245
6257 1244
6258 1243
6259 1242
6260 1241
6261 1240
6262 1239
6263 1238
6264 1237
6265 1236
6266 1235
6267 1234
6268 1233
6269 1232
6270 1231
6271 1230
6272 1229
6273 1228
6274 1227
6275 1226
6276 1225
6277 1224
6278 1223
6279 1222
6280 1221
6281 1220
6282 1219
6283 1218
6284 1217
6285 1216
6286 1215
6287 1214
6288 1213
6289 1212
6290 1211
6291 1210
6292 1209
6293 1208
6294 1207
6295 1206
6296 1205
6297 1204
6298 1203
6299 1202
6300 1201
6301 1200
6302 1199
6303 1198
6304 1197
6305 1196
6306 1195
6307 1194
6308 1193
6309 1192
6310 1191
6311 1190
6312 1189
6313 1188
6314 1187
6315 1186
6316 1185
6317 1184
6318 1183
6319 1182
6320 1181
6321 1180
6322 1179
6323 1178
6324 1177
6325 1176
6326 1175
6327 1174
6328 1173
6329 1172
6330 1171
6331 1170
6332 1169
6333 1168
6334 1167
6335 1166
6336 1165
6337 1164
6338 1163
6339 1162
6340 1161
6341 1160
6342 1159
6343 1158
6344 1157
6345 1156
6346 1155
6347 1154
6348 1153
6349 1152
6350 1151
6351 1150
6352 1149
6353 1148
6354 1147
6355 1146
6356 1145
6357 1144
6358 1143
6359 1142
6360 1141
6361 1140
6362 1139
6363 1138
6364 1137
6365 1136
6366 1135
6367 1134
6368 1133
6369 1132
6370 1131
6371 1130
6372 1129
6373 1128
6374 1127
6375 1126
6376 1125
6377 1124
6378 1123
6379 1122
6380 1121
6381 1120
6382 1119
6383 1118
6384 1117
6385 1116
6386 1115
6387 1114
6388 1113
6389 1112
6390 1111
6391 1110
6392 1109
6393 1108
6394 1107
6395 1106
6396 1105
6397 1104
6398 1103
6399 1102
6400 1101
6401 1100
6402 1099
6403 1098
6404 1097
6405 1096
6406 1095
6407 1094
6408 1093
6409 1092
6410 1091
6411 1090
6412 1089
6413 1088
6414 1087
6415 1086
6416 1085
6417 1084
6418 1083
6419 1082
6420 1081
6421 1080
6422 1079
6423 1078
6424 1077
6425 1076
6426 1075
6427 1074
6428 1073
6429 1072
6430 1071
6431 1070
6432 1069
6433 1068
6434 1067
6435 1066
6436 1065
6437 1064
6438 1063
6439 1062
6440 1061
6441 1060
6442 1059
6443 1058
6444 1057
6445 1056
6446 1055
6447 1054
6448 1053
6449 1052
6450 1051
6451 1050
6452 1049
6453 1048
6454 1047
6455 1046
6456 1045
6457 1044
6458 1043
6459 1042
6460 1041
6461 1040
6462 1039
6463 1038
6464 1037
6465 1036
6466 1035
6467 1034
6468 1033
6469 1032
6470 1031
6471 1030
6472 1029
6473 1028
6474 1027
6475 1026
6476 1025
6477 1024
6478 1023
6479 1022
6480 1021
6481 1020
6482 1019
6483 1018
6484 1017
6485 1016
6486 1015
6487 1014
6488 1013
6489 1012
6490 1011
6491 1010
6492 1009
6493 1008
6494 1007
6495 1006
6496 1005
6497 1004
6498 1003
6499 1002
6500 1001
6501 1000
6502 999
6503 998
6504 997
6505 996
6506 995
6507 994
6508 993
6509 992
6510 991
6511 990
6512 989
6513 988
6514 987
6515 986
6516 985
6517 984
6518 983
6519 982
6520 981
6521 980
6522 979
6523 978
6524 977
6525 976
6526 975
6527 974
6528 973
6529 972
6530 971
6531 970
6532 969
6533 968
6534 967
6535 966
6536 965
6537 964
6538 963
6539 962
6540 961
6541 960
6542 959
6543 958
6544 957
6545 956
6546 955
6547 954
6548 953
6549 952
6550 951
6551 950
6552 949
6553 948
6554 947
6555 946
6556 945
6557 944
6558 943
6559 942
6560 941
6561 940
6562 939
6563 938
6564 937
6565 936
6566 935
6567 934
6568 933
6569 932
6570 931
6571 930
6572 929
6573 928
6574 927
6575 926
6576 925
6577 924
6578 923
6579 922
6580 921
6581 920
6582 919
6583 918
6584 917
6585 916
6586 915
6587 914
6588 913
6589 912
6590 911
6591 910
6592 909
6593 908
6594 907
6595 906
6596 905
6597 904
6598 903
6599 902
6600 901
6601 900
6602 899
6603 898
6604 897
6605 896
6606 895
6607 894
6608 893
6609 892
6610 891
6611 890
6612 889
6613 888
6614 887
6615 886
6616 885
6617 884
6618 883
6619 882
6620 881
6621 880
6622 879
6623 878
6624 877
6625 876
6626 875
6627 874
6628 873
6629 872
6630 871
6631 870
6632 869
6633 868
6634 867
6635 866
6636 865
6637 864
6638 863
6639 862
6640 861
6641 860
6642 859
6643 858
6644 857
6645 856
6646 855
6647 854
6648 853
6649 852
6650 851
6651 850
6652 849
6653 848
6654 847
6655 846
6656 845
6657 844
6658 843
6659 842
6660 841
6661 840
6662 839
6663 838
6664 837
6665 836
6666 835
6667 834
6668 833
6669 832
6670 831
6671 830
6672 829
6673 828
6674 827
6675 826
6676 825
6677 824
6678 823
6679 822
6680 821
6681 820
6682 819
6683 818
6684 817
6685 816
6686 815
6687 814
6688 813
6689 812
6690 811
6691 810
6692 809
6693 808
6694 807
6695 806
6696 805
6697 804
6698 803
6699 802
6700 801
6701 800
6702 799
6703 798
6704 797
6705 796
6706 795
6707 794
6708 793
6709 792
6710 791
6711 790
6712 789
6713 788
6714 787
6715 786
6716 785
6717 784
6718 783
6719 782
6720 781
6721 780
6722 779
6723 778
6724 777
6725 776
6726 775
6727 774
6728 773
6729 772
6730 771
6731 770
6732 769
6733 768
6734 767
6735 766
6736 765
6737 764
6738 763
6739 762
6740 761
6741 760
6742 759
6743 758
6744 757
6745 756
6746 755
6747 754
6748 753
6749 752
6750 751
6751 750
6752 749
6753 748
6754 747
6755 746
6756 745
6757 744
6758 743
6759 742
6760 741
6761 740
6762 739
6763 738
6764 737
6765 736
6766 735
6767 734
6768 733
6769 732
6770 731
6771 730
6772 729
6773 728
6774 727
6775 726
6776 725
6777 724
6778 723
6779 722
6780 721
6781 720
6782 719
6783 718
6784 717
6785 716
6786 715
6787 714
6788 713
6789 712
6790 711
6791 710
6792 709
6793 708
6794 707
6795 706
6796 705
6797 704
6798 703
6799 702
6800 701
6801 700
6802 699
6803 698
6804 697
6805 696
6806 695
6807 694
6808 693
6809 692
6810 691
6811 690
6812 689
6813 688
6814 687
6815 686
6816 685
6817 684
6818 683
6819 682
6820 681
6821 680
6822 679
6823 678
6824 677
6825 676
6826 675
6827 674
6828 673
6829 672
6830 671
6831 670
6832 669
6833 668
6834 667
6835 666
6836 665
6837 664
6838 663
6839 662
6840 661
6841 660
6842 659
6843 658
6844 657
6845 656
6846 655
6847 654
6848 653
6849 652
6850 651
6851 650
6852 649
6853 648
6854 647
6855 646
6856 645
6857 644
6858 643
6859 642
6860 641
6861 640
6862 639
6863 638
6864 637
6865 636
6866 635
6867 634
6868 633
6869 632
6870 631
6871 630
6872 629
6873 628
6874 627
6875 626
6876 625
6877 624
6878 623
6879 622
6880 621
6881 620
6882 619
6883 618
6884 617
6885 616
6886 615
6887 614
6888 613
6889 612
6890 611
6891 610
6892 609
6893 608
6894 607
6895 606
6896 605
6897 604
6898 603
6899 602
6900 601
6901 600
6902 599
6903 598
6904 597
6905 596
6906 595
6907 594
6908 593
6909 592
6910 591
6911 590
6912 589
6913 588
6914 587
6915 586
6916 585
6917 584
6918 583
6919 582
6920 581
6921 580
6922 579
6923 578
6924 577
6925 576
6926 575
6927 574
6928 573
6929 572
6930 571
6931 570
6932 569
6933 568
6934 567
6935 566
6936 565
6937 564
6938 563
6939 562
6940 561
6941 560
6942 559
6943 558
6944 557
6945 556
6946 555
6947 554
6948 553
6949 552
6950 551
6951 550
6952 549
6953 548
6954 547
6955 546
6956 545
6957 544
6958 543
6959 542
6960 541
6961 540
6962 539
6963 538
6964 537
6965 536
6966 535
6967 534
6968 533
6969 532
6970 531
6971 530
6972 529
6973 528
6974 527
6975 526
6976 525
6977 524
6978 523
6979 522
6980 521
6981 520
6982 519
6983 518
6984 517
6985 516
6986 515
6987 514
6988 513
6989 512
6990 511
6991 510
6992 509
6993 508
6994 507
6995 506
6996 505
6997 504
6998 503
6999 502
7000 501
7001 500
7002 499
7003 498
7004 497
7005 496
7006 495
7007 494
7008 493
7009 492
7010 491
7011 490
7012 489
7013 488
7014 487
7015 486
7016 485
7017 484
7018 483
7019 482
7020 481
7021 480
7022 479
7023 478
7024 477
7025 476
7026 475
7027 474
7028 473
7029 472
7030 471
7031 470
7032 469
7033 468
7034 467
7035 466
7036 465
7037 464
7038 463
7039 462
7040 461
7041 460
7042 459
7043 458
7044 457
7045 456
7046 455
7047 454
7048 453
7049 452
7050 451
7051 450
7052 449
7053 448
7054 447
7055 446
7056 445
7057 444
7058 443
7059 442
7060 441
7061 440
7062 439
7063 438
7064 437
7065 436
7066 435
7067 434
7068 433
7069 432
7070 431
7071 430
7072 429
7073 428
7074 427
7075 426
7076 425
7077 424
7078 423
7079 422
7080 421
7081 420
7082 419
7083 418
7084 417
7085 416
7086 415
7087 414
7088 413
7089 412
7090 411
7091 410
7092 409
7093 408
7094 407
7095 406
7096 405
7097 404
7098 403
7099 402
7100 401
7101 400
7102 399
7103 398
7104 397
7105 396
7106 395
7107 394
7108 393
7109 392
7110 391
7111 390
7112 389
7113 388
7114 387
7115 386
7116 385
7117 384
7118 383
7119 382
7120 381
7121 380
7122 379
7123 378
7124 377
7125 376
7126 375
7127 374
7128 373
7129 372
7130 371
7131 370
7132 369
7133 368
7134 367
7135 366
7136 365
7137 364
7138 363
7139 362
7140 361
7141 360
7142 359
7143 358
7144 357
7145 356
7146 355
7147 354
7148 353
7149 352
7150 351
7151 350
7152 349
7153 348
7154 347
7155 346
7156 345
7157 344
7158 343
7159 342
7160 341
7161 340
7162 339
7163 338
7164 337
7165 336
7166 335
7167 334
7168 333
7169 332
7170 331
7171 330
7172 329
7173 328
7174 327
7175 326
7176 325
7177 324
7178 323
7179 322
7180 321
7181 320
7182 319
7183 318
7184 317
7185 316
7186 315
7187 314
7188 313
7189 312
7190 311
7191 310
7192 309
7193 308
7194 307
7195 306
7196 305
7197 304
7198 303
7199 302
7200 301
7201 300
7202 299
7203 298
7204 297
7205 296
7206 295
7207 294
7208 293
7209 292
7210 291
7211 290
7212 289
7213 288
7214 287
7215 286
7216 285
7217 284
7218 283
7219 282
7220 281
7221 280
7222 279
7223 278
7224 277
7225 276
7226 275
7227 274
7228 273
7229 272
7230 271
7231 270
7232 269
7233 268
7234 267
7235 266
7236 265
7237 264
7238 263
7239 262
7240 261
7241 260
7242 259
7243 258
7244 257
7245 256
7246 255
7247 254
7248 253
7249 252
7250 251
7251 250
7252 249
7253 248
7254 247
7255 246
7256 245
7257 244
7258 243
7259 242
7260 241
7261 240
7262 239
7263 238
7264 237
7265 236
7266 235
7267 234
7268 233
7269 232
7270 231
7271 230
7272 229
7273 228
7274 227
7275 226
7276 225
7277 224
7278 223
7279 222
7280 221
7281 220
7282 219
7283 218
7284 217
7285 216
7286 215
7287 214
7288 213
7289 212
7290 211
7291 210
7292 209
7293 208
7294 207
7295 206
7296 205
7297 204
7298 203
7299 202
7300 201
7301 200
7302 199
7303 198
7304 197
7305 196
7306 195
7307 194
7308 193
7309 192
7310 191
7311 190
7312 189
7313 188
7314 187
7315 186
7316 185
7317 184
7318 183
7319 182
7320 181
7321 180
7322 179
7323 178
7324 177
7325 176
7326 175
7327 174
7328 173
7329 172
7330 171
7331 170
7332 169
7333 168
7334 167
7335 166
7336 165
7337 164
7338 163
7339 162
7340 161
7341 160
7342 159
7343 158
7344 157
7345 156
7346 155
7347 154
7348 153
7349 152
7350 151
7351 150
7352 149
7353 148
7354 147
7355 146
7356 145
7357 144
7358 143
7359 142
7360 141
7361 140
7362 139
7363 138
7364 137
7365 136
7366 135
7367 134
7368 133
7369 132
7370 131
7371 130
7372 129
7373 128
7374 127
7375 126
7376 125
7377 124
7378 123
7379 122
7380 121
7381 120
7382 119
7383 118
7384 117
7385 116
7386 115
7387 114
7388 113
7389 112
7390 111
7391 110
7392 109
7393 108
7394 107
7395 106
7396 105
7397 104
7398 103
7399 102
7400 101
7401 100
7402 99
7403 98
7404 97
7405 96
7406 95
7407 94
7408 93
7409 92
7410 91
7411 90
7412 89
7413 88
7414 87
7415 86
7416 85
7417 84
7418 83
7419 82
7420 81
7421 80
7422 79
7423 78
7424 77
7425 76
7426 75
7427 74
7428 73
7429 72
7430 71
7431 70
7432 69
7433 68
7434 67
7435 66
7436 65
7437 64
7438 63
7439 62
7440 61
7441 60
7442 59
7443 58
7444 57
7445 56
7446 55
7447 54
7448 53
7449 52
7450 51
7451 50
7452 49
7453 48
7454 47
7455 46
7456 45
7457 44
7458 43
7459 42
7460 41
7461 40
7462 39
7463 38
7464 37
7465 36
7466 35
7467 34
7468 33
7469 32
7470 31
7471 30
7472 29
7473 28
7474 27
7475 26
7476 25
7477 24
7478 23
7479 22
7480 21
7481 20
7482 19
7483 18
7484 17
7485 16
7486 15
7487 14
7488 13
7489 12
7490 11
7491 10
7492 9
7493 8
7494 7
7495 6
7496 5
7497 4
7498 3
7499 2
7500 1
