1 5000
2 4999
3 4998
4 4997
5 4996
6 4995
7 4994
8 4993
9 4992
10 4991
11 4990
12 4989
13 4988
14 4987
15 4986
16 4985
17 4984
18 4983
19 4982
20 4981
21 4980
22 4979
23 4978
24 4977
25 4976
26 4975
27 4974
28 4973
29 4972
30 4971
31 4970
32 4969
33 4968
34 4967
35 4966
36 4965
37 4964
38 4963
39 4962
40 4961
41 4960
42 4959
43 4958
44 4957
45 4956
46 4955
47 4954
48 4953
49 4952
50 4951
51 4950
52 4949
53 4948
54 4947
55 4946
56 4945
57 4944
58 4943
59 4942
60 4941
61 4940
62 4939
63 4938
64 4937
65 4936
66 4935
67 4934
68 4933
69 4932
70 4931
71 4930
72 4929
73 4928
74 4927
75 4926
76 4925
77 4924
78 4923
79 4922
80 4921
81 4920
82 4919
83 4918
84 4917
85 4916
86 4915
87 4914
88 4913
89 4912
90 4911
91 4910
92 4909
93 4908
94 4907
95 4906
96 4905
97 4904
98 4903
99 4902
100 4901
101 4900
102 4899
103 4898
104 4897
105 4896
106 4895
107 4894
108 4893
109 4892
110 4891
111 4890
112 4889
113 4888
114 4887
115 4886
116 4885
117 4884
118 4883
119 4882
120 4881
121 4880
122 4879
123 4878
124 4877
125 4876
126 4875
127 4874
128 4873
129 4872
130 4871
131 4870
132 4869
133 4868
134 4867
135 4866
136 4865
137 4864
138 4863
139 4862
140 4861
141 4860
142 4859
143 4858
144 4857
145 4856
146 4855
147 4854
148 4853
149 4852
150 4851
151 4850
152 4849
153 4848
154 4847
155 4846
156 4845
157 4844
158 4843
159 4842
160 4841
161 4840
162 4839
163 4838
164 4837
165 4836
166 4835
167 4834
168 4833
169 4832
170 4831
171 4830
172 4829
173 4828
174 4827
175 4826
176 4825
177 4824
178 4823
179 4822
180 4821
181 4820
182 4819
183 4818
184 4817
185 4816
186 4815
187 4814
188 4813
189 4812
190 4811
191 4810
192 4809
193 4808
194 4807
195 4806
196 4805
197 4804
198 4803
199 4802
200 4801
201 4800
202 4799
203 4798
204 4797
205 4796
206 4795
207 4794
208 4793
209 4792
210 4791
211 4790
212 4789
213 4788
214 4787
215 4786
216 4785
217 4784
218 4783
219 4782
220 4781
221 4780
222 4779
223 4778
224 4777
225 4776
226 4775
227 4774
228 4773
229 4772
230 4771
231 4770
232 4769
233 4768
234 4767
235 4766
236 4765
237 4764
238 4763
239 4762
240 4761
241 4760
242 4759
243 4758
244 4757
245 4756
246 4755
247 4754
248 4753
249 4752
250 4751
251 4750
252 4749
253 4748
254 4747
255 4746
256 4745
257 4744
258 4743
259 4742
260 4741
261 4740
262 4739
263 4738
264 4737
265 4736
266 4735
267 4734
268 4733
269 4732
270 4731
271 4730
272 4729
273 4728
274 4727
275 4726
276 4725
277 4724
278 4723
279 4722
280 4721
281 4720
282 4719
283 4718
284 4717
285 4716
286 4715
287 4714
288 4713
289 4712
290 4711
291 4710
292 4709
293 4708
294 4707
295 4706
296 4705
297 4704
298 4703
299 4702
300 4701
301 4700
302 4699
303 4698
304 4697
305 4696
306 4695
307 4694
308 4693
309 4692
310 4691
311 4690
312 4689
313 4688
314 4687
315 4686
316 4685
317 4684
318 4683
319 4682
320 4681
321 4680
322 4679
323 4678
324 4677
325 4676
326 4675
327 4674
328 4673
329 4672
330 4671
331 4670
332 4669
333 4668
334 4667
335 4666
336 4665
337 4664
338 4663
339 4662
340 4661
341 4660
342 4659
343 4658
344 4657
345 4656
346 4655
347 4654
348 4653
349 4652
350 4651
351 4650
352 4649
353 4648
354 4647
355 4646
356 4645
357 4644
358 4643
359 4642
360 4641
361 4640
362 4639
363 4638
364 4637
365 4636
366 4635
367 4634
368 4633
369 4632
370 4631
371 4630
372 4629
373 4628
374 4627
375 4626
376 4625
377 4624
378 4623
379 4622
380 4621
381 4620
382 4619
383 4618
384 4617
385 4616
386 4615
387 4614
388 4613
389 4612
390 4611
391 4610
392 4609
393 4608
394 4607
395 4606
396 4605
397 4604
398 4603
399 4602
400 4601
401 4600
402 4599
403 4598
404 4597
405 4596
406 4595
407 4594
408 4593
409 4592
410 4591
411 4590
412 4589
413 4588
414 4587
415 4586
416 4585
417 4584
418 4583
419 4582
420 4581
421 4580
422 4579
423 4578
424 4577
425 4576
426 4575
427 4574
428 4573
429 4572
430 4571
431 4570
432 4569
433 4568
434 4567
435 4566
436 4565
437 4564
438 4563
439 4562
440 4561
441 4560
442 4559
443 4558
444 4557
445 4556
446 4555
447 4554
448 4553
449 4552
450 4551
451 4550
452 4549
453 4548
454 4547
455 4546
456 4545
457 4544
458 4543
459 4542
460 4541
461 4540
462 4539
463 4538
464 4537
465 4536
466 4535
467 4534
468 4533
469 4532
470 4531
471 4530
472 4529
473 4528
474 4527
475 4526
476 4525
477 4524
478 4523
479 4522
480 4521
481 4520
482 4519
483 4518
484 4517
485 4516
486 4515
487 4514
488 4513
489 4512
490 4511
491 4510
492 4509
493 4508
494 4507
495 4506
496 4505
497 4504
498 4503
499 4502
500 4501
501 4500
502 4499
503 4498
504 4497
505 4496
506 4495
507 4494
508 4493
509 4492
510 4491
511 4490
512 4489
513 4488
514 4487
515 4486
516 4485
517 4484
518 4483
519 4482
520 4481
521 4480
522 4479
523 4478
524 4477
525 4476
526 4475
527 4474
528 4473
529 4472
530 4471
531 4470
532 4469
533 4468
534 4467
535 4466
536 4465
537 4464
538 4463
539 4462
540 4461
541 4460
542 4459
543 4458
544 4457
545 4456
546 4455
547 4454
548 4453
549 4452
550 4451
551 4450
552 4449
553 4448
554 4447
555 4446
556 4445
557 4444
558 4443
559 4442
560 4441
561 4440
562 4439
563 4438
564 4437
565 4436
566 4435
567 4434
568 4433
569 4432
570 4431
571 4430
572 4429
573 4428
574 4427
575 4426
576 4425
577 4424
578 4423
579 4422
580 4421
581 4420
582 4419
583 4418
584 4417
585 4416
586 4415
587 4414
588 4413
589 4412
590 4411
591 4410
592 4409
593 4408
594 4407
595 4406
596 4405
597 4404
598 4403
599 4402
600 4401
601 4400
602 4399
603 4398
604 4397
605 4396
606 4395
607 4394
608 4393
609 4392
610 4391
611 4390
612 4389
613 4388
614 4387
615 4386
616 4385
617 4384
618 4383
619 4382
620 4381
621 4380
622 4379
623 4378
624 4377
625 4376
626 4375
627 4374
628 4373
629 4372
630 4371
631 4370
632 4369
633 4368
634 4367
635 4366
636 4365
637 4364
638 4363
639 4362
640 4361
641 4360
642 4359
643 4358
644 4357
645 4356
646 4355
647 4354
648 4353
649 4352
650 4351
651 4350
652 4349
653 4348
654 4347
655 4346
656 4345
657 4344
658 4343
659 4342
660 4341
661 4340
662 4339
663 4338
664 4337
665 4336
666 4335
667 4334
668 4333
669 4332
670 4331
671 4330
672 4329
673 4328
674 4327
675 4326
676 4325
677 4324
678 4323
679 4322
680 4321
681 4320
682 4319
683 4318
684 4317
685 4316
686 4315
687 4314
688 4313
689 4312
690 4311
691 4310
692 4309
693 4308
694 4307
695 4306
696 4305
697 4304
698 4303
699 4302
700 4301
701 4300
702 4299
703 4298
704 4297
705 4296
706 4295
707 4294
708 4293
709 4292
710 4291
711 4290
712 4289
713 4288
714 4287
715 4286
716 4285
717 4284
718 4283
719 4282
720 4281
721 4280
722 4279
723 4278
724 4277
725 4276
726 4275
727 4274
728 4273
729 4272
730 4271
731 4270
732 4269
733 4268
734 4267
735 4266
736 4265
737 4264
738 4263
739 4262
740 4261
741 4260
742 4259
743 4258
744 4257
745 4256
746 4255
747 4254
748 4253
749 4252
750 4251
751 4250
752 4249
753 4248
754 4247
755 4246
756 4245
757 4244
758 4243
759 4242
760 4241
761 4240
762 4239
763 4238
764 4237
765 4236
766 4235
767 4234
768 4233
769 4232
770 4231
771 4230
772 4229
773 4228
774 4227
775 4226
776 4225
777 4224
778 4223
779 4222
780 4221
781 4220
782 4219
783 4218
784 4217
785 4216
786 4215
787 4214
788 4213
789 4212
790 4211
791 4210
792 4209
793 4208
794 4207
795 4206
796 4205
797 4204
798 4203
799 4202
800 4201
801 4200
802 4199
803 4198
804 4197
805 4196
806 4195
807 4194
808 4193
809 4192
810 4191
811 4190
812 4189
813 4188
814 4187
815 4186
816 4185
817 4184
818 4183
819 4182
820 4181
821 4180
822 4179
823 4178
824 4177
825 4176
826 4175
827 4174
828 4173
829 4172
830 4171
831 4170
832 4169
833 4168
834 4167
835 4166
836 4165
837 4164
838 4163
839 4162
840 4161
841 4160
842 4159
843 4158
844 4157
845 4156
846 4155
847 4154
848 4153
849 4152
850 4151
851 4150
852 4149
853 4148
854 4147
855 4146
856 4145
857 4144
858 4143
859 4142
860 4141
861 4140
862 4139
863 4138
864 4137
865 4136
866 4135
867 4134
868 4133
869 4132
870 4131
871 4130
872 4129
873 4128
874 4127
875 4126
876 4125
877 4124
878 4123
879 4122
880 4121
881 4120
882 4119
883 4118
884 4117
885 4116
886 4115
887 4114
888 4113
889 4112
890 4111
891 4110
892 4109
893 4108
894 4107
895 4106
896 4105
897 4104
898 4103
899 4102
900 4101
901 4100
902 4099
903 4098
904 4097
905 4096
906 4095
907 4094
908 4093
909 4092
910 4091
911 4090
912 4089
913 4088
914 4087
915 4086
916 4085
917 4084
918 4083
919 4082
920 4081
921 4080
922 4079
923 4078
924 4077
925 4076
926 4075
927 4074
928 4073
929 4072
930 4071
931 4070
932 4069
933 4068
934 4067
935 4066
936 4065
937 4064
938 4063
939 4062
940 4061
941 4060
942 4059
943 4058
944 4057
945 4056
946 4055
947 4054
948 4053
949 4052
950 4051
951 4050
952 4049
953 4048
954 4047
955 4046
956 4045
957 4044
958 4043
959 4042
960 4041
961 4040
962 4039
963 4038
964 4037
965 4036
966 4035
967 4034
968 4033
969 4032
970 4031
971 4030
972 4029
973 4028
974 4027
975 4026
976 4025
977 4024
978 4023
979 4022
980 4021
981 4020
982 4019
983 4018
984 4017
985 4016
986 4015
987 4014
988 4013
989 4012
990 4011
991 4010
992 4009
993 4008
994 4007
995 4006
996 4005
997 4004
998 4003
999 4002
1000 4001
1001 4000
1002 3999
1003 3998
1004 3997
1005 3996
1006 3995
1007 3994
1008 3993
1009 3992
1010 3991
1011 3990
1012 3989
1013 3988
1014 3987
1015 3986
1016 3985
1017 3984
1018 3983
1019 3982
1020 3981
1021 3980
1022 3979
1023 3978
1024 3977
1025 3976
1026 3975
1027 3974
1028 3973
1029 3972
1030 3971
1031 3970
1032 3969
1033 3968
1034 3967
1035 3966
1036 3965
1037 3964
1038 3963
1039 3962
1040 3961
1041 3960
1042 3959
1043 3958
1044 3957
1045 3956
1046 3955
1047 3954
1048 3953
1049 3952
1050 3951
1051 3950
1052 3949
1053 3948
1054 3947
1055 3946
1056 3945
1057 3944
1058 3943
1059 3942
1060 3941
1061 3940
1062 3939
1063 3938
1064 3937
1065 3936
1066 3935
1067 3934
1068 3933
1069 3932
1070 3931
1071 3930
1072 3929
1073 3928
1074 3927
1075 3926
1076 3925
1077 3924
1078 3923
1079 3922
1080 3921
1081 3920
1082 3919
1083 3918
1084 3917
1085 3916
1086 3915
1087 3914
1088 3913
1089 3912
1090 3911
1091 3910
1092 3909
1093 3908
1094 3907
1095 3906
1096 3905
1097 3904
1098 3903
1099 3902
1100 3901
1101 3900
1102 3899
1103 3898
1104 3897
1105 3896
1106 3895
1107 3894
1108 3893
1109 3892
1110 3891
1111 3890
1112 3889
1113 3888
1114 3887
1115 3886
1116 3885
1117 3884
1118 3883
1119 3882
1120 3881
1121 3880
1122 3879
1123 3878
1124 3877
1125 3876
1126 3875
1127 3874
1128 3873
1129 3872
1130 3871
1131 3870
1132 3869
1133 3868
1134 3867
1135 3866
1136 3865
1137 3864
1138 3863
1139 3862
1140 3861
1141 3860
1142 3859
1143 3858
1144 3857
1145 3856
1146 3855
1147 3854
1148 3853
1149 3852
1150 3851
1151 3850
1152 3849
1153 3848
1154 3847
1155 3846
1156 3845
1157 3844
1158 3843
1159 3842
1160 3841
1161 3840
1162 3839
1163 3838
1164 3837
1165 3836
1166 3835
1167 3834
1168 3833
1169 3832
1170 3831
1171 3830
1172 3829
1173 3828
1174 3827
1175 3826
1176 3825
1177 3824
1178 3823
1179 3822
1180 3821
1181 3820
1182 3819
1183 3818
1184 3817
1185 3816
1186 3815
1187 3814
1188 3813
1189 3812
1190 3811
1191 3810
1192 3809
1193 3808
1194 3807
1195 3806
1196 3805
1197 3804
1198 3803
1199 3802
1200 3801
1201 3800
1202 3799
1203 3798
1204 3797
1205 3796
1206 3795
1207 3794
1208 3793
1209 3792
1210 3791
1211 3790
1212 3789
1213 3788
1214 3787
1215 3786
1216 3785
1217 3784
1218 3783
1219 3782
1220 3781
1221 3780
1222 3779
1223 3778
1224 3777
1225 3776
1226 3775
1227 3774
1228 3773
1229 3772
1230 3771
1231 3770
1232 3769
1233 3768
1234 3767
1235 3766
1236 3765
1237 3764
1238 3763
1239 3762
1240 3761
1241 3760
1242 3759
1243 3758
1244 3757
1245 3756
1246 3755
1247 3754
1248 3753
1249 3752
1250 3751
1251 3750
1252 3749
1253 3748
1254 3747
1255 3746
1256 3745
1257 3744
1258 3743
1259 3742
1260 3741
1261 3740
1262 3739
1263 3738
1264 3737
1265 3736
1266 3735
1267 3734
1268 3733
1269 3732
1270 3731
1271 3730
1272 3729
1273 3728
1274 3727
1275 3726
1276 3725
1277 3724
1278 3723
1279 3722
1280 3721
1281 3720
1282 3719
1283 3718
1284 3717
1285 3716
1286 3715
1287 3714
1288 3713
1289 3712
1290 3711
1291 3710
1292 3709
1293 3708
1294 3707
1295 3706
1296 3705
1297 3704
1298 3703
1299 3702
1300 3701
1301 3700
1302 3699
1303 3698
1304 3697
1305 3696
1306 3695
1307 3694
1308 3693
1309 3692
1310 3691
1311 3690
1312 3689
1313 3688
1314 3687
1315 3686
1316 3685
1317 3684
1318 3683
1319 3682
1320 3681
1321 3680
1322 3679
1323 3678
1324 3677
1325 3676
1326 3675
1327 3674
1328 3673
1329 3672
1330 3671
1331 3670
1332 3669
1333 3668
1334 3667
1335 3666
1336 3665
1337 3664
1338 3663
1339 3662
1340 3661
1341 3660
1342 3659
1343 3658
1344 3657
1345 3656
1346 3655
1347 3654
1348 3653
1349 3652
1350 3651
1351 3650
1352 3649
1353 3648
1354 3647
1355 3646
1356 3645
1357 3644
1358 3643
1359 3642
1360 3641
1361 3640
1362 3639
1363 3638
1364 3637
1365 3636
1366 3635
1367 3634
1368 3633
1369 3632
1370 3631
1371 3630
1372 3629
1373 3628
1374 3627
1375 3626
1376 3625
1377 3624
1378 3623
1379 3622
1380 3621
1381 3620
1382 3619
1383 3618
1384 3617
1385 3616
1386 3615
1387 3614
1388 3613
1389 3612
1390 3611
1391 3610
1392 3609
1393 3608
1394 3607
1395 3606
1396 3605
1397 3604
1398 3603
1399 3602
1400 3601
1401 3600
1402 3599
1403 3598
1404 3597
1405 3596
1406 3595
1407 3594
1408 3593
1409 3592
1410 3591
1411 3590
1412 3589
1413 3588
1414 3587
1415 3586
1416 3585
1417 3584
1418 3583
1419 3582
1420 3581
1421 3580
1422 3579
1423 3578
1424 3577
1425 3576
1426 3575
1427 3574
1428 3573
1429 3572
1430 3571
1431 3570
1432 3569
1433 3568
1434 3567
1435 3566
1436 3565
1437 3564
1438 3563
1439 3562
1440 3561
1441 3560
1442 3559
1443 3558
1444 3557
1445 3556
1446 3555
1447 3554
1448 3553
1449 3552
1450 3551
1451 3550
1452 3549
1453 3548
1454 3547
1455 3546
1456 3545
1457 3544
1458 3543
1459 3542
1460 3541
1461 3540
1462 3539
1463 3538
1464 3537
1465 3536
1466 3535
1467 3534
1468 3533
1469 3532
1470 3531
1471 3530
1472 3529
1473 3528
1474 3527
1475 3526
1476 3525
1477 3524
1478 3523
1479 3522
1480 3521
1481 3520
1482 3519
1483 3518
1484 3517
1485 3516
1486 3515
1487 3514
1488 3513
1489 3512
1490 3511
1491 3510
1492 3509
1493 3508
1494 3507
1495 3506
1496 3505
1497 3504
1498 3503
1499 3502
1500 3501
1501 3500
1502 3499
1503 3498
1504 3497
1505 3496
1506 3495
1507 3494
1508 3493
1509 3492
1510 3491
1511 3490
1512 3489
1513 3488
1514 3487
1515 3486
1516 3485
1517 3484
1518 3483
1519 3482
1520 3481
1521 3480
1522 3479
1523 3478
1524 3477
1525 3476
1526 3475
1527 3474
1528 3473
1529 3472
1530 3471
1531 3470
1532 3469
1533 3468
1534 3467
1535 3466
1536 3465
1537 3464
1538 3463
1539 3462
1540 3461
1541 3460
1542 3459
1543 3458
1544 3457
1545 3456
1546 3455
1547 3454
1548 3453
1549 3452
1550 3451
1551 3450
1552 3449
1553 3448
1554 3447
1555 3446
1556 3445
1557 3444
1558 3443
1559 3442
1560 3441
1561 3440
1562 3439
1563 3438
1564 3437
1565 3436
1566 3435
1567 3434
1568 3433
1569 3432
1570 3431
1571 3430
1572 3429
1573 3428
1574 3427
1575 3426
1576 3425
1577 3424
1578 3423
1579 3422
1580 3421
1581 3420
1582 3419
1583 3418
1584 3417
1585 3416
1586 3415
1587 3414
1588 3413
1589 3412
1590 3411
1591 3410
1592 3409
1593 3408
1594 3407
1595 3406
1596 3405
1597 3404
1598 3403
1599 3402
1600 3401
1601 3400
1602 3399
1603 3398
1604 3397
1605 3396
1606 3395
1607 3394
1608 3393
1609 3392
1610 3391
1611 3390
1612 3389
1613 3388
1614 3387
1615 3386
1616 3385
1617 3384
1618 3383
1619 3382
1620 3381
1621 3380
1622 3379
1623 3378
1624 3377
1625 3376
1626 3375
1627 3374
1628 3373
1629 3372
1630 3371
1631 3370
1632 3369
1633 3368
1634 3367
1635 3366
1636 3365
1637 3364
1638 3363
1639 3362
1640 3361
1641 3360
1642 3359
1643 3358
1644 3357
1645 3356
1646 3355
1647 3354
1648 3353
1649 3352
1650 3351
1651 3350
1652 3349
1653 3348
1654 3347
1655 3346
1656 3345
1657 3344
1658 3343
1659 3342
1660 3341
1661 3340
1662 3339
1663 3338
1664 3337
1665 3336
1666 3335
1667 3334
1668 3333
1669 3332
1670 3331
1671 3330
1672 3329
1673 3328
1674 3327
1675 3326
1676 3325
1677 3324
1678 3323
1679 3322
1680 3321
1681 3320
1682 3319
1683 3318
1684 3317
1685 3316
1686 3315
1687 3314
1688 3313
1689 3312
1690 3311
1691 3310
1692 3309
1693 3308
1694 3307
1695 3306
1696 3305
1697 3304
1698 3303
1699 3302
1700 3301
1701 3300
1702 3299
1703 3298
1704 3297
1705 3296
1706 3295
1707 3294
1708 3293
1709 3292
1710 3291
1711 3290
1712 3289
1713 3288
1714 3287
1715 3286
1716 3285
1717 3284
1718 3283
1719 3282
1720 3281
1721 3280
1722 3279
1723 3278
1724 3277
1725 3276
1726 3275
1727 3274
1728 3273
1729 3272
1730 3271
1731 3270
1732 3269
1733 3268
1734 3267
1735 3266
1736 3265
1737 3264
1738 3263
1739 3262
1740 3261
1741 3260
1742 3259
1743 3258
1744 3257
1745 3256
1746 3255
1747 3254
1748 3253
1749 3252
1750 3251
1751 3250
1752 3249
1753 3248
1754 3247
1755 3246
1756 3245
1757 3244
1758 3243
1759 3242
1760 3241
1761 3240
1762 3239
1763 3238
1764 3237
1765 3236
1766 3235
1767 3234
1768 3233
1769 3232
1770 3231
1771 3230
1772 3229
1773 3228
1774 3227
1775 3226
1776 3225
1777 3224
1778 3223
1779 3222
1780 3221
1781 3220
1782 3219
1783 3218
1784 3217
1785 3216
1786 3215
1787 3214
1788 3213
1789 3212
1790 3211
1791 3210
1792 3209
1793 3208
1794 3207
1795 3206
1796 3205
1797 3204
1798 3203
1799 3202
1800 3201
1801 3200
1802 3199
1803 3198
1804 3197
1805 3196
1806 3195
1807 3194
1808 3193
1809 3192
1810 3191
1811 3190
1812 3189
1813 3188
1814 3187
1815 3186
1816 3185
1817 3184
1818 3183
1819 3182
1820 3181
1821 3180
1822 3179
1823 3178
1824 3177
1825 3176
1826 3175
1827 3174
1828 3173
1829 3172
1830 3171
1831 3170
1832 3169
1833 3168
1834 3167
1835 3166
1836 3165
1837 3164
1838 3163
1839 3162
1840 3161
1841 3160
1842 3159
1843 3158
1844 3157
1845 3156
1846 3155
1847 3154
1848 3153
1849 3152
1850 3151
1851 3150
1852 3149
1853 3148
1854 3147
1855 3146
1856 3145
1857 3144
1858 3143
1859 3142
1860 3141
1861 3140
1862 3139
1863 3138
1864 3137
1865 3136
1866 3135
1867 3134
1868 3133
1869 3132
1870 3131
1871 3130
1872 3129
1873 3128
1874 3127
1875 3126
1876 3125
1877 3124
1878 3123
1879 3122
1880 3121
1881 3120
1882 3119
1883 3118
1884 3117
1885 3116
1886 3115
1887 3114
1888 3113
1889 3112
1890 3111
1891 3110
1892 3109
1893 3108
1894 3107
1895 3106
1896 3105
1897 3104
1898 3103
1899 3102
1900 3101
1901 3100
1902 3099
1903 3098
1904 3097
1905 3096
1906 3095
1907 3094
1908 3093
1909 3092
1910 3091
1911 3090
1912 3089
1913 3088
1914 3087
1915 3086
1916 3085
1917 3084
1918 3083
1919 3082
1920 3081
1921 3080
1922 3079
1923 3078
1924 3077
1925 3076
1926 3075
1927 3074
1928 3073
1929 3072
1930 3071
1931 3070
1932 3069
1933 3068
1934 3067
1935 3066
1936 3065
1937 3064
1938 3063
1939 3062
1940 3061
1941 3060
1942 3059
1943 3058
1944 3057
1945 3056
1946 3055
1947 3054
1948 3053
1949 3052
1950 3051
1951 3050
1952 3049
1953 3048
1954 3047
1955 3046
1956 3045
1957 3044
1958 3043
1959 3042
1960 3041
1961 3040
1962 3039
1963 3038
1964 3037
1965 3036
1966 3035
1967 3034
1968 3033
1969 3032
1970 3031
1971 3030
1972 3029
1973 3028
1974 3027
1975 3026
1976 3025
1977 3024
1978 3023
1979 3022
1980 3021
1981 3020
1982 3019
1983 3018
1984 3017
1985 3016
1986 3015
1987 3014
1988 3013
1989 3012
1990 3011
1991 3010
1992 3009
1993 3008
1994 3007
1995 3006
1996 3005
1997 3004
1998 3003
1999 3002
2000 3001
2001 3000
2002 2999
2003 2998
2004 2997
2005 2996
2006 2995
2007 2994
2008 2993
2009 2992
2010 2991
2011 2990
2012 2989
2013 2988
2014 2987
2015 2986
2016 2985
2017 2984
2018 2983
2019 2982
2020 2981
2021 2980
2022 2979
2023 2978
2024 2977
2025 2976
2026 2975
2027 2974
2028 2973
2029 2972
2030 2971
2031 2970
2032 2969
2033 2968
2034 2967
2035 2966
2036 2965
2037 2964
2038 2963
2039 2962
2040 2961
2041 2960
2042 2959
2043 2958
2044 2957
2045 2956
2046 2955
2047 2954
2048 2953
2049 2952
2050 2951
2051 2950
2052 2949
2053 2948
2054 2947
2055 2946
2056 2945
2057 2944
2058 2943
2059 2942
2060 2941
2061 2940
2062 2939
2063 2938
2064 2937
2065 2936
2066 2935
2067 2934
2068 2933
2069 2932
2070 2931
2071 2930
2072 2929
2073 2928
2074 2927
2075 2926
2076 2925
2077 2924
2078 2923
2079 2922
2080 2921
2081 2920
2082 2919
2083 2918
2084 2917
2085 2916
2086 2915
2087 2914
2088 2913
2089 2912
2090 2911
2091 2910
2092 2909
2093 2908
2094 2907
2095 2906
2096 2905
2097 2904
2098 2903
2099 2902
2100 2901
2101 2900
2102 2899
2103 2898
2104 2897
2105 2896
2106 2895
2107 2894
2108 2893
2109 2892
2110 2891
2111 2890
2112 2889
2113 2888
2114 2887
2115 2886
2116 2885
2117 2884
2118 2883
2119 2882
2120 2881
2121 2880
2122 2879
2123 2878
2124 2877
2125 2876
2126 2875
2127 2874
2128 2873
2129 2872
2130 2871
2131 2870
2132 2869
2133 2868
2134 2867
2135 2866
2136 2865
2137 2864
2138 2863
2139 2862
2140 2861
2141 2860
2142 2859
2143 2858
2144 2857
2145 2856
2146 2855
2147 2854
2148 2853
2149 2852
2150 2851
2151 2850
2152 2849
2153 2848
2154 2847
2155 2846
2156 2845
2157 2844
2158 2843
2159 2842
2160 2841
2161 2840
2162 2839
2163 2838
2164 2837
2165 2836
2166 2835
2167 2834
2168 2833
2169 2832
2170 2831
2171 2830
2172 2829
2173 2828
2174 2827
2175 2826
2176 2825
2177 2824
2178 2823
2179 2822
2180 2821
2181 2820
2182 2819
2183 2818
2184 2817
2185 2816
2186 2815
2187 2814
2188 2813
2189 2812
2190 2811
2191 2810
2192 2809
2193 2808
2194 2807
2195 2806
2196 2805
2197 2804
2198 2803
2199 2802
2200 2801
2201 2800
2202 2799
2203 2798
2204 2797
2205 2796
2206 2795
2207 2794
2208 2793
2209 2792
2210 2791
2211 2790
2212 2789
2213 2788
2214 2787
2215 2786
2216 2785
2217 2784
2218 2783
2219 2782
2220 2781
2221 2780
2222 2779
2223 2778
2224 2777
2225 2776
2226 2775
2227 2774
2228 2773
2229 2772
2230 2771
2231 2770
2232 2769
2233 2768
2234 2767
2235 2766
2236 2765
2237 2764
2238 2763
2239 2762
2240 2761
2241 2760
2242 2759
2243 2758
2244 2757
2245 2756
2246 2755
2247 2754
2248 2753
2249 2752
2250 2751
2251 2750
2252 2749
2253 2748
2254 2747
2255 2746
2256 2745
2257 2744
2258 2743
2259 2742
2260 2741
2261 2740
2262 2739
2263 2738
2264 2737
2265 2736
2266 2735
2267 2734
2268 2733
2269 2732
2270 2731
2271 2730
2272 2729
2273 2728
2274 2727
2275 2726
2276 2725
2277 2724
2278 2723
2279 2722
2280 2721
2281 2720
2282 2719
2283 2718
2284 2717
2285 2716
2286 2715
2287 2714
2288 2713
2289 2712
2290 2711
2291 2710
2292 2709
2293 2708
2294 2707
2295 2706
2296 2705
2297 2704
2298 2703
2299 2702
2300 2701
2301 2700
2302 2699
2303 2698
2304 2697
2305 2696
2306 2695
2307 2694
2308 2693
2309 2692
2310 2691
2311 2690
2312 2689
2313 2688
2314 2687
2315 2686
2316 2685
2317 2684
2318 2683
2319 2682
2320 2681
2321 2680
2322 2679
2323 2678
2324 2677
2325 2676
2326 2675
2327 2674
2328 2673
2329 2672
2330 2671
2331 2670
2332 2669
2333 2668
2334 2667
2335 2666
2336 2665
2337 2664
2338 2663
2339 2662
2340 2661
2341 2660
2342 2659
2343 2658
2344 2657
2345 2656
2346 2655
2347 2654
2348 2653
2349 2652
2350 2651
2351 2650
2352 2649
2353 2648
2354 2647
2355 2646
2356 2645
2357 2644
2358 2643
2359 2642
2360 2641
2361 2640
2362 2639
2363 2638
2364 2637
2365 2636
2366 2635
2367 2634
2368 2633
2369 2632
2370 2631
2371 2630
2372 2629
2373 2628
2374 2627
2375 2626
2376 2625
2377 2624
2378 2623
2379 2622
2380 2621
2381 2620
2382 2619
2383 2618
2384 2617
2385 2616
2386 2615
2387 2614
2388 2613
2389 2612
2390 2611
2391 2610
2392 2609
2393 2608
2394 2607
2395 2606
2396 2605
2397 2604
2398 2603
2399 2602
2400 2601
2401 2600
2402 2599
2403 2598
2404 2597
2405 2596
2406 2595
2407 2594
2408 2593
2409 2592
2410 2591
2411 2590
2412 2589
2413 2588
2414 2587
2415 2586
2416 2585
2417 2584
2418 2583
2419 2582
2420 2581
2421 2580
2422 2579
2423 2578
2424 2577
2425 2576
2426 2575
2427 2574
2428 2573
2429 2572
2430 2571
2431 2570
2432 2569
2433 2568
2434 2567
2435 2566
2436 2565
2437 2564
2438 2563
2439 2562
2440 2561
2441 2560
2442 2559
2443 2558
2444 2557
2445 2556
2446 2555
2447 2554
2448 2553
2449 2552
2450 2551
2451 2550
2452 2549
2453 2548
2454 2547
2455 2546
2456 2545
2457 2544
2458 2543
2459 2542
2460 2541
2461 2540
2462 2539
2463 2538
2464 2537
2465 2536
2466 2535
2467 2534
2468 2533
2469 2532
2470 2531
2471 2530
2472 2529
2473 2528
2474 2527
2475 2526
2476 2525
2477 2524
2478 2523
2479 2522
2480 2521
2481 2520
2482 2519
2483 2518
2484 2517
2485 2516
2486 2515
2487 2514
2488 2513
2489 2512
2490 2511
2491 2510
2492 2509
2493 2508
2494 2507
2495 2506
2496 2505
2497 2504
2498 2503
2499 2502
2500 2501
2501 7501
2502 7502
2503 7503
2504 7504
2505 7505
2506 7506
2507 7507
2508 7508
2509 7509
2510 7510
2511 7511
2512 7512
2513 7513
2514 7514
2515 7515
2516 7516
2517 7517
2518 7518
2519 7519
2520 7520
2521 7521
2522 7522
2523 7523
2524 7524
2525 7525
2526 7526
2527 7527
2528 7528
2529 7529
2530 7530
2531 7531
2532 7532
2533 7533
2534 7534
2535 7535
2536 7536
2537 7537
2538 7538
2539 7539
2540 7540
2541 7541
2542 7542
2543 7543
2544 7544
2545 7545
2546 7546
2547 7547
2548 7548
2549 7549
2550 7550
2551 7551
2552 7552
2553 7553
2554 7554
2555 7555
2556 7556
2557 7557
2558 7558
2559 7559
2560 7560
2561 7561
2562 7562
2563 7563
2564 7564
2565 7565
2566 7566
2567 7567
2568 7568
2569 7569
2570 7570
2571 7571
2572 7572
2573 7573
2574 7574
2575 7575
2576 7576
2577 7577
2578 7578
2579 7579
2580 7580
2581 7581
2582 7582
2583 7583
2584 7584
2585 7585
2586 7586
2587 7587
2588 7588
2589 7589
2590 7590
2591 7591
2592 7592
2593 7593
2594 7594
2595 7595
2596 7596
2597 7597
2598 7598
2599 7599
2600 7600
2601 7601
2602 7602
2603 7603
2604 7604
2605 7605
2606 7606
2607 7607
2608 7608
2609 7609
2610 7610
2611 7611
2612 7612
2613 7613
2614 7614
2615 7615
2616 7616
2617 7617
2618 7618
2619 7619
2620 7620
2621 7621
2622 7622
2623 7623
2624 7624
2625 7625
2626 7626
2627 7627
2628 7628
2629 7629
2630 7630
2631 7631
2632 7632
2633 7633
2634 7634
2635 7635
2636 7636
2637 7637
2638 7638
2639 7639
2640 7640
2641 7641
2642 7642
2643 7643
2644 7644
2645 7645
2646 7646
2647 7647
2648 7648
2649 7649
2650 7650
2651 7651
2652 7652
2653 7653
2654 7654
2655 7655
2656 7656
2657 7657
2658 7658
2659 7659
2660 7660
2661 7661
2662 7662
2663 7663
2664 7664
2665 7665
2666 7666
2667 7667
2668 7668
2669 7669
2670 7670
2671 7671
2672 7672
2673 7673
2674 7674
2675 7675
2676 7676
2677 7677
2678 7678
2679 7679
2680 7680
2681 7681
2682 7682
2683 7683
2684 7684
2685 7685
2686 7686
2687 7687
2688 7688
2689 7689
2690 7690
2691 7691
2692 7692
2693 7693
2694 7694
2695 7695
2696 7696
2697 7697
2698 7698
2699 7699
2700 7700
2701 7701
2702 7702
2703 7703
2704 7704
2705 7705
2706 7706
2707 7707
2708 7708
2709 7709
2710 7710
2711 7711
2712 7712
2713 7713
2714 7714
2715 7715
2716 7716
2717 7717
2718 7718
2719 7719
2720 7720
2721 7721
2722 7722
2723 7723
2724 7724
2725 7725
2726 7726
2727 7727
2728 7728
2729 7729
2730 7730
2731 7731
2732 7732
2733 7733
2734 7734
2735 7735
2736 7736
2737 7737
2738 7738
2739 7739
2740 7740
2741 7741
2742 7742
2743 7743
2744 7744
2745 7745
2746 7746
2747 7747
2748 7748
2749 7749
2750 7750
2751 7751
2752 7752
2753 7753
2754 7754
2755 7755
2756 7756
2757 7757
2758 7758
2759 7759
2760 7760
2761 7761
2762 7762
2763 7763
2764 7764
2765 7765
2766 7766
2767 7767
2768 7768
2769 7769
2770 7770
2771 7771
2772 7772
2773 7773
2774 7774
2775 7775
2776 7776
2777 7777
2778 7778
2779 7779
2780 7780
2781 7781
2782 7782
2783 7783
2784 7784
2785 7785
2786 7786
2787 7787
2788 7788
2789 7789
2790 7790
2791 7791
2792 7792
2793 7793
2794 7794
2795 7795
2796 7796
2797 7797
2798 7798
2799 7799
2800 7800
2801 7801
2802 7802
2803 7803
2804 7804
2805 7805
2806 7806
2807 7807
2808 7808
2809 7809
2810 7810
2811 7811
2812 7812
2813 7813
2814 7814
2815 7815
2816 7816
2817 7817
2818 7818
2819 7819
2820 7820
2821 7821
2822 7822
2823 7823
2824 7824
2825 7825
2826 7826
2827 7827
2828 7828
2829 7829
2830 7830
2831 7831
2832 7832
2833 7833
2834 7834
2835 7835
2836 7836
2837 7837
2838 7838
2839 7839
2840 7840
2841 7841
2842 7842
2843 7843
2844 7844
2845 7845
2846 7846
2847 7847
2848 7848
2849 7849
2850 7850
2851 7851
2852 7852
2853 7853
2854 7854
2855 7855
2856 7856
2857 7857
2858 7858
2859 7859
2860 7860
2861 7861
2862 7862
2863 7863
2864 7864
2865 7865
2866 7866
2867 7867
2868 7868
2869 7869
2870 7870
2871 7871
2872 7872
2873 7873
2874 7874
2875 7875
2876 7876
2877 7877
2878 7878
2879 7879
2880 7880
2881 7881
2882 7882
2883 7883
2884 7884
2885 7885
2886 7886
2887 7887
2888 7888
2889 7889
2890 7890
2891 7891
2892 7892
2893 7893
2894 7894
2895 7895
2896 7896
2897 7897
2898 7898
2899 7899
2900 7900
2901 7901
2902 7902
2903 7903
2904 7904
2905 7905
2906 7906
2907 7907
2908 7908
2909 7909
2910 7910
2911 7911
2912 7912
2913 7913
2914 7914
2915 7915
2916 7916
2917 7917
2918 7918
2919 7919
2920 7920
2921 7921
2922 7922
2923 7923
2924 7924
2925 7925
2926 7926
2927 7927
2928 7928
2929 7929
2930 7930
2931 7931
2932 7932
2933 7933
2934 7934
2935 7935
2936 7936
2937 7937
2938 7938
2939 7939
2940 7940
2941 7941
2942 7942
2943 7943
2944 7944
2945 7945
2946 7946
2947 7947
2948 7948
2949 7949
2950 7950
2951 7951
2952 7952
2953 7953
2954 7954
2955 7955
2956 7956
2957 7957
2958 7958
2959 7959
2960 7960
2961 7961
2962 7962
2963 7963
2964 7964
2965 7965
2966 7966
2967 7967
2968 7968
2969 7969
2970 7970
2971 7971
2972 7972
2973 7973
2974 7974
2975 7975
2976 7976
2977 7977
2978 7978
2979 7979
2980 7980
2981 7981
2982 7982
2983 7983
2984 7984
2985 7985
2986 7986
2987 7987
2988 7988
2989 7989
2990 7990
2991 7991
2992 7992
2993 7993
2994 7994
2995 7995
2996 7996
2997 7997
2998 7998
2999 7999
3000 8000
3001 8001
3002 8002
3003 8003
3004 8004
3005 8005
3006 8006
3007 8007
3008 8008
3009 8009
3010 8010
3011 8011
3012 8012
3013 8013
3014 8014
3015 8015
3016 8016
3017 8017
3018 8018
3019 8019
3020 8020
3021 8021
3022 8022
3023 8023
3024 8024
3025 8025
3026 8026
3027 8027
3028 8028
3029 8029
3030 8030
3031 8031
3032 8032
3033 8033
3034 8034
3035 8035
3036 8036
3037 8037
3038 8038
3039 8039
3040 8040
3041 8041
3042 8042
3043 8043
3044 8044
3045 8045
3046 8046
3047 8047
3048 8048
3049 8049
3050 8050
3051 8051
3052 8052
3053 8053
3054 8054
3055 8055
3056 8056
3057 8057
3058 8058
3059 8059
3060 8060
3061 8061
3062 8062
3063 8063
3064 8064
3065 8065
3066 8066
3067 8067
3068 8068
3069 8069
3070 8070
3071 8071
3072 8072
3073 8073
3074 8074
3075 8075
3076 8076
3077 8077
3078 8078
3079 8079
3080 8080
3081 8081
3082 8082
3083 8083
3084 8084
3085 8085
3086 8086
3087 8087
3088 8088
3089 8089
3090 8090
3091 8091
3092 8092
3093 8093
3094 8094
3095 8095
3096 8096
3097 8097
3098 8098
3099 8099
3100 8100
3101 8101
3102 8102
3103 8103
3104 8104
3105 8105
3106 8106
3107 8107
3108 8108
3109 8109
3110 8110
3111 8111
3112 8112
3113 8113
3114 8114
3115 8115
3116 8116
3117 8117
3118 8118
3119 8119
3120 8120
3121 8121
3122 8122
3123 8123
3124 8124
3125 8125
3126 8126
3127 8127
3128 8128
3129 8129
3130 8130
3131 8131
3132 8132
3133 8133
3134 8134
3135 8135
3136 8136
3137 8137
3138 8138
3139 8139
3140 8140
3141 8141
3142 8142
3143 8143
3144 8144
3145 8145
3146 8146
3147 8147
3148 8148
3149 8149
3150 8150
3151 8151
3152 8152
3153 8153
3154 8154
3155 8155
3156 8156
3157 8157
3158 8158
3159 8159
3160 8160
3161 8161
3162 8162
3163 8163
3164 8164
3165 8165
3166 8166
3167 8167
3168 8168
3169 8169
3170 8170
3171 8171
3172 8172
3173 8173
3174 8174
3175 8175
3176 8176
3177 8177
3178 8178
3179 8179
3180 8180
3181 8181
3182 8182
3183 8183
3184 8184
3185 8185
3186 8186
3187 8187
3188 8188
3189 8189
3190 8190
3191 8191
3192 8192
3193 8193
3194 8194
3195 8195
3196 8196
3197 8197
3198 8198
3199 8199
3200 8200
3201 8201
3202 8202
3203 8203
3204 8204
3205 8205
3206 8206
3207 8207
3208 8208
3209 8209
3210 8210
3211 8211
3212 8212
3213 8213
3214 8214
3215 8215
3216 8216
3217 8217
3218 8218
3219 8219
3220 8220
3221 8221
3222 8222
3223 8223
3224 8224
3225 8225
3226 8226
3227 8227
3228 8228
3229 8229
3230 8230
3231 8231
3232 8232
3233 8233
3234 8234
3235 8235
3236 8236
3237 8237
3238 8238
3239 8239
3240 8240
3241 8241
3242 8242
3243 8243
3244 8244
3245 8245
3246 8246
3247 8247
3248 8248
3249 8249
3250 8250
3251 8251
3252 8252
3253 8253
3254 8254
3255 8255
3256 8256
3257 8257
3258 8258
3259 8259
3260 8260
3261 8261
3262 8262
3263 8263
3264 8264
3265 8265
3266 8266
3267 8267
3268 8268
3269 8269
3270 8270
3271 8271
3272 8272
3273 8273
3274 8274
3275 8275
3276 8276
3277 8277
3278 8278
3279 8279
3280 8280
3281 8281
3282 8282
3283 8283
3284 8284
3285 8285
3286 8286
3287 8287
3288 8288
3289 8289
3290 8290
3291 8291
3292 8292
3293 8293
3294 8294
3295 8295
3296 8296
3297 8297
3298 8298
3299 8299
3300 8300
3301 8301
3302 8302
3303 8303
3304 8304
3305 8305
3306 8306
3307 8307
3308 8308
3309 8309
3310 8310
3311 8311
3312 8312
3313 8313
3314 8314
3315 8315
3316 8316
3317 8317
3318 8318
3319 8319
3320 8320
3321 8321
3322 8322
3323 8323
3324 8324
3325 8325
3326 8326
3327 8327
3328 8328
3329 8329
3330 8330
3331 8331
3332 8332
3333 8333
3334 8334
3335 8335
3336 8336
3337 8337
3338 8338
3339 8339
3340 8340
3341 8341
3342 8342
3343 8343
3344 8344
3345 8345
3346 8346
3347 8347
3348 8348
3349 8349
3350 8350
3351 8351
3352 8352
3353 8353
3354 8354
3355 8355
3356 8356
3357 8357
3358 8358
3359 8359
3360 8360
3361 8361
3362 8362
3363 8363
3364 8364
3365 8365
3366 8366
3367 8367
3368 8368
3369 8369
3370 8370
3371 8371
3372 8372
3373 8373
3374 8374
3375 8375
3376 8376
3377 8377
3378 8378
3379 8379
3380 8380
3381 8381
3382 8382
3383 8383
3384 8384
3385 8385
3386 8386
3387 8387
3388 8388
3389 8389
3390 8390
3391 8391
3392 8392
3393 8393
3394 8394
3395 8395
3396 8396
3397 8397
3398 8398
3399 8399
3400 8400
3401 8401
3402 8402
3403 8403
3404 8404
3405 8405
3406 8406
3407 8407
3408 8408
3409 8409
3410 8410
3411 8411
3412 8412
3413 8413
3414 8414
3415 8415
3416 8416
3417 8417
3418 8418
3419 8419
3420 8420
3421 8421
3422 8422
3423 8423
3424 8424
3425 8425
3426 8426
3427 8427
3428 8428
3429 8429
3430 8430
3431 8431
3432 8432
3433 8433
3434 8434
3435 8435
3436 8436
3437 8437
3438 8438
3439 8439
3440 8440
3441 8441
3442 8442
3443 8443
3444 8444
3445 8445
3446 8446
3447 8447
3448 8448
3449 8449
3450 8450
3451 8451
3452 8452
3453 8453
3454 8454
3455 8455
3456 8456
3457 8457
3458 8458
3459 8459
3460 8460
3461 8461
3462 8462
3463 8463
3464 8464
3465 8465
3466 8466
3467 8467
3468 8468
3469 8469
3470 8470
3471 8471
3472 8472
3473 8473
3474 8474
3475 8475
3476 8476
3477 8477
3478 8478
3479 8479
3480 8480
3481 8481
3482 8482
3483 8483
3484 8484
3485 8485
3486 8486
3487 8487
3488 8488
3489 8489
3490 8490
3491 8491
3492 8492
3493 8493
3494 8494
3495 8495
3496 8496
3497 8497
3498 8498
3499 8499
3500 8500
3501 8501
3502 8502
3503 8503
3504 8504
3505 8505
3506 8506
3507 8507
3508 8508
3509 8509
3510 8510
3511 8511
3512 8512
3513 8513
3514 8514
3515 8515
3516 8516
3517 8517
3518 8518
3519 8519
3520 8520
3521 8521
3522 8522
3523 8523
3524 8524
3525 8525
3526 8526
3527 8527
3528 8528
3529 8529
3530 8530
3531 8531
3532 8532
3533 8533
3534 8534
3535 8535
3536 8536
3537 8537
3538 8538
3539 8539
3540 8540
3541 8541
3542 8542
3543 8543
3544 8544
3545 8545
3546 8546
3547 8547
3548 8548
3549 8549
3550 8550
3551 8551
3552 8552
3553 8553
3554 8554
3555 8555
3556 8556
3557 8557
3558 8558
3559 8559
3560 8560
3561 8561
3562 8562
3563 8563
3564 8564
3565 8565
3566 8566
3567 8567
3568 8568
3569 8569
3570 8570
3571 8571
3572 8572
3573 8573
3574 8574
3575 8575
3576 8576
3577 8577
3578 8578
3579 8579
3580 8580
3581 8581
3582 8582
3583 8583
3584 8584
3585 8585
3586 8586
3587 8587
3588 8588
3589 8589
3590 8590
3591 8591
3592 8592
3593 8593
3594 8594
3595 8595
3596 8596
3597 8597
3598 8598
3599 8599
3600 8600
3601 8601
3602 8602
3603 8603
3604 8604
3605 8605
3606 8606
3607 8607
3608 8608
3609 8609
3610 8610
3611 8611
3612 8612
3613 8613
3614 8614
3615 8615
3616 8616
3617 8617
3618 8618
3619 8619
3620 8620
3621 8621
3622 8622
3623 8623
3624 8624
3625 8625
3626 8626
3627 8627
3628 8628
3629 8629
3630 8630
3631 8631
3632 8632
3633 8633
3634 8634
3635 8635
3636 8636
3637 8637
3638 8638
3639 8639
3640 8640
3641 8641
3642 8642
3643 8643
3644 8644
3645 8645
3646 8646
3647 8647
3648 8648
3649 8649
3650 8650
3651 8651
3652 8652
3653 8653
3654 8654
3655 8655
3656 8656
3657 8657
3658 8658
3659 8659
3660 8660
3661 8661
3662 8662
3663 8663
3664 8664
3665 8665
3666 8666
3667 8667
3668 8668
3669 8669
3670 8670
3671 8671
3672 8672
3673 8673
3674 8674
3675 8675
3676 8676
3677 8677
3678 8678
3679 8679
3680 8680
3681 8681
3682 8682
3683 8683
3684 8684
3685 8685
3686 8686
3687 8687
3688 8688
3689 8689
3690 8690
3691 8691
3692 8692
3693 8693
3694 8694
3695 8695
3696 8696
3697 8697
3698 8698
3699 8699
3700 8700
3701 8701
3702 8702
3703 8703
3704 8704
3705 8705
3706 8706
3707 8707
3708 8708
3709 8709
3710 8710
3711 8711
3712 8712
3713 8713
3714 8714
3715 8715
3716 8716
3717 8717
3718 8718
3719 8719
3720 8720
3721 8721
3722 8722
3723 8723
3724 8724
3725 8725
3726 8726
3727 8727
3728 8728
3729 8729
3730 8730
3731 8731
3732 8732
3733 8733
3734 8734
3735 8735
3736 8736
3737 8737
3738 8738
3739 8739
3740 8740
3741 8741
3742 8742
3743 8743
3744 8744
3745 8745
3746 8746
3747 8747
3748 8748
3749 8749
3750 8750
3751 8751
3752 8752
3753 8753
3754 8754
3755 8755
3756 8756
3757 8757
3758 8758
3759 8759
3760 8760
3761 8761
3762 8762
3763 8763
3764 8764
3765 8765
3766 8766
3767 8767
3768 8768
3769 8769
3770 8770
3771 8771
3772 8772
3773 8773
3774 8774
3775 8775
3776 8776
3777 8777
3778 8778
3779 8779
3780 8780
3781 8781
3782 8782
3783 8783
3784 8784
3785 8785
3786 8786
3787 8787
3788 8788
3789 8789
3790 8790
3791 8791
3792 8792
3793 8793
3794 8794
3795 8795
3796 8796
3797 8797
3798 8798
3799 8799
3800 8800
3801 8801
3802 8802
3803 8803
3804 8804
3805 8805
3806 8806
3807 8807
3808 8808
3809 8809
3810 8810
3811 8811
3812 8812
3813 8813
3814 8814
3815 8815
3816 8816
3817 8817
3818 8818
3819 8819
3820 8820
3821 8821
3822 8822
3823 8823
3824 8824
3825 8825
3826 8826
3827 8827
3828 8828
3829 8829
3830 8830
3831 8831
3832 8832
3833 8833
3834 8834
3835 8835
3836 8836
3837 8837
3838 8838
3839 8839
3840 8840
3841 8841
3842 8842
3843 8843
3844 8844
3845 8845
3846 8846
3847 8847
3848 8848
3849 8849
3850 8850
3851 8851
3852 8852
3853 8853
3854 8854
3855 8855
3856 8856
3857 8857
3858 8858
3859 8859
3860 8860
3861 8861
3862 8862
3863 8863
3864 8864
3865 8865
3866 8866
3867 8867
3868 8868
3869 8869
3870 8870
3871 8871
3872 8872
3873 8873
3874 8874
3875 8875
3876 8876
3877 8877
3878 8878
3879 8879
3880 8880
3881 8881
3882 8882
3883 8883
3884 8884
3885 8885
3886 8886
3887 8887
3888 8888
3889 8889
3890 8890
3891 8891
3892 8892
3893 8893
3894 8894
3895 8895
3896 8896
3897 8897
3898 8898
3899 8899
3900 8900
3901 8901
3902 8902
3903 8903
3904 8904
3905 8905
3906 8906
3907 8907
3908 8908
3909 8909
3910 8910
3911 8911
3912 8912
3913 8913
3914 8914
3915 8915
3916 8916
3917 8917
3918 8918
3919 8919
3920 8920
3921 8921
3922 8922
3923 8923
3924 8924
3925 8925
3926 8926
3927 8927
3928 8928
3929 8929
3930 8930
3931 8931
3932 8932
3933 8933
3934 8934
3935 8935
3936 8936
3937 8937
3938 8938
3939 8939
3940 8940
3941 8941
3942 8942
3943 8943
3944 8944
3945 8945
3946 8946
3947 8947
3948 8948
3949 8949
3950 8950
3951 8951
3952 8952
3953 8953
3954 8954
3955 8955
3956 8956
3957 8957
3958 8958
3959 8959
3960 8960
3961 8961
3962 8962
3963 8963
3964 8964
3965 8965
3966 8966
3967 8967
3968 8968
3969 8969
3970 8970
3971 8971
3972 8972
3973 8973
3974 8974
3975 8975
3976 8976
3977 8977
3978 8978
3979 8979
3980 8980
3981 8981
3982 8982
3983 8983
3984 8984
3985 8985
3986 8986
3987 8987
3988 8988
3989 8989
3990 8990
3991 8991
3992 8992
3993 8993
3994 8994
3995 8995
3996 8996
3997 8997
3998 8998
3999 8999
4000 9000
4001 9001
4002 9002
4003 9003
4004 9004
4005 9005
4006 9006
4007 9007
4008 9008
4009 9009
4010 9010
4011 9011
4012 9012
4013 9013
4014 9014
4015 9015
4016 9016
4017 9017
4018 9018
4019 9019
4020 9020
4021 9021
4022 9022
4023 9023
4024 9024
4025 9025
4026 9026
4027 9027
4028 9028
4029 9029
4030 9030
4031 9031
4032 9032
4033 9033
4034 9034
4035 9035
4036 9036
4037 9037
4038 9038
4039 9039
4040 9040
4041 9041
4042 9042
4043 9043
4044 9044
4045 9045
4046 9046
4047 9047
4048 9048
4049 9049
4050 9050
4051 9051
4052 9052
4053 9053
4054 9054
4055 9055
4056 9056
4057 9057
4058 9058
4059 9059
4060 9060
4061 9061
4062 9062
4063 9063
4064 9064
4065 9065
4066 9066
4067 9067
4068 9068
4069 9069
4070 9070
4071 9071
4072 9072
4073 9073
4074 9074
4075 9075
4076 9076
4077 9077
4078 9078
4079 9079
4080 9080
4081 9081
4082 9082
4083 9083
4084 9084
4085 9085
4086 9086
4087 9087
4088 9088
4089 9089
4090 9090
4091 9091
4092 9092
4093 9093
4094 9094
4095 9095
4096 9096
4097 9097
4098 9098
4099 9099
4100 9100
4101 9101
4102 9102
4103 9103
4104 9104
4105 9105
4106 9106
4107 9107
4108 9108
4109 9109
4110 9110
4111 9111
4112 9112
4113 9113
4114 9114
4115 9115
4116 9116
4117 9117
4118 9118
4119 9119
4120 9120
4121 9121
4122 9122
4123 9123
4124 9124
4125 9125
4126 9126
4127 9127
4128 9128
4129 9129
4130 9130
4131 9131
4132 9132
4133 9133
4134 9134
4135 9135
4136 9136
4137 9137
4138 9138
4139 9139
4140 9140
4141 9141
4142 9142
4143 9143
4144 9144
4145 9145
4146 9146
4147 9147
4148 9148
4149 9149
4150 9150
4151 9151
4152 9152
4153 9153
4154 9154
4155 9155
4156 9156
4157 9157
4158 9158
4159 9159
4160 9160
4161 9161
4162 9162
4163 9163
4164 9164
4165 9165
4166 9166
4167 9167
4168 9168
4169 9169
4170 9170
4171 9171
4172 9172
4173 9173
4174 9174
4175 9175
4176 9176
4177 9177
4178 9178
4179 9179
4180 9180
4181 9181
4182 9182
4183 9183
4184 9184
4185 9185
4186 9186
4187 9187
4188 9188
4189 9189
4190 9190
4191 9191
4192 9192
4193 9193
4194 9194
4195 9195
4196 9196
4197 9197
4198 9198
4199 9199
4200 9200
4201 9201
4202 9202
4203 9203
4204 9204
4205 9205
4206 9206
4207 9207
4208 9208
4209 9209
4210 9210
4211 9211
4212 9212
4213 9213
4214 9214
4215 9215
4216 9216
4217 9217
4218 9218
4219 9219
4220 9220
4221 9221
4222 9222
4223 9223
4224 9224
4225 9225
4226 9226
4227 9227
4228 9228
4229 9229
4230 9230
4231 9231
4232 9232
4233 9233
4234 9234
4235 9235
4236 9236
4237 9237
4238 9238
4239 9239
4240 9240
4241 9241
4242 9242
4243 9243
4244 9244
4245 9245
4246 9246
4247 9247
4248 9248
4249 9249
4250 9250
4251 9251
4252 9252
4253 9253
4254 9254
4255 9255
4256 9256
4257 9257
4258 9258
4259 9259
4260 9260
4261 9261
4262 9262
4263 9263
4264 9264
4265 9265
4266 9266
4267 9267
4268 9268
4269 9269
4270 9270
4271 9271
4272 9272
4273 9273
4274 9274
4275 9275
4276 9276
4277 9277
4278 9278
4279 9279
4280 9280
4281 9281
4282 9282
4283 9283
4284 9284
4285 9285
4286 9286
4287 9287
4288 9288
4289 9289
4290 9290
4291 9291
4292 9292
4293 9293
4294 9294
4295 9295
4296 9296
4297 9297
4298 9298
4299 9299
4300 9300
4301 9301
4302 9302
4303 9303
4304 9304
4305 9305
4306 9306
4307 9307
4308 9308
4309 9309
4310 9310
4311 9311
4312 9312
4313 9313
4314 9314
4315 9315
4316 9316
4317 9317
4318 9318
4319 9319
4320 9320
4321 9321
4322 9322
4323 9323
4324 9324
4325 9325
4326 9326
4327 9327
4328 9328
4329 9329
4330 9330
4331 9331
4332 9332
4333 9333
4334 9334
4335 9335
4336 9336
4337 9337
4338 9338
4339 9339
4340 9340
4341 9341
4342 9342
4343 9343
4344 9344
4345 9345
4346 9346
4347 9347
4348 9348
4349 9349
4350 9350
4351 9351
4352 9352
4353 9353
4354 9354
4355 9355
4356 9356
4357 9357
4358 9358
4359 9359
4360 9360
4361 9361
4362 9362
4363 9363
4364 9364
4365 9365
4366 9366
4367 9367
4368 9368
4369 9369
4370 9370
4371 9371
4372 9372
4373 9373
4374 9374
4375 9375
4376 9376
4377 9377
4378 9378
4379 9379
4380 9380
4381 9381
4382 9382
4383 9383
4384 9384
4385 9385
4386 9386
4387 9387
4388 9388
4389 9389
4390 9390
4391 9391
4392 9392
4393 9393
4394 9394
4395 9395
4396 9396
4397 9397
4398 9398
4399 9399
4400 9400
4401 9401
4402 9402
4403 9403
4404 9404
4405 9405
4406 9406
4407 9407
4408 9408
4409 9409
4410 9410
4411 9411
4412 9412
4413 9413
4414 9414
4415 9415
4416 9416
4417 9417
4418 9418
4419 9419
4420 9420
4421 9421
4422 9422
4423 9423
4424 9424
4425 9425
4426 9426
4427 9427
4428 9428
4429 9429
4430 9430
4431 9431
4432 9432
4433 9433
4434 9434
4435 9435
4436 9436
4437 9437
4438 9438
4439 9439
4440 9440
4441 9441
4442 9442
4443 9443
4444 9444
4445 9445
4446 9446
4447 9447
4448 9448
4449 9449
4450 9450
4451 9451
4452 9452
4453 9453
4454 9454
4455 9455
4456 9456
4457 9457
4458 9458
4459 9459
4460 9460
4461 9461
4462 9462
4463 9463
4464 9464
4465 9465
4466 9466
4467 9467
4468 9468
4469 9469
4470 9470
4471 9471
4472 9472
4473 9473
4474 9474
4475 9475
4476 9476
4477 9477
4478 9478
4479 9479
4480 9480
4481 9481
4482 9482
4483 9483
4484 9484
4485 9485
4486 9486
4487 9487
4488 9488
4489 9489
4490 9490
4491 9491
4492 9492
4493 9493
4494 9494
4495 9495
4496 9496
4497 9497
4498 9498
4499 9499
4500 9500
4501 9501
4502 9502
4503 9503
4504 9504
4505 9505
4506 9506
4507 9507
4508 9508
4509 9509
4510 9510
4511 9511
4512 9512
4513 9513
4514 9514
4515 9515
4516 9516
4517 9517
4518 9518
4519 9519
4520 9520
4521 9521
4522 9522
4523 9523
4524 9524
4525 9525
4526 9526
4527 9527
4528 9528
4529 9529
4530 9530
4531 9531
4532 9532
4533 9533
4534 9534
4535 9535
4536 9536
4537 9537
4538 9538
4539 9539
4540 9540
4541 9541
4542 9542
4543 9543
4544 9544
4545 9545
4546 9546
4547 9547
4548 9548
4549 9549
4550 9550
4551 9551
4552 9552
4553 9553
4554 9554
4555 9555
4556 9556
4557 9557
4558 9558
4559 9559
4560 9560
4561 9561
4562 9562
4563 9563
4564 9564
4565 9565
4566 9566
4567 9567
4568 9568
4569 9569
4570 9570
4571 9571
4572 9572
4573 9573
4574 9574
4575 9575
4576 9576
4577 9577
4578 9578
4579 9579
4580 9580
4581 9581
4582 9582
4583 9583
4584 9584
4585 9585
4586 9586
4587 9587
4588 9588
4589 9589
4590 9590
4591 9591
4592 9592
4593 9593
4594 9594
4595 9595
4596 9596
4597 9597
4598 9598
4599 9599
4600 9600
4601 9601
4602 9602
4603 9603
4604 9604
4605 9605
4606 9606
4607 9607
4608 9608
4609 9609
4610 9610
4611 9611
4612 9612
4613 9613
4614 9614
4615 9615
4616 9616
4617 9617
4618 9618
4619 9619
4620 9620
4621 9621
4622 9622
4623 9623
4624 9624
4625 9625
4626 9626
4627 9627
4628 9628
4629 9629
4630 9630
4631 9631
4632 9632
4633 9633
4634 9634
4635 9635
4636 9636
4637 9637
4638 9638
4639 9639
4640 9640
4641 9641
4642 9642
4643 9643
4644 9644
4645 9645
4646 9646
4647 9647
4648 9648
4649 9649
4650 9650
4651 9651
4652 9652
4653 9653
4654 9654
4655 9655
4656 9656
4657 9657
4658 9658
4659 9659
4660 9660
4661 9661
4662 9662
4663 9663
4664 9664
4665 9665
4666 9666
4667 9667
4668 9668
4669 9669
4670 9670
4671 9671
4672 9672
4673 9673
4674 9674
4675 9675
4676 9676
4677 9677
4678 9678
4679 9679
4680 9680
4681 9681
4682 9682
4683 9683
4684 9684
4685 9685
4686 9686
4687 9687
4688 9688
4689 9689
4690 9690
4691 9691
4692 9692
4693 9693
4694 9694
4695 9695
4696 9696
4697 9697
4698 9698
4699 9699
4700 9700
4701 9701
4702 9702
4703 9703
4704 9704
4705 9705
4706 9706
4707 9707
4708 9708
4709 9709
4710 9710
4711 9711
4712 9712
4713 9713
4714 9714
4715 9715
4716 9716
4717 9717
4718 9718
4719 9719
4720 9720
4721 9721
4722 9722
4723 9723
4724 9724
4725 9725
4726 9726
4727 9727
4728 9728
4729 9729
4730 9730
4731 9731
4732 9732
4733 9733
4734 9734
4735 9735
4736 9736
4737 9737
4738 9738
4739 9739
4740 9740
4741 9741
4742 9742
4743 9743
4744 9744
4745 9745
4746 9746
4747 9747
4748 9748
4749 9749
4750 9750
4751 9751
4752 9752
4753 9753
4754 9754
4755 9755
4756 9756
4757 9757
4758 9758
4759 9759
4760 9760
4761 9761
4762 9762
4763 9763
4764 9764
4765 9765
4766 9766
4767 9767
4768 9768
4769 9769
4770 9770
4771 9771
4772 9772
4773 9773
4774 9774
4775 9775
4776 9776
4777 9777
4778 9778
4779 9779
4780 9780
4781 9781
4782 9782
4783 9783
4784 9784
4785 9785
4786 9786
4787 9787
4788 9788
4789 9789
4790 9790
4791 9791
4792 9792
4793 9793
4794 9794
4795 9795
4796 9796
4797 9797
4798 9798
4799 9799
4800 9800
4801 9801
4802 9802
4803 9803
4804 9804
4805 9805
4806 9806
4807 9807
4808 9808
4809 9809
4810 9810
4811 9811
4812 9812
4813 9813
4814 9814
4815 9815
4816 9816
4817 9817
4818 9818
4819 9819
4820 9820
4821 9821
4822 9822
4823 9823
4824 9824
4825 9825
4826 9826
4827 9827
4828 9828
4829 9829
4830 9830
4831 9831
4832 9832
4833 9833
4834 9834
4835 9835
4836 9836
4837 9837
4838 9838
4839 9839
4840 9840
4841 9841
4842 9842
4843 9843
4844 9844
4845 9845
4846 9846
4847 9847
4848 9848
4849 9849
4850 9850
4851 9851
4852 9852
4853 9853
4854 9854
4855 9855
4856 9856
4857 9857
4858 9858
4859 9859
4860 9860
4861 9861
4862 9862
4863 9863
4864 9864
4865 9865
4866 9866
4867 9867
4868 9868
4869 9869
4870 9870
4871 9871
4872 9872
4873 9873
4874 9874
4875 9875
4876 9876
4877 9877
4878 9878
4879 9879
4880 9880
4881 9881
4882 9882
4883 9883
4884 9884
4885 9885
4886 9886
4887 9887
4888 9888
4889 9889
4890 9890
4891 9891
4892 9892
4893 9893
4894 9894
4895 9895
4896 9896
4897 9897
4898 9898
4899 9899
4900 9900
4901 9901
4902 9902
4903 9903
4904 9904
4905 9905
4906 9906
4907 9907
4908 9908
4909 9909
4910 9910
4911 9911
4912 9912
4913 9913
4914 9914
4915 9915
4916 9916
4917 9917
4918 9918
4919 9919
4920 9920
4921 9921
4922 9922
4923 9923
4924 9924
4925 9925
4926 9926
4927 9927
4928 9928
4929 9929
4930 9930
4931 9931
4932 9932
4933 9933
4934 9934
4935 9935
4936 9936
4937 9937
4938 9938
4939 9939
4940 9940
4941 9941
4942 9942
4943 9943
4944 9944
4945 9945
4946 9946
4947 9947
4948 9948
4949 9949
4950 9950
4951 9951
4952 9952
4953 9953
4954 9954
4955 9955
4956 9956
4957 9957
4958 9958
4959 9959
4960 9960
4961 9961
4962 9962
4963 9963
4964 9964
4965 9965
4966 9966
4967 9967
4968 9968
4969 9969
4970 9970
4971 9971
4972 9972
4973 9973
4974 9974
4975 9975
4976 9976
4977 9977
4978 9978
4979 9979
4980 9980
4981 9981
4982 9982
4983 9983
4984 9984
4985 9985
4986 9986
4987 9987
4988 9988
4989 9989
4990 9990
4991 9991
4992 9992
4993 9993
4994 9994
4995 9995
4996 9996
4997 9997
4998 9998
4999 9999
5000 10000
7501 7500
7502 7499
7503 7498
7504 7497
7505 7496
7506 7495
7507 7494
7508 7493
7509 7492
7510 7491
7511 7490
7512 7489
7513 7488
7514 7487
7515 7486
7516 7485
7517 7484
7518 7483
7519 7482
7520 7481
7521 7480
7522 7479
7523 7478
7524 7477
7525 7476
7526 7475
7527 7474
7528 7473
7529 7472
7530 7471
7531 7470
7532 7469
7533 7468
7534 7467
7535 7466
7536 7465
7537 7464
7538 7463
7539 7462
7540 7461
7541 7460
7542 7459
7543 7458
7544 7457
7545 7456
7546 7455
7547 7454
7548 7453
7549 7452
7550 7451
7551 7450
7552 7449
7553 7448
7554 7447
7555 7446
7556 7445
7557 7444
7558 7443
7559 7442
7560 7441
7561 7440
7562 7439
7563 7438
7564 7437
7565 7436
7566 7435
7567 7434
7568 7433
7569 7432
7570 7431
7571 7430
7572 7429
7573 7428
7574 7427
7575 7426
7576 7425
7577 7424
7578 7423
7579 7422
7580 7421
7581 7420
7582 7419
7583 7418
7584 7417
7585 7416
7586 7415
7587 7414
7588 7413
7589 7412
7590 7411
7591 7410
7592 7409
7593 7408
7594 7407
7595 7406
7596 7405
7597 7404
7598 7403
7599 7402
7600 7401
7601 7400
7602 7399
7603 7398
7604 7397
7605 7396
7606 7395
7607 7394
7608 7393
7609 7392
7610 7391
7611 7390
7612 7389
7613 7388
7614 7387
7615 7386
7616 7385
7617 7384
7618 7383
7619 7382
7620 7381
7621 7380
7622 7379
7623 7378
7624 7377
7625 7376
7626 7375
7627 7374
7628 7373
7629 7372
7630 7371
7631 7370
7632 7369
7633 7368
7634 7367
7635 7366
7636 7365
7637 7364
7638 7363
7639 7362
7640 7361
7641 7360
7642 7359
7643 7358
7644 7357
7645 7356
7646 7355
7647 7354
7648 7353
7649 7352
7650 7351
7651 7350
7652 7349
7653 7348
7654 7347
7655 7346
7656 7345
7657 7344
7658 7343
7659 7342
7660 7341
7661 7340
7662 7339
7663 7338
7664 7337
7665 7336
7666 7335
7667 7334
7668 7333
7669 7332
7670 7331
7671 7330
7672 7329
7673 7328
7674 7327
7675 7326
7676 7325
7677 7324
7678 7323
7679 7322
7680 7321
7681 7320
7682 7319
7683 7318
7684 7317
7685 7316
7686 7315
7687 7314
7688 7313
7689 7312
7690 7311
7691 7310
7692 7309
7693 7308
7694 7307
7695 7306
7696 7305
7697 7304
7698 7303
7699 7302
7700 7301
7701 7300
7702 7299
7703 7298
7704 7297
7705 7296
7706 7295
7707 7294
7708 7293
7709 7292
7710 7291
7711 7290
7712 7289
7713 7288
7714 7287
7715 7286
7716 7285
7717 7284
7718 7283
7719 7282
7720 7281
7721 7280
7722 7279
7723 7278
7724 7277
7725 7276
7726 7275
7727 7274
7728 7273
7729 7272
7730 7271
7731 7270
7732 7269
7733 7268
7734 7267
7735 7266
7736 7265
7737 7264
7738 7263
7739 7262
7740 7261
7741 7260
7742 7259
7743 7258
7744 7257
7745 7256
7746 7255
7747 7254
7748 7253
7749 7252
7750 7251
7751 7250
7752 7249
7753 7248
7754 7247
7755 7246
7756 7245
7757 7244
7758 7243
7759 7242
7760 7241
7761 7240
7762 7239
7763 7238
7764 7237
7765 7236
7766 7235
7767 7234
7768 7233
7769 7232
7770 7231
7771 7230
7772 7229
7773 7228
7774 7227
7775 7226
7776 7225
7777 7224
7778 7223
7779 7222
7780 7221
7781 7220
7782 7219
7783 7218
7784 7217
7785 7216
7786 7215
7787 7214
7788 7213
7789 7212
7790 7211
7791 7210
7792 7209
7793 7208
7794 7207
7795 7206
7796 7205
7797 7204
7798 7203
7799 7202
7800 7201
7801 7200
7802 7199
7803 7198
7804 7197
7805 7196
7806 7195
7807 7194
7808 7193
7809 7192
7810 7191
7811 7190
7812 7189
7813 7188
7814 7187
7815 7186
7816 7185
7817 7184
7818 7183
7819 7182
7820 7181
7821 7180
7822 7179
7823 7178
7824 7177
7825 7176
7826 7175
7827 7174
7828 7173
7829 7172
7830 7171
7831 7170
7832 7169
7833 7168
7834 7167
7835 7166
7836 7165
7837 7164
7838 7163
7839 7162
7840 7161
7841 7160
7842 7159
7843 7158
7844 7157
7845 7156
7846 7155
7847 7154
7848 7153
7849 7152
7850 7151
7851 7150
7852 7149
7853 7148
7854 7147
7855 7146
7856 7145
7857 7144
7858 7143
7859 7142
7860 7141
7861 7140
7862 7139
7863 7138
7864 7137
7865 7136
7866 7135
7867 7134
7868 7133
7869 7132
7870 7131
7871 7130
7872 7129
7873 7128
7874 7127
7875 7126
7876 7125
7877 7124
7878 7123
7879 7122
7880 7121
7881 7120
7882 7119
7883 7118
7884 7117
7885 7116
7886 7115
7887 7114
7888 7113
7889 7112
7890 7111
7891 7110
7892 7109
7893 7108
7894 7107
7895 7106
7896 7105
7897 7104
7898 7103
7899 7102
7900 7101
7901 7100
7902 7099
7903 7098
7904 7097
7905 7096
7906 7095
7907 7094
7908 7093
7909 7092
7910 7091
7911 7090
7912 7089
7913 7088
7914 7087
7915 7086
7916 7085
7917 7084
7918 7083
7919 7082
7920 7081
7921 7080
7922 7079
7923 7078
7924 7077
7925 7076
7926 7075
7927 7074
7928 7073
7929 7072
7930 7071
7931 7070
7932 7069
7933 7068
7934 7067
7935 7066
7936 7065
7937 7064
7938 7063
7939 7062
7940 7061
7941 7060
7942 7059
7943 7058
7944 7057
7945 7056
7946 7055
7947 7054
7948 7053
7949 7052
7950 7051
7951 7050
7952 7049
7953 7048
7954 7047
7955 7046
7956 7045
7957 7044
7958 7043
7959 7042
7960 7041
7961 7040
7962 7039
7963 7038
7964 7037
7965 7036
7966 7035
7967 7034
7968 7033
7969 7032
7970 7031
7971 7030
7972 7029
7973 7028
7974 7027
7975 7026
7976 7025
7977 7024
7978 7023
7979 7022
7980 7021
7981 7020
7982 7019
7983 7018
7984 7017
7985 7016
7986 7015
7987 7014
7988 7013
7989 7012
7990 7011
7991 7010
7992 7009
7993 7008
7994 7007
7995 7006
7996 7005
7997 7004
7998 7003
7999 7002
8000 7001
8001 7000
8002 6999
8003 6998
8004 6997
8005 6996
8006 6995
8007 6994
8008 6993
8009 6992
8010 6991
8011 6990
8012 6989
8013 6988
8014 6987
8015 6986
8016 6985
8017 6984
8018 6983
8019 6982
8020 6981
8021 6980
8022 6979
8023 6978
8024 6977
8025 6976
8026 6975
8027 6974
8028 6973
8029 6972
8030 6971
8031 6970
8032 6969
8033 6968
8034 6967
8035 6966
8036 6965
8037 6964
8038 6963
8039 6962
8040 6961
8041 6960
8042 6959
8043 6958
8044 6957
8045 6956
8046 6955
8047 6954
8048 6953
8049 6952
8050 6951
8051 6950
8052 6949
8053 6948
8054 6947
8055 6946
8056 6945
8057 6944
8058 6943
8059 6942
8060 6941
8061 6940
8062 6939
8063 6938
8064 6937
8065 6936
8066 6935
8067 6934
8068 6933
8069 6932
8070 6931
8071 6930
8072 6929
8073 6928
8074 6927
8075 6926
8076 6925
8077 6924
8078 6923
8079 6922
8080 6921
8081 6920
8082 6919
8083 6918
8084 6917
8085 6916
8086 6915
8087 6914
8088 6913
8089 6912
8090 6911
8091 6910
8092 6909
8093 6908
8094 6907
8095 6906
8096 6905
8097 6904
8098 6903
8099 6902
8100 6901
8101 6900
8102 6899
8103 6898
8104 6897
8105 6896
8106 6895
8107 6894
8108 6893
8109 6892
8110 6891
8111 6890
8112 6889
8113 6888
8114 6887
8115 6886
8116 6885
8117 6884
8118 6883
8119 6882
8120 6881
8121 6880
8122 6879
8123 6878
8124 6877
8125 6876
8126 6875
8127 6874
8128 6873
8129 6872
8130 6871
8131 6870
8132 6869
8133 6868
8134 6867
8135 6866
8136 6865
8137 6864
8138 6863
8139 6862
8140 6861
8141 6860
8142 6859
8143 6858
8144 6857
8145 6856
8146 6855
8147 6854
8148 6853
8149 6852
8150 6851
8151 6850
8152 6849
8153 6848
8154 6847
8155 6846
8156 6845
8157 6844
8158 6843
8159 6842
8160 6841
8161 6840
8162 6839
8163 6838
8164 6837
8165 6836
8166 6835
8167 6834
8168 6833
8169 6832
8170 6831
8171 6830
8172 6829
8173 6828
8174 6827
8175 6826
8176 6825
8177 6824
8178 6823
8179 6822
8180 6821
8181 6820
8182 6819
8183 6818
8184 6817
8185 6816
8186 6815
8187 6814
8188 6813
8189 6812
8190 6811
8191 6810
8192 6809
8193 6808
8194 6807
8195 6806
8196 6805
8197 6804
8198 6803
8199 6802
8200 6801
8201 6800
8202 6799
8203 6798
8204 6797
8205 6796
8206 6795
8207 6794
8208 6793
8209 6792
8210 6791
8211 6790
8212 6789
8213 6788
8214 6787
8215 6786
8216 6785
8217 6784
8218 6783
8219 6782
8220 6781
8221 6780
8222 6779
8223 6778
8224 6777
8225 6776
8226 6775
8227 6774
8228 6773
8229 6772
8230 6771
8231 6770
8232 6769
8233 6768
8234 6767
8235 6766
8236 6765
8237 6764
8238 6763
8239 6762
8240 6761
8241 6760
8242 6759
8243 6758
8244 6757
8245 6756
8246 6755
8247 6754
8248 6753
8249 6752
8250 6751
8251 6750
8252 6749
8253 6748
8254 6747
8255 6746
8256 6745
8257 6744
8258 6743
8259 6742
8260 6741
8261 6740
8262 6739
8263 6738
8264 6737
8265 6736
8266 6735
8267 6734
8268 6733
8269 6732
8270 6731
8271 6730
8272 6729
8273 6728
8274 6727
8275 6726
8276 6725
8277 6724
8278 6723
8279 6722
8280 6721
8281 6720
8282 6719
8283 6718
8284 6717
8285 6716
8286 6715
8287 6714
8288 6713
8289 6712
8290 6711
8291 6710
8292 6709
8293 6708
8294 6707
8295 6706
8296 6705
8297 6704
8298 6703
8299 6702
8300 6701
8301 6700
8302 6699
8303 6698
8304 6697
8305 6696
8306 6695
8307 6694
8308 6693
8309 6692
8310 6691
8311 6690
8312 6689
8313 6688
8314 6687
8315 6686
8316 6685
8317 6684
8318 6683
8319 6682
8320 6681
8321 6680
8322 6679
8323 6678
8324 6677
8325 6676
8326 6675
8327 6674
8328 6673
8329 6672
8330 6671
8331 6670
8332 6669
8333 6668
8334 6667
8335 6666
8336 6665
8337 6664
8338 6663
8339 6662
8340 6661
8341 6660
8342 6659
8343 6658
8344 6657
8345 6656
8346 6655
8347 6654
8348 6653
8349 6652
8350 6651
8351 6650
8352 6649
8353 6648
8354 6647
8355 6646
8356 6645
8357 6644
8358 6643
8359 6642
8360 6641
8361 6640
8362 6639
8363 6638
8364 6637
8365 6636
8366 6635
8367 6634
8368 6633
8369 6632
8370 6631
8371 6630
8372 6629
8373 6628
8374 6627
8375 6626
8376 6625
8377 6624
8378 6623
8379 6622
8380 6621
8381 6620
8382 6619
8383 6618
8384 6617
8385 6616
8386 6615
8387 6614
8388 6613
8389 6612
8390 6611
8391 6610
8392 6609
8393 6608
8394 6607
8395 6606
8396 6605
8397 6604
8398 6603
8399 6602
8400 6601
8401 6600
8402 6599
8403 6598
8404 6597
8405 6596
8406 6595
8407 6594
8408 6593
8409 6592
8410 6591
8411 6590
8412 6589
8413 6588
8414 6587
8415 6586
8416 6585
8417 6584
8418 6583
8419 6582
8420 6581
8421 6580
8422 6579
8423 6578
8424 6577
8425 6576
8426 6575
8427 6574
8428 6573
8429 6572
8430 6571
8431 6570
8432 6569
8433 6568
8434 6567
8435 6566
8436 6565
8437 6564
8438 6563
8439 6562
8440 6561
8441 6560
8442 6559
8443 6558
8444 6557
8445 6556
8446 6555
8447 6554
8448 6553
8449 6552
8450 6551
8451 6550
8452 6549
8453 6548
8454 6547
8455 6546
8456 6545
8457 6544
8458 6543
8459 6542
8460 6541
8461 6540
8462 6539
8463 6538
8464 6537
8465 6536
8466 6535
8467 6534
8468 6533
8469 6532
8470 6531
8471 6530
8472 6529
8473 6528
8474 6527
8475 6526
8476 6525
8477 6524
8478 6523
8479 6522
8480 6521
8481 6520
8482 6519
8483 6518
8484 6517
8485 6516
8486 6515
8487 6514
8488 6513
8489 6512
8490 6511
8491 6510
8492 6509
8493 6508
8494 6507
8495 6506
8496 6505
8497 6504
8498 6503
8499 6502
8500 6501
8501 6500
8502 6499
8503 6498
8504 6497
8505 6496
8506 6495
8507 6494
8508 6493
8509 6492
8510 6491
8511 6490
8512 6489
8513 6488
8514 6487
8515 6486
8516 6485
8517 6484
8518 6483
8519 6482
8520 6481
8521 6480
8522 6479
8523 6478
8524 6477
8525 6476
8526 6475
8527 6474
8528 6473
8529 6472
8530 6471
8531 6470
8532 6469
8533 6468
8534 6467
8535 6466
8536 6465
8537 6464
8538 6463
8539 6462
8540 6461
8541 6460
8542 6459
8543 6458
8544 6457
8545 6456
8546 6455
8547 6454
8548 6453
8549 6452
8550 6451
8551 6450
8552 6449
8553 6448
8554 6447
8555 6446
8556 6445
8557 6444
8558 6443
8559 6442
8560 6441
8561 6440
8562 6439
8563 6438
8564 6437
8565 6436
8566 6435
8567 6434
8568 6433
8569 6432
8570 6431
8571 6430
8572 6429
8573 6428
8574 6427
8575 6426
8576 6425
8577 6424
8578 6423
8579 6422
8580 6421
8581 6420
8582 6419
8583 6418
8584 6417
8585 6416
8586 6415
8587 6414
8588 6413
8589 6412
8590 6411
8591 6410
8592 6409
8593 6408
8594 6407
8595 6406
8596 6405
8597 6404
8598 6403
8599 6402
8600 6401
8601 6400
8602 6399
8603 6398
8604 6397
8605 6396
8606 6395
8607 6394
8608 6393
8609 6392
8610 6391
8611 6390
8612 6389
8613 6388
8614 6387
8615 6386
8616 6385
8617 6384
8618 6383
8619 6382
8620 6381
8621 6380
8622 6379
8623 6378
8624 6377
8625 6376
8626 6375
8627 6374
8628 6373
8629 6372
8630 6371
8631 6370
8632 6369
8633 6368
8634 6367
8635 6366
8636 6365
8637 6364
8638 6363
8639 6362
8640 6361
8641 6360
8642 6359
8643 6358
8644 6357
8645 6356
8646 6355
8647 6354
8648 6353
8649 6352
8650 6351
8651 6350
8652 6349
8653 6348
8654 6347
8655 6346
8656 6345
8657 6344
8658 6343
8659 6342
8660 6341
8661 6340
8662 6339
8663 6338
8664 6337
8665 6336
8666 6335
8667 6334
8668 6333
8669 6332
8670 6331
8671 6330
8672 6329
8673 6328
8674 6327
8675 6326
8676 6325
8677 6324
8678 6323
8679 6322
8680 6321
8681 6320
8682 6319
8683 6318
8684 6317
8685 6316
8686 6315
8687 6314
8688 6313
8689 6312
8690 6311
8691 6310
8692 6309
8693 6308
8694 6307
8695 6306
8696 6305
8697 6304
8698 6303
8699 6302
8700 6301
8701 6300
8702 6299
8703 6298
8704 6297
8705 6296
8706 6295
8707 6294
8708 6293
8709 6292
8710 6291
8711 6290
8712 6289
8713 6288
8714 6287
8715 6286
8716 6285
8717 6284
8718 6283
8719 6282
8720 6281
8721 6280
8722 6279
8723 6278
8724 6277
8725 6276
8726 6275
8727 6274
8728 6273
8729 6272
8730 6271
8731 6270
8732 6269
8733 6268
8734 6267
8735 6266
8736 6265
8737 6264
8738 6263
8739 6262
8740 6261
8741 6260
8742 6259
8743 6258
8744 6257
8745 6256
8746 6255
8747 6254
8748 6253
8749 6252
8750 6251
8751 6250
8752 6249
8753 6248
8754 6247
8755 6246
8756 6245
8757 6244
8758 6243
8759 6242
8760 6241
8761 6240
8762 6239
8763 6238
8764 6237
8765 6236
8766 6235
8767 6234
8768 6233
8769 6232
8770 6231
8771 6230
8772 6229
8773 6228
8774 6227
8775 6226
8776 6225
8777 6224
8778 6223
8779 6222
8780 6221
8781 6220
8782 6219
8783 6218
8784 6217
8785 6216
8786 6215
8787 6214
8788 6213
8789 6212
8790 6211
8791 6210
8792 6209
8793 6208
8794 6207
8795 6206
8796 6205
8797 6204
8798 6203
8799 6202
8800 6201
8801 6200
8802 6199
8803 6198
8804 6197
8805 6196
8806 6195
8807 6194
8808 6193
8809 6192
8810 6191
8811 6190
8812 6189
8813 6188
8814 6187
8815 6186
8816 6185
8817 6184
8818 6183
8819 6182
8820 6181
8821 6180
8822 6179
8823 6178
8824 6177
8825 6176
8826 6175
8827 6174
8828 6173
8829 6172
8830 6171
8831 6170
8832 6169
8833 6168
8834 6167
8835 6166
8836 6165
8837 6164
8838 6163
8839 6162
8840 6161
8841 6160
8842 6159
8843 6158
8844 6157
8845 6156
8846 6155
8847 6154
8848 6153
8849 6152
8850 6151
8851 6150
8852 6149
8853 6148
8854 6147
8855 6146
8856 6145
8857 6144
8858 6143
8859 6142
8860 6141
8861 6140
8862 6139
8863 6138
8864 6137
8865 6136
8866 6135
8867 6134
8868 6133
8869 6132
8870 6131
8871 6130
8872 6129
8873 6128
8874 6127
8875 6126
8876 6125
8877 6124
8878 6123
8879 6122
8880 6121
8881 6120
8882 6119
8883 6118
8884 6117
8885 6116
8886 6115
8887 6114
8888 6113
8889 6112
8890 6111
8891 6110
8892 6109
8893 6108
8894 6107
8895 6106
8896 6105
8897 6104
8898 6103
8899 6102
8900 6101
8901 6100
8902 6099
8903 6098
8904 6097
8905 6096
8906 6095
8907 6094
8908 6093
8909 6092
8910 6091
8911 6090
8912 6089
8913 6088
8914 6087
8915 6086
8916 6085
8917 6084
8918 6083
8919 6082
8920 6081
8921 6080
8922 6079
8923 6078
8924 6077
8925 6076
8926 6075
8927 6074
8928 6073
8929 6072
8930 6071
8931 6070
8932 6069
8933 6068
8934 6067
8935 6066
8936 6065
8937 6064
8938 6063
8939 6062
8940 6061
8941 6060
8942 6059
8943 6058
8944 6057
8945 6056
8946 6055
8947 6054
8948 6053
8949 6052
8950 6051
8951 6050
8952 6049
8953 6048
8954 6047
8955 6046
8956 6045
8957 6044
8958 6043
8959 6042
8960 6041
8961 6040
8962 6039
8963 6038
8964 6037
8965 6036
8966 6035
8967 6034
8968 6033
8969 6032
8970 6031
8971 6030
8972 6029
8973 6028
8974 6027
8975 6026
8976 6025
8977 6024
8978 6023
8979 6022
8980 6021
8981 6020
8982 6019
8983 6018
8984 6017
8985 6016
8986 6015
8987 6014
8988 6013
8989 6012
8990 6011
8991 6010
8992 6009
8993 6008
8994 6007
8995 6006
8996 6005
8997 6004
8998 6003
8999 6002
9000 6001
9001 6000
9002 5999
9003 5998
9004 5997
9005 5996
9006 5995
9007 5994
9008 5993
9009 5992
9010 5991
9011 5990
9012 5989
9013 5988
9014 5987
9015 5986
9016 5985
9017 5984
9018 5983
9019 5982
9020 5981
9021 5980
9022 5979
9023 5978
9024 5977
9025 5976
9026 5975
9027 5974
9028 5973
9029 5972
9030 5971
9031 5970
9032 5969
9033 5968
9034 5967
9035 5966
9036 5965
9037 5964
9038 5963
9039 5962
9040 5961
9041 5960
9042 5959
9043 5958
9044 5957
9045 5956
9046 5955
9047 5954
9048 5953
9049 5952
9050 5951
9051 5950
9052 5949
9053 5948
9054 5947
9055 5946
9056 5945
9057 5944
9058 5943
9059 5942
9060 5941
9061 5940
9062 5939
9063 5938
9064 5937
9065 5936
9066 5935
9067 5934
9068 5933
9069 5932
9070 5931
9071 5930
9072 5929
9073 5928
9074 5927
9075 5926
9076 5925
9077 5924
9078 5923
9079 5922
9080 5921
9081 5920
9082 5919
9083 5918
9084 5917
9085 5916
9086 5915
9087 5914
9088 5913
9089 5912
9090 5911
9091 5910
9092 5909
9093 5908
9094 5907
9095 5906
9096 5905
9097 5904
9098 5903
9099 5902
9100 5901
9101 5900
9102 5899
9103 5898
9104 5897
9105 5896
9106 5895
9107 5894
9108 5893
9109 5892
9110 5891
9111 5890
9112 5889
9113 5888
9114 5887
9115 5886
9116 5885
9117 5884
9118 5883
9119 5882
9120 5881
9121 5880
9122 5879
9123 5878
9124 5877
9125 5876
9126 5875
9127 5874
9128 5873
9129 5872
9130 5871
9131 5870
9132 5869
9133 5868
9134 5867
9135 5866
9136 5865
9137 5864
9138 5863
9139 5862
9140 5861
9141 5860
9142 5859
9143 5858
9144 5857
9145 5856
9146 5855
9147 5854
9148 5853
9149 5852
9150 5851
9151 5850
9152 5849
9153 5848
9154 5847
9155 5846
9156 5845
9157 5844
9158 5843
9159 5842
9160 5841
9161 5840
9162 5839
9163 5838
9164 5837
9165 5836
9166 5835
9167 5834
9168 5833
9169 5832
9170 5831
9171 5830
9172 5829
9173 5828
9174 5827
9175 5826
9176 5825
9177 5824
9178 5823
9179 5822
9180 5821
9181 5820
9182 5819
9183 5818
9184 5817
9185 5816
9186 5815
9187 5814
9188 5813
9189 5812
9190 5811
9191 5810
9192 5809
9193 5808
9194 5807
9195 5806
9196 5805
9197 5804
9198 5803
9199 5802
9200 5801
9201 5800
9202 5799
9203 5798
9204 5797
9205 5796
9206 5795
9207 5794
9208 5793
9209 5792
9210 5791
9211 5790
9212 5789
9213 5788
9214 5787
9215 5786
9216 5785
9217 5784
9218 5783
9219 5782
9220 5781
9221 5780
9222 5779
9223 5778
9224 5777
9225 5776
9226 5775
9227 5774
9228 5773
9229 5772
9230 5771
9231 5770
9232 5769
9233 5768
9234 5767
9235 5766
9236 5765
9237 5764
9238 5763
9239 5762
9240 5761
9241 5760
9242 5759
9243 5758
9244 5757
9245 5756
9246 5755
9247 5754
9248 5753
9249 5752
9250 5751
9251 5750
9252 5749
9253 5748
9254 5747
9255 5746
9256 5745
9257 5744
9258 5743
9259 5742
9260 5741
9261 5740
9262 5739
9263 5738
9264 5737
9265 5736
9266 5735
9267 5734
9268 5733
9269 5732
9270 5731
9271 5730
9272 5729
9273 5728
9274 5727
9275 5726
9276 5725
9277 5724
9278 5723
9279 5722
9280 5721
9281 5720
9282 5719
9283 5718
9284 5717
9285 5716
9286 5715
9287 5714
9288 5713
9289 5712
9290 5711
9291 5710
9292 5709
9293 5708
9294 5707
9295 5706
9296 5705
9297 5704
9298 5703
9299 5702
9300 5701
9301 5700
9302 5699
9303 5698
9304 5697
9305 5696
9306 5695
9307 5694
9308 5693
9309 5692
9310 5691
9311 5690
9312 5689
9313 5688
9314 5687
9315 5686
9316 5685
9317 5684
9318 5683
9319 5682
9320 5681
9321 5680
9322 5679
9323 5678
9324 5677
9325 5676
9326 5675
9327 5674
9328 5673
9329 5672
9330 5671
9331 5670
9332 5669
9333 5668
9334 5667
9335 5666
9336 5665
9337 5664
9338 5663
9339 5662
9340 5661
9341 5660
9342 5659
9343 5658
9344 5657
9345 5656
9346 5655
9347 5654
9348 5653
9349 5652
9350 5651
9351 5650
9352 5649
9353 5648
9354 5647
9355 5646
9356 5645
9357 5644
9358 5643
9359 5642
9360 5641
9361 5640
9362 5639
9363 5638
9364 5637
9365 5636
9366 5635
9367 5634
9368 5633
9369 5632
9370 5631
9371 5630
9372 5629
9373 5628
9374 5627
9375 5626
9376 5625
9377 5624
9378 5623
9379 5622
9380 5621
9381 5620
9382 5619
9383 5618
9384 5617
9385 5616
9386 5615
9387 5614
9388 5613
9389 5612
9390 5611
9391 5610
9392 5609
9393 5608
9394 5607
9395 5606
9396 5605
9397 5604
9398 5603
9399 5602
9400 5601
9401 5600
9402 5599
9403 5598
9404 5597
9405 5596
9406 5595
9407 5594
9408 5593
9409 5592
9410 5591
9411 5590
9412 5589
9413 5588
9414 5587
9415 5586
9416 5585
9417 5584
9418 5583
9419 5582
9420 5581
9421 5580
9422 5579
9423 5578
9424 5577
9425 5576
9426 5575
9427 5574
9428 5573
9429 5572
9430 5571
9431 5570
9432 5569
9433 5568
9434 5567
9435 5566
9436 5565
9437 5564
9438 5563
9439 5562
9440 5561
9441 5560
9442 5559
9443 5558
9444 5557
9445 5556
9446 5555
9447 5554
9448 5553
9449 5552
9450 5551
9451 5550
9452 5549
9453 5548
9454 5547
9455 5546
9456 5545
9457 5544
9458 5543
9459 5542
9460 5541
9461 5540
9462 5539
9463 5538
9464 5537
9465 5536
9466 5535
9467 5534
9468 5533
9469 5532
9470 5531
9471 5530
9472 5529
9473 5528
9474 5527
9475 5526
9476 5525
9477 5524
9478 5523
9479 5522
9480 5521
9481 5520
9482 5519
9483 5518
9484 5517
9485 5516
9486 5515
9487 5514
9488 5513
9489 5512
9490 5511
9491 5510
9492 5509
9493 5508
9494 5507
9495 5506
9496 5505
9497 5504
9498 5503
9499 5502
9500 5501
9501 5500
9502 5499
9503 5498
9504 5497
9505 5496
9506 5495
9507 5494
9508 5493
9509 5492
9510 5491
9511 5490
9512 5489
9513 5488
9514 5487
9515 5486
9516 5485
9517 5484
9518 5483
9519 5482
9520 5481
9521 5480
9522 5479
9523 5478
9524 5477
9525 5476
9526 5475
9527 5474
9528 5473
9529 5472
9530 5471
9531 5470
9532 5469
9533 5468
9534 5467
9535 5466
9536 5465
9537 5464
9538 5463
9539 5462
9540 5461
9541 5460
9542 5459
9543 5458
9544 5457
9545 5456
9546 5455
9547 5454
9548 5453
9549 5452
9550 5451
9551 5450
9552 5449
9553 5448
9554 5447
9555 5446
9556 5445
9557 5444
9558 5443
9559 5442
9560 5441
9561 5440
9562 5439
9563 5438
9564 5437
9565 5436
9566 5435
9567 5434
9568 5433
9569 5432
9570 5431
9571 5430
9572 5429
9573 5428
9574 5427
9575 5426
9576 5425
9577 5424
9578 5423
9579 5422
9580 5421
9581 5420
9582 5419
9583 5418
9584 5417
9585 5416
9586 5415
9587 5414
9588 5413
9589 5412
9590 5411
9591 5410
9592 5409
9593 5408
9594 5407
9595 5406
9596 5405
9597 5404
9598 5403
9599 5402
9600 5401
9601 5400
9602 5399
9603 5398
9604 5397
9605 5396
9606 5395
9607 5394
9608 5393
9609 5392
9610 5391
9611 5390
9612 5389
9613 5388
9614 5387
9615 5386
9616 5385
9617 5384
9618 5383
9619 5382
9620 5381
9621 5380
9622 5379
9623 5378
9624 5377
9625 5376
9626 5375
9627 5374
9628 5373
9629 5372
9630 5371
9631 5370
9632 5369
9633 5368
9634 5367
9635 5366
9636 5365
9637 5364
9638 5363
9639 5362
9640 5361
9641 5360
9642 5359
9643 5358
9644 5357
9645 5356
9646 5355
9647 5354
9648 5353
9649 5352
9650 5351
9651 5350
9652 5349
9653 5348
9654 5347
9655 5346
9656 5345
9657 5344
9658 5343
9659 5342
9660 5341
9661 5340
9662 5339
9663 5338
9664 5337
9665 5336
9666 5335
9667 5334
9668 5333
9669 5332
9670 5331
9671 5330
9672 5329
9673 5328
9674 5327
9675 5326
9676 5325
9677 5324
9678 5323
9679 5322
9680 5321
9681 5320
9682 5319
9683 5318
9684 5317
9685 5316
9686 5315
9687 5314
9688 5313
9689 5312
9690 5311
9691 5310
9692 5309
9693 5308
9694 5307
9695 5306
9696 5305
9697 5304
9698 5303
9699 5302
9700 5301
9701 5300
9702 5299
9703 5298
9704 5297
9705 5296
9706 5295
9707 5294
9708 5293
9709 5292
9710 5291
9711 5290
9712 5289
9713 5288
9714 5287
9715 5286
9716 5285
9717 5284
9718 5283
9719 5282
9720 5281
9721 5280
9722 5279
9723 5278
9724 5277
9725 5276
9726 5275
9727 5274
9728 5273
9729 5272
9730 5271
9731 5270
9732 5269
9733 5268
9734 5267
9735 5266
9736 5265
9737 5264
9738 5263
9739 5262
9740 5261
9741 5260
9742 5259
9743 5258
9744 5257
9745 5256
9746 5255
9747 5254
9748 5253
9749 5252
9750 5251
9751 5250
9752 5249
9753 5248
9754 5247
9755 5246
9756 5245
9757 5244
9758 5243
9759 5242
9760 5241
9761 5240
9762 5239
9763 5238
9764 5237
9765 5236
9766 5235
9767 5234
9768 5233
9769 5232
9770 5231
9771 5230
9772 5229
9773 5228
9774 5227
9775 5226
9776 5225
9777 5224
9778 5223
9779 5222
9780 5221
9781 5220
9782 5219
9783 5218
9784 5217
9785 5216
9786 5215
9787 5214
9788 5213
9789 5212
9790 5211
9791 5210
9792 5209
9793 5208
9794 5207
9795 5206
9796 5205
9797 5204
9798 5203
9799 5202
9800 5201
9801 5200
9802 5199
9803 5198
9804 5197
9805 5196
9806 5195
9807 5194
9808 5193
9809 5192
9810 5191
9811 5190
9812 5189
9813 5188
9814 5187
9815 5186
9816 5185
9817 5184
9818 5183
9819 5182
9820 5181
9821 5180
9822 5179
9823 5178
9824 5177
9825 5176
9826 5175
9827 5174
9828 5173
9829 5172
9830 5171
9831 5170
9832 5169
9833 5168
9834 5167
9835 5166
9836 5165
9837 5164
9838 5163
9839 5162
9840 5161
9841 5160
9842 5159
9843 5158
9844 5157
9845 5156
9846 5155
9847 5154
9848 5153
9849 5152
9850 5151
9851 5150
9852 5149
9853 5148
9854 5147
9855 5146
9856 5145
9857 5144
9858 5143
9859 5142
9860 5141
9861 5140
9862 5139
9863 5138
9864 5137
9865 5136
9866 5135
9867 5134
9868 5133
9869 5132
9870 5131
9871 5130
9872 5129
9873 5128
9874 5127
9875 5126
9876 5125
9877 5124
9878 5123
9879 5122
9880 5121
9881 5120
9882 5119
9883 5118
9884 5117
9885 5116
9886 5115
9887 5114
9888 5113
9889 5112
9890 5111
9891 5110
9892 5109
9893 5108
9894 5107
9895 5106
9896 5105
9897 5104
9898 5103
9899 5102
9900 5101
9901 5100
9902 5099
9903 5098
9904 5097
9905 5096
9906 5095
9907 5094
9908 5093
9909 5092
9910 5091
9911 5090
9912 5089
9913 5088
9914 5087
9915 5086
9916 5085
9917 5084
9918 5083
9919 5082
9920 5081
9921 5080
9922 5079
9923 5078
9924 5077
9925 5076
9926 5075
9927 5074
9928 5073
9929 5072
9930 5071
9931 5070
9932 5069
9933 5068
9934 5067
9935 5066
9936 5065
9937 5064
9938 5063
9939 5062
9940 5061
9941 5060
9942 5059
9943 5058
9944 5057
9945 5056
9946 5055
9947 5054
9948 5053
9949 5052
9950 5051
9951 5050
9952 5049
9953 5048
9954 5047
9955 5046
9956 5045
9957 5044
9958 5043
9959 5042
9960 5041
9961 5040
9962 5039
9963 5038
9964 5037
9965 5036
9966 5035
9967 5034
9968 5033
9969 5032
9970 5031
9971 5030
9972 5029
9973 5028
9974 5027
9975 5026
9976 5025
9977 5024
9978 5023
9979 5022
9980 5021
9981 5020
9982 5019
9983 5018
9984 5017
9985 5016
9986 5015
9987 5014
9988 5013
9989 5012
9990 5011
9991 5010
9992 5009
9993 5008
9994 5007
9995 5006
9996 5005
9997 5004
9998 5003
9999 5002
10000 5001
7500 2500
7499 2499
7498 2498
7497 2497
7496 2496
7495 2495
7494 2494
7493 2493
7492 2492
7491 2491
7490 2490
7489 2489
7488 2488
7487 2487
7486 2486
7485 2485
7484 2484
7483 2483
7482 2482
7481 2481
7480 2480
7479 2479
7478 2478
7477 2477
7476 2476
7475 2475
7474 2474
7473 2473
7472 2472
7471 2471
7470 2470
7469 2469
7468 2468
7467 2467
7466 2466
7465 2465
7464 2464
7463 2463
7462 2462
7461 2461
7460 2460
7459 2459
7458 2458
7457 2457
7456 2456
7455 2455
7454 2454
7453 2453
7452 2452
7451 2451
7450 2450
7449 2449
7448 2448
7447 2447
7446 2446
7445 2445
7444 2444
7443 2443
7442 2442
7441 2441
7440 2440
7439 2439
7438 2438
7437 2437
7436 2436
7435 2435
7434 2434
7433 2433
7432 2432
7431 2431
7430 2430
7429 2429
7428 2428
7427 2427
7426 2426
7425 2425
7424 2424
7423 2423
7422 2422
7421 2421
7420 2420
7419 2419
7418 2418
7417 2417
7416 2416
7415 2415
7414 2414
7413 2413
7412 2412
7411 2411
7410 2410
7409 2409
7408 2408
7407 2407
7406 2406
7405 2405
7404 2404
7403 2403
7402 2402
7401 2401
7400 2400
7399 2399
7398 2398
7397 2397
7396 2396
7395 2395
7394 2394
7393 2393
7392 2392
7391 2391
7390 2390
7389 2389
7388 2388
7387 2387
7386 2386
7385 2385
7384 2384
7383 2383
7382 2382
7381 2381
7380 2380
7379 2379
7378 2378
7377 2377
7376 2376
7375 2375
7374 2374
7373 2373
7372 2372
7371 2371
7370 2370
7369 2369
7368 2368
7367 2367
7366 2366
7365 2365
7364 2364
7363 2363
7362 2362
7361 2361
7360 2360
7359 2359
7358 2358
7357 2357
7356 2356
7355 2355
7354 2354
7353 2353
7352 2352
7351 2351
7350 2350
7349 2349
7348 2348
7347 2347
7346 2346
7345 2345
7344 2344
7343 2343
7342 2342
7341 2341
7340 2340
7339 2339
7338 2338
7337 2337
7336 2336
7335 2335
7334 2334
7333 2333
7332 2332
7331 2331
7330 2330
7329 2329
7328 2328
7327 2327
7326 2326
7325 2325
7324 2324
7323 2323
7322 2322
7321 2321
7320 2320
7319 2319
7318 2318
7317 2317
7316 2316
7315 2315
7314 2314
7313 2313
7312 2312
7311 2311
7310 2310
7309 2309
7308 2308
7307 2307
7306 2306
7305 2305
7304 2304
7303 2303
7302 2302
7301 2301
7300 2300
7299 2299
7298 2298
7297 2297
7296 2296
7295 2295
7294 2294
7293 2293
7292 2292
7291 2291
7290 2290
7289 2289
7288 2288
7287 2287
7286 2286
7285 2285
7284 2284
7283 2283
7282 2282
7281 2281
7280 2280
7279 2279
7278 2278
7277 2277
7276 2276
7275 2275
7274 2274
7273 2273
7272 2272
7271 2271
7270 2270
7269 2269
7268 2268
7267 2267
7266 2266
7265 2265
7264 2264
7263 2263
7262 2262
7261 2261
7260 2260
7259 2259
7258 2258
7257 2257
7256 2256
7255 2255
7254 2254
7253 2253
7252 2252
7251 2251
7250 2250
7249 2249
7248 2248
7247 2247
7246 2246
7245 2245
7244 2244
7243 2243
7242 2242
7241 2241
7240 2240
7239 2239
7238 2238
7237 2237
7236 2236
7235 2235
7234 2234
7233 2233
7232 2232
7231 2231
7230 2230
7229 2229
7228 2228
7227 2227
7226 2226
7225 2225
7224 2224
7223 2223
7222 2222
7221 2221
7220 2220
7219 2219
7218 2218
7217 2217
7216 2216
7215 2215
7214 2214
7213 2213
7212 2212
7211 2211
7210 2210
7209 2209
7208 2208
7207 2207
7206 2206
7205 2205
7204 2204
7203 2203
7202 2202
7201 2201
7200 2200
7199 2199
7198 2198
7197 2197
7196 2196
7195 2195
7194 2194
7193 2193
7192 2192
7191 2191
7190 2190
7189 2189
7188 2188
7187 2187
7186 2186
7185 2185
7184 2184
7183 2183
7182 2182
7181 2181
7180 2180
7179 2179
7178 2178
7177 2177
7176 2176
7175 2175
7174 2174
7173 2173
7172 2172
7171 2171
7170 2170
7169 2169
7168 2168
7167 2167
7166 2166
7165 2165
7164 2164
7163 2163
7162 2162
7161 2161
7160 2160
7159 2159
7158 2158
7157 2157
7156 2156
7155 2155
7154 2154
7153 2153
7152 2152
7151 2151
7150 2150
7149 2149
7148 2148
7147 2147
7146 2146
7145 2145
7144 2144
7143 2143
7142 2142
7141 2141
7140 2140
7139 2139
7138 2138
7137 2137
7136 2136
7135 2135
7134 2134
7133 2133
7132 2132
7131 2131
7130 2130
7129 2129
7128 2128
7127 2127
7126 2126
7125 2125
7124 2124
7123 2123
7122 2122
7121 2121
7120 2120
7119 2119
7118 2118
7117 2117
7116 2116
7115 2115
7114 2114
7113 2113
7112 2112
7111 2111
7110 2110
7109 2109
7108 2108
7107 2107
7106 2106
7105 2105
7104 2104
7103 2103
7102 2102
7101 2101
7100 2100
7099 2099
7098 2098
7097 2097
7096 2096
7095 2095
7094 2094
7093 2093
7092 2092
7091 2091
7090 2090
7089 2089
7088 2088
7087 2087
7086 2086
7085 2085
7084 2084
7083 2083
7082 2082
7081 2081
7080 2080
7079 2079
7078 2078
7077 2077
7076 2076
7075 2075
7074 2074
7073 2073
7072 2072
7071 2071
7070 2070
7069 2069
7068 2068
7067 2067
7066 2066
7065 2065
7064 2064
7063 2063
7062 2062
7061 2061
7060 2060
7059 2059
7058 2058
7057 2057
7056 2056
7055 2055
7054 2054
7053 2053
7052 2052
7051 2051
7050 2050
7049 2049
7048 2048
7047 2047
7046 2046
7045 2045
7044 2044
7043 2043
7042 2042
7041 2041
7040 2040
7039 2039
7038 2038
7037 2037
7036 2036
7035 2035
7034 2034
7033 2033
7032 2032
7031 2031
7030 2030
7029 2029
7028 2028
7027 2027
7026 2026
7025 2025
7024 2024
7023 2023
7022 2022
7021 2021
7020 2020
7019 2019
7018 2018
7017 2017
7016 2016
7015 2015
7014 2014
7013 2013
7012 2012
7011 2011
7010 2010
7009 2009
7008 2008
7007 2007
7006 2006
7005 2005
7004 2004
7003 2003
7002 2002
7001 2001
7000 2000
6999 1999
6998 1998
6997 1997
6996 1996
6995 1995
6994 1994
6993 1993
6992 1992
6991 1991
6990 1990
6989 1989
6988 1988
6987 1987
6986 1986
6985 1985
6984 1984
6983 1983
6982 1982
6981 1981
6980 1980
6979 1979
6978 1978
6977 1977
6976 1976
6975 1975
6974 1974
6973 1973
6972 1972
6971 1971
6970 1970
6969 1969
6968 1968
6967 1967
6966 1966
6965 1965
6964 1964
6963 1963
6962 1962
6961 1961
6960 1960
6959 1959
6958 1958
6957 1957
6956 1956
6955 1955
6954 1954
6953 1953
6952 1952
6951 1951
6950 1950
6949 1949
6948 1948
6947 1947
6946 1946
6945 1945
6944 1944
6943 1943
6942 1942
6941 1941
6940 1940
6939 1939
6938 1938
6937 1937
6936 1936
6935 1935
6934 1934
6933 1933
6932 1932
6931 1931
6930 1930
6929 1929
6928 1928
6927 1927
6926 1926
6925 1925
6924 1924
6923 1923
6922 1922
6921 1921
6920 1920
6919 1919
6918 1918
6917 1917
6916 1916
6915 1915
6914 1914
6913 1913
6912 1912
6911 1911
6910 1910
6909 1909
6908 1908
6907 1907
6906 1906
6905 1905
6904 1904
6903 1903
6902 1902
6901 1901
6900 1900
6899 1899
6898 1898
6897 1897
6896 1896
6895 1895
6894 1894
6893 1893
6892 1892
6891 1891
6890 1890
6889 1889
6888 1888
6887 1887
6886 1886
6885 1885
6884 1884
6883 1883
6882 1882
6881 1881
6880 1880
6879 1879
6878 1878
6877 1877
6876 1876
6875 1875
6874 1874
6873 1873
6872 1872
6871 1871
6870 1870
6869 1869
6868 1868
6867 1867
6866 1866
6865 1865
6864 1864
6863 1863
6862 1862
6861 1861
6860 1860
6859 1859
6858 1858
6857 1857
6856 1856
6855 1855
6854 1854
6853 1853
6852 1852
6851 1851
6850 1850
6849 1849
6848 1848
6847 1847
6846 1846
6845 1845
6844 1844
6843 1843
6842 1842
6841 1841
6840 1840
6839 1839
6838 1838
6837 1837
6836 1836
6835 1835
6834 1834
6833 1833
6832 1832
6831 1831
6830 1830
6829 1829
6828 1828
6827 1827
6826 1826
6825 1825
6824 1824
6823 1823
6822 1822
6821 1821
6820 1820
6819 1819
6818 1818
6817 1817
6816 1816
6815 1815
6814 1814
6813 1813
6812 1812
6811 1811
6810 1810
6809 1809
6808 1808
6807 1807
6806 1806
6805 1805
6804 1804
6803 1803
6802 1802
6801 1801
6800 1800
6799 1799
6798 1798
6797 1797
6796 1796
6795 1795
6794 1794
6793 1793
6792 1792
6791 1791
6790 1790
6789 1789
6788 1788
6787 1787
6786 1786
6785 1785
6784 1784
6783 1783
6782 1782
6781 1781
6780 1780
6779 1779
6778 1778
6777 1777
6776 1776
6775 1775
6774 1774
6773 1773
6772 1772
6771 1771
6770 1770
6769 1769
6768 1768
6767 1767
6766 1766
6765 1765
6764 1764
6763 1763
6762 1762
6761 1761
6760 1760
6759 1759
6758 1758
6757 1757
6756 1756
6755 1755
6754 1754
6753 1753
6752 1752
6751 1751
6750 1750
6749 1749
6748 1748
6747 1747
6746 1746
6745 1745
6744 1744
6743 1743
6742 1742
6741 1741
6740 1740
6739 1739
6738 1738
6737 1737
6736 1736
6735 1735
6734 1734
6733 1733
6732 1732
6731 1731
6730 1730
6729 1729
6728 1728
6727 1727
6726 1726
6725 1725
6724 1724
6723 1723
6722 1722
6721 1721
6720 1720
6719 1719
6718 1718
6717 1717
6716 1716
6715 1715
6714 1714
6713 1713
6712 1712
6711 1711
6710 1710
6709 1709
6708 1708
6707 1707
6706 1706
6705 1705
6704 1704
6703 1703
6702 1702
6701 1701
6700 1700
6699 1699
6698 1698
6697 1697
6696 1696
6695 1695
6694 1694
6693 1693
6692 1692
6691 1691
6690 1690
6689 1689
6688 1688
6687 1687
6686 1686
6685 1685
6684 1684
6683 1683
6682 1682
6681 1681
6680 1680
6679 1679
6678 1678
6677 1677
6676 1676
6675 1675
6674 1674
6673 1673
6672 1672
6671 1671
6670 1670
6669 1669
6668 1668
6667 1667
6666 1666
6665 1665
6664 1664
6663 1663
6662 1662
6661 1661
6660 1660
6659 1659
6658 1658
6657 1657
6656 1656
6655 1655
6654 1654
6653 1653
6652 1652
6651 1651
6650 1650
6649 1649
6648 1648
6647 1647
6646 1646
6645 1645
6644 1644
6643 1643
6642 1642
6641 1641
6640 1640
6639 1639
6638 1638
6637 1637
6636 1636
6635 1635
6634 1634
6633 1633
6632 1632
6631 1631
6630 1630
6629 1629
6628 1628
6627 1627
6626 1626
6625 1625
6624 1624
6623 1623
6622 1622
6621 1621
6620 1620
6619 1619
6618 1618
6617 1617
6616 1616
6615 1615
6614 1614
6613 1613
6612 1612
6611 1611
6610 1610
6609 1609
6608 1608
6607 1607
6606 1606
6605 1605
6604 1604
6603 1603
6602 1602
6601 1601
6600 1600
6599 1599
6598 1598
6597 1597
6596 1596
6595 1595
6594 1594
6593 1593
6592 1592
6591 1591
6590 1590
6589 1589
6588 1588
6587 1587
6586 1586
6585 1585
6584 1584
6583 1583
6582 1582
6581 1581
6580 1580
6579 1579
6578 1578
6577 1577
6576 1576
6575 1575
6574 1574
6573 1573
6572 1572
6571 1571
6570 1570
6569 1569
6568 1568
6567 1567
6566 1566
6565 1565
6564 1564
6563 1563
6562 1562
6561 1561
6560 1560
6559 1559
6558 1558
6557 1557
6556 1556
6555 1555
6554 1554
6553 1553
6552 1552
6551 1551
6550 1550
6549 1549
6548 1548
6547 1547
6546 1546
6545 1545
6544 1544
6543 1543
6542 1542
6541 1541
6540 1540
6539 1539
6538 1538
6537 1537
6536 1536
6535 1535
6534 1534
6533 1533
6532 1532
6531 1531
6530 1530
6529 1529
6528 1528
6527 1527
6526 1526
6525 1525
6524 1524
6523 1523
6522 1522
6521 1521
6520 1520
6519 1519
6518 1518
6517 1517
6516 1516
6515 1515
6514 1514
6513 1513
6512 1512
6511 1511
6510 1510
6509 1509
6508 1508
6507 1507
6506 1506
6505 1505
6504 1504
6503 1503
6502 1502
6501 1501
6500 1500
6499 1499
6498 1498
6497 1497
6496 1496
6495 1495
6494 1494
6493 1493
6492 1492
6491 1491
6490 1490
6489 1489
6488 1488
6487 1487
6486 1486
6485 1485
6484 1484
6483 1483
6482 1482
6481 1481
6480 1480
6479 1479
6478 1478
6477 1477
6476 1476
6475 1475
6474 1474
6473 1473
6472 1472
6471 1471
6470 1470
6469 1469
6468 1468
6467 1467
6466 1466
6465 1465
6464 1464
6463 1463
6462 1462
6461 1461
6460 1460
6459 1459
6458 1458
6457 1457
6456 1456
6455 1455
6454 1454
6453 1453
6452 1452
6451 1451
6450 1450
6449 1449
6448 1448
6447 1447
6446 1446
6445 1445
6444 1444
6443 1443
6442 1442
6441 1441
6440 1440
6439 1439
6438 1438
6437 1437
6436 1436
6435 1435
6434 1434
6433 1433
6432 1432
6431 1431
6430 1430
6429 1429
6428 1428
6427 1427
6426 1426
6425 1425
6424 1424
6423 1423
6422 1422
6421 1421
6420 1420
6419 1419
6418 1418
6417 1417
6416 1416
6415 1415
6414 1414
6413 1413
6412 1412
6411 1411
6410 1410
6409 1409
6408 1408
6407 1407
6406 1406
6405 1405
6404 1404
6403 1403
6402 1402
6401 1401
6400 1400
6399 1399
6398 1398
6397 1397
6396 1396
6395 1395
6394 1394
6393 1393
6392 1392
6391 1391
6390 1390
6389 1389
6388 1388
6387 1387
6386 1386
6385 1385
6384 1384
6383 1383
6382 1382
6381 1381
6380 1380
6379 1379
6378 1378
6377 1377
6376 1376
6375 1375
6374 1374
6373 1373
6372 1372
6371 1371
6370 1370
6369 1369
6368 1368
6367 1367
6366 1366
6365 1365
6364 1364
6363 1363
6362 1362
6361 1361
6360 1360
6359 1359
6358 1358
6357 1357
6356 1356
6355 1355
6354 1354
6353 1353
6352 1352
6351 1351
6350 1350
6349 1349
6348 1348
6347 1347
6346 1346
6345 1345
6344 1344
6343 1343
6342 1342
6341 1341
6340 1340
6339 1339
6338 1338
6337 1337
6336 1336
6335 1335
6334 1334
6333 1333
6332 1332
6331 1331
6330 1330
6329 1329
6328 1328
6327 1327
6326 1326
6325 1325
6324 1324
6323 1323
6322 1322
6321 1321
6320 1320
6319 1319
6318 1318
6317 1317
6316 1316
6315 1315
6314 1314
6313 1313
6312 1312
6311 1311
6310 1310
6309 1309
6308 1308
6307 1307
6306 1306
6305 1305
6304 1304
6303 1303
6302 1302
6301 1301
6300 1300
6299 1299
6298 1298
6297 1297
6296 1296
6295 1295
6294 1294
6293 1293
6292 1292
6291 1291
6290 1290
6289 1289
6288 1288
6287 1287
6286 1286
6285 1285
6284 1284
6283 1283
6282 1282
6281 1281
6280 1280
6279 1279
6278 1278
6277 1277
6276 1276
6275 1275
6274 1274
6273 1273
6272 1272
6271 1271
6270 1270
6269 1269
6268 1268
6267 1267
6266 1266
6265 1265
6264 1264
6263 1263
6262 1262
6261 1261
6260 1260
6259 1259
6258 1258
6257 1257
6256 1256
6255 1255
6254 1254
6253 1253
6252 1252
6251 1251
6250 1250
6249 1249
6248 1248
6247 1247
6246 1246
6245 1245
6244 1244
6243 1243
6242 1242
6241 1241
6240 1240
6239 1239
6238 1238
6237 1237
6236 1236
6235 1235
6234 1234
6233 1233
6232 1232
6231 1231
6230 1230
6229 1229
6228 1228
6227 1227
6226 1226
6225 1225
6224 1224
6223 1223
6222 1222
6221 1221
6220 1220
6219 1219
6218 1218
6217 1217
6216 1216
6215 1215
6214 1214
6213 1213
6212 1212
6211 1211
6210 1210
6209 1209
6208 1208
6207 1207
6206 1206
6205 1205
6204 1204
6203 1203
6202 1202
6201 1201
6200 1200
6199 1199
6198 1198
6197 1197
6196 1196
6195 1195
6194 1194
6193 1193
6192 1192
6191 1191
6190 1190
6189 1189
6188 1188
6187 1187
6186 1186
6185 1185
6184 1184
6183 1183
6182 1182
6181 1181
6180 1180
6179 1179
6178 1178
6177 1177
6176 1176
6175 1175
6174 1174
6173 1173
6172 1172
6171 1171
6170 1170
6169 1169
6168 1168
6167 1167
6166 1166
6165 1165
6164 1164
6163 1163
6162 1162
6161 1161
6160 1160
6159 1159
6158 1158
6157 1157
6156 1156
6155 1155
6154 1154
6153 1153
6152 1152
6151 1151
6150 1150
6149 1149
6148 1148
6147 1147
6146 1146
6145 1145
6144 1144
6143 1143
6142 1142
6141 1141
6140 1140
6139 1139
6138 1138
6137 1137
6136 1136
6135 1135
6134 1134
6133 1133
6132 1132
6131 1131
6130 1130
6129 1129
6128 1128
6127 1127
6126 1126
6125 1125
6124 1124
6123 1123
6122 1122
6121 1121
6120 1120
6119 1119
6118 1118
6117 1117
6116 1116
6115 1115
6114 1114
6113 1113
6112 1112
6111 1111
6110 1110
6109 1109
6108 1108
6107 1107
6106 1106
6105 1105
6104 1104
6103 1103
6102 1102
6101 1101
6100 1100
6099 1099
6098 1098
6097 1097
6096 1096
6095 1095
6094 1094
6093 1093
6092 1092
6091 1091
6090 1090
6089 1089
6088 1088
6087 1087
6086 1086
6085 1085
6084 1084
6083 1083
6082 1082
6081 1081
6080 1080
6079 1079
6078 1078
6077 1077
6076 1076
6075 1075
6074 1074
6073 1073
6072 1072
6071 1071
6070 1070
6069 1069
6068 1068
6067 1067
6066 1066
6065 1065
6064 1064
6063 1063
6062 1062
6061 1061
6060 1060
6059 1059
6058 1058
6057 1057
6056 1056
6055 1055
6054 1054
6053 1053
6052 1052
6051 1051
6050 1050
6049 1049
6048 1048
6047 1047
6046 1046
6045 1045
6044 1044
6043 1043
6042 1042
6041 1041
6040 1040
6039 1039
6038 1038
6037 1037
6036 1036
6035 1035
6034 1034
6033 1033
6032 1032
6031 1031
6030 1030
6029 1029
6028 1028
6027 1027
6026 1026
6025 1025
6024 1024
6023 1023
6022 1022
6021 1021
6020 1020
6019 1019
6018 1018
6017 1017
6016 1016
6015 1015
6014 1014
6013 1013
6012 1012
6011 1011
6010 1010
6009 1009
6008 1008
6007 1007
6006 1006
6005 1005
6004 1004
6003 1003
6002 1002
6001 1001
6000 1000
5999 999
5998 998
5997 997
5996 996
5995 995
5994 994
5993 993
5992 992
5991 991
5990 990
5989 989
5988 988
5987 987
5986 986
5985 985
5984 984
5983 983
5982 982
5981 981
5980 980
5979 979
5978 978
5977 977
5976 976
5975 975
5974 974
5973 973
5972 972
5971 971
5970 970
5969 969
5968 968
5967 967
5966 966
5965 965
5964 964
5963 963
5962 962
5961 961
5960 960
5959 959
5958 958
5957 957
5956 956
5955 955
5954 954
5953 953
5952 952
5951 951
5950 950
5949 949
5948 948
5947 947
5946 946
5945 945
5944 944
5943 943
5942 942
5941 941
5940 940
5939 939
5938 938
5937 937
5936 936
5935 935
5934 934
5933 933
5932 932
5931 931
5930 930
5929 929
5928 928
5927 927
5926 926
5925 925
5924 924
5923 923
5922 922
5921 921
5920 920
5919 919
5918 918
5917 917
5916 916
5915 915
5914 914
5913 913
5912 912
5911 911
5910 910
5909 909
5908 908
5907 907
5906 906
5905 905
5904 904
5903 903
5902 902
5901 901
5900 900
5899 899
5898 898
5897 897
5896 896
5895 895
5894 894
5893 893
5892 892
5891 891
5890 890
5889 889
5888 888
5887 887
5886 886
5885 885
5884 884
5883 883
5882 882
5881 881
5880 880
5879 879
5878 878
5877 877
5876 876
5875 875
5874 874
5873 873
5872 872
5871 871
5870 870
5869 869
5868 868
5867 867
5866 866
5865 865
5864 864
5863 863
5862 862
5861 861
5860 860
5859 859
5858 858
5857 857
5856 856
5855 855
5854 854
5853 853
5852 852
5851 851
5850 850
5849 849
5848 848
5847 847
5846 846
5845 845
5844 844
5843 843
5842 842
5841 841
5840 840
5839 839
5838 838
5837 837
5836 836
5835 835
5834 834
5833 833
5832 832
5831 831
5830 830
5829 829
5828 828
5827 827
5826 826
5825 825
5824 824
5823 823
5822 822
5821 821
5820 820
5819 819
5818 818
5817 817
5816 816
5815 815
5814 814
5813 813
5812 812
5811 811
5810 810
5809 809
5808 808
5807 807
5806 806
5805 805
5804 804
5803 803
5802 802
5801 801
5800 800
5799 799
5798 798
5797 797
5796 796
5795 795
5794 794
5793 793
5792 792
5791 791
5790 790
5789 789
5788 788
5787 787
5786 786
5785 785
5784 784
5783 783
5782 782
5781 781
5780 780
5779 779
5778 778
5777 777
5776 776
5775 775
5774 774
5773 773
5772 772
5771 771
5770 770
5769 769
5768 768
5767 767
5766 766
5765 765
5764 764
5763 763
5762 762
5761 761
5760 760
5759 759
5758 758
5757 757
5756 756
5755 755
5754 754
5753 753
5752 752
5751 751
5750 750
5749 749
5748 748
5747 747
5746 746
5745 745
5744 744
5743 743
5742 742
5741 741
5740 740
5739 739
5738 738
5737 737
5736 736
5735 735
5734 734
5733 733
5732 732
5731 731
5730 730
5729 729
5728 728
5727 727
5726 726
5725 725
5724 724
5723 723
5722 722
5721 721
5720 720
5719 719
5718 718
5717 717
5716 716
5715 715
5714 714
5713 713
5712 712
5711 711
5710 710
5709 709
5708 708
5707 707
5706 706
5705 705
5704 704
5703 703
5702 702
5701 701
5700 700
5699 699
5698 698
5697 697
5696 696
5695 695
5694 694
5693 693
5692 692
5691 691
5690 690
5689 689
5688 688
5687 687
5686 686
5685 685
5684 684
5683 683
5682 682
5681 681
5680 680
5679 679
5678 678
5677 677
5676 676
5675 675
5674 674
5673 673
5672 672
5671 671
5670 670
5669 669
5668 668
5667 667
5666 666
5665 665
5664 664
5663 663
5662 662
5661 661
5660 660
5659 659
5658 658
5657 657
5656 656
5655 655
5654 654
5653 653
5652 652
5651 651
5650 650
5649 649
5648 648
5647 647
5646 646
5645 645
5644 644
5643 643
5642 642
5641 641
5640 640
5639 639
5638 638
5637 637
5636 636
5635 635
5634 634
5633 633
5632 632
5631 631
5630 630
5629 629
5628 628
5627 627
5626 626
5625 625
5624 624
5623 623
5622 622
5621 621
5620 620
5619 619
5618 618
5617 617
5616 616
5615 615
5614 614
5613 613
5612 612
5611 611
5610 610
5609 609
5608 608
5607 607
5606 606
5605 605
5604 604
5603 603
5602 602
5601 601
5600 600
5599 599
5598 598
5597 597
5596 596
5595 595
5594 594
5593 593
5592 592
5591 591
5590 590
5589 589
5588 588
5587 587
5586 586
5585 585
5584 584
5583 583
5582 582
5581 581
5580 580
5579 579
5578 578
5577 577
5576 576
5575 575
5574 574
5573 573
5572 572
5571 571
5570 570
5569 569
5568 568
5567 567
5566 566
5565 565
5564 564
5563 563
5562 562
5561 561
5560 560
5559 559
5558 558
5557 557
5556 556
5555 555
5554 554
5553 553
5552 552
5551 551
5550 550
5549 549
5548 548
5547 547
5546 546
5545 545
5544 544
5543 543
5542 542
5541 541
5540 540
5539 539
5538 538
5537 537
5536 536
5535 535
5534 534
5533 533
5532 532
5531 531
5530 530
5529 529
5528 528
5527 527
5526 526
5525 525
5524 524
5523 523
5522 522
5521 521
5520 520
5519 519
5518 518
5517 517
5516 516
5515 515
5514 514
5513 513
5512 512
5511 511
5510 510
5509 509
5508 508
5507 507
5506 506
5505 505
5504 504
5503 503
5502 502
5501 501
5500 500
5499 499
5498 498
5497 497
5496 496
5495 495
5494 494
5493 493
5492 492
5491 491
5490 490
5489 489
5488 488
5487 487
5486 486
5485 485
5484 484
5483 483
5482 482
5481 481
5480 480
5479 479
5478 478
5477 477
5476 476
5475 475
5474 474
5473 473
5472 472
5471 471
5470 470
5469 469
5468 468
5467 467
5466 466
5465 465
5464 464
5463 463
5462 462
5461 461
5460 460
5459 459
5458 458
5457 457
5456 456
5455 455
5454 454
5453 453
5452 452
5451 451
5450 450
5449 449
5448 448
5447 447
5446 446
5445 445
5444 444
5443 443
5442 442
5441 441
5440 440
5439 439
5438 438
5437 437
5436 436
5435 435
5434 434
5433 433
5432 432
5431 431
5430 430
5429 429
5428 428
5427 427
5426 426
5425 425
5424 424
5423 423
5422 422
5421 421
5420 420
5419 419
5418 418
5417 417
5416 416
5415 415
5414 414
5413 413
5412 412
5411 411
5410 410
5409 409
5408 408
5407 407
5406 406
5405 405
5404 404
5403 403
5402 402
5401 401
5400 400
5399 399
5398 398
5397 397
5396 396
5395 395
5394 394
5393 393
5392 392
5391 391
5390 390
5389 389
5388 388
5387 387
5386 386
5385 385
5384 384
5383 383
5382 382
5381 381
5380 380
5379 379
5378 378
5377 377
5376 376
5375 375
5374 374
5373 373
5372 372
5371 371
5370 370
5369 369
5368 368
5367 367
5366 366
5365 365
5364 364
5363 363
5362 362
5361 361
5360 360
5359 359
5358 358
5357 357
5356 356
5355 355
5354 354
5353 353
5352 352
5351 351
5350 350
5349 349
5348 348
5347 347
5346 346
5345 345
5344 344
5343 343
5342 342
5341 341
5340 340
5339 339
5338 338
5337 337
5336 336
5335 335
5334 334
5333 333
5332 332
5331 331
5330 330
5329 329
5328 328
5327 327
5326 326
5325 325
5324 324
5323 323
5322 322
5321 321
5320 320
5319 319
5318 318
5317 317
5316 316
5315 315
5314 314
5313 313
5312 312
5311 311
5310 310
5309 309
5308 308
5307 307
5306 306
5305 305
5304 304
5303 303
5302 302
5301 301
5300 300
5299 299
5298 298
5297 297
5296 296
5295 295
5294 294
5293 293
5292 292
5291 291
5290 290
5289 289
5288 288
5287 287
5286 286
5285 285
5284 284
5283 283
5282 282
5281 281
5280 280
5279 279
5278 278
5277 277
5276 276
5275 275
5274 274
5273 273
5272 272
5271 271
5270 270
5269 269
5268 268
5267 267
5266 266
5265 265
5264 264
5263 263
5262 262
5261 261
5260 260
5259 259
5258 258
5257 257
5256 256
5255 255
5254 254
5253 253
5252 252
5251 251
5250 250
5249 249
5248 248
5247 247
5246 246
5245 245
5244 244
5243 243
5242 242
5241 241
5240 240
5239 239
5238 238
5237 237
5236 236
5235 235
5234 234
5233 233
5232 232
5231 231
5230 230
5229 229
5228 228
5227 227
5226 226
5225 225
5224 224
5223 223
5222 222
5221 221
5220 220
5219 219
5218 218
5217 217
5216 216
5215 215
5214 214
5213 213
5212 212
5211 211
5210 210
5209 209
5208 208
5207 207
5206 206
5205 205
5204 204
5203 203
5202 202
5201 201
5200 200
5199 199
5198 198
5197 197
5196 196
5195 195
5194 194
5193 193
5192 192
5191 191
5190 190
5189 189
5188 188
5187 187
5186 186
5185 185
5184 184
5183 183
5182 182
5181 181
5180 180
5179 179
5178 178
5177 177
5176 176
5175 175
5174 174
5173 173
5172 172
5171 171
5170 170
5169 169
5168 168
5167 167
5166 166
5165 165
5164 164
5163 163
5162 162
5161 161
5160 160
5159 159
5158 158
5157 157
5156 156
5155 155
5154 154
5153 153
5152 152
5151 151
5150 150
5149 149
5148 148
5147 147
5146 146
5145 145
5144 144
5143 143
5142 142
5141 141
5140 140
5139 139
5138 138
5137 137
5136 136
5135 135
5134 134
5133 133
5132 132
5131 131
5130 130
5129 129
5128 128
5127 127
5126 126
5125 125
5124 124
5123 123
5122 122
5121 121
5120 120
5119 119
5118 118
5117 117
5116 116
5115 115
5114 114
5113 113
5112 112
5111 111
5110 110
5109 109
5108 108
5107 107
5106 106
5105 105
5104 104
5103 103
5102 102
5101 101
5100 100
5099 99
5098 98
5097 97
5096 96
5095 95
5094 94
5093 93
5092 92
5091 91
5090 90
5089 89
5088 88
5087 87
5086 86
5085 85
5084 84
5083 83
5082 82
5081 81
5080 80
5079 79
5078 78
5077 77
5076 76
5075 75
5074 74
5073 73
5072 72
5071 71
5070 70
5069 69
5068 68
5067 67
5066 66
5065 65
5064 64
5063 63
5062 62
5061 61
5060 60
5059 59
5058 58
5057 57
5056 56
5055 55
5054 54
5053 53
5052 52
5051 51
5050 50
5049 49
5048 48
5047 47
5046 46
5045 45
5044 44
5043 43
5042 42
5041 41
5040 40
5039 39
5038 38
5037 37
5036 36
5035 35
5034 34
5033 33
5032 32
5031 31
5030 30
5029 29
5028 28
5027 27
5026 26
5025 25
5024 24
5023 23
5022 22
5021 21
5020 20
5019 19
5018 18
5017 17
5016 16
5015 15
5014 14
5013 13
5012 12
5011 11
5010 10
5009 9
5008 8
5007 7
5006 6
5005 5
5004 4
5003 3
5002 2
5001 1
