100 100
52 48 63 57 36 37 20 43 84 42 31 41 58 24 54 75 72 97 23 44 33 76 16 9 34 65 50 67 46 1 55 29 78 88 25 61 35 90 6 69 47 12 10 66 19 45 11 56 5 59 27 2 64 3 92 15 81 8 85 17 40 60 99 94 77 18 21 53 68 14 89 28 32 93 62 26 51 96 22 30 73 74 39 13 95 83 79 100 4 80 38 86 98 71 49 7 82 91 70 87
67 33 44 65 37 14 81 90 93 30 56 52 91 82 7 36 68 46 49 73 71 42 5 74 84 41 55 64 59 28 15 50 89 13 9 35 24 60 70 34 2 1 80 32 95 85 48 78 6 92 31 21 87 20 54 96 77 38 86 69 25 40 66 79 47 29 94 100 88 97 76 53 27 23 61 12 11 4 10 72 51 19 99 98 83 63 43 58 26 17 62 3 16 22 39 57 45 75 18 8
60 72 78 79 86 3 71 93 18 91 1 90 82 44 21 85 36 81 50 89 68 58 59 66 70 43 41 40 77 62 52 65 53 14 99 83 63 23 54 6 80 38 98 4 27 51 30 28 92 47 12 17 25 33 2 67 22 74 11 5 39 49 96 34 10 57 69 35 37 20 100 61 26 29 95 8 42 64 13 75 76 32 15 97 31 56 84 24 87 16 19 48 46 88 55 94 73 45 7 9
74 98 30 40 77 47 17 99 15 14 58 9 3 48 90 81 46 21 4 72 16 37 57 56 55 25 87 19 94 82 8 64 75 92 31 51 11 66 41 50 84 24 70 28 89 71 13 91 65 79 100 93 95 80 43 38 69 63 22 29 27 32 1 49 34 67 23 85 59 2 36 45 53 96 73 35 88 62 6 97 68 78 12 54 76 42 39 86 61 18 44 10 7 5 26 60 33 20 52 83
75 60 21 100 55 15 64 82 44 93 80 91 18 7 28 50 49 4 51 94 40 84 27 20 63 58 42 36 26 16 30 76 69 99 3 92 54 45 56 83 38 98 74 71 77 65 90 17 31 12 10 62 37 67 1 72 87 97 41 95 86 85 33 35 8 89 61 6 39 96 34 5 22 73 59 13 43 68 9 23 79 81 48 66 47 2 24 70 88 19 46 52 32 25 11 53 57 29 78 14
70 24 8 16 89 76 91 92 47 83 25 6 31 12 13 78 44 30 21 38 82 95 33 41 77 5 69 18 72 99 34 17 74 51 65 4 26 54 22 81 37 39 86 90 67 28 35 9 71 68 40 14 29 58 88 84 75 55 53 20 57 7 43 46 36 80 97 32 73 42 19 66 60 2 96 49 61 93 85 63 62 52 79 11 64 87 59 27 23 3 15 100 48 45 94 98 1 56 10 50
43 42 31 21 45 85 48 34 6 100 26 79 35 83 47 82 91 3 18 56 30 53 97 39 5 94 57 90 20 8 65 7 1 36 49 19 95 84 59 16 22 87 88 15 66 44 76 12 46 81 4 10 60 11 77 41 33 25 73 98 23 93 55 17 71 54 80 62 75 86 28 38 96 70 74 64 89 52 68 58 78 99 50 37 32 27 69 61 67 13 9 51 14 72 29 2 63 24 92 40
97 74 90 36 26 12 62 3 48 99 84 14 15 52 91 4 32 28 71 60 19 39 89 2 11 37 88 46 53 18 13 68 23 31 47 65 41 20 42 51 24 70 63 17 94 64 9 93 76 100 34 82 59 38 58 98 61 54 87 73 77 81 80 85 35 72 45 50 27 1 49 29 69 33 57 6 25 16 83 66 40 21 10 56 79 43 86 55 5 44 7 8 78 95 22 75 67 96 30 92
12 47 86 96 16 5 54 87 25 22 51 26 88 37 55 98 80 70 74 3 2 71 93 35 40 4 32 1 18 42 27 66 48 69 61 75 36 8 49 60 65 76 79 63 82 97 77 11 23 29 73 41 28 92 50 31 7 100 46 90 62 38 83 67 57 99 52 72 17 6 33 30 44 9 91 89 81 56 94 10 20 24 95 34 45 85 64 68 78 43 58 59 84 21 19 15 14 13 39 53
36 40 94 58 15 96 87 45 73 23 17 75 29 57 53 55 39 26 11 79 25 93 31 81 44 91 30 37 12 5 72 42 34 66 20 54 7 85 78 63 62 16 19 22 47 41 60 69 56 1 80 61 14 64 28 68 8 46 52 83 3 86 71 24 38 76 35 70 99 4 84 6 10 51 92 98 90 88 74 49 43 77 33 32 2 21 82 18 13 95 59 67 27 9 48 100 65 50 89 97
42 41 92 78 23 49 15 100 35 79 77 76 34 6 31 93 90 99 82 54 52 94 74 37 61 89 73 30 66 10 51 44 2 40 36 16 5 58 95 62 26 22 87 3 97 18 65 47 19 32 81 12 72 55 27 11 96 88 29 38 75 91 86 28 4 63 1 17 60 39 21 80 20 24 98 71 57 48 64 43 7 14 85 25 46 59 53 69 33 8 13 50 9 67 45 56 70 84 83 68
48 15 70 73 40 25 66 42 58 41 92 11 43 84 63 60 67 74 75 18 96 65 62 13 100 51 85 33 19 2 86 45 7 87 88 69 34 30 35 53 31 47 12 97 16 23 55 54 61 95 59 56 71 99 83 3 32 10 49 28 68 72 14 89 27 82 78 94 64 9 57 21 46 91 17 77 50 20 26 52 29 98 37 8 5 6 76 79 81 1 80 39 38 4 36 44 93 90 24 22
2 56 99 81 61 35 44 10 13 12 55 47 8 9 3 62 28 82 16 66 78 26 75 84 88 77 59 21 45 52 92 46 96 100 34 40 25 80 37 68 11 41 42 18 23 19 31 15 36 85 50 48 94 63 86 54 73 43 95 72 69 17 70 71 51 97 33 64 53 24 4 67 29 98 60 65 27 7 76 1 32 93 6 58 49 39 22 87 57 30 90 83 91 89 5 20 74 38 14 79
79 76 27 2 82 45 11 69 5 53 4 94 61 95 77 24 58 86 70 31 42 28 14 49 16 21 7 43 3 87 57 54 12 75 23 74 19 34 46 98 71 64 68 55 99 63 89 26 97 20 96 22 90 51 81 65 48 40 44 13 93 84 50 80 33 92 10 38 91 85 1 8 15 6 9 67 78 41 72 100 56 39 29 36 66 32 17 62 52 88 25 73 37 30 18 47 83 35 59 60
10 12 55 33 19 95 56 88 37 87 65 22 25 39 11 74 38 63 97 15 1 64 82 6 36 71 81 80 44 43 77 20 52 61 5 23 49 13 85 75 76 79 100 54 18 66 26 41 45 73 57 42 17 31 51 47 78 34 32 91 16 98 92 72 89 3 30 60 62 83 67 90 7 14 93 94 4 2 53 8 96 70 59 35 29 50 68 40 21 58 84 27 24 28 46 48 99 9 86 69
92 83 25 97 28 53 24 77 22 27 49 59 26 87 37 1 56 58 80 9 63 32 30 79 71 46 16 54 91 55 5 98 99 89 94 67 64 47 68 33 85 50 51 84 90 38 95 39 72 75 23 86 7 35 36 6 82 65 62 48 21 2 34 20 45 13 3 96 78 100 66 15 93 10 52 29 19 70 73 31 74 43 69 76 60 40 81 4 18 11 41 61 42 44 17 14 8 12 88 57
89 57 46 31 84 93 50 28 62 21 20 78 17 16 32 34 79 49 35 59 65 2 25 75 38 56 63 76 39 71 44 83 77 90 91 13 98 53 74 8 96 33 67 85 37 6 7 81 9 99 3 4 42 29 66 73 55 72 70 87 58 100 45 12 15 95 26 10 43 23 47 22 86 61 88 48 54 51 52 94 92 36 82 60 14 97 1 80 11 64 68 18 40 41 24 27 5 69 19 30
17 28 96 22 83 63 89 98 97 38 52 80 74 66 33 95 61 73 59 4 53 8 85 18 14 10 47 69 51 60 2 77 64 24 70 39 99 16 3 37 30 90 91 57 50 27 1 67 86 11 41 72 34 78 48 21 76 93 31 36 6 5 7 88 42 81 68 25 35 44 87 40 65 46 49 43 12 94 58 62 26 29 54 82 55 15 13 9 79 75 23 56 45 100 92 71 32 19 20 84
13 8 41 72 32 27 1 37 86 25 79 88 39 55 42 66 74 56 20 52 38 40 44 92 85 68 71 98 78 84 22 33 90 95 59 29 50 14 51 45 100 34 35 2 7 96 87 43 73 89 94 58 16 12 76 10 28 6 4 82 46 97 47 75 53 48 91 23 19 31 60 93 21 3 18 69 64 80 61 9 67 54 77 83 57 65 36 49 17 24 70 26 63 62 81 30 15 99 11 5
72 67 7 76 39 99 4 91 82 90 2 30 93 18 78 49 40 32 85 57 64 43 95 97 24 42 11 68 27 17 48 51 94 9 14 6 70 75 63 35 1 80 38 81 59 50 52 21 83 31 47 28 88 96 56 33 26 98 55 61 37 36 20 100 12 73 53 34 25 66 79 69 77 45 5 10 41 71 8 60 65 46 3 74 92 54 58 84 22 62 16 15 19 87 86 89 29 23 44 13
63 70 13 19 94 79 93 31 12 92 37 83 47 10 9 21 7 90 28 98 18 59 67 42 26 95 61 44 60 3 35 62 97 65 76 71 22 56 87 4 39 86 55 91 72 17 6 14 64 40 36 99 73 84 25 24 23 11 69 96 89 78 58 32 49 38 66 81 57 43 46 20 75 1 33 85 5 82 50 54 16 30 100 41 68 88 27 77 45 15 48 34 52 29 53 74 80 2 8 51
62 17 33 87 92 54 94 74 66 98 30 38 97 20 67 59 5 57 27 71 69 13 50 44 99 8 12 61 65 75 1 26 68 70 63 86 3 19 15 39 90 91 93 89 51 77 80 72 55 41 42 60 35 21 52 28 79 82 47 49 83 95 78 25 43 4 40 37 6 7 88 36 76 32 85 58 10 53 84 16 22 73 56 18 11 48 9 14 100 23 45 2 29 34 31 64 81 46 96 24
32 46 75 39 10 80 5 96 67 20 82 66 33 72 23 22 77 69 87 36 59 3 79 28 52 99 9 27 34 73 74 25 85 2 1 42 30 4 90 41 18 44 7 61 100 88 97 45 43 84 24 29 31 16 93 19 6 78 13 65 12 26 62 55 70 40 50 11 47 17 86 51 35 64 76 63 14 95 54 81 37 53 38 21 58 91 15 48 83 57 89 98 94 92 8 49 68 71 60 56
83 6 88 74 21 94 84 27 26 59 36 95 77 22 25 2 54 43 1 13 70 46 52 76 4 19 62 63 90 86 61 38 14 57 89 33 71 31 64 96 49 85 50 58 30 80 5 37 67 60 75 39 44 34 40 35 93 51 17 15 78 56 100 66 23 8 99 20 7 79 97 3 91 12 48 45 16 24 29 92 98 42 53 65 72 68 32 81 82 55 11 69 41 18 28 9 10 47 87 73
16 62 67 88 31 56 53 97 20 74 90 98 66 96 72 27 95 89 77 64 61 9 51 7 3 13 10 5 76 23 80 22 40 63 54 55 15 46 48 86 91 93 82 94 65 26 38 60 11 42 43 75 6 28 30 17 100 18 12 85 92 59 21 37 58 71 36 39 83 78 25 49 79 81 50 84 8 69 24 19 87 57 2 44 41 52 14 99 34 45 29 1 73 35 47 68 4 32 33 70
76 65 59 56 93 23 55 53 61 94 81 89 69 5 27 84 43 39 24 92 41 21 9 36 62 78 44 42 99 22 73 63 47 60 75 98 16 100 19 38 4 71 64 86 14 70 57 77 74 66 20 26 30 50 32 51 15 68 18 8 91 58 85 1 96 83 12 80 90 49 2 10 3 35 13 33 7 11 67 79 54 37 45 40 97 46 28 17 48 87 88 29 25 52 82 31 6 34 95 72
95 5 68 9 2 21 34 32 4 46 75 19 81 71 40 47 92 79 12 88 6 97 41 89 96 74 38 83 43 85 62 8 37 7 78 48 33 27 67 15 23 45 29 100 42 10 16 36 52 90 91 49 63 69 60 61 84 73 80 55 56 31 53 99 93 87 39 3 54 94 14 86 58 26 11 82 98 35 18 59 13 76 28 57 30 72 66 20 24 50 51 17 65 70 1 25 22 77 64 44
18 82 38 5 76 42 75 54 2 63 9 70 56 1 98 89 73 72 94 62 45 83 71 52 47 6 34 29 68 66 84 69 19 11 41 26 12 7 10 77 14 99 3 60 64 53 24 74 22 88 25 97 50 91 13 93 36 15 100 81 65 57 90 59 37 17 46 27 51 30 95 32 40 21 4 39 35 23 86 44 61 67 43 48 87 8 92 31 49 20 96 58 33 85 79 16 28 78 80 55
7 44 74 59 100 58 45 2 80 56 99 54 1 38 97 53 89 75 69 19 73 31 68 90 10 92 6 57 36 96 70 5 32 42 43 87 8 21 13 22 3 15 48 23 40 61 63 66 88 37 39 20 65 82 14 18 85 52 35 71 79 94 93 77 86 16 81 26 76 91 27 4 49 17 64 55 83 29 11 78 95 60 84 30 25 9 47 12 50 33 67 24 72 51 34 46 62 28 98 41
100 79 77 1 18 29 41 61 95 69 71 53 5 59 26 70 84 55 63 47 43 17 99 85 19 28 78 58 15 88 89 56 10 23 45 97 46 35 32 74 64 68 40 11 3 54 94 22 66 96 33 87 91 65 4 76 52 36 7 9 82 24 51 38 67 31 8 98 93 50 80 13 48 83 14 72 21 42 60 34 2 86 73 49 20 81 62 16 30 25 37 57 39 90 44 12 92 6 27 75
37 25 79 91 96 4 8 85 51 49 69 36 50 65 100 15 99 12 48 43 9 23 56 77 73 75 72 14 1 6 68 30 84 32 81 7 57 86 89 44 61 5 95 10 2 52 40 34 78 28 17 35 97 87 53 88 38 59 67 63 20 3 22 82 62 42 24 18 66 26 93 70 80 11 54 16 60 13 19 39 90 47 71 27 21 94 45 29 98 83 92 64 31 74 33 58 41 55 76 46
98 38 52 68 27 31 28 14 3 9 43 13 99 15 30 32 19 78 81 67 62 25 73 54 86 88 22 16 89 93 10 71 60 83 92 50 55 97 11 85 58 84 24 21 57 4 8 90 51 76 79 91 5 1 42 80 53 70 26 45 59 46 2 36 100 33 75 49 95 56 40 23 94 20 29 34 87 17 35 74 64 7 47 63 65 41 37 39 69 82 18 12 44 61 77 72 96 66 48 6
25 88 76 90 20 81 10 49 50 36 53 40 85 51 79 3 14 47 15 42 13 75 54 27 29 60 67 9 2 35 64 52 58 46 32 44 73 39 57 18 69 61 5 12 56 48 68 100 7 21 28 34 74 22 94 87 80 95 33 70 66 99 26 93 17 41 84 82 97 77 91 24 1 55 63 62 72 8 16 37 30 31 4 59 78 89 23 45 38 6 83 71 92 98 96 43 11 86 65 19
49 36 53 84 48 33 88 29 57 45 62 23 73 89 69 11 86 22 41 100 37 82 47 4 7 93 90 39 10 95 60 43 35 20 96 56 78 50 21 54 16 19 46 87 12 42 75 61 2 80 38 5 99 68 17 40 13 32 30 92 15 55 64 70 98 79 6 63 3 71 24 83 8 65 31 74 91 25 97 85 58 26 67 81 1 28 18 44 9 59 27 72 77 14 52 34 76 51 94 66
58 43 47 28 29 50 52 35 83 34 22 100 6 92 12 18 93 15 44 2 90 69 66 86 95 53 89 91 96 13 76 78 80 49 85 46 59 24 27 19 87 88 25 48 20 7 79 10 32 4 71 8 75 41 26 42 67 37 57 74 45 82 11 62 64 56 38 16 23 55 17 98 33 63 97 68 94 30 40 84 21 3 51 39 81 77 61 5 72 9 14 65 99 60 73 1 54 70 31 36
96 20 82 50 88 13 46 52 90 48 63 15 30 91 18 68 71 16 40 45 81 11 69 38 43 55 39 4 5 78 99 49 73 10 8 100 58 67 84 79 54 56 2 19 61 36 3 44 34 6 83 7 26 97 70 66 59 1 37 94 87 64 74 65 92 23 57 76 22 98 51 89 95 60 53 31 86 32 47 33 85 62 9 80 35 24 41 42 27 21 28 14 17 77 25 29 75 72 93 12
8 10 11 67 46 59 2 25 39 88 76 87 37 86 41 97 98 54 66 48 80 68 18 83 49 64 4 38 7 58 26 96 30 5 95 45 85 9 50 23 79 100 34 56 44 20 22 42 29 57 89 43 62 47 65 12 21 35 81 93 19 74 31 60 94 15 90 75 16 92 72 91 78 99 82 53 71 1 69 13 33 63 27 6 73 51 40 36 28 84 24 77 70 17 32 52 3 14 55 61
50 85 61 70 30 72 37 57 94 73 19 29 89 53 5 42 11 88 43 35 86 44 10 64 21 18 93 55 13 27 23 84 83 33 67 1 28 65 17 2 46 32 81 25 8 58 45 95 80 98 74 59 15 36 16 49 14 4 91 47 52 41 40 54 97 34 92 56 48 68 63 31 9 79 12 66 82 39 20 51 24 87 60 71 38 62 7 78 99 77 26 75 22 3 90 6 100 76 69 96
55 86 35 18 72 68 14 65 79 51 95 50 76 100 6 30 48 13 90 24 3 73 80 87 94 29 23 15 98 31 49 93 63 71 64 28 53 41 69 21 59 27 77 9 38 91 85 83 17 16 19 92 96 37 5 39 97 26 75 2 67 52 25 7 46 84 54 78 33 88 44 56 74 43 1 32 45 99 81 11 82 8 40 22 62 61 57 89 66 47 12 36 10 20 60 70 58 42 34 4
81 32 23 86 8 38 95 33 72 96 18 20 67 60 45 87 26 61 88 49 27 15 100 17 30 3 14 77 35 57 97 37 50 1 80 43 90 71 91 42 44 7 78 5 34 25 66 29 58 24 70 73 47 19 82 46 83 21 9 76 10 22 16 11 63 36 51 41 12 62 55 65 6 68 79 54 99 59 56 4 39 69 98 28 84 93 48 52 92 89 94 74 53 31 13 85 40 64 75 2
82 93 80 61 65 41 60 63 56 70 13 24 54 2 38 57 29 67 89 17 23 6 4 48 31 35 100 45 64 97 58 53 16 55 11 77 47 44 12 27 9 14 99 72 71 94 84 98 26 87 88 74 85 90 8 91 40 3 79 32 51 73 30 95 25 28 19 59 50 52 5 46 68 78 81 37 34 75 39 18 69 33 42 15 22 10 83 92 36 66 20 43 96 49 76 62 21 7 1 86
39 37 100 93 33 71 13 50 65 85 61 49 51 76 34 48 3 10 52 58 14 45 2 26 57 23 60 99 80 83 40 90 24 81 4 78 89 55 94 7 5 95 59 8 1 30 36 35 21 17 62 6 66 88 69 25 98 27 72 54 96 15 87 18 16 43 70 44 20 22 82 63 38 41 56 19 75 9 46 86 91 12 64 77 28 53 29 73 74 92 31 68 47 97 67 84 42 11 79 32
22 26 50 48 74 19 31 68 36 64 57 71 40 49 51 9 8 83 14 55 12 67 24 5 75 33 20 10 63 79 81 3 41 62 16 93 23 88 45 91 89 94 53 92 70 99 4 65 82 44 7 76 80 27 73 77 56 69 66 58 98 13 59 30 78 86 42 90 38 95 52 43 54 37 84 21 96 47 28 87 15 6 46 61 18 29 72 60 2 100 34 32 35 1 97 11 39 25 85 17
24 84 10 62 57 65 90 83 31 6 88 35 92 47 8 7 18 52 78 80 93 5 96 11 27 61 53 82 67 14 100 28 98 50 51 81 77 63 26 32 25 37 39 30 33 21 34 13 4 64 68 9 45 43 87 58 60 86 94 66 73 44 42 19 40 1 74 46 29 41 16 97 72 56 20 36 69 91 49 70 17 48 76 55 71 22 95 59 75 99 3 79 15 23 89 38 2 54 12 85
41 11 83 7 75 36 3 79 34 76 27 65 100 35 92 91 30 14 93 63 48 89 98 25 69 57 29 52 97 12 50 18 56 68 40 62 61 43 5 17 77 26 22 99 74 82 51 31 16 46 32 47 67 86 59 55 20 87 45 80 60 90 39 21 81 70 2 28 72 37 78 1 66 84 38 4 73 15 71 42 44 9 49 88 19 95 94 53 96 10 8 85 13 33 23 54 24 58 6 64
14 9 43 75 4 26 38 86 11 39 34 37 55 41 58 96 66 1 33 90 74 49 78 47 51 36 68 97 28 70 88 72 93 27 77 57 65 3 76 73 35 6 83 80 21 67 25 84 89 53 69 24 46 8 100 13 62 92 64 44 81 20 10 45 61 30 82 29 32 12 23 18 17 48 7 5 40 98 95 99 60 2 22 31 94 79 85 50 16 63 54 87 56 19 71 91 52 15 42 59
45 23 17 35 41 52 40 44 78 18 98 82 7 21 62 65 50 64 76 69 49 70 26 33 56 24 58 85 87 46 91 100 5 15 48 47 2 73 1 31 74 97 66 68 22 79 93 16 12 8 13 19 86 60 38 75 25 20 43 27 11 51 72 83 9 53 95 92 55 67 6 59 88 89 77 14 84 36 99 29 34 71 30 96 10 80 63 54 37 32 81 90 4 39 42 61 94 57 28 3
21 78 66 77 35 24 73 80 98 1 15 2 38 74 20 61 53 45 5 32 89 12 36 93 13 47 92 94 85 67 54 59 4 58 84 25 9 17 14 88 48 52 30 29 49 95 56 96 37 86 55 33 79 44 3 7 51 90 83 68 34 69 18 22 11 46 71 87 100 82 26 64 50 16 40 41 31 57 42 28 27 23 70 91 39 99 10 8 65 72 60 63 75 76 6 81 19 62 97 43
46 19 60 37 12 1 61 20 33 66 93 97 96 67 75 26 27 53 22 40 95 99 76 21 48 14 13 59 100 29 98 88 49 56 2 41 52 81 30 11 82 18 44 69 79 87 74 23 42 58 84 45 92 62 91 16 35 7 8 51 47 77 17 86 24 68 85 55 31 28 39 50 34 71 65 70 9 5 63 32 25 94 80 78 43 90 3 15 6 73 57 38 89 83 10 36 64 4 72 54
29 45 62 6 42 30 36 7 21 44 74 18 78 28 16 76 51 68 79 61 85 63 22 67 2 70 84 50 88 32 93 34 95 48 52 12 1 57 80 47 97 66 20 40 87 100 82 19 10 13 9 46 55 75 98 23 37 96 58 77 41 65 60 92 14 69 59 31 11 72 83 27 25 94 26 99 24 49 3 73 35 64 90 33 8 38 54 56 39 81 4 91 71 86 43 5 53 89 17 15
30 52 54 89 49 39 96 58 24 43 47 42 84 70 56 23 60 66 45 7 67 79 19 14 35 76 51 72 32 80 11 73 21 25 37 5 6 91 83 61 12 10 8 20 46 29 41 2 95 27 77 1 68 15 31 48 4 13 50 62 36 75 3 53 26 44 28 69 40 99 94 17 81 82 16 22 65 33 87 90 57 97 86 9 59 92 100 34 71 38 98 55 74 64 85 78 18 93 63 88
66 97 91 49 22 10 16 15 52 3 24 99 48 30 93 71 81 17 64 75 46 86 94 1 41 39 25 32 69 44 9 40 45 47 12 76 42 96 43 65 70 63 54 62 53 68 14 82 79 34 35 18 27 98 84 74 5 56 88 57 26 4 38 50 6 60 29 51 77 80 85 73 61 67 89 83 37 19 92 20 36 28 8 2 100 58 55 11 95 7 78 13 21 59 87 23 72 33 90 31
27 59 36 99 80 17 6 4 64 81 45 32 71 68 49 10 47 34 8 37 92 20 43 53 67 66 74 31 84 51 19 9 86 21 28 30 72 26 60 52 29 73 57 35 58 13 46 85 90 93 82 50 56 5 23 95 70 89 98 41 1 12 61 15 18 25 55 48 2 69 3 11 24 87 42 44 97 83 7 77 14 100 62 94 91 75 96 33 63 65 76 16 79 54 38 39 88 22 40 78
93 91 1 69 51 11 72 70 54 24 8 84 63 56 80 73 45 33 57 28 75 35 81 15 92 34 79 23 71 74 43 94 62 86 55 27 31 18 47 59 13 9 14 67 4 89 58 38 77 22 87 98 49 30 10 90 68 99 76 46 50 29 52 5 88 21 16 95 85 48 61 19 64 7 32 25 100 60 37 82 53 96 41 3 26 12 6 83 40 97 66 42 20 36 65 17 78 44 2 39
59 95 40 14 1 28 35 81 71 32 23 46 4 64 36 12 31 100 10 25 83 66 42 94 33 97 98 92 58 50 16 13 39 78 21 52 67 77 72 48 45 29 73 34 43 8 19 49 30 91 93 85 54 61 75 5 24 57 38 11 2 47 69 3 82 88 86 15 56 53 99 55 84 22 41 18 74 6 44 27 9 79 17 89 90 60 20 96 70 51 65 62 76 63 80 37 87 26 68 7
26 77 85 15 98 16 92 64 40 71 73 4 68 36 50 13 10 6 9 86 47 33 84 61 60 96 66 12 70 76 32 99 11 17 62 91 75 87 23 90 57 89 94 83 24 14 81 51 93 18 44 65 1 59 29 27 54 53 97 43 38 8 95 52 7 39 41 30 80 5 48 42 63 25 58 78 20 31 21 22 3 35 19 69 82 45 67 72 56 79 100 46 34 2 74 55 37 88 49 28
77 27 49 3 38 62 83 71 68 4 29 81 64 40 85 8 12 35 13 39 31 96 58 69 72 20 97 47 24 65 46 14 55 28 17 90 60 22 75 30 73 57 89 6 84 9 32 50 91 82 18 51 2 95 45 59 63 94 74 42 80 10 5 48 44 37 11 52 1 61 15 41 70 88 43 7 66 92 78 26 99 34 16 53 93 23 33 67 54 76 79 19 100 56 98 86 25 87 36 21
53 94 81 12 70 18 65 62 19 17 33 28 16 46 4 6 34 50 83 77 79 80 39 45 74 1 56 100 55 68 78 31 22 93 82 14 97 61 66 9 67 72 60 51 86 92 21 71 99 15 48 64 58 57 96 89 41 75 54 25 24 35 73 8 52 27 87 13 84 29 10 88 11 95 37 30 2 76 90 69 47 85 44 23 3 20 38 98 42 40 36 7 49 43 63 26 59 5 32 91
19 16 72 25 47 2 69 66 96 97 91 74 20 33 60 77 59 94 26 68 5 14 65 78 15 9 8 95 79 45 38 87 36 54 56 11 48 32 52 55 93 82 18 53 76 22 98 75 41 43 58 23 83 17 90 62 34 44 10 50 31 27 28 39 84 64 49 86 92 21 37 85 100 4 51 24 13 61 70 46 88 89 1 7 42 30 99 3 35 29 73 80 57 6 12 40 71 81 67 63
57 73 19 92 58 91 85 21 17 78 66 7 28 62 46 100 76 36 34 95 51 56 88 60 80 54 70 65 37 4 18 6 27 30 90 8 38 94 98 10 20 96 33 49 25 35 44 32 13 14 99 81 41 45 97 29 86 67 24 22 43 79 23 47 3 5 77 12 42 75 31 26 39 69 87 15 63 50 48 89 83 40 93 72 9 74 2 1 55 71 64 82 68 11 84 59 61 53 16 52
3 99 84 45 64 87 74 11 42 55 6 86 41 43 24 67 96 38 72 93 66 50 28 10 76 85 36 20 62 54 37 75 18 26 22 94 79 48 100 89 83 92 31 98 17 60 39 70 53 61 5 63 81 9 35 14 19 47 40 78 71 33 13 73 95 91 44 57 4 8 29 7 16 30 21 59 49 97 27 15 23 80 88 12 69 34 51 65 46 56 2 25 1 32 68 82 90 52 58 77
35 34 22 38 7 57 43 95 27 5 68 61 59 77 87 54 70 41 56 10 84 16 15 51 32 62 28 24 52 37 53 1 13 29 73 20 81 83 4 66 40 36 49 42 48 2 69 88 96 67 72 25 82 79 64 100 90 85 21 99 44 63 76 74 60 12 9 97 18 65 98 14 30 31 3 75 17 58 23 6 80 11 89 50 33 71 19 46 91 39 86 94 55 93 78 8 47 92 26 45
64 71 73 41 14 97 77 60 23 72 78 67 75 45 57 37 88 59 39 51 22 30 6 19 93 52 15 87 92 53 96 55 76 98 74 24 82 40 18 84 21 28 17 27 83 86 33 89 70 54 56 94 8 81 7 4 47 62 3 34 9 25 32 43 2 50 79 58 13 46 42 100 31 49 35 1 48 26 80 68 11 95 66 16 63 44 90 91 12 69 61 20 5 10 99 65 85 36 29 38
54 63 9 46 53 100 82 47 10 31 39 92 12 8 14 28 78 91 17 74 44 27 72 43 22 59 5 7 75 15 6 16 66 76 79 64 87 2 88 71 86 55 11 93 60 62 83 99 68 36 49 3 57 24 37 70 45 41 61 33 94 21 84 81 85 98 20 4 89 58 32 96 23 80 67 50 95 18 51 56 19 90 34 42 40 25 77 26 29 48 52 35 30 73 69 97 38 1 13 65
86 39 34 82 67 64 9 51 76 50 5 85 65 79 35 52 15 8 30 84 99 29 1 22 89 45 75 3 38 92 36 91 70 4 71 21 94 11 53 78 95 59 27 13 80 90 49 6 28 62 16 83 20 25 61 37 74 77 60 56 33 48 88 44 19 58 63 7 96 87 18 54 98 42 2 46 23 14 32 55 93 10 68 26 17 69 73 57 97 31 47 40 12 66 72 24 43 41 100 81
91 90 2 53 50 55 67 24 63 84 10 58 70 54 1 29 23 96 73 21 60 34 32 3 83 100 76 75 4 98 42 89 17 39 86 59 92 82 31 95 8 13 9 33 81 57 43 80 27 26 22 38 36 52 12 30 64 14 65 19 85 45 48 61 87 78 62 5 49 15 69 16 71 44 46 88 79 72 25 93 94 20 11 99 77 47 35 6 68 74 97 41 66 40 51 28 7 18 56 37
34 100 26 80 44 73 42 5 59 61 64 69 95 27 22 63 24 11 54 12 58 62 3 50 46 17 21 84 48 25 94 2 8 45 29 66 32 6 81 97 68 40 36 41 15 56 53 87 20 33 67 88 93 76 71 79 30 49 78 14 18 70 65 98 72 47 13 74 82 51 38 9 52 92 99 60 28 43 75 35 1 55 57 85 96 4 16 19 90 37 39 89 86 91 7 10 31 83 77 23
99 14 58 23 71 22 98 55 41 86 35 39 11 42 84 33 20 80 67 91 97 85 21 12 65 49 40 66 17 63 25 60 82 77 26 89 76 15 79 57 6 83 92 38 28 72 37 24 94 69 61 70 32 13 34 9 16 31 68 7 4 96 8 29 5 90 18 73 81 10 45 44 62 52 78 95 36 74 59 3 75 1 87 47 53 100 50 51 19 54 56 88 2 46 64 93 30 48 43 27
87 22 51 52 97 46 47 40 49 68 89 64 36 85 65 14 13 92 99 11 10 72 70 95 23 67 96 8 54 100 4 15 42 16 19 82 45 25 29 93 94 53 69 31 63 3 71 76 18 7 78 79 38 77 57 26 2 61 20 84 74 9 27 90 21 55 43 91 98 59 30 58 56 39 24 28 33 12 17 88 48 83 32 5 44 73 60 75 1 34 35 81 6 80 66 41 86 37 50 62
84 58 12 17 73 51 30 6 92 35 87 34 83 31 10 44 82 48 7 1 91 61 20 55 59 69 94 93 33 9 79 21 38 85 50 32 27 70 77 46 88 25 37 52 96 78 100 8 81 71 64 13 23 42 22 43 72 39 89 97 29 18 41 16 68 2 98 19 45 11 62 74 67 54 66 40 53 90 36 24 28 15 65 86 4 26 5 95 60 14 99 76 3 75 57 80 56 63 47 49
44 18 98 95 79 43 23 56 1 54 14 63 2 80 74 94 57 60 53 16 29 92 64 30 12 83 35 73 40 20 24 61 46 41 42 22 10 78 8 26 99 3 15 75 68 69 70 97 87 25 37 66 51 93 9 82 49 48 34 4 76 89 91 27 39 62 32 77 65 90 59 81 36 28 71 86 6 45 55 7 5 72 58 52 88 13 31 47 85 96 33 84 67 50 100 19 17 21 38 11
90 30 56 94 85 86 33 84 70 58 12 43 24 63 2 45 75 20 29 78 72 100 46 99 6 79 65 60 81 38 41 57 28 37 39 95 83 93 92 5 10 8 13 96 32 73 42 1 59 77 26 80 40 48 47 52 71 9 51 16 49 23 15 69 22 7 17 61 36 3 53 62 4 18 19 87 76 67 88 91 89 66 55 14 27 31 34 35 64 98 74 11 97 68 50 21 44 82 54 25
51 50 5 63 90 60 39 89 53 57 46 73 94 69 95 43 41 25 58 6 55 7 8 68 28 44 82 11 9 77 45 24 92 67 72 80 17 76 62 1 32 81 4 37 13 84 29 59 38 74 97 27 48 49 19 85 99 71 93 12 30 42 36 56 66 35 31 2 52 40 54 47 14 100 10 20 18 86 96 65 70 88 75 64 98 16 78 21 3 26 22 23 87 15 91 83 34 79 61 33
4 81 45 55 13 98 59 67 60 33 44 96 72 75 29 88 22 5 25 85 77 48 34 62 90 15 99 26 6 89 66 39 51 80 38 58 91 64 93 43 7 78 21 95 35 37 20 73 84 70 63 57 12 46 18 32 92 28 14 79 8 87 19 41 54 49 65 42 10 16 11 76 83 40 100 56 3 27 2 71 86 61 74 17 24 82 52 30 31 94 53 97 69 47 9 50 36 68 23 1
80 1 15 71 95 83 78 13 14 8 41 10 9 99 48 19 62 44 46 96 28 87 45 70 37 22 77 17 73 90 47 81 67 35 6 49 39 98 86 36 42 43 58 7 29 32 12 52 85 51 65 30 69 56 11 2 89 84 27 75 5 16 54 68 76 20 72 40 61 63 64 60 57 97 23 79 26 21 100 38 4 18 92 24 50 55 88 25 94 91 93 31 82 53 59 33 66 74 3 34
88 87 65 30 66 32 12 36 85 40 94 68 49 50 76 99 9 31 3 41 8 60 63 59 45 72 33 13 56 34 71 48 43 19 46 18 29 37 73 82 53 69 61 47 54 15 64 79 44 78 21 100 98 26 89 22 1 5 96 24 97 14 77 91 28 11 58 93 74 27 90 84 2 86 70 17 67 10 62 25 52 92 81 95 7 57 75 23 80 35 6 4 83 38 20 42 55 39 51 16
78 7 97 27 34 84 29 1 38 2 3 56 80 98 66 69 94 23 61 46 57 47 40 91 8 31 83 89 49 33 63 95 81 43 58 88 13 28 9 87 15 48 52 45 36 5 54 20 25 39 86 96 76 18 99 44 50 30 6 64 100 53 82 26 55 19 4 22 79 93 77 71 85 62 68 11 92 73 41 21 59 75 24 90 37 14 12 10 51 67 72 70 60 65 35 32 16 17 74 42
69 53 4 10 63 44 76 16 46 62 67 17 19 32 71 83 35 51 92 26 100 38 86 29 97 80 2 34 11 40 21 47 87 82 18 99 66 5 20 14 72 60 75 65 55 31 28 64 3 48 52 68 84 89 33 94 42 23 56 37 70 6 57 13 30 77 88 9 24 73 8 25 41 59 39 90 1 79 91 61 12 50 7 45 15 96 98 74 43 36 49 78 85 58 54 22 27 95 81 93
65 51 95 54 91 75 86 94 69 89 32 57 53 61 59 58 42 37 84 83 11 78 13 40 17 7 18 41 14 26 29 70 31 72 60 38 62 79 16 80 81 4 71 39 9 24 73 27 98 97 66 77 52 85 46 50 3 64 82 10 90 43 49 2 20 6 47 1 30 36 56 12 99 34 8 96 44 55 33 76 63 25 23 68 74 19 21 28 15 22 87 45 88 48 93 92 35 100 5 67
20 66 93 85 87 8 19 48 30 15 70 3 52 90 82 64 4 62 68 23 32 55 53 80 42 86 37 81 61 7 14 36 29 12 10 79 43 33 58 76 63 54 56 16 69 40 99 18 100 35 6 44 77 74 24 97 95 2 25 89 22 71 98 51 83 75 73 65 26 38 50 57 5 72 94 92 39 46 31 96 49 17 13 1 34 84 11 41 59 78 21 9 28 27 88 45 60 67 91 47
85 49 69 24 52 67 25 73 89 29 16 45 57 94 61 41 55 87 42 34 39 18 12 71 78 82 91 86 8 59 75 58 6 96 33 2 21 51 28 56 19 46 32 88 10 43 23 5 1 38 98 95 3 40 62 36 9 81 90 31 48 11 68 63 74 100 83 54 15 64 70 92 13 76 47 97 93 37 66 50 84 22 72 4 80 17 44 7 14 27 77 60 26 99 30 35 79 65 53 20
23 75 28 34 11 48 68 18 7 82 38 93 44 78 17 51 85 71 65 53 36 24 77 96 54 84 43 49 22 19 90 79 61 3 15 31 56 29 2 92 98 74 97 64 26 76 91 62 47 10 8 16 39 72 80 60 88 66 42 59 55 50 67 6 13 94 5 83 86 33 35 95 87 57 27 9 58 40 14 45 100 4 52 20 12 1 70 63 25 46 32 30 81 37 41 69 89 73 21 99
47 31 39 20 62 61 63 22 88 26 50 77 87 25 86 38 1 24 98 99 56 4 91 34 68 81 46 2 82 41 59 97 15 53 69 60 40 10 36 72 51 65 76 70 93 74 27 55 75 45 29 11 21 83 85 92 44 79 19 30 17 80 6 33 73 14 48 67 28 35 96 52 18 13 90 57 32 54 89 12 66 84 5 100 23 49 71 64 7 42 43 95 58 78 16 3 9 8 37 94
6 35 87 98 78 89 58 59 77 95 40 5 27 26 88 56 63 42 2 8 24 19 48 65 81 16 17 70 30 39 69 80 9 73 57 96 4 92 71 20 36 49 85 43 52 1 61 25 33 72 60 37 18 100 68 34 91 50 28 3 7 54 79 97 75 10 14 66 44 76 74 99 90 47 15 23 62 84 45 83 38 41 94 51 67 64 46 32 93 86 55 53 11 82 21 13 12 31 22 29
33 96 18 51 25 9 32 30 91 52 54 48 90 93 44 40 64 19 36 29 4 41 61 98 58 11 86 71 95 21 3 85 57 8 13 34 84 72 24 100 56 2 1 46 5 49 15 7 35 83 92 78 22 66 63 20 27 80 39 53 88 68 97 76 31 45 89 79 87 74 65 94 59 75 69 47 55 81 12 67 50 16 14 38 6 70 42 43 77 28 17 99 62 26 37 73 23 60 82 10
38 80 48 64 59 92 21 9 99 13 42 8 14 3 52 46 16 7 32 33 17 88 29 63 39 87 26 62 57 91 12 4 72 6 83 85 86 74 55 49 43 58 84 78 73 81 10 30 50 65 76 90 61 2 41 1 94 24 77 23 95 19 56 40 79 96 60 36 5 54 68 75 89 66 45 100 22 28 34 98 71 44 31 70 51 11 25 37 53 93 82 47 18 69 27 67 20 97 15 35
31 92 37 66 17 69 70 26 87 77 85 27 22 88 39 80 2 84 38 14 54 81 90 100 64 32 19 56 93 11 95 74 3 94 53 72 68 12 40 67 50 51 65 24 91 98 59 86 60 23 45 55 78 6 49 83 18 76 16 52 28 1 35 96 29 9 15 33 21 34 20 48 82 8 30 73 46 63 57 47 97 58 61 79 75 36 4 71 44 41 42 5 43 7 62 99 13 10 25 89
15 3 24 29 68 88 97 41 43 11 83 55 42 58 70 72 33 98 60 82 20 51 17 8 79 50 49 96 16 56 39 23 44 22 87 53 100 52 34 94 92 31 47 74 62 75 86 63 69 5 95 54 4 14 6 99 46 12 36 21 64 67 9 57 59 93 7 89 71 13 73 78 19 90 28 27 85 66 77 48 45 38 25 10 61 35 65 76 32 2 1 37 80 81 40 18 91 30 84 26
9 13 42 60 81 77 80 39 55 37 100 25 86 11 43 20 97 2 96 30 98 36 7 31 50 40 64 74 21 24 87 67 91 59 27 73 51 99 65 29 34 35 6 1 78 33 88 58 57 94 53 84 19 10 79 8 17 83 71 18 32 66 12 23 69 52 93 45 46 47 75 82 28 15 44 61 68 38 5 14 72 56 26 92 89 76 49 85 62 70 63 22 54 16 4 90 48 3 41 95
61 69 71 8 54 7 79 19 32 16 72 62 46 81 64 92 6 65 31 22 34 98 55 73 66 38 1 35 41 36 28 12 88 18 44 3 20 95 96 99 60 75 23 76 11 47 17 68 15 52 30 40 24 94 67 53 43 45 2 39 63 83 89 9 90 26 25 14 70 57 13 37 42 27 86 91 80 100 93 5 10 51 78 29 48 33 74 97 58 49 85 21 50 84 56 87 77 59 4 82
73 29 16 83 43 90 49 78 28 7 97 44 21 17 19 79 65 40 100 5 50 54 87 72 1 63 24 51 25 81 82 35 59 52 30 10 80 89 38 12 66 20 96 36 88 34 18 46 8 9 14 32 11 23 74 45 39 33 84 26 42 76 75 31 99 61 27 47 41 60 92 77 37 53 22 3 70 85 15 57 6 68 91 67 13 98 56 2 86 4 71 93 64 55 58 95 69 94 62 48
1 2 3 4 5 6 7 8 9 10 11 12 13 14 15 16 17 18 19 20 21 22 23 24 25 26 27 28 29 30 31 32 33 34 35 36 37 38 39 40 41 42 43 44 45 46 47 48 49 50 51 52 53 54 55 56 57 58 59 60 61 62 63 64 65 66 67 68 69 70 71 72 73 74 75 76 77 78 79 80 81 82 83 84 85 86 87 88 89 90 91 92 93 94 95 96 97 98 99 100
40 68 89 43 3 20 22 23 29 75 28 60 45 73 94 86 37 77 55 76 88 91 92 32 18 90 52 25 47 61 67 41 100 97 66 63 44 49 7 70 17 62 16 26 31 11 72 53 54 2 1 69 9 71 21 64 10 19 48 6 99 39 4 84 80 65 34 24 14 81 58 35 12 50 83 38 30 87 98 36 42 27 96 46 56 78 93 82 8 5 95 33 59 13 15 79 51 85 57 74
56 54 14 32 69 34 18 12 8 47 86 31 10 13 99 17 21 93 62 97 7 77 60 58 87 27 95 78 23 48 83 19 20 79 100 68 88 1 25 64 55 11 41 82 75 16 92 3 40 49 85 15 89 70 39 63 29 42 5 67 53 28 24 4 50 74 96 71 94 84 81 33 45 38 72 51 59 44 65 2 46 91 35 43 36 37 26 22 73 52 30 6 90 57 61 66 98 80 9 76
71 4 29 11 9 74 27 72 75 67 7 33 60 23 73 25 87 95 37 50 26 52 35 16 91 48 3 22 83 94 20 86 65 38 98 84 93 68 82 58 78 21 28 59 6 39 96 57 24 63 54 89 10 32 44 81 31 17 99 100 13 88 46 42 56 85 76 43 8 19 41 79 92 36 34 2 15 77 1 64 55 5 97 62 70 18 30 90 47 53 69 66 61 12 14 51 49 40 45 80
94 89 32 47 24 82 51 17 16 28 96 21 62 19 81 35 100 85 6 27 76 1 37 23 98 2 54 79 86 64 7 92 26 91 93 9 74 69 97 13 33 67 72 50 39 83 78 4 14 3 15 71 43 73 20 57 11 60 63 88 84 34 29 10 48 59 22 8 58 45 12 87 55 5 25 52 56 65 30 53 31 49 18 75 99 66 80 38 41 68 40 44 36 42 70 77 95 61 46 90
5 61 64 13 56 78 100 46 81 19 60 16 32 4 68 31 83 76 47 87 35 74 11 57 20 98 80 6 42 49 17 10 25 44 7 15 96 59 33 3 75 23 45 79 41 12 62 40 48 30 90 36 70 53 72 69 58 29 1 86 54 92 94 14 91 22 37 99 63 89 9 39 43 77 55 93 38 34 82 95 8 65 21 73 52 67 97 66 84 85 50 28 51 24 2 88 26 27 71 18
11 55 6 44 60 40 99 76 100 65 59 51 79 34 83 90 52 9 91 70 15 57 38 88 53 73 45 48 74 47 85 82 54 64 68 17 69 42 61 28 27 77 26 14 98 93 50 92 62 19 46 31 33 39 95 86 66 22 23 1 72 30 37 78 32 24 56 21 67 25 7 2 97 58 80 81 29 3 4 41 18 13 36 87 16 5 89 94 20 12 10 49 8 96 75 63 84 43 35 71
28 21 20 26 6 70 57 38 74 80 48 1 98 97 96 5 69 29 95 81 94 10 49 82 9 12 31 53 50 72 56 27 71 84 24 37 14 62 99 25 52 30 90 73 85 59 2 33 39 55 11 67 100 7 15 78 65 91 92 40 35 61 44 87 41 32 64 88 34 18 22 68 51 19 36 42 47 89 43 17 77 45 63 93 86 3 8 13 76 60 75 54 23 79 83 4 46 16 66 58
68 64 57 42 99 66 26 75 45 60 21 72 23 29 89 39 25 27 86 65 87 90 83 46 82 30 48 88 31 69 33 11 79 74 97 70 18 36 44 24 28 17 62 77 92 55 67 94 63 56 2 53 13 4 78 71 12 16 15 35 14 37 81 58 1 51 100 84 9 32 43 34 47 85 6 80 52 22 38 40 41 59 20 19 54 7 91 93 10 61 5 96 95 8 3 76 50 49 73 98
