97 97
33 50 58 74 67 91 68 66 57 48 90 76 6 75 86 52 20 26 80 3 96 11 64 79 39 23 43 77 7 55 17 34 27 40 46 59 53 60 88 13 49 54 22 1 78 41 84 65 44 85 10 45 72 15 70 4 94 25 89 69 36 32 71 93 28 73 35 92 8 63 31 95 18 38 82 81 42 56 51 37 2 24 47 19 83 62 97 5 21 29 87 61 14 30 9 16 12
56 17 68 65 89 94 73 15 49 2 69 63 57 91 80 24 29 32 88 7 75 60 40 12 61 34 74 83 66 33 90 72 4 95 96 64 67 77 36 9 52 84 38 78 51 16 25 50 45 20 81 79 35 19 27 48 44 92 93 42 23 53 22 13 85 86 21 18 54 43 11 46 62 28 87 71 47 10 76 5 31 97 58 39 3 37 55 59 14 8 30 26 6 1 41 82 70
46 97 71 52 58 32 22 74 37 82 33 6 62 26 28 59 70 69 85 63 61 1 66 93 17 8 49 51 43 95 55 54 41 15 39 7 47 78 20 86 5 48 44 35 21 88 2 24 67 12 75 89 84 65 9 16 53 31 68 56 29 42 94 73 79 38 25 11 4 57 30 19 60 45 23 91 10 96 14 83 87 64 81 50 76 77 40 3 92 27 34 90 18 72 80 36 13
24 43 69 76 26 46 42 83 21 70 65 1 35 95 58 6 38 19 68 60 40 48 37 94 66 80 51 31 77 52 74 88 79 5 64 62 61 2 73 67 14 20 10 82 87 93 29 63 75 22 55 91 36 3 45 12 96 8 32 50 86 39 56 53 71 47 23 54 85 78 4 59 84 81 9 33 17 97 30 92 27 57 90 7 11 25 49 18 34 28 41 15 72 16 89 13 44
84 23 6 88 76 60 57 41 28 61 72 73 38 11 52 20 40 1 24 13 31 53 27 7 87 33 80 89 9 54 34 56 19 4 2 70 51 67 97 74 85 96 37 47 58 50 75 36 83 64 92 3 10 16 15 39 77 91 63 35 55 78 62 43 59 49 81 94 46 86 32 48 44 5 90 18 21 25 68 79 26 29 14 82 93 45 8 12 71 95 69 30 22 42 65 17 66
10 90 73 50 93 44 86 19 52 31 42 43 49 94 88 97 8 53 36 66 91 77 95 70 26 72 65 3 15 56 69 35 48 46 75 40 89 83 23 41 24 25 28 51 76 82 92 17 79 29 71 12 21 39 4 2 45 18 13 47 34 67 38 9 20 80 14 62 84 74 60 96 37 85 30 22 58 81 63 59 11 55 68 61 7 5 33 64 6 54 1 32 57 78 16 87 27
3 62 95 92 55 65 46 21 2 73 5 54 48 74 75 11 53 52 91 72 43 88 78 69 57 45 25 23 35 83 37 79 58 51 63 1 97 36 94 10 31 93 39 20 29 71 13 18 17 32 66 90 12 14 47 68 50 9 33 59 44 24 19 56 26 96 70 41 89 84 80 76 16 61 38 15 64 7 8 87 86 60 40 6 34 82 77 30 27 67 28 49 4 85 81 22 42
27 85 25 38 35 87 92 73 94 65 29 81 91 82 62 45 3 23 37 58 16 90 93 51 88 64 22 42 68 70 20 40 43 13 41 89 72 69 5 6 44 15 11 33 56 49 19 28 1 83 48 78 95 86 63 74 30 39 21 8 59 34 31 14 77 18 46 61 66 71 17 9 26 60 24 2 54 4 10 53 50 79 84 80 47 32 12 67 96 7 97 36 75 55 57 52 76
60 25 59 54 52 63 64 34 27 47 18 20 70 76 95 48 61 6 46 36 51 73 87 50 21 91 8 80 23 11 92 94 69 30 78 82 49 86 96 55 4 53 66 38 28 56 67 84 74 39 83 65 44 72 90 42 43 89 24 62 75 57 7 97 19 40 45 93 32 29 68 1 13 15 81 3 37 77 85 41 58 2 5 35 88 9 31 16 79 26 71 14 12 22 33 10 17
64 49 56 6 69 39 10 76 92 9 24 35 25 19 71 62 45 50 22 78 15 82 83 53 74 85 14 30 51 59 52 20 93 3 66 77 90 87 38 58 18 70 75 23 34 73 27 57 26 44 95 32 29 63 89 13 61 4 42 97 28 17 96 47 94 81 8 48 12 21 16 7 2 91 80 46 55 40 72 11 41 37 33 43 1 31 5 60 54 79 88 65 84 36 68 86 67
39 40 94 59 71 42 44 52 83 23 46 62 77 69 79 7 9 56 12 57 90 35 74 73 55 4 5 14 49 19 95 48 88 65 17 43 81 21 70 28 3 82 67 25 92 20 87 64 58 13 26 68 2 24 80 36 47 30 22 96 27 10 53 38 93 45 31 1 16 37 72 50 78 89 8 32 75 61 18 76 34 66 91 97 6 51 15 63 11 41 54 33 60 84 85 29 86
49 76 17 78 39 40 90 60 72 79 43 87 34 64 42 21 71 66 47 31 59 27 18 75 3 73 1 48 11 57 63 86 44 62 5 92 19 4 58 32 35 28 33 41 16 67 85 51 46 81 24 96 80 77 94 45 95 20 61 74 68 15 55 26 10 69 88 29 38 30 70 37 8 56 93 97 65 52 82 84 12 14 50 83 2 54 6 25 36 22 13 7 23 9 53 89 91
82 27 60 12 18 35 77 85 89 55 48 44 67 72 3 13 74 84 7 38 34 10 80 57 8 19 79 71 28 16 4 39 24 88 23 86 92 81 66 5 93 17 51 75 91 64 90 70 14 43 30 6 61 20 52 97 21 69 62 2 15 25 78 37 63 83 26 42 50 45 56 36 47 76 95 1 31 87 94 68 33 9 11 29 22 58 41 73 32 65 46 54 53 96 59 40 49
70 28 84 22 72 82 25 68 91 74 20 10 75 16 18 44 83 36 62 47 41 17 89 78 80 59 71 69 58 12 85 64 63 93 9 67 34 90 37 14 94 66 31 55 33 57 15 38 30 77 4 1 40 73 76 43 87 19 35 29 5 23 2 21 60 92 95 39 7 81 50 13 61 11 52 48 8 27 56 32 65 45 54 86 42 26 79 53 46 3 24 88 96 97 6 49 51
5 6 55 21 17 15 33 78 84 93 49 34 54 66 10 92 94 74 81 30 7 41 60 26 63 38 35 82 1 37 57 28 67 77 3 11 50 16 71 42 25 79 46 88 36 58 12 14 39 91 64 61 85 51 53 89 19 70 90 52 22 65 95 69 75 56 20 27 45 72 9 83 4 96 73 40 24 59 23 2 13 18 97 76 87 48 62 31 29 44 86 43 8 80 47 68 32
26 46 45 40 38 58 79 97 7 72 75 5 3 47 70 15 16 81 27 52 42 14 50 80 56 2 64 57 24 61 96 31 23 17 69 65 22 6 4 20 66 30 93 18 62 8 1 95 73 41 53 86 11 55 36 34 68 78 28 91 48 71 89 85 9 12 60 51 87 59 21 90 76 13 84 67 94 32 37 43 35 19 44 33 49 63 39 74 77 82 25 10 83 92 29 54 88
91 56 28 55 86 89 85 17 64 1 81 52 59 67 29 95 48 58 8 65 53 76 39 41 42 25 97 43 50 75 10 92 87 61 32 19 73 63 54 36 40 11 12 6 57 34 60 33 13 4 44 9 18 90 82 30 93 77 80 71 84 68 79 88 27 20 62 83 31 24 51 26 3 70 35 45 22 94 49 66 78 46 38 69 74 7 96 15 37 2 21 47 5 14 23 72 16
17 15 53 7 94 10 67 59 76 8 39 77 51 56 93 43 80 96 13 37 33 25 52 38 95 16 3 18 5 50 19 82 20 24 55 49 91 92 9 79 63 23 58 31 11 70 34 66 71 86 69 22 87 64 85 29 81 72 44 61 41 75 47 45 73 89 30 35 36 83 84 97 21 68 4 42 26 90 60 6 54 74 32 40 62 14 65 57 1 88 48 46 78 2 12 27 28
54 36 14 80 51 11 6 9 38 39 34 68 22 31 49 85 64 30 52 93 2 32 70 3 82 55 86 67 13 8 23 33 15 27 48 12 78 53 24 43 28 46 62 42 47 65 96 88 77 59 25 83 56 41 66 19 60 75 76 72 97 1 18 63 5 57 10 91 95 73 26 4 94 37 17 92 35 84 58 45 61 20 21 16 89 44 29 79 81 40 90 87 71 69 74 50 7
61 95 44 64 22 47 45 24 3 34 96 37 83 42 12 66 41 10 70 49 69 21 65 86 33 48 59 6 52 39 46 2 36 50 90 74 71 14 27 85 7 87 89 92 18 29 30 40 68 9 32 73 31 97 88 23 58 1 38 75 4 81 67 28 13 79 11 78 82 5 35 17 51 93 54 53 91 26 62 63 72 15 94 55 57 76 19 43 60 16 84 56 77 25 20 8 80
85 73 34 58 87 4 72 67 10 7 80 69 56 27 21 71 62 41 14 32 70 19 44 11 13 49 47 61 53 28 86 52 83 45 12 94 82 39 6 78 81 59 84 50 17 76 64 68 2 18 29 31 24 89 77 3 48 40 30 88 57 16 54 1 92 35 97 95 5 42 15 79 46 25 43 8 36 20 90 75 66 22 23 93 26 96 38 91 55 37 74 9 33 65 51 63 60
14 1 74 87 66 5 65 2 36 94 51 41 88 37 17 34 56 83 90 4 62 79 84 95 60 47 82 70 48 21 78 58 75 25 18 54 7 12 69 39 23 71 24 93 13 26 22 30 64 33 57 40 68 31 96 91 59 38 15 76 42 3 52 19 55 50 73 28 81 16 45 92 85 97 53 49 63 6 9 29 44 72 43 11 27 20 35 8 86 10 67 77 80 89 61 32 46
40 52 10 57 42 61 81 63 18 41 97 21 92 39 22 37 79 17 38 51 19 87 3 67 65 20 6 1 76 64 24 29 13 7 15 83 69 30 28 68 62 27 91 34 72 86 4 49 32 45 46 53 8 43 93 9 26 48 47 55 85 90 75 58 44 71 54 2 70 14 82 66 31 94 88 96 33 95 35 60 16 5 56 74 78 11 59 77 84 12 36 50 25 23 73 80 89
28 68 23 47 82 27 34 53 56 3 86 90 33 70 35 81 18 9 21 26 12 15 94 31 93 57 42 39 32 38 73 49 77 44 79 91 16 19 14 1 10 5 54 65 50 51 59 58 48 92 20 2 52 67 60 83 4 64 87 80 6 41 8 30 25 72 24 40 37 69 66 45 95 84 63 29 88 85 17 96 7 71 36 89 61 46 22 75 97 62 43 13 55 74 78 76 11
66 5 96 62 56 17 75 6 11 80 64 25 31 50 94 77 89 97 44 21 65 23 76 47 52 12 18 72 14 7 59 70 73 63 74 51 33 34 45 71 60 9 26 8 54 38 41 37 69 67 19 42 27 57 68 86 90 16 10 40 79 55 61 81 53 91 4 82 13 92 36 43 87 32 85 39 95 15 84 1 88 83 46 49 35 30 3 78 48 93 20 24 2 29 22 28 58
12 38 54 71 34 16 84 58 75 43 85 56 96 41 92 94 77 88 18 42 9 50 67 1 86 5 81 90 47 79 28 59 76 89 13 53 23 17 62 21 91 7 2 97 55 6 66 22 87 60 27 30 64 68 51 63 82 15 72 20 37 36 48 35 11 25 40 19 3 10 65 93 39 31 49 4 29 70 33 26 74 44 8 73 69 61 45 32 95 83 52 80 46 24 14 57 78
87 4 77 70 62 21 83 20 93 33 2 45 89 35 7 9 65 25 66 28 72 81 88 49 54 39 12 22 85 82 48 61 97 36 34 80 18 71 15 59 13 90 76 91 94 40 69 27 6 74 1 57 26 29 24 55 14 42 37 31 19 92 51 5 43 3 32 47 17 79 10 23 58 63 46 78 11 30 44 73 56 41 60 8 38 68 16 86 53 50 96 84 67 75 64 95 52
94 10 85 33 80 93 20 90 40 78 71 24 64 89 8 46 2 68 54 50 67 63 61 16 47 92 55 74 17 91 81 18 30 26 53 39 86 43 84 23 95 60 70 57 49 72 77 56 9 48 45 41 62 69 87 1 13 83 88 22 25 73 12 36 4 29 37 3 11 97 76 32 7 27 21 79 38 44 52 15 51 96 28 42 65 66 75 19 5 31 14 58 59 6 34 35 82
73 67 16 32 4 20 82 91 90 37 93 39 17 85 30 42 21 12 1 96 28 64 81 84 45 76 26 95 75 68 89 63 18 71 38 10 27 40 78 31 69 57 23 66 15 60 49 53 8 35 80 54 43 94 92 62 29 52 48 13 51 70 36 2 72 87 74 24 6 61 59 22 97 34 83 88 9 86 19 33 5 47 41 44 46 55 58 56 65 14 3 79 50 7 11 77 25
86 89 82 53 48 29 87 94 69 5 13 61 90 20 1 47 14 70 78 75 85 40 71 25 79 63 32 46 91 73 93 43 62 22 28 81 4 95 51 11 42 49 34 15 19 77 52 67 54 21 88 84 74 44 18 37 8 24 2 9 76 27 23 31 35 30 65 97 57 26 64 38 55 72 3 36 41 80 39 56 59 58 16 45 96 33 68 10 50 6 7 12 17 66 60 83 92
95 24 81 49 47 26 71 43 62 16 55 14 18 61 38 5 12 90 28 76 39 30 7 89 50 29 57 78 63 40 97 8 9 66 19 3 42 1 85 73 37 4 94 72 35 80 48 52 53 79 96 67 54 74 13 41 32 2 58 33 20 69 91 68 45 22 84 31 27 6 87 15 11 44 36 75 56 46 21 77 82 59 10 65 51 60 64 83 25 70 23 17 92 34 86 88 93
51 11 66 2 64 49 15 84 16 71 77 27 41 57 39 87 69 37 61 8 6 28 72 55 18 53 48 20 54 78 60 67 10 35 14 34 59 85 26 46 82 58 65 79 12 75 68 31 24 90 63 97 89 25 56 81 52 73 40 83 32 5 74 95 17 19 93 86 47 4 38 21 80 50 94 43 3 76 70 36 22 30 7 92 29 88 1 23 13 42 44 62 9 45 96 91 33
96 55 22 24 68 53 38 65 5 87 56 57 37 32 85 64 27 42 20 43 26 78 15 13 90 54 52 76 74 46 33 84 16 19 61 66 58 51 29 80 59 2 45 21 14 36 31 97 89 70 91 93 25 50 41 82 67 11 73 10 8 47 44 86 12 28 92 60 48 49 1 39 77 79 34 94 81 75 6 3 30 40 71 17 63 83 95 7 18 4 72 69 62 35 88 23 9
53 75 12 46 85 73 70 33 15 21 94 64 66 68 4 39 87 22 48 97 58 57 90 36 81 11 95 52 55 32 91 60 72 69 47 17 28 49 2 8 19 78 9 37 5 84 51 96 80 82 89 88 77 56 34 35 86 76 20 44 31 38 13 29 16 27 83 63 1 40 6 42 43 41 92 93 45 67 59 65 14 61 79 10 24 74 26 50 3 30 18 71 7 62 54 25 23
15 59 75 37 10 90 91 57 60 88 40 92 11 17 44 83 93 55 45 14 50 34 63 58 24 70 62 35 6 66 64 27 86 43 65 76 56 72 79 22 77 41 32 54 84 28 16 5 42 89 39 47 4 49 73 80 69 82 81 95 12 33 26 71 67 94 48 87 9 18 23 74 30 53 20 61 46 19 25 78 36 3 96 52 21 1 7 51 2 13 29 97 31 8 38 85 68
16 70 11 79 92 72 60 28 67 97 4 94 53 34 83 93 43 54 3 22 23 56 86 6 29 15 45 81 38 41 27 19 52 80 36 73 25 10 7 37 89 50 78 96 75 59 17 12 21 63 87 14 39 85 49 24 35 90 18 48 66 84 1 62 76 77 61 69 65 44 33 88 42 51 40 30 2 82 91 58 55 13 31 20 71 47 9 68 26 74 95 8 32 46 5 64 57
47 26 13 39 12 38 9 46 65 92 53 66 74 22 16 17 34 44 82 40 71 37 33 29 91 1 19 59 95 42 32 78 84 56 81 55 79 5 87 4 50 21 80 83 3 2 14 61 85 23 68 20 51 96 54 25 28 6 70 67 30 45 86 27 36 41 76 57 35 15 62 10 49 88 11 73 89 58 7 24 18 90 93 75 64 52 69 97 63 72 60 94 43 77 48 31 8
22 47 88 69 41 12 36 26 55 77 68 50 97 79 34 56 25 93 72 39 45 7 75 48 67 14 90 15 61 71 58 6 11 91 44 96 9 66 35 87 33 62 29 43 74 1 37 42 27 84 28 4 57 32 31 60 70 5 16 73 21 13 20 82 54 23 49 59 18 17 3 94 64 8 51 85 86 38 65 95 83 10 80 53 19 40 81 46 52 92 76 89 24 63 30 78 2
89 94 27 75 29 80 4 10 39 6 45 95 19 86 2 26 1 28 31 33 73 52 42 34 22 77 96 97 56 67 44 83 21 47 68 69 20 24 11 84 61 76 16 59 64 92 63 91 36 30 13 23 3 81 35 14 88 43 8 79 60 85 41 54 87 48 7 74 51 46 49 58 65 82 62 9 12 93 40 17 57 32 70 71 55 50 53 90 66 78 37 38 15 5 25 18 72
77 92 64 84 24 43 40 72 4 58 62 29 27 63 46 2 26 57 96 23 76 86 30 17 14 94 54 88 34 60 18 44 42 1 51 87 52 80 75 33 48 67 15 28 85 10 89 25 65 61 3 50 45 35 69 47 74 93 97 37 91 49 66 55 39 95 79 13 53 8 73 78 9 19 71 7 5 83 20 16 68 31 59 21 36 41 11 82 12 32 22 6 70 38 56 81 90
7 37 46 18 33 50 96 14 31 86 59 84 2 65 91 60 67 24 94 35 74 36 51 42 49 79 92 34 21 3 5 12 68 76 43 78 55 23 44 81 11 13 61 29 8 22 9 62 90 53 15 69 70 6 58 73 17 41 56 64 45 97 39 10 32 75 27 16 93 25 88 63 82 26 28 19 40 66 54 30 80 77 95 57 72 87 83 1 4 89 85 52 48 20 71 38 47
29 80 35 73 1 2 21 93 71 15 36 47 81 48 6 38 5 82 57 67 4 61 79 77 41 24 68 32 89 20 88 97 7 12 27 45 30 26 49 76 22 40 92 90 69 43 95 86 11 37 54 60 55 13 3 66 31 46 78 23 52 87 25 51 62 14 33 96 64 58 39 70 75 18 65 84 34 8 42 94 19 28 72 9 53 91 85 44 56 59 50 16 10 17 63 74 83
21 30 43 82 7 37 74 48 88 91 78 9 80 62 50 23 33 77 17 27 18 45 54 40 11 42 16 12 4 35 1 47 96 84 92 8 3 79 90 19 36 81 52 89 93 61 71 87 59 55 6 64 58 2 46 75 5 22 66 51 69 83 49 15 97 65 68 38 10 41 44 25 28 24 32 57 76 14 13 20 94 34 63 31 70 85 72 29 73 56 53 60 86 67 39 26 95
69 39 89 15 45 71 93 40 43 84 26 3 63 81 9 65 36 91 41 59 10 18 97 85 96 87 66 37 64 90 61 30 8 55 56 24 44 62 16 70 74 72 73 60 77 4 35 19 38 88 47 28 1 95 29 54 22 21 79 32 82 94 68 12 80 13 78 14 34 7 92 33 6 86 2 58 53 42 83 49 25 50 67 46 5 57 17 52 51 23 31 75 76 11 27 48 20
97 74 42 63 32 96 47 3 14 27 50 78 21 46 68 57 28 39 73 77 95 2 5 44 15 88 76 11 83 24 65 36 12 59 40 37 26 31 86 89 6 29 81 87 30 13 8 43 91 38 33 94 23 7 79 70 75 54 53 17 80 61 10 67 22 58 34 84 20 51 48 64 25 71 41 56 90 55 1 18 4 49 69 66 60 92 52 62 72 85 16 19 35 82 93 9 45
19 64 91 5 81 69 94 49 77 36 95 18 60 90 45 3 13 33 79 6 17 72 43 68 97 27 37 21 57 15 40 4 80 74 50 63 10 35 12 38 83 16 53 84 25 85 82 59 47 93 61 58 48 52 86 88 42 87 71 46 70 56 32 22 89 44 2 30 41 62 34 65 1 67 29 26 96 39 92 51 23 7 75 24 14 78 66 76 31 9 8 55 11 54 28 20 73
34 16 51 9 77 92 76 70 73 46 87 89 68 25 43 80 24 31 74 79 84 91 20 5 48 17 13 44 12 23 82 90 40 29 54 85 60 94 65 7 86 33 6 32 53 15 56 41 62 52 35 37 69 27 64 95 18 10 83 30 50 11 14 3 49 63 42 81 55 93 75 8 71 57 39 21 1 72 67 38 96 88 78 4 45 22 36 28 47 97 61 2 58 26 66 19 59
76 60 15 31 40 52 19 25 82 22 83 4 16 49 61 30 42 5 26 54 57 85 35 33 62 67 2 29 84 51 77 89 81 21 6 72 64 20 32 96 87 68 50 12 70 91 73 11 97 69 43 55 93 92 10 71 24 86 95 3 53 59 65 46 90 39 13 80 58 48 28 14 88 17 44 74 7 63 27 23 38 1 66 18 8 36 78 34 9 47 45 37 41 79 75 94 56
8 88 21 86 78 31 14 13 22 19 23 58 71 2 57 28 59 87 49 89 48 26 12 83 16 97 73 53 93 29 36 55 66 70 4 79 1 32 52 63 38 95 18 69 42 74 46 80 60 5 84 77 33 9 7 15 11 96 51 34 24 30 92 76 37 6 56 75 40 68 61 27 91 62 50 25 72 54 47 44 39 85 35 41 67 94 20 45 10 64 17 82 81 90 43 65 3
78 31 7 48 59 57 66 54 41 81 60 70 9 6 19 82 90 62 39 29 14 38 34 97 92 32 4 85 8 1 11 53 56 72 21 23 5 28 61 95 16 47 74 45 79 96 58 2 52 17 76 24 67 84 33 10 49 68 64 77 26 37 43 40 50 15 89 73 42 27 22 35 86 65 91 63 83 51 12 88 71 87 3 25 20 80 30 36 93 69 94 18 13 44 46 75 55
36 9 1 93 11 84 78 79 58 40 16 53 47 54 76 73 49 48 63 44 8 96 28 62 27 65 89 91 45 88 41 50 59 85 29 38 31 75 43 83 68 97 21 61 26 7 55 13 92 57 34 18 17 12 5 64 25 33 60 82 74 2 35 77 6 51 90 56 24 67 46 20 10 14 15 72 87 23 32 71 95 86 30 70 94 81 80 22 69 52 19 4 42 39 3 66 37
43 83 39 60 46 97 61 18 30 28 7 2 87 24 32 78 58 64 53 25 52 29 14 10 5 93 11 54 92 63 3 13 22 6 49 21 95 8 67 91 1 86 90 27 4 44 80 77 33 47 65 56 9 62 71 38 55 88 96 66 89 40 17 75 42 26 41 36 73 31 20 57 23 69 79 50 15 74 48 72 85 51 19 37 84 34 76 35 16 68 12 59 82 70 94 45 81
2 8 62 20 6 78 37 88 79 90 84 38 45 1 59 70 15 35 64 86 30 47 41 43 34 46 85 68 80 48 54 96 50 16 87 9 14 58 40 52 12 61 83 81 71 97 26 29 76 66 11 63 75 36 65 17 51 32 57 25 95 21 77 49 7 5 91 53 39 28 42 82 67 3 33 60 92 31 22 93 69 27 18 23 73 89 4 13 94 19 56 72 44 10 24 55 74
32 96 79 95 28 68 12 55 66 35 91 59 7 58 27 19 82 71 4 24 47 6 17 88 10 31 40 49 97 26 75 11 34 90 42 50 38 57 48 29 15 1 13 62 37 54 78 46 86 16 67 80 60 33 23 72 73 51 85 94 2 22 93 20 41 70 77 76 30 64 14 69 63 9 25 89 44 53 5 74 21 39 45 56 52 43 61 65 83 87 92 81 3 18 8 84 36
52 63 90 51 61 95 69 77 35 12 74 30 72 40 47 14 22 15 58 11 64 4 62 91 7 86 78 2 60 49 43 80 45 37 59 18 39 48 68 53 21 85 56 16 82 89 20 76 96 71 97 75 88 83 44 79 46 29 26 65 73 19 33 32 81 42 36 8 28 1 27 5 54 10 13 55 50 24 87 25 70 6 17 3 31 84 57 92 23 38 9 66 34 41 67 93 94
57 51 50 1 19 64 17 11 34 45 63 82 23 59 69 35 81 7 42 2 5 70 92 96 83 68 30 4 31 6 76 73 94 18 37 25 15 27 47 26 72 38 55 9 41 53 28 78 95 10 52 46 86 60 91 44 40 85 39 43 58 66 97 61 56 90 80 20 22 87 12 62 29 33 89 24 74 49 16 54 79 21 65 77 48 8 14 84 88 71 93 3 36 13 32 67 75
38 58 36 42 16 70 23 32 33 83 73 17 55 12 72 10 92 13 35 61 79 66 91 2 89 6 69 19 26 22 68 57 60 94 45 75 41 15 21 30 56 37 8 74 65 78 5 47 4 25 85 48 49 53 11 77 27 59 82 86 14 9 29 87 84 34 52 64 62 90 7 44 40 54 76 20 80 28 50 46 3 81 88 67 39 95 71 96 24 18 63 93 97 43 1 51 31
79 22 8 81 23 41 54 47 96 63 28 33 46 9 25 91 60 80 92 69 13 65 53 30 73 37 10 17 42 45 38 5 51 67 93 32 36 50 18 35 75 3 48 24 97 14 7 71 82 11 70 87 59 58 78 76 16 66 34 85 62 88 4 72 31 84 64 15 83 56 74 89 19 2 57 27 20 12 55 61 43 94 29 68 90 39 44 26 40 77 49 86 95 52 21 6 1
88 13 30 89 31 54 1 45 47 64 41 32 42 8 51 68 57 4 76 94 29 46 38 18 70 74 67 75 44 80 9 65 5 28 20 22 2 96 63 77 58 24 35 39 61 3 97 93 25 6 23 92 50 79 37 59 84 55 11 16 43 48 72 60 14 78 17 33 52 53 95 85 56 21 66 34 82 36 26 81 40 73 87 12 91 10 86 71 90 49 15 27 69 19 83 7 62
59 57 33 14 90 19 56 51 25 13 52 72 84 15 81 18 44 65 71 1 66 16 77 32 43 28 21 87 78 5 49 85 89 83 7 60 17 82 22 47 92 12 96 36 23 68 70 6 61 94 40 26 20 76 67 93 39 27 69 24 38 50 46 42 91 10 29 4 79 35 41 3 48 75 86 95 97 64 34 31 9 62 55 63 30 2 37 11 8 45 80 74 54 88 58 73 53
92 72 49 23 43 83 52 82 20 32 21 80 85 77 97 8 46 51 55 41 60 89 48 15 1 10 36 13 16 25 35 81 61 2 11 4 63 93 33 50 29 91 59 68 73 90 94 34 7 95 62 66 71 87 39 26 3 44 74 14 56 76 5 65 40 24 22 45 75 88 67 31 79 64 42 37 6 18 86 70 53 54 57 30 9 12 84 27 38 96 47 78 28 58 17 69 19
75 33 38 97 73 67 28 50 59 30 10 49 5 53 20 40 4 47 29 74 32 51 19 9 69 84 24 63 65 96 56 25 82 39 26 15 68 76 8 88 64 31 79 14 6 23 11 55 93 27 94 13 92 17 16 87 89 60 86 81 54 58 45 80 70 85 18 77 2 52 78 61 83 12 72 44 71 91 57 7 1 95 22 90 43 3 46 66 62 48 35 42 37 21 36 34 41
83 18 40 25 97 74 95 35 48 68 37 8 4 43 96 31 32 49 75 34 63 80 1 90 6 44 84 36 72 77 62 45 47 78 76 30 24 88 91 56 2 89 19 85 20 81 93 92 50 26 7 17 79 21 42 58 65 13 55 5 94 52 15 33 61 46 12 9 67 54 86 51 41 39 22 66 59 3 29 82 73 11 64 14 23 16 60 87 70 53 38 57 27 28 10 71 69
67 91 70 96 20 86 27 56 19 14 44 40 15 73 48 61 30 38 2 55 68 49 69 23 71 60 46 24 33 53 94 77 35 42 58 90 85 52 31 54 39 51 41 5 59 25 76 75 88 87 93 36 83 10 72 21 80 63 29 45 11 28 9 8 82 4 3 43 78 95 57 47 74 16 18 13 79 89 64 50 6 26 12 81 97 65 32 17 7 1 62 22 66 37 84 92 34
71 42 80 90 9 79 88 61 97 60 58 65 24 45 23 33 84 89 34 19 44 3 96 4 53 21 17 66 39 81 47 14 31 75 94 46 13 7 72 82 55 18 20 63 43 30 62 69 70 54 38 27 6 26 2 11 12 37 41 68 35 93 85 16 8 36 57 5 92 50 83 91 59 29 78 28 73 22 74 40 77 56 86 32 15 64 10 95 49 25 51 67 52 76 87 1 48
35 87 63 16 3 62 43 4 80 75 1 13 86 18 65 36 55 60 50 70 92 44 8 64 31 69 41 79 27 72 30 42 46 54 25 29 83 45 17 15 88 10 49 67 89 39 81 82 5 97 14 59 47 48 95 96 37 71 7 78 90 77 57 66 24 74 58 22 56 9 94 84 38 52 26 6 51 21 93 85 91 23 76 2 12 28 34 20 68 33 32 11 73 53 19 61 40
31 54 37 29 57 51 5 36 12 69 25 28 79 78 64 27 19 21 40 80 1 58 16 74 72 96 20 73 88 2 84 75 17 82 30 41 6 68 95 24 70 26 3 71 22 55 32 8 63 15 60 43 91 23 50 90 76 53 49 92 46 14 83 52 66 59 94 67 61 85 47 87 89 7 56 77 18 11 38 13 42 4 62 34 86 93 48 9 44 39 10 35 45 81 97 33 65
81 69 86 17 13 45 80 39 24 11 47 74 52 44 36 55 54 67 23 15 94 83 46 27 32 35 50 7 19 10 42 21 2 96 91 95 93 3 34 16 97 92 85 76 63 87 18 90 12 8 22 70 14 61 48 31 79 62 9 58 72 89 28 41 29 88 6 37 25 65 77 75 5 20 1 38 68 71 43 64 60 33 73 26 66 59 56 40 57 84 78 53 49 51 82 30 4
25 34 57 36 63 77 49 16 85 26 35 86 28 60 24 29 95 78 97 9 11 67 4 66 30 56 88 93 41 84 72 10 39 48 31 27 76 89 55 65 20 75 5 58 68 17 91 23 3 40 18 7 81 82 19 61 83 94 43 21 33 51 37 74 64 52 71 44 96 80 53 2 45 59 69 62 14 92 73 12 32 8 6 87 13 79 54 70 22 46 42 1 38 47 50 90 15
80 93 87 67 2 8 30 44 42 59 9 26 69 29 78 58 6 27 51 91 20 95 22 92 12 43 53 96 94 86 13 74 37 38 85 71 48 46 76 60 47 52 72 19 39 83 24 89 84 14 36 25 65 45 62 5 54 97 31 41 63 4 34 11 21 1 50 55 49 32 40 28 33 35 7 23 16 88 61 10 64 68 82 79 75 56 73 81 17 57 66 70 90 15 77 3 18
37 14 97 35 50 66 55 1 54 89 57 23 8 7 56 25 91 43 10 87 3 9 11 61 76 22 72 16 30 62 6 38 53 60 83 31 65 41 81 69 84 45 95 80 88 47 79 21 19 75 59 39 28 78 32 67 15 12 17 49 71 74 40 90 96 33 85 70 44 34 13 77 27 46 68 64 52 5 36 48 93 92 24 51 82 4 18 2 20 94 73 63 29 86 42 58 26
55 65 47 43 53 75 58 7 6 4 17 51 14 96 73 49 85 61 86 83 46 31 59 45 19 36 63 60 3 97 50 23 70 64 95 5 32 11 80 93 57 8 71 30 1 9 54 74 94 28 56 44 34 66 12 27 91 84 67 90 88 26 81 89 38 68 72 25 29 76 2 40 92 22 16 10 69 33 78 62 48 52 42 15 77 18 24 37 35 20 82 39 21 87 13 41 79
45 71 29 10 36 9 8 42 46 76 38 55 95 13 84 75 11 86 25 90 93 74 32 87 68 62 56 50 69 44 22 37 78 53 89 26 88 65 92 72 96 83 4 52 24 21 3 81 16 31 12 82 5 47 1 51 41 7 23 28 18 80 27 34 2 54 59 66 77 33 43 67 15 48 6 70 85 79 97 39 63 91 20 58 17 19 94 61 64 60 57 73 40 49 35 14 30
63 77 19 11 95 24 39 92 87 38 3 48 82 52 26 1 47 59 32 84 49 20 21 56 37 89 31 8 25 76 83 93 71 14 57 35 40 29 53 75 30 73 17 70 27 94 86 60 55 42 74 33 13 18 81 22 97 80 46 7 67 64 50 96 69 61 9 88 68 2 85 6 36 90 45 65 66 43 4 34 28 78 15 62 54 23 51 72 41 58 79 5 16 12 91 44 10
48 29 18 85 14 1 62 80 45 17 54 22 44 30 5 12 66 72 59 73 87 42 9 63 23 95 28 58 86 4 8 46 65 41 82 13 21 47 64 49 79 39 77 10 81 24 61 20 51 7 31 76 96 88 74 50 78 26 6 84 40 35 60 57 3 37 75 32 19 38 69 16 53 83 55 11 25 2 71 89 90 70 92 36 68 67 27 93 91 15 33 34 94 56 52 97 43
65 7 26 83 75 33 32 37 78 20 15 11 1 55 67 76 73 95 89 18 97 54 57 71 64 9 77 25 62 74 66 41 28 49 24 6 96 84 93 44 51 88 42 48 2 79 36 3 10 68 17 81 16 5 38 85 56 23 91 19 13 46 69 94 58 53 82 34 80 60 8 52 72 47 70 90 39 50 31 21 29 63 61 59 92 35 43 14 87 86 27 40 30 4 45 12 22
62 21 24 72 65 7 97 30 8 67 6 36 29 3 33 84 75 63 56 82 83 13 31 39 51 71 34 41 87 18 14 22 32 11 77 2 74 9 10 90 54 44 40 86 80 42 45 35 15 96 5 19 38 1 26 53 66 79 50 57 81 43 64 17 46 55 28 12 94 23 93 60 70 95 58 59 49 37 88 4 89 25 52 78 16 27 92 48 85 91 68 76 20 73 69 47 61
50 66 32 3 91 56 53 5 51 29 19 60 78 33 89 63 86 46 93 62 55 84 49 22 40 41 83 92 37 65 15 16 85 52 97 57 75 25 13 45 76 36 47 2 31 12 23 7 81 73 90 71 82 59 28 20 10 34 94 39 9 96 42 44 68 67 87 72 88 77 54 24 35 58 27 69 61 17 11 14 8 43 26 64 18 21 74 6 30 80 4 95 1 48 79 70 38
18 35 52 34 74 3 24 87 29 53 14 88 20 83 55 54 96 76 33 16 77 93 2 19 78 81 23 9 82 92 21 71 26 31 60 48 43 13 56 17 8 94 64 73 86 69 44 72 66 46 37 15 22 30 61 32 7 45 65 6 10 63 59 50 95 97 38 79 91 36 89 11 12 40 47 5 57 62 80 27 67 84 49 1 41 70 25 4 28 75 58 51 85 68 90 42 39
41 12 31 45 25 34 11 38 53 24 27 91 32 23 77 89 63 8 83 71 36 33 73 14 20 66 44 10 22 9 70 15 49 86 88 68 84 56 3 62 67 65 1 46 96 5 50 79 35 76 82 21 19 28 57 52 72 17 92 4 7 54 30 18 51 60 39 90 74 94 55 80 69 78 64 87 48 16 75 47 97 93 2 85 81 42 13 58 61 43 40 29 26 95 37 59 6
42 61 93 19 79 22 13 95 74 25 32 7 43 71 41 50 23 94 16 64 81 62 55 20 75 30 15 5 40 69 26 1 54 33 10 97 45 37 82 27 65 35 86 77 83 48 21 39 28 36 58 85 78 46 8 84 38 14 12 53 87 44 73 70 88 9 51 6 72 66 18 56 57 80 31 68 67 47 3 52 92 17 89 96 59 49 90 24 76 34 11 91 63 60 4 2 29
58 32 9 61 70 28 41 96 50 18 67 15 65 38 82 90 72 45 87 95 22 5 56 8 94 78 39 64 46 47 53 51 25 10 71 33 12 59 30 48 17 14 88 3 7 31 6 26 20 34 73 29 76 75 84 92 85 57 27 89 1 79 80 4 23 16 63 49 21 19 37 81 52 36 60 86 93 68 66 97 62 69 13 91 40 24 42 55 43 35 77 44 74 83 2 11 54
30 48 83 27 37 14 3 29 13 56 31 79 93 21 66 41 50 92 15 85 35 71 36 52 84 61 70 38 20 87 2 26 55 23 72 88 62 22 19 64 9 69 63 94 44 95 42 4 57 65 78 49 32 8 97 33 6 47 5 11 39 18 76 59 74 7 53 58 90 12 81 34 68 43 96 51 60 1 45 86 10 16 77 54 28 73 82 80 67 17 75 25 89 91 40 46 24
13 45 48 94 54 36 2 71 26 49 12 96 61 88 11 53 51 20 60 10 80 97 58 35 28 3 91 33 81 93 79 7 6 68 86 47 8 55 77 92 32 43 87 40 95 62 74 44 34 78 41 72 66 22 14 57 23 65 84 70 83 29 82 25 1 31 15 50 63 75 24 73 17 30 5 16 27 9 46 69 52 67 4 38 56 90 89 42 19 76 59 85 39 64 18 37 21
9 79 2 44 84 23 31 22 32 52 70 75 26 36 60 67 76 29 77 81 88 55 68 21 85 7 94 56 71 13 12 66 57 73 80 58 54 33 83 18 53 74 30 95 46 37 65 45 72 51 16 35 15 38 6 49 34 50 25 27 3 8 87 92 78 11 19 17 43 91 97 86 90 1 59 82 4 41 96 42 24 89 48 28 10 69 93 47 39 63 64 20 61 40 62 5 14
44 81 20 56 88 13 29 69 95 51 22 97 40 93 54 96 31 73 84 17 89 43 26 82 58 18 33 65 90 94 71 62 1 32 67 61 80 74 25 34 46 77 27 49 52 35 83 10 41 2 79 16 37 42 30 78 9 3 36 38 92 86 70 23 48 8 5 7 60 55 63 53 66 4 14 12 28 45 24 19 76 75 85 47 50 15 91 39 59 11 6 68 64 57 72 21 87
23 41 78 13 60 25 51 12 68 95 82 67 58 84 63 86 52 2 43 45 54 75 85 37 4 50 93 94 79 36 16 17 64 20 8 28 11 91 74 3 73 55 14 26 32 66 33 9 18 49 72 62 90 70 59 40 92 56 77 87 65 31 21 83 57 76 69 10 97 89 96 29 81 6 19 35 30 34 53 22 46 80 1 27 44 71 88 38 42 24 39 48 47 61 7 15 5
4 20 92 28 21 30 18 86 44 50 8 71 94 87 37 79 7 34 5 68 82 69 13 76 36 40 38 47 73 27 29 95 74 9 16 93 35 42 59 57 45 19 60 56 10 52 39 85 78 3 2 51 46 80 43 65 1 61 14 54 64 72 11 6 83 62 96 26 15 22 90 41 32 77 97 31 84 48 81 67 17 12 25 88 58 53 70 89 75 66 55 23 91 33 49 24 63
93 44 4 91 8 88 48 81 61 57 79 46 39 80 31 32 78 85 11 56 86 24 47 72 38 83 75 55 10 89 45 3 14 58 73 42 29 97 60 25 26 63 82 64 40 18 43 94 23 1 9 34 7 71 21 6 36 74 54 12 77 20 16 84 30 2 66 65 76 96 52 68 50 87 37 41 70 13 95 90 49 53 27 22 33 17 67 69 15 51 5 28 19 59 92 62 35
20 86 72 68 30 48 35 89 81 66 88 42 10 4 14 22 37 16 6 53 27 39 45 60 9 52 58 26 67 85 80 24 3 79 70 44 87 61 57 51 71 64 25 17 90 63 40 73 31 62 8 11 97 93 83 7 2 95 1 36 49 82 84 78 18 21 55 46 59 47 19 12 96 92 74 54 23 29 69 91 15 38 34 13 32 75 28 94 33 5 65 41 56 50 76 43 77
6 78 65 30 15 59 50 31 23 44 76 16 36 5 90 72 10 3 69 48 37 12 25 46 77 58 87 27 2 14 51 68 91 92 62 84 66 70 42 61 34 22 97 13 9 32 38 1 40 56 49 95 73 11 75 94 64 28 19 63 47 7 24 39 33 17 86 85 71 82 79 18 20 55 67 52 43 57 41 8 45 35 74 60 4 29 21 54 80 81 89 83 88 93 26 53 96
11 84 5 8 49 76 59 23 70 42 92 85 12 51 40 4 39 14 95 88 78 68 82 65 35 75 29 86 36 31 25 91 90 87 1 16 57 73 46 97 27 32 7 22 38 33 53 54 43 19 77 74 94 34 17 69 63 67 52 18 96 6 3 24 15 64 44 89 26 20 58 30 93 66 10 83 62 60 28 9 47 48 37 72 80 13 2 41 45 61 81 21 79 71 55 56 50
74 3 61 77 96 55 26 62 1 85 66 31 30 97 53 51 68 40 67 92 24 8 6 81 59 13 60 84 18 43 7 9 38 57 52 14 46 54 89 94 78 80 69 4 48 45 88 83 56 58 50 10 41 37 22 28 33 36 75 15 93 95 90 91 47 32 16 23 86 11 29 49 34 42 12 17 19 65 2 35 20 76 39 5 25 72 63 21 82 73 70 64 87 27 44 79 71
72 82 76 41 83 18 63 27 86 96 30 93 73 92 74 88 97 11 65 12 25 94 29 59 2 90 9 45 70 34 87 69 95 8 84 20 77 44 50 66 80 56 57 53 67 19 10 16 37 24 21 5 42 4 40 46 62 81 3 1 17 60 6 7 52 43 47 71 33 13 91 54 22 49 61 14 78 35 89 28 75 36 51 48 79 38 23 85 58 55 26 31 68 32 15 39 64
1 2 3 4 5 6 7 8 9 10 11 12 13 14 15 16 17 18 19 20 21 22 23 24 25 26 27 28 29 30 31 32 33 34 35 36 37 38 39 40 41 42 43 44 45 46 47 48 49 50 51 52 53 54 55 56 57 58 59 60 61 62 63 64 65 66 67 68 69 70 71 72 73 74 75 76 77 78 79 80 81 82 83 84 85 86 87 88 89 90 91 92 93 94 95 96 97
68 53 41 26 27 85 16 75 17 62 89 19 50 28 87 69 35 79 30 46 38 59 10 54 44 51 61 40 96 58 67 76 92 81 22 56 70 64 1 2 90 6 36 7 66 11 57 32 29 72 86 8 63 91 25 18 20 49 4 93 78 12 88 48 34 82 43 52 14 39 5 71 24 23 77 80 13 73 15 55 37 42 9 94 95 97 47 33 74 21 83 45 65 3 31 60 84
90 19 67 66 44 81 89 64 63 54 61 83 76 10 13 74 88 75 9 5 56 92 24 28 46 82 7 62 59 17 39 87 29 97 33 52 94 18 41 12 43 34 68 11 60 27 72 15 22 80 42 38 30 40 20 8 71 35 45 26 16 91 58 79 86 93 1 21 23 3 25 55 14 73 48 47 32 69 77 57 84 65 53 95 37 6 50 49 78 36 2 96 51 31 70 4 85
