100 100
80 1 81 96 39 99 32 4 49 21 13 87 40 95 17 19 36 18 8 56 25 10 54 79 57 64 9 100 42 43 48 69 60 70 76 67 2 68 58 94 14 71 3 30 6 22 51 45 27 88 66 41 55 33 89 15 63 7 35 50 28 62 46 11 75 38 74 97 31 98 65 44 53 85 72 78 92 20 84 24 91 23 5 59 34 29 73 90 52 47 82 77 12 93 16 26 83 86 37 61
38 74 97 31 98 65 44 53 85 72 78 92 20 84 24 91 23 5 59 34 29 73 90 52 47 82 77 12 93 16 26 83 86 37 61 80 1 81 96 39 99 32 4 49 21 13 87 40 95 17 19 36 18 8 56 25 10 54 79 57 64 9 100 42 43 48 69 60 70 76 67 2 68 58 94 14 71 3 30 6 22 51 45 27 88 66 41 55 33 89 15 63 7 35 50 28 62 46 11 75
14 71 3 30 6 22 51 45 27 88 66 41 55 33 89 15 63 7 35 50 28 62 46 11 75 38 74 97 31 98 65 44 53 85 72 78 92 20 84 24 91 23 5 59 34 29 73 90 52 47 82 77 12 93 16 26 83 86 37 61 80 1 81 96 39 99 32 4 49 21 13 87 40 95 17 19 36 18 8 56 25 10 54 79 57 64 9 100 42 43 48 69 60 70 76 67 2 68 58 94
77 12 93 16 26 83 86 37 61 80 1 81 96 39 99 32 4 49 21 13 87 40 95 17 19 36 18 8 56 25 10 54 79 57 64 9 100 42 43 48 69 60 70 76 67 2 68 58 94 14 71 3 30 6 22 51 45 27 88 66 41 55 33 89 15 63 7 35 50 28 62 46 11 75 38 74 97 31 98 65 44 53 85 72 78 92 20 84 24 91 23 5 59 34 29 73 90 52 47 82
65 44 53 85 72 78 92 20 84 24 91 23 5 59 34 29 73 90 52 47 82 77 12 93 16 26 83 86 37 61 80 1 81 96 39 99 32 4 49 21 13 87 40 95 17 19 36 18 8 56 25 10 54 79 57 64 9 100 42 43 48 69 60 70 76 67 2 68 58 94 14 71 3 30 6 22 51 45 27 88 66 41 55 33 89 15 63 7 35 50 28 62 46 11 75 38 74 97 31 98
71 3 30 6 22 51 45 27 88 66 41 55 33 89 15 63 7 35 50 28 62 46 11 75 38 74 97 31 98 65 44 53 85 72 78 92 20 84 24 91 23 5 59 34 29 73 90 52 47 82 77 12 93 16 26 83 86 37 61 80 1 81 96 39 99 32 4 49 21 13 87 40 95 17 19 36 18 8 56 25 10 54 79 57 64 9 100 42 43 48 69 60 70 76 67 2 68 58 94 14
8 56 25 10 54 79 57 64 9 100 42 43 48 69 60 70 76 67 2 68 58 94 14 71 3 30 6 22 51 45 27 88 66 41 55 33 89 15 63 7 35 50 28 62 46 11 75 38 74 97 31 98 65 44 53 85 72 78 92 20 84 24 91 23 5 59 34 29 73 90 52 47 82 77 12 93 16 26 83 86 37 61 80 1 81 96 39 99 32 4 49 21 13 87 40 95 17 19 36 18
90 52 47 82 77 12 93 16 26 83 86 37 61 80 1 81 96 39 99 32 4 49 21 13 87 40 95 17 19 36 18 8 56 25 10 54 79 57 64 9 100 42 43 48 69 60 70 76 67 2 68 58 94 14 71 3 30 6 22 51 45 27 88 66 41 55 33 89 15 63 7 35 50 28 62 46 11 75 38 74 97 31 98 65 44 53 85 72 78 92 20 84 24 91 23 5 59 34 29 73
73 90 52 47 82 77 12 93 16 26 83 86 37 61 80 1 81 96 39 99 32 4 49 21 13 87 40 95 17 19 36 18 8 56 25 10 54 79 57 64 9 100 42 43 48 69 60 70 76 67 2 68 58 94 14 71 3 30 6 22 51 45 27 88 66 41 55 33 89 15 63 7 35 50 28 62 46 11 75 38 74 97 31 98 65 44 53 85 72 78 92 20 84 24 91 23 5 59 34 29
70 76 67 2 68 58 94 14 71 3 30 6 22 51 45 27 88 66 41 55 33 89 15 63 7 35 50 28 62 46 11 75 38 74 97 31 98 65 44 53 85 72 78 92 20 84 24 91 23 5 59 34 29 73 90 52 47 82 77 12 93 16 26 83 86 37 61 80 1 81 96 39 99 32 4 49 21 13 87 40 95 17 19 36 18 8 56 25 10 54 79 57 64 9 100 42 43 48 69 60
74 97 31 98 65 44 53 85 72 78 92 20 84 24 91 23 5 59 34 29 73 90 52 47 82 77 12 93 16 26 83 86 37 61 80 1 81 96 39 99 32 4 49 21 13 87 40 95 17 19 36 18 8 56 25 10 54 79 57 64 9 100 42 43 48 69 60 70 76 67 2 68 58 94 14 71 3 30 6 22 51 45 27 88 66 41 55 33 89 15 63 7 35 50 28 62 46 11 75 38
4 49 21 13 87 40 95 17 19 36 18 8 56 25 10 54 79 57 64 9 100 42 43 48 69 60 70 76 67 2 68 58 94 14 71 3 30 6 22 51 45 27 88 66 41 55 33 89 15 63 7 35 50 28 62 46 11 75 38 74 97 31 98 65 44 53 85 72 78 92 20 84 24 91 23 5 59 34 29 73 90 52 47 82 77 12 93 16 26 83 86 37 61 80 1 81 96 39 99 32
68 58 94 14 71 3 30 6 22 51 45 27 88 66 41 55 33 89 15 63 7 35 50 28 62 46 11 75 38 74 97 31 98 65 44 53 85 72 78 92 20 84 24 91 23 5 59 34 29 73 90 52 47 82 77 12 93 16 26 83 86 37 61 80 1 81 96 39 99 32 4 49 21 13 87 40 95 17 19 36 18 8 56 25 10 54 79 57 64 9 100 42 43 48 69 60 70 76 67 2
91 23 5 59 34 29 73 90 52 47 82 77 12 93 16 26 83 86 37 61 80 1 81 96 39 99 32 4 49 21 13 87 40 95 17 19 36 18 8 56 25 10 54 79 57 64 9 100 42 43 48 69 60 70 76 67 2 68 58 94 14 71 3 30 6 22 51 45 27 88 66 41 55 33 89 15 63 7 35 50 28 62 46 11 75 38 74 97 31 98 65 44 53 85 72 78 92 20 84 24
66 41 55 33 89 15 63 7 35 50 28 62 46 11 75 38 74 97 31 98 65 44 53 85 72 78 92 20 84 24 91 23 5 59 34 29 73 90 52 47 82 77 12 93 16 26 83 86 37 61 80 1 81 96 39 99 32 4 49 21 13 87 40 95 17 19 36 18 8 56 25 10 54 79 57 64 9 100 42 43 48 69 60 70 76 67 2 68 58 94 14 71 3 30 6 22 51 45 27 88
35 50 28 62 46 11 75 38 74 97 31 98 65 44 53 85 72 78 92 20 84 24 91 23 5 59 34 29 73 90 52 47 82 77 12 93 16 26 83 86 37 61 80 1 81 96 39 99 32 4 49 21 13 87 40 95 17 19 36 18 8 56 25 10 54 79 57 64 9 100 42 43 48 69 60 70 76 67 2 68 58 94 14 71 3 30 6 22 51 45 27 88 66 41 55 33 89 15 63 7
59 34 29 73 90 52 47 82 77 12 93 16 26 83 86 37 61 80 1 81 96 39 99 32 4 49 21 13 87 40 95 17 19 36 18 8 56 25 10 54 79 57 64 9 100 42 43 48 69 60 70 76 67 2 68 58 94 14 71 3 30 6 22 51 45 27 88 66 41 55 33 89 15 63 7 35 50 28 62 46 11 75 38 74 97 31 98 65 44 53 85 72 78 92 20 84 24 91 23 5
55 33 89 15 63 7 35 50 28 62 46 11 75 38 74 97 31 98 65 44 53 85 72 78 92 20 84 24 91 23 5 59 34 29 73 90 52 47 82 77 12 93 16 26 83 86 37 61 80 1 81 96 39 99 32 4 49 21 13 87 40 95 17 19 36 18 8 56 25 10 54 79 57 64 9 100 42 43 48 69 60 70 76 67 2 68 58 94 14 71 3 30 6 22 51 45 27 88 66 41
58 94 14 71 3 30 6 22 51 45 27 88 66 41 55 33 89 15 63 7 35 50 28 62 46 11 75 38 74 97 31 98 65 44 53 85 72 78 92 20 84 24 91 23 5 59 34 29 73 90 52 47 82 77 12 93 16 26 83 86 37 61 80 1 81 96 39 99 32 4 49 21 13 87 40 95 17 19 36 18 8 56 25 10 54 79 57 64 9 100 42 43 48 69 60 70 76 67 2 68
18 8 56 25 10 54 79 57 64 9 100 42 43 48 69 60 70 76 67 2 68 58 94 14 71 3 30 6 22 51 45 27 88 66 41 55 33 89 15 63 7 35 50 28 62 46 11 75 38 74 97 31 98 65 44 53 85 72 78 92 20 84 24 91 23 5 59 34 29 73 90 52 47 82 77 12 93 16 26 83 86 37 61 80 1 81 96 39 99 32 4 49 21 13 87 40 95 17 19 36
62 46 11 75 38 74 97 31 98 65 44 53 85 72 78 92 20 84 24 91 23 5 59 34 29 73 90 52 47 82 77 12 93 16 26 83 86 37 61 80 1 81 96 39 99 32 4 49 21 13 87 40 95 17 19 36 18 8 56 25 10 54 79 57 64 9 100 42 43 48 69 60 70 76 67 2 68 58 94 14 71 3 30 6 22 51 45 27 88 66 41 55 33 89 15 63 7 35 50 28
36 18 8 56 25 10 54 79 57 64 9 100 42 43 48 69 60 70 76 67 2 68 58 94 14 71 3 30 6 22 51 45 27 88 66 41 55 33 89 15 63 7 35 50 28 62 46 11 75 38 74 97 31 98 65 44 53 85 72 78 92 20 84 24 91 23 5 59 34 29 73 90 52 47 82 77 12 93 16 26 83 86 37 61 80 1 81 96 39 99 32 4 49 21 13 87 40 95 17 19
47 82 77 12 93 16 26 83 86 37 61 80 1 81 96 39 99 32 4 49 21 13 87 40 95 17 19 36 18 8 56 25 10 54 79 57 64 9 100 42 43 48 69 60 70 76 67 2 68 58 94 14 71 3 30 6 22 51 45 27 88 66 41 55 33 89 15 63 7 35 50 28 62 46 11 75 38 74 97 31 98 65 44 53 85 72 78 92 20 84 24 91 23 5 59 34 29 73 90 52
79 57 64 9 100 42 43 48 69 60 70 76 67 2 68 58 94 14 71 3 30 6 22 51 45 27 88 66 41 55 33 89 15 63 7 35 50 28 62 46 11 75 38 74 97 31 98 65 44 53 85 72 78 92 20 84 24 91 23 5 59 34 29 73 90 52 47 82 77 12 93 16 26 83 86 37 61 80 1 81 96 39 99 32 4 49 21 13 87 40 95 17 19 36 18 8 56 25 10 54
60 70 76 67 2 68 58 94 14 71 3 30 6 22 51 45 27 88 66 41 55 33 89 15 63 7 35 50 28 62 46 11 75 38 74 97 31 98 65 44 53 85 72 78 92 20 84 24 91 23 5 59 34 29 73 90 52 47 82 77 12 93 16 26 83 86 37 61 80 1 81 96 39 99 32 4 49 21 13 87 40 95 17 19 36 18 8 56 25 10 54 79 57 64 9 100 42 43 48 69
100 42 43 48 69 60 70 76 67 2 68 58 94 14 71 3 30 6 22 51 45 27 88 66 41 55 33 89 15 63 7 35 50 28 62 46 11 75 38 74 97 31 98 65 44 53 85 72 78 92 20 84 24 91 23 5 59 34 29 73 90 52 47 82 77 12 93 16 26 83 86 37 61 80 1 81 96 39 99 32 4 49 21 13 87 40 95 17 19 36 18 8 56 25 10 54 79 57 64 9
23 5 59 34 29 73 90 52 47 82 77 12 93 16 26 83 86 37 61 80 1 81 96 39 99 32 4 49 21 13 87 40 95 17 19 36 18 8 56 25 10 54 79 57 64 9 100 42 43 48 69 60 70 76 67 2 68 58 94 14 71 3 30 6 22 51 45 27 88 66 41 55 33 89 15 63 7 35 50 28 62 46 11 75 38 74 97 31 98 65 44 53 85 72 78 92 20 84 24 91
7 35 50 28 62 46 11 75 38 74 97 31 98 65 44 53 85 72 78 92 20 84 24 91 23 5 59 34 29 73 90 52 47 82 77 12 93 16 26 83 86 37 61 80 1 81 96 39 99 32 4 49 21 13 87 40 95 17 19 36 18 8 56 25 10 54 79 57 64 9 100 42 43 48 69 60 70 76 67 2 68 58 94 14 71 3 30 6 22 51 45 27 88 66 41 55 33 89 15 63
84 24 91 23 5 59 34 29 73 90 52 47 82 77 12 93 16 26 83 86 37 61 80 1 81 96 39 99 32 4 49 21 13 87 40 95 17 19 36 18 8 56 25 10 54 79 57 64 9 100 42 43 48 69 60 70 76 67 2 68 58 94 14 71 3 30 6 22 51 45 27 88 66 41 55 33 89 15 63 7 35 50 28 62 46 11 75 38 74 97 31 98 65 44 53 85 72 78 92 20
49 21 13 87 40 95 17 19 36 18 8 56 25 10 54 79 57 64 9 100 42 43 48 69 60 70 76 67 2 68 58 94 14 71 3 30 6 22 51 45 27 88 66 41 55 33 89 15 63 7 35 50 28 62 46 11 75 38 74 97 31 98 65 44 53 85 72 78 92 20 84 24 91 23 5 59 34 29 73 90 52 47 82 77 12 93 16 26 83 86 37 61 80 1 81 96 39 99 32 4
87 40 95 17 19 36 18 8 56 25 10 54 79 57 64 9 100 42 43 48 69 60 70 76 67 2 68 58 94 14 71 3 30 6 22 51 45 27 88 66 41 55 33 89 15 63 7 35 50 28 62 46 11 75 38 74 97 31 98 65 44 53 85 72 78 92 20 84 24 91 23 5 59 34 29 73 90 52 47 82 77 12 93 16 26 83 86 37 61 80 1 81 96 39 99 32 4 49 21 13
6 22 51 45 27 88 66 41 55 33 89 15 63 7 35 50 28 62 46 11 75 38 74 97 31 98 65 44 53 85 72 78 92 20 84 24 91 23 5 59 34 29 73 90 52 47 82 77 12 93 16 26 83 86 37 61 80 1 81 96 39 99 32 4 49 21 13 87 40 95 17 19 36 18 8 56 25 10 54 79 57 64 9 100 42 43 48 69 60 70 76 67 2 68 58 94 14 71 3 30
53 85 72 78 92 20 84 24 91 23 5 59 34 29 73 90 52 47 82 77 12 93 16 26 83 86 37 61 80 1 81 96 39 99 32 4 49 21 13 87 40 95 17 19 36 18 8 56 25 10 54 79 57 64 9 100 42 43 48 69 60 70 76 67 2 68 58 94 14 71 3 30 6 22 51 45 27 88 66 41 55 33 89 15 63 7 35 50 28 62 46 11 75 38 74 97 31 98 65 44
72 78 92 20 84 24 91 23 5 59 34 29 73 90 52 47 82 77 12 93 16 26 83 86 37 61 80 1 81 96 39 99 32 4 49 21 13 87 40 95 17 19 36 18 8 56 25 10 54 79 57 64 9 100 42 43 48 69 60 70 76 67 2 68 58 94 14 71 3 30 6 22 51 45 27 88 66 41 55 33 89 15 63 7 35 50 28 62 46 11 75 38 74 97 31 98 65 44 53 85
43 48 69 60 70 76 67 2 68 58 94 14 71 3 30 6 22 51 45 27 88 66 41 55 33 89 15 63 7 35 50 28 62 46 11 75 38 74 97 31 98 65 44 53 85 72 78 92 20 84 24 91 23 5 59 34 29 73 90 52 47 82 77 12 93 16 26 83 86 37 61 80 1 81 96 39 99 32 4 49 21 13 87 40 95 17 19 36 18 8 56 25 10 54 79 57 64 9 100 42
5 59 34 29 73 90 52 47 82 77 12 93 16 26 83 86 37 61 80 1 81 96 39 99 32 4 49 21 13 87 40 95 17 19 36 18 8 56 25 10 54 79 57 64 9 100 42 43 48 69 60 70 76 67 2 68 58 94 14 71 3 30 6 22 51 45 27 88 66 41 55 33 89 15 63 7 35 50 28 62 46 11 75 38 74 97 31 98 65 44 53 85 72 78 92 20 84 24 91 23
95 17 19 36 18 8 56 25 10 54 79 57 64 9 100 42 43 48 69 60 70 76 67 2 68 58 94 14 71 3 30 6 22 51 45 27 88 66 41 55 33 89 15 63 7 35 50 28 62 46 11 75 38 74 97 31 98 65 44 53 85 72 78 92 20 84 24 91 23 5 59 34 29 73 90 52 47 82 77 12 93 16 26 83 86 37 61 80 1 81 96 39 99 32 4 49 21 13 87 40
21 13 87 40 95 17 19 36 18 8 56 25 10 54 79 57 64 9 100 42 43 48 69 60 70 76 67 2 68 58 94 14 71 3 30 6 22 51 45 27 88 66 41 55 33 89 15 63 7 35 50 28 62 46 11 75 38 74 97 31 98 65 44 53 85 72 78 92 20 84 24 91 23 5 59 34 29 73 90 52 47 82 77 12 93 16 26 83 86 37 61 80 1 81 96 39 99 32 4 49
98 65 44 53 85 72 78 92 20 84 24 91 23 5 59 34 29 73 90 52 47 82 77 12 93 16 26 83 86 37 61 80 1 81 96 39 99 32 4 49 21 13 87 40 95 17 19 36 18 8 56 25 10 54 79 57 64 9 100 42 43 48 69 60 70 76 67 2 68 58 94 14 71 3 30 6 22 51 45 27 88 66 41 55 33 89 15 63 7 35 50 28 62 46 11 75 38 74 97 31
97 31 98 65 44 53 85 72 78 92 20 84 24 91 23 5 59 34 29 73 90 52 47 82 77 12 93 16 26 83 86 37 61 80 1 81 96 39 99 32 4 49 21 13 87 40 95 17 19 36 18 8 56 25 10 54 79 57 64 9 100 42 43 48 69 60 70 76 67 2 68 58 94 14 71 3 30 6 22 51 45 27 88 66 41 55 33 89 15 63 7 35 50 28 62 46 11 75 38 74
45 27 88 66 41 55 33 89 15 63 7 35 50 28 62 46 11 75 38 74 97 31 98 65 44 53 85 72 78 92 20 84 24 91 23 5 59 34 29 73 90 52 47 82 77 12 93 16 26 83 86 37 61 80 1 81 96 39 99 32 4 49 21 13 87 40 95 17 19 36 18 8 56 25 10 54 79 57 64 9 100 42 43 48 69 60 70 76 67 2 68 58 94 14 71 3 30 6 22 51
82 77 12 93 16 26 83 86 37 61 80 1 81 96 39 99 32 4 49 21 13 87 40 95 17 19 36 18 8 56 25 10 54 79 57 64 9 100 42 43 48 69 60 70 76 67 2 68 58 94 14 71 3 30 6 22 51 45 27 88 66 41 55 33 89 15 63 7 35 50 28 62 46 11 75 38 74 97 31 98 65 44 53 85 72 78 92 20 84 24 91 23 5 59 34 29 73 90 52 47
96 39 99 32 4 49 21 13 87 40 95 17 19 36 18 8 56 25 10 54 79 57 64 9 100 42 43 48 69 60 70 76 67 2 68 58 94 14 71 3 30 6 22 51 45 27 88 66 41 55 33 89 15 63 7 35 50 28 62 46 11 75 38 74 97 31 98 65 44 53 85 72 78 92 20 84 24 91 23 5 59 34 29 73 90 52 47 82 77 12 93 16 26 83 86 37 61 80 1 81
30 6 22 51 45 27 88 66 41 55 33 89 15 63 7 35 50 28 62 46 11 75 38 74 97 31 98 65 44 53 85 72 78 92 20 84 24 91 23 5 59 34 29 73 90 52 47 82 77 12 93 16 26 83 86 37 61 80 1 81 96 39 99 32 4 49 21 13 87 40 95 17 19 36 18 8 56 25 10 54 79 57 64 9 100 42 43 48 69 60 70 76 67 2 68 58 94 14 71 3
94 14 71 3 30 6 22 51 45 27 88 66 41 55 33 89 15 63 7 35 50 28 62 46 11 75 38 74 97 31 98 65 44 53 85 72 78 92 20 84 24 91 23 5 59 34 29 73 90 52 47 82 77 12 93 16 26 83 86 37 61 80 1 81 96 39 99 32 4 49 21 13 87 40 95 17 19 36 18 8 56 25 10 54 79 57 64 9 100 42 43 48 69 60 70 76 67 2 68 58
86 37 61 80 1 81 96 39 99 32 4 49 21 13 87 40 95 17 19 36 18 8 56 25 10 54 79 57 64 9 100 42 43 48 69 60 70 76 67 2 68 58 94 14 71 3 30 6 22 51 45 27 88 66 41 55 33 89 15 63 7 35 50 28 62 46 11 75 38 74 97 31 98 65 44 53 85 72 78 92 20 84 24 91 23 5 59 34 29 73 90 52 47 82 77 12 93 16 26 83
48 69 60 70 76 67 2 68 58 94 14 71 3 30 6 22 51 45 27 88 66 41 55 33 89 15 63 7 35 50 28 62 46 11 75 38 74 97 31 98 65 44 53 85 72 78 92 20 84 24 91 23 5 59 34 29 73 90 52 47 82 77 12 93 16 26 83 86 37 61 80 1 81 96 39 99 32 4 49 21 13 87 40 95 17 19 36 18 8 56 25 10 54 79 57 64 9 100 42 43
26 83 86 37 61 80 1 81 96 39 99 32 4 49 21 13 87 40 95 17 19 36 18 8 56 25 10 54 79 57 64 9 100 42 43 48 69 60 70 76 67 2 68 58 94 14 71 3 30 6 22 51 45 27 88 66 41 55 33 89 15 63 7 35 50 28 62 46 11 75 38 74 97 31 98 65 44 53 85 72 78 92 20 84 24 91 23 5 59 34 29 73 90 52 47 82 77 12 93 16
42 43 48 69 60 70 76 67 2 68 58 94 14 71 3 30 6 22 51 45 27 88 66 41 55 33 89 15 63 7 35 50 28 62 46 11 75 38 74 97 31 98 65 44 53 85 72 78 92 20 84 24 91 23 5 59 34 29 73 90 52 47 82 77 12 93 16 26 83 86 37 61 80 1 81 96 39 99 32 4 49 21 13 87 40 95 17 19 36 18 8 56 25 10 54 79 57 64 9 100
88 66 41 55 33 89 15 63 7 35 50 28 62 46 11 75 38 74 97 31 98 65 44 53 85 72 78 92 20 84 24 91 23 5 59 34 29 73 90 52 47 82 77 12 93 16 26 83 86 37 61 80 1 81 96 39 99 32 4 49 21 13 87 40 95 17 19 36 18 8 56 25 10 54 79 57 64 9 100 42 43 48 69 60 70 76 67 2 68 58 94 14 71 3 30 6 22 51 45 27
46 11 75 38 74 97 31 98 65 44 53 85 72 78 92 20 84 24 91 23 5 59 34 29 73 90 52 47 82 77 12 93 16 26 83 86 37 61 80 1 81 96 39 99 32 4 49 21 13 87 40 95 17 19 36 18 8 56 25 10 54 79 57 64 9 100 42 43 48 69 60 70 76 67 2 68 58 94 14 71 3 30 6 22 51 45 27 88 66 41 55 33 89 15 63 7 35 50 28 62
93 16 26 83 86 37 61 80 1 81 96 39 99 32 4 49 21 13 87 40 95 17 19 36 18 8 56 25 10 54 79 57 64 9 100 42 43 48 69 60 70 76 67 2 68 58 94 14 71 3 30 6 22 51 45 27 88 66 41 55 33 89 15 63 7 35 50 28 62 46 11 75 38 74 97 31 98 65 44 53 85 72 78 92 20 84 24 91 23 5 59 34 29 73 90 52 47 82 77 12
10 54 79 57 64 9 100 42 43 48 69 60 70 76 67 2 68 58 94 14 71 3 30 6 22 51 45 27 88 66 41 55 33 89 15 63 7 35 50 28 62 46 11 75 38 74 97 31 98 65 44 53 85 72 78 92 20 84 24 91 23 5 59 34 29 73 90 52 47 82 77 12 93 16 26 83 86 37 61 80 1 81 96 39 99 32 4 49 21 13 87 40 95 17 19 36 18 8 56 25
24 91 23 5 59 34 29 73 90 52 47 82 77 12 93 16 26 83 86 37 61 80 1 81 96 39 99 32 4 49 21 13 87 40 95 17 19 36 18 8 56 25 10 54 79 57 64 9 100 42 43 48 69 60 70 76 67 2 68 58 94 14 71 3 30 6 22 51 45 27 88 66 41 55 33 89 15 63 7 35 50 28 62 46 11 75 38 74 97 31 98 65 44 53 85 72 78 92 20 84
31 98 65 44 53 85 72 78 92 20 84 24 91 23 5 59 34 29 73 90 52 47 82 77 12 93 16 26 83 86 37 61 80 1 81 96 39 99 32 4 49 21 13 87 40 95 17 19 36 18 8 56 25 10 54 79 57 64 9 100 42 43 48 69 60 70 76 67 2 68 58 94 14 71 3 30 6 22 51 45 27 88 66 41 55 33 89 15 63 7 35 50 28 62 46 11 75 38 74 97
25 10 54 79 57 64 9 100 42 43 48 69 60 70 76 67 2 68 58 94 14 71 3 30 6 22 51 45 27 88 66 41 55 33 89 15 63 7 35 50 28 62 46 11 75 38 74 97 31 98 65 44 53 85 72 78 92 20 84 24 91 23 5 59 34 29 73 90 52 47 82 77 12 93 16 26 83 86 37 61 80 1 81 96 39 99 32 4 49 21 13 87 40 95 17 19 36 18 8 56
78 92 20 84 24 91 23 5 59 34 29 73 90 52 47 82 77 12 93 16 26 83 86 37 61 80 1 81 96 39 99 32 4 49 21 13 87 40 95 17 19 36 18 8 56 25 10 54 79 57 64 9 100 42 43 48 69 60 70 76 67 2 68 58 94 14 71 3 30 6 22 51 45 27 88 66 41 55 33 89 15 63 7 35 50 28 62 46 11 75 38 74 97 31 98 65 44 53 85 72
32 4 49 21 13 87 40 95 17 19 36 18 8 56 25 10 54 79 57 64 9 100 42 43 48 69 60 70 76 67 2 68 58 94 14 71 3 30 6 22 51 45 27 88 66 41 55 33 89 15 63 7 35 50 28 62 46 11 75 38 74 97 31 98 65 44 53 85 72 78 92 20 84 24 91 23 5 59 34 29 73 90 52 47 82 77 12 93 16 26 83 86 37 61 80 1 81 96 39 99
15 63 7 35 50 28 62 46 11 75 38 74 97 31 98 65 44 53 85 72 78 92 20 84 24 91 23 5 59 34 29 73 90 52 47 82 77 12 93 16 26 83 86 37 61 80 1 81 96 39 99 32 4 49 21 13 87 40 95 17 19 36 18 8 56 25 10 54 79 57 64 9 100 42 43 48 69 60 70 76 67 2 68 58 94 14 71 3 30 6 22 51 45 27 88 66 41 55 33 89
39 99 32 4 49 21 13 87 40 95 17 19 36 18 8 56 25 10 54 79 57 64 9 100 42 43 48 69 60 70 76 67 2 68 58 94 14 71 3 30 6 22 51 45 27 88 66 41 55 33 89 15 63 7 35 50 28 62 46 11 75 38 74 97 31 98 65 44 53 85 72 78 92 20 84 24 91 23 5 59 34 29 73 90 52 47 82 77 12 93 16 26 83 86 37 61 80 1 81 96
57 64 9 100 42 43 48 69 60 70 76 67 2 68 58 94 14 71 3 30 6 22 51 45 27 88 66 41 55 33 89 15 63 7 35 50 28 62 46 11 75 38 74 97 31 98 65 44 53 85 72 78 92 20 84 24 91 23 5 59 34 29 73 90 52 47 82 77 12 93 16 26 83 86 37 61 80 1 81 96 39 99 32 4 49 21 13 87 40 95 17 19 36 18 8 56 25 10 54 79
67 2 68 58 94 14 71 3 30 6 22 51 45 27 88 66 41 55 33 89 15 63 7 35 50 28 62 46 11 75 38 74 97 31 98 65 44 53 85 72 78 92 20 84 24 91 23 5 59 34 29 73 90 52 47 82 77 12 93 16 26 83 86 37 61 80 1 81 96 39 99 32 4 49 21 13 87 40 95 17 19 36 18 8 56 25 10 54 79 57 64 9 100 42 43 48 69 60 70 76
54 79 57 64 9 100 42 43 48 69 60 70 76 67 2 68 58 94 14 71 3 30 6 22 51 45 27 88 66 41 55 33 89 15 63 7 35 50 28 62 46 11 75 38 74 97 31 98 65 44 53 85 72 78 92 20 84 24 91 23 5 59 34 29 73 90 52 47 82 77 12 93 16 26 83 86 37 61 80 1 81 96 39 99 32 4 49 21 13 87 40 95 17 19 36 18 8 56 25 10
11 75 38 74 97 31 98 65 44 53 85 72 78 92 20 84 24 91 23 5 59 34 29 73 90 52 47 82 77 12 93 16 26 83 86 37 61 80 1 81 96 39 99 32 4 49 21 13 87 40 95 17 19 36 18 8 56 25 10 54 79 57 64 9 100 42 43 48 69 60 70 76 67 2 68 58 94 14 71 3 30 6 22 51 45 27 88 66 41 55 33 89 15 63 7 35 50 28 62 46
12 93 16 26 83 86 37 61 80 1 81 96 39 99 32 4 49 21 13 87 40 95 17 19 36 18 8 56 25 10 54 79 57 64 9 100 42 43 48 69 60 70 76 67 2 68 58 94 14 71 3 30 6 22 51 45 27 88 66 41 55 33 89 15 63 7 35 50 28 62 46 11 75 38 74 97 31 98 65 44 53 85 72 78 92 20 84 24 91 23 5 59 34 29 73 90 52 47 82 77
22 51 45 27 88 66 41 55 33 89 15 63 7 35 50 28 62 46 11 75 38 74 97 31 98 65 44 53 85 72 78 92 20 84 24 91 23 5 59 34 29 73 90 52 47 82 77 12 93 16 26 83 86 37 61 80 1 81 96 39 99 32 4 49 21 13 87 40 95 17 19 36 18 8 56 25 10 54 79 57 64 9 100 42 43 48 69 60 70 76 67 2 68 58 94 14 71 3 30 6
33 89 15 63 7 35 50 28 62 46 11 75 38 74 97 31 98 65 44 53 85 72 78 92 20 84 24 91 23 5 59 34 29 73 90 52 47 82 77 12 93 16 26 83 86 37 61 80 1 81 96 39 99 32 4 49 21 13 87 40 95 17 19 36 18 8 56 25 10 54 79 57 64 9 100 42 43 48 69 60 70 76 67 2 68 58 94 14 71 3 30 6 22 51 45 27 88 66 41 55
76 67 2 68 58 94 14 71 3 30 6 22 51 45 27 88 66 41 55 33 89 15 63 7 35 50 28 62 46 11 75 38 74 97 31 98 65 44 53 85 72 78 92 20 84 24 91 23 5 59 34 29 73 90 52 47 82 77 12 93 16 26 83 86 37 61 80 1 81 96 39 99 32 4 49 21 13 87 40 95 17 19 36 18 8 56 25 10 54 79 57 64 9 100 42 43 48 69 60 70
16 26 83 86 37 61 80 1 81 96 39 99 32 4 49 21 13 87 40 95 17 19 36 18 8 56 25 10 54 79 57 64 9 100 42 43 48 69 60 70 76 67 2 68 58 94 14 71 3 30 6 22 51 45 27 88 66 41 55 33 89 15 63 7 35 50 28 62 46 11 75 38 74 97 31 98 65 44 53 85 72 78 92 20 84 24 91 23 5 59 34 29 73 90 52 47 82 77 12 93
29 73 90 52 47 82 77 12 93 16 26 83 86 37 61 80 1 81 96 39 99 32 4 49 21 13 87 40 95 17 19 36 18 8 56 25 10 54 79 57 64 9 100 42 43 48 69 60 70 76 67 2 68 58 94 14 71 3 30 6 22 51 45 27 88 66 41 55 33 89 15 63 7 35 50 28 62 46 11 75 38 74 97 31 98 65 44 53 85 72 78 92 20 84 24 91 23 5 59 34
52 47 82 77 12 93 16 26 83 86 37 61 80 1 81 96 39 99 32 4 49 21 13 87 40 95 17 19 36 18 8 56 25 10 54 79 57 64 9 100 42 43 48 69 60 70 76 67 2 68 58 94 14 71 3 30 6 22 51 45 27 88 66 41 55 33 89 15 63 7 35 50 28 62 46 11 75 38 74 97 31 98 65 44 53 85 72 78 92 20 84 24 91 23 5 59 34 29 73 90
89 15 63 7 35 50 28 62 46 11 75 38 74 97 31 98 65 44 53 85 72 78 92 20 84 24 91 23 5 59 34 29 73 90 52 47 82 77 12 93 16 26 83 86 37 61 80 1 81 96 39 99 32 4 49 21 13 87 40 95 17 19 36 18 8 56 25 10 54 79 57 64 9 100 42 43 48 69 60 70 76 67 2 68 58 94 14 71 3 30 6 22 51 45 27 88 66 41 55 33
61 80 1 81 96 39 99 32 4 49 21 13 87 40 95 17 19 36 18 8 56 25 10 54 79 57 64 9 100 42 43 48 69 60 70 76 67 2 68 58 94 14 71 3 30 6 22 51 45 27 88 66 41 55 33 89 15 63 7 35 50 28 62 46 11 75 38 74 97 31 98 65 44 53 85 72 78 92 20 84 24 91 23 5 59 34 29 73 90 52 47 82 77 12 93 16 26 83 86 37
81 96 39 99 32 4 49 21 13 87 40 95 17 19 36 18 8 56 25 10 54 79 57 64 9 100 42 43 48 69 60 70 76 67 2 68 58 94 14 71 3 30 6 22 51 45 27 88 66 41 55 33 89 15 63 7 35 50 28 62 46 11 75 38 74 97 31 98 65 44 53 85 72 78 92 20 84 24 91 23 5 59 34 29 73 90 52 47 82 77 12 93 16 26 83 86 37 61 80 1
13 87 40 95 17 19 36 18 8 56 25 10 54 79 57 64 9 100 42 43 48 69 60 70 76 67 2 68 58 94 14 71 3 30 6 22 51 45 27 88 66 41 55 33 89 15 63 7 35 50 28 62 46 11 75 38 74 97 31 98 65 44 53 85 72 78 92 20 84 24 91 23 5 59 34 29 73 90 52 47 82 77 12 93 16 26 83 86 37 61 80 1 81 96 39 99 32 4 49 21
44 53 85 72 78 92 20 84 24 91 23 5 59 34 29 73 90 52 47 82 77 12 93 16 26 83 86 37 61 80 1 81 96 39 99 32 4 49 21 13 87 40 95 17 19 36 18 8 56 25 10 54 79 57 64 9 100 42 43 48 69 60 70 76 67 2 68 58 94 14 71 3 30 6 22 51 45 27 88 66 41 55 33 89 15 63 7 35 50 28 62 46 11 75 38 74 97 31 98 65
1 81 96 39 99 32 4 49 21 13 87 40 95 17 19 36 18 8 56 25 10 54 79 57 64 9 100 42 43 48 69 60 70 76 67 2 68 58 94 14 71 3 30 6 22 51 45 27 88 66 41 55 33 89 15 63 7 35 50 28 62 46 11 75 38 74 97 31 98 65 44 53 85 72 78 92 20 84 24 91 23 5 59 34 29 73 90 52 47 82 77 12 93 16 26 83 86 37 61 80
99 32 4 49 21 13 87 40 95 17 19 36 18 8 56 25 10 54 79 57 64 9 100 42 43 48 69 60 70 76 67 2 68 58 94 14 71 3 30 6 22 51 45 27 88 66 41 55 33 89 15 63 7 35 50 28 62 46 11 75 38 74 97 31 98 65 44 53 85 72 78 92 20 84 24 91 23 5 59 34 29 73 90 52 47 82 77 12 93 16 26 83 86 37 61 80 1 81 96 39
20 84 24 91 23 5 59 34 29 73 90 52 47 82 77 12 93 16 26 83 86 37 61 80 1 81 96 39 99 32 4 49 21 13 87 40 95 17 19 36 18 8 56 25 10 54 79 57 64 9 100 42 43 48 69 60 70 76 67 2 68 58 94 14 71 3 30 6 22 51 45 27 88 66 41 55 33 89 15 63 7 35 50 28 62 46 11 75 38 74 97 31 98 65 44 53 85 72 78 92
51 45 27 88 66 41 55 33 89 15 63 7 35 50 28 62 46 11 75 38 74 97 31 98 65 44 53 85 72 78 92 20 84 24 91 23 5 59 34 29 73 90 52 47 82 77 12 93 16 26 83 86 37 61 80 1 81 96 39 99 32 4 49 21 13 87 40 95 17 19 36 18 8 56 25 10 54 79 57 64 9 100 42 43 48 69 60 70 76 67 2 68 58 94 14 71 3 30 6 22
40 95 17 19 36 18 8 56 25 10 54 79 57 64 9 100 42 43 48 69 60 70 76 67 2 68 58 94 14 71 3 30 6 22 51 45 27 88 66 41 55 33 89 15 63 7 35 50 28 62 46 11 75 38 74 97 31 98 65 44 53 85 72 78 92 20 84 24 91 23 5 59 34 29 73 90 52 47 82 77 12 93 16 26 83 86 37 61 80 1 81 96 39 99 32 4 49 21 13 87
64 9 100 42 43 48 69 60 70 76 67 2 68 58 94 14 71 3 30 6 22 51 45 27 88 66 41 55 33 89 15 63 7 35 50 28 62 46 11 75 38 74 97 31 98 65 44 53 85 72 78 92 20 84 24 91 23 5 59 34 29 73 90 52 47 82 77 12 93 16 26 83 86 37 61 80 1 81 96 39 99 32 4 49 21 13 87 40 95 17 19 36 18 8 56 25 10 54 79 57
3 30 6 22 51 45 27 88 66 41 55 33 89 15 63 7 35 50 28 62 46 11 75 38 74 97 31 98 65 44 53 85 72 78 92 20 84 24 91 23 5 59 34 29 73 90 52 47 82 77 12 93 16 26 83 86 37 61 80 1 81 96 39 99 32 4 49 21 13 87 40 95 17 19 36 18 8 56 25 10 54 79 57 64 9 100 42 43 48 69 60 70 76 67 2 68 58 94 14 71
19 36 18 8 56 25 10 54 79 57 64 9 100 42 43 48 69 60 70 76 67 2 68 58 94 14 71 3 30 6 22 51 45 27 88 66 41 55 33 89 15 63 7 35 50 28 62 46 11 75 38 74 97 31 98 65 44 53 85 72 78 92 20 84 24 91 23 5 59 34 29 73 90 52 47 82 77 12 93 16 26 83 86 37 61 80 1 81 96 39 99 32 4 49 21 13 87 40 95 17
56 25 10 54 79 57 64 9 100 42 43 48 69 60 70 76 67 2 68 58 94 14 71 3 30 6 22 51 45 27 88 66 41 55 33 89 15 63 7 35 50 28 62 46 11 75 38 74 97 31 98 65 44 53 85 72 78 92 20 84 24 91 23 5 59 34 29 73 90 52 47 82 77 12 93 16 26 83 86 37 61 80 1 81 96 39 99 32 4 49 21 13 87 40 95 17 19 36 18 8
34 29 73 90 52 47 82 77 12 93 16 26 83 86 37 61 80 1 81 96 39 99 32 4 49 21 13 87 40 95 17 19 36 18 8 56 25 10 54 79 57 64 9 100 42 43 48 69 60 70 76 67 2 68 58 94 14 71 3 30 6 22 51 45 27 88 66 41 55 33 89 15 63 7 35 50 28 62 46 11 75 38 74 97 31 98 65 44 53 85 72 78 92 20 84 24 91 23 5 59
83 86 37 61 80 1 81 96 39 99 32 4 49 21 13 87 40 95 17 19 36 18 8 56 25 10 54 79 57 64 9 100 42 43 48 69 60 70 76 67 2 68 58 94 14 71 3 30 6 22 51 45 27 88 66 41 55 33 89 15 63 7 35 50 28 62 46 11 75 38 74 97 31 98 65 44 53 85 72 78 92 20 84 24 91 23 5 59 34 29 73 90 52 47 82 77 12 93 16 26
2 68 58 94 14 71 3 30 6 22 51 45 27 88 66 41 55 33 89 15 63 7 35 50 28 62 46 11 75 38 74 97 31 98 65 44 53 85 72 78 92 20 84 24 91 23 5 59 34 29 73 90 52 47 82 77 12 93 16 26 83 86 37 61 80 1 81 96 39 99 32 4 49 21 13 87 40 95 17 19 36 18 8 56 25 10 54 79 57 64 9 100 42 43 48 69 60 70 76 67
41 55 33 89 15 63 7 35 50 28 62 46 11 75 38 74 97 31 98 65 44 53 85 72 78 92 20 84 24 91 23 5 59 34 29 73 90 52 47 82 77 12 93 16 26 83 86 37 61 80 1 81 96 39 99 32 4 49 21 13 87 40 95 17 19 36 18 8 56 25 10 54 79 57 64 9 100 42 43 48 69 60 70 76 67 2 68 58 94 14 71 3 30 6 22 51 45 27 88 66
85 72 78 92 20 84 24 91 23 5 59 34 29 73 90 52 47 82 77 12 93 16 26 83 86 37 61 80 1 81 96 39 99 32 4 49 21 13 87 40 95 17 19 36 18 8 56 25 10 54 79 57 64 9 100 42 43 48 69 60 70 76 67 2 68 58 94 14 71 3 30 6 22 51 45 27 88 66 41 55 33 89 15 63 7 35 50 28 62 46 11 75 38 74 97 31 98 65 44 53
50 28 62 46 11 75 38 74 97 31 98 65 44 53 85 72 78 92 20 84 24 91 23 5 59 34 29 73 90 52 47 82 77 12 93 16 26 83 86 37 61 80 1 81 96 39 99 32 4 49 21 13 87 40 95 17 19 36 18 8 56 25 10 54 79 57 64 9 100 42 43 48 69 60 70 76 67 2 68 58 94 14 71 3 30 6 22 51 45 27 88 66 41 55 33 89 15 63 7 35
17 19 36 18 8 56 25 10 54 79 57 64 9 100 42 43 48 69 60 70 76 67 2 68 58 94 14 71 3 30 6 22 51 45 27 88 66 41 55 33 89 15 63 7 35 50 28 62 46 11 75 38 74 97 31 98 65 44 53 85 72 78 92 20 84 24 91 23 5 59 34 29 73 90 52 47 82 77 12 93 16 26 83 86 37 61 80 1 81 96 39 99 32 4 49 21 13 87 40 95
28 62 46 11 75 38 74 97 31 98 65 44 53 85 72 78 92 20 84 24 91 23 5 59 34 29 73 90 52 47 82 77 12 93 16 26 83 86 37 61 80 1 81 96 39 99 32 4 49 21 13 87 40 95 17 19 36 18 8 56 25 10 54 79 57 64 9 100 42 43 48 69 60 70 76 67 2 68 58 94 14 71 3 30 6 22 51 45 27 88 66 41 55 33 89 15 63 7 35 50
9 100 42 43 48 69 60 70 76 67 2 68 58 94 14 71 3 30 6 22 51 45 27 88 66 41 55 33 89 15 63 7 35 50 28 62 46 11 75 38 74 97 31 98 65 44 53 85 72 78 92 20 84 24 91 23 5 59 34 29 73 90 52 47 82 77 12 93 16 26 83 86 37 61 80 1 81 96 39 99 32 4 49 21 13 87 40 95 17 19 36 18 8 56 25 10 54 79 57 64
63 7 35 50 28 62 46 11 75 38 74 97 31 98 65 44 53 85 72 78 92 20 84 24 91 23 5 59 34 29 73 90 52 47 82 77 12 93 16 26 83 86 37 61 80 1 81 96 39 99 32 4 49 21 13 87 40 95 17 19 36 18 8 56 25 10 54 79 57 64 9 100 42 43 48 69 60 70 76 67 2 68 58 94 14 71 3 30 6 22 51 45 27 88 66 41 55 33 89 15
27 88 66 41 55 33 89 15 63 7 35 50 28 62 46 11 75 38 74 97 31 98 65 44 53 85 72 78 92 20 84 24 91 23 5 59 34 29 73 90 52 47 82 77 12 93 16 26 83 86 37 61 80 1 81 96 39 99 32 4 49 21 13 87 40 95 17 19 36 18 8 56 25 10 54 79 57 64 9 100 42 43 48 69 60 70 76 67 2 68 58 94 14 71 3 30 6 22 51 45
92 20 84 24 91 23 5 59 34 29 73 90 52 47 82 77 12 93 16 26 83 86 37 61 80 1 81 96 39 99 32 4 49 21 13 87 40 95 17 19 36 18 8 56 25 10 54 79 57 64 9 100 42 43 48 69 60 70 76 67 2 68 58 94 14 71 3 30 6 22 51 45 27 88 66 41 55 33 89 15 63 7 35 50 28 62 46 11 75 38 74 97 31 98 65 44 53 85 72 78
37 61 80 1 81 96 39 99 32 4 49 21 13 87 40 95 17 19 36 18 8 56 25 10 54 79 57 64 9 100 42 43 48 69 60 70 76 67 2 68 58 94 14 71 3 30 6 22 51 45 27 88 66 41 55 33 89 15 63 7 35 50 28 62 46 11 75 38 74 97 31 98 65 44 53 85 72 78 92 20 84 24 91 23 5 59 34 29 73 90 52 47 82 77 12 93 16 26 83 86
69 60 70 76 67 2 68 58 94 14 71 3 30 6 22 51 45 27 88 66 41 55 33 89 15 63 7 35 50 28 62 46 11 75 38 74 97 31 98 65 44 53 85 72 78 92 20 84 24 91 23 5 59 34 29 73 90 52 47 82 77 12 93 16 26 83 86 37 61 80 1 81 96 39 99 32 4 49 21 13 87 40 95 17 19 36 18 8 56 25 10 54 79 57 64 9 100 42 43 48
75 38 74 97 31 98 65 44 53 85 72 78 92 20 84 24 91 23 5 59 34 29 73 90 52 47 82 77 12 93 16 26 83 86 37 61 80 1 81 96 39 99 32 4 49 21 13 87 40 95 17 19 36 18 8 56 25 10 54 79 57 64 9 100 42 43 48 69 60 70 76 67 2 68 58 94 14 71 3 30 6 22 51 45 27 88 66 41 55 33 89 15 63 7 35 50 28 62 46 11
