75 74
68 45 9 20 46 72 41 71 42 58 38 48 37 30 17 12 61 22 35 1 26 67 44 52 29 63 39 64 18 25 3 8 57 50 56 23 34 49 70 51 16 43 69 75 62 4 40 36 5 47 28 10 54 11 53 66 21 2 55 32 65 27 7 14 60 59 74 73 19 31 6 13 33 24 15
33 24 15 68 45 9 20 46 72 41 71 42 58 38 48 37 30 17 12 61 22 35 1 26 67 44 52 29 63 39 64 18 25 3 8 57 50 56 23 34 49 70 51 16 43 69 75 62 4 40 36 5 47 28 10 54 11 53 66 21 2 55 32 65 27 7 14 60 59 74 73 19 31 6 13
64 18 25 3 8 57 50 56 23 34 49 70 51 16 43 69 75 62 4 40 36 5 47 28 10 54 11 53 66 21 2 55 32 65 27 7 14 60 59 74 73 19 31 6 13 33 24 15 68 45 9 20 46 72 41 71 42 58 38 48 37 30 17 12 61 22 35 1 26 67 44 52 29 63 39
75 62 4 40 36 5 47 28 10 54 11 53 66 21 2 55 32 65 27 7 14 60 59 74 73 19 31 6 13 33 24 15 68 45 9 20 46 72 41 71 42 58 38 48 37 30 17 12 61 22 35 1 26 67 44 52 29 63 39 64 18 25 3 8 57 50 56 23 34 49 70 51 16 43 69
69 75 62 4 40 36 5 47 28 10 54 11 53 66 21 2 55 32 65 27 7 14 60 59 74 73 19 31 6 13 33 24 15 68 45 9 20 46 72 41 71 42 58 38 48 37 30 17 12 61 22 35 1 26 67 44 52 29 63 39 64 18 25 3 8 57 50 56 23 34 49 70 51 16 43
11 53 66 21 2 55 32 65 27 7 14 60 59 74 73 19 31 6 13 33 24 15 68 45 9 20 46 72 41 71 42 58 38 48 37 30 17 12 61 22 35 1 26 67 44 52 29 63 39 64 18 25 3 8 57 50 56 23 34 49 70 51 16 43 69 75 62 4 40 36 5 47 28 10 54
70 51 16 43 69 75 62 4 40 36 5 47 28 10 54 11 53 66 21 2 55 32 65 27 7 14 60 59 74 73 19 31 6 13 33 24 15 68 45 9 20 46 72 41 71 42 58 38 48 37 30 17 12 61 22 35 1 26 67 44 52 29 63 39 64 18 25 3 8 57 50 56 23 34 49
62 4 40 36 5 47 28 10 54 11 53 66 21 2 55 32 65 27 7 14 60 59 74 73 19 31 6 13 33 24 15 68 45 9 20 46 72 41 71 42 58 38 48 37 30 17 12 61 22 35 1 26 67 44 52 29 63 39 64 18 25 3 8 57 50 56 23 34 49 70 51 16 43 69 75
49 70 51 16 43 69 75 62 4 40 36 5 47 28 10 54 11 53 66 21 2 55 32 65 27 7 14 60 59 74 73 19 31 6 13 33 24 15 68 45 9 20 46 72 41 71 42 58 38 48 37 30 17 12 61 22 35 1 26 67 44 52 29 63 39 64 18 25 3 8 57 50 56 23 34
14 60 59 74 73 19 31 6 13 33 24 15 68 45 9 20 46 72 41 71 42 58 38 48 37 30 17 12 61 22 35 1 26 67 44 52 29 63 39 64 18 25 3 8 57 50 56 23 34 49 70 51 16 43 69 75 62 4 40 36 5 47 28 10 54 11 53 66 21 2 55 32 65 27 7
60 59 74 73 19 31 6 13 33 24 15 68 45 9 20 46 72 41 71 42 58 38 48 37 30 17 12 61 22 35 1 26 67 44 52 29 63 39 64 18 25 3 8 57 50 56 23 34 49 70 51 16 43 69 75 62 4 40 36 5 47 28 10 54 11 53 66 21 2 55 32 65 27 7 14
59 74 73 19 31 6 13 33 24 15 68 45 9 20 46 72 41 71 42 58 38 48 37 30 17 12 61 22 35 1 26 67 44 52 29 63 39 64 18 25 3 8 57 50 56 23 34 49 70 51 16 43 69 75 62 4 40 36 5 47 28 10 54 11 53 66 21 2 55 32 65 27 7 14 60
30 17 12 61 22 35 1 26 67 44 52 29 63 39 64 18 25 3 8 57 50 56 23 34 49 70 51 16 43 69 75 62 4 40 36 5 47 28 10 54 11 53 66 21 2 55 32 65 27 7 14 60 59 74 73 19 31 6 13 33 24 15 68 45 9 20 46 72 41 71 42 58 38 48 37
1 26 67 44 52 29 63 39 64 18 25 3 8 57 50 56 23 34 49 70 51 16 43 69 75 62 4 40 36 5 47 28 10 54 11 53 66 21 2 55 32 65 27 7 14 60 59 74 73 19 31 6 13 33 24 15 68 45 9 20 46 72 41 71 42 58 38 48 37 30 17 12 61 22 35
24 15 68 45 9 20 46 72 41 71 42 58 38 48 37 30 17 12 61 22 35 1 26 67 44 52 29 63 39 64 18 25 3 8 57 50 56 23 34 49 70 51 16 43 69 75 62 4 40 36 5 47 28 10 54 11 53 66 21 2 55 32 65 27 7 14 60 59 74 73 19 31 6 13 33
2 55 32 65 27 7 14 60 59 74 73 19 31 6 13 33 24 15 68 45 9 20 46 72 41 71 42 58 38 48 37 30 17 12 61 22 35 1 26 67 44 52 29 63 39 64 18 25 3 8 57 50 56 23 34 49 70 51 16 43 69 75 62 4 40 36 5 47 28 10 54 11 53 66 21
42 58 38 48 37 30 17 12 61 22 35 1 26 67 44 52 29 63 39 64 18 25 3 8 57 50 56 23 34 49 70 51 16 43 69 75 62 4 40 36 5 47 28 10 54 11 53 66 21 2 55 32 65 27 7 14 60 59 74 73 19 31 6 13 33 24 15 68 45 9 20 46 72 41 71
13 33 24 15 68 45 9 20 46 72 41 71 42 58 38 48 37 30 17 12 61 22 35 1 26 67 44 52 29 63 39 64 18 25 3 8 57 50 56 23 34 49 70 51 16 43 69 75 62 4 40 36 5 47 28 10 54 11 53 66 21 2 55 32 65 27 7 14 60 59 74 73 19 31 6
55 32 65 27 7 14 60 59 74 73 19 31 6 13 33 24 15 68 45 9 20 46 72 41 71 42 58 38 48 37 30 17 12 61 22 35 1 26 67 44 52 29 63 39 64 18 25 3 8 57 50 56 23 34 49 70 51 16 43 69 75 62 4 40 36 5 47 28 10 54 11 53 66 21 2
57 50 56 23 34 49 70 51 16 43 69 75 62 4 40 36 5 47 28 10 54 11 53 66 21 2 55 32 65 27 7 14 60 59 74 73 19 31 6 13 33 24 15 68 45 9 20 46 72 41 71 42 58 38 48 37 30 17 12 61 22 35 1 26 67 44 52 29 63 39 64 18 25 3 8
35 1 26 67 44 52 29 63 39 64 18 25 3 8 57 50 56 23 34 49 70 51 16 43 69 75 62 4 40 36 5 47 28 10 54 11 53 66 21 2 55 32 65 27 7 14 60 59 74 73 19 31 6 13 33 24 15 68 45 9 20 46 72 41 71 42 58 38 48 37 30 17 12 61 22
52 29 63 39 64 18 25 3 8 57 50 56 23 34 49 70 51 16 43 69 75 62 4 40 36 5 47 28 10 54 11 53 66 21 2 55 32 65 27 7 14 60 59 74 73 19 31 6 13 33 24 15 68 45 9 20 46 72 41 71 42 58 38 48 37 30 17 12 61 22 35 1 26 67 44
40 36 5 47 28 10 54 11 53 66 21 2 55 32 65 27 7 14 60 59 74 73 19 31 6 13 33 24 15 68 45 9 20 46 72 41 71 42 58 38 48 37 30 17 12 61 22 35 1 26 67 44 52 29 63 39 64 18 25 3 8 57 50 56 23 34 49 70 51 16 43 69 75 62 4
32 65 27 7 14 60 59 74 73 19 31 6 13 33 24 15 68 45 9 20 46 72 41 71 42 58 38 48 37 30 17 12 61 22 35 1 26 67 44 52 29 63 39 64 18 25 3 8 57 50 56 23 34 49 70 51 16 43 69 75 62 4 40 36 5 47 28 10 54 11 53 66 21 2 55
36 5 47 28 10 54 11 53 66 21 2 55 32 65 27 7 14 60 59 74 73 19 31 6 13 33 24 15 68 45 9 20 46 72 41 71 42 58 38 48 37 30 17 12 61 22 35 1 26 67 44 52 29 63 39 64 18 25 3 8 57 50 56 23 34 49 70 51 16 43 69 75 62 4 40
23 34 49 70 51 16 43 69 75 62 4 40 36 5 47 28 10 54 11 53 66 21 2 55 32 65 27 7 14 60 59 74 73 19 31 6 13 33 24 15 68 45 9 20 46 72 41 71 42 58 38 48 37 30 17 12 61 22 35 1 26 67 44 52 29 63 39 64 18 25 3 8 57 50 56
38 48 37 30 17 12 61 22 35 1 26 67 44 52 29 63 39 64 18 25 3 8 57 50 56 23 34 49 70 51 16 43 69 75 62 4 40 36 5 47 28 10 54 11 53 66 21 2 55 32 65 27 7 14 60 59 74 73 19 31 6 13 33 24 15 68 45 9 20 46 72 41 71 42 58
4 40 36 5 47 28 10 54 11 53 66 21 2 55 32 65 27 7 14 60 59 74 73 19 31 6 13 33 24 15 68 45 9 20 46 72 41 71 42 58 38 48 37 30 17 12 61 22 35 1 26 67 44 52 29 63 39 64 18 25 3 8 57 50 56 23 34 49 70 51 16 43 69 75 62
66 21 2 55 32 65 27 7 14 60 59 74 73 19 31 6 13 33 24 15 68 45 9 20 46 72 41 71 42 58 38 48 37 30 17 12 61 22 35 1 26 67 44 52 29 63 39 64 18 25 3 8 57 50 56 23 34 49 70 51 16 43 69 75 62 4 40 36 5 47 28 10 54 11 53
17 12 61 22 35 1 26 67 44 52 29 63 39 64 18 25 3 8 57 50 56 23 34 49 70 51 16 43 69 75 62 4 40 36 5 47 28 10 54 11 53 66 21 2 55 32 65 27 7 14 60 59 74 73 19 31 6 13 33 24 15 68 45 9 20 46 72 41 71 42 58 38 48 37 30
16 43 69 75 62 4 40 36 5 47 28 10 54 11 53 66 21 2 55 32 65 27 7 14 60 59 74 73 19 31 6 13 33 24 15 68 45 9 20 46 72 41 71 42 58 38 48 37 30 17 12 61 22 35 1 26 67 44 52 29 63 39 64 18 25 3 8 57 50 56 23 34 49 70 51
65 27 7 14 60 59 74 73 19 31 6 13 33 24 15 68 45 9 20 46 72 41 71 42 58 38 48 37 30 17 12 61 22 35 1 26 67 44 52 29 63 39 64 18 25 3 8 57 50 56 23 34 49 70 51 16 43 69 75 62 4 40 36 5 47 28 10 54 11 53 66 21 2 55 32
56 23 34 49 70 51 16 43 69 75 62 4 40 36 5 47 28 10 54 11 53 66 21 2 55 32 65 27 7 14 60 59 74 73 19 31 6 13 33 24 15 68 45 9 20 46 72 41 71 42 58 38 48 37 30 17 12 61 22 35 1 26 67 44 52 29 63 39 64 18 25 3 8 57 50
3 8 57 50 56 23 34 49 70 51 16 43 69 75 62 4 40 36 5 47 28 10 54 11 53 66 21 2 55 32 65 27 7 14 60 59 74 73 19 31 6 13 33 24 15 68 45 9 20 46 72 41 71 42 58 38 48 37 30 17 12 61 22 35 1 26 67 44 52 29 63 39 64 18 25
46 72 41 71 42 58 38 48 37 30 17 12 61 22 35 1 26 67 44 52 29 63 39 64 18 25 3 8 57 50 56 23 34 49 70 51 16 43 69 75 62 4 40 36 5 47 28 10 54 11 53 66 21 2 55 32 65 27 7 14 60 59 74 73 19 31 6 13 33 24 15 68 45 9 20
21 2 55 32 65 27 7 14 60 59 74 73 19 31 6 13 33 24 15 68 45 9 20 46 72 41 71 42 58 38 48 37 30 17 12 61 22 35 1 26 67 44 52 29 63 39 64 18 25 3 8 57 50 56 23 34 49 70 51 16 43 69 75 62 4 40 36 5 47 28 10 54 11 53 66
67 44 52 29 63 39 64 18 25 3 8 57 50 56 23 34 49 70 51 16 43 69 75 62 4 40 36 5 47 28 10 54 11 53 66 21 2 55 32 65 27 7 14 60 59 74 73 19 31 6 13 33 24 15 68 45 9 20 46 72 41 71 42 58 38 48 37 30 17 12 61 22 35 1 26
22 35 1 26 67 44 52 29 63 39 64 18 25 3 8 57 50 56 23 34 49 70 51 16 43 69 75 62 4 40 36 5 47 28 10 54 11 53 66 21 2 55 32 65 27 7 14 60 59 74 73 19 31 6 13 33 24 15 68 45 9 20 46 72 41 71 42 58 38 48 37 30 17 12 61
48 37 30 17 12 61 22 35 1 26 67 44 52 29 63 39 64 18 25 3 8 57 50 56 23 34 49 70 51 16 43 69 75 62 4 40 36 5 47 28 10 54 11 53 66 21 2 55 32 65 27 7 14 60 59 74 73 19 31 6 13 33 24 15 68 45 9 20 46 72 41 71 42 58 38
20 46 72 41 71 42 58 38 48 37 30 17 12 61 22 35 1 26 67 44 52 29 63 39 64 18 25 3 8 57 50 56 23 34 49 70 51 16 43 69 75 62 4 40 36 5 47 28 10 54 11 53 66 21 2 55 32 65 27 7 14 60 59 74 73 19 31 6 13 33 24 15 68 45 9
34 49 70 51 16 43 69 75 62 4 40 36 5 47 28 10 54 11 53 66 21 2 55 32 65 27 7 14 60 59 74 73 19 31 6 13 33 24 15 68 45 9 20 46 72 41 71 42 58 38 48 37 30 17 12 61 22 35 1 26 67 44 52 29 63 39 64 18 25 3 8 57 50 56 23
44 52 29 63 39 64 18 25 3 8 57 50 56 23 34 49 70 51 16 43 69 75 62 4 40 36 5 47 28 10 54 11 53 66 21 2 55 32 65 27 7 14 60 59 74 73 19 31 6 13 33 24 15 68 45 9 20 46 72 41 71 42 58 38 48 37 30 17 12 61 22 35 1 26 67
29 63 39 64 18 25 3 8 57 50 56 23 34 49 70 51 16 43 69 75 62 4 40 36 5 47 28 10 54 11 53 66 21 2 55 32 65 27 7 14 60 59 74 73 19 31 6 13 33 24 15 68 45 9 20 46 72 41 71 42 58 38 48 37 30 17 12 61 22 35 1 26 67 44 52
6 13 33 24 15 68 45 9 20 46 72 41 71 42 58 38 48 37 30 17 12 61 22 35 1 26 67 44 52 29 63 39 64 18 25 3 8 57 50 56 23 34 49 70 51 16 43 69 75 62 4 40 36 5 47 28 10 54 11 53 66 21 2 55 32 65 27 7 14 60 59 74 73 19 31
74 73 19 31 6 13 33 24 15 68 45 9 20 46 72 41 71 42 58 38 48 37 30 17 12 61 22 35 1 26 67 44 52 29 63 39 64 18 25 3 8 57 50 56 23 34 49 70 51 16 43 69 75 62 4 40 36 5 47 28 10 54 11 53 66 21 2 55 32 65 27 7 14 60 59
41 71 42 58 38 48 37 30 17 12 61 22 35 1 26 67 44 52 29 63 39 64 18 25 3 8 57 50 56 23 34 49 70 51 16 43 69 75 62 4 40 36 5 47 28 10 54 11 53 66 21 2 55 32 65 27 7 14 60 59 74 73 19 31 6 13 33 24 15 68 45 9 20 46 72
25 3 8 57 50 56 23 34 49 70 51 16 43 69 75 62 4 40 36 5 47 28 10 54 11 53 66 21 2 55 32 65 27 7 14 60 59 74 73 19 31 6 13 33 24 15 68 45 9 20 46 72 41 71 42 58 38 48 37 30 17 12 61 22 35 1 26 67 44 52 29 63 39 64 18
9 20 46 72 41 71 42 58 38 48 37 30 17 12 61 22 35 1 26 67 44 52 29 63 39 64 18 25 3 8 57 50 56 23 34 49 70 51 16 43 69 75 62 4 40 36 5 47 28 10 54 11 53 66 21 2 55 32 65 27 7 14 60 59 74 73 19 31 6 13 33 24 15 68 45
5 47 28 10 54 11 53 66 21 2 55 32 65 27 7 14 60 59 74 73 19 31 6 13 33 24 15 68 45 9 20 46 72 41 71 42 58 38 48 37 30 17 12 61 22 35 1 26 67 44 52 29 63 39 64 18 25 3 8 57 50 56 23 34 49 70 51 16 43 69 75 62 4 40 36
73 19 31 6 13 33 24 15 68 45 9 20 46 72 41 71 42 58 38 48 37 30 17 12 61 22 35 1 26 67 44 52 29 63 39 64 18 25 3 8 57 50 56 23 34 49 70 51 16 43 69 75 62 4 40 36 5 47 28 10 54 11 53 66 21 2 55 32 65 27 7 14 60 59 74
58 38 48 37 30 17 12 61 22 35 1 26 67 44 52 29 63 39 64 18 25 3 8 57 50 56 23 34 49 70 51 16 43 69 75 62 4 40 36 5 47 28 10 54 11 53 66 21 2 55 32 65 27 7 14 60 59 74 73 19 31 6 13 33 24 15 68 45 9 20 46 72 41 71 42
10 54 11 53 66 21 2 55 32 65 27 7 14 60 59 74 73 19 31 6 13 33 24 15 68 45 9 20 46 72 41 71 42 58 38 48 37 30 17 12 61 22 35 1 26 67 44 52 29 63 39 64 18 25 3 8 57 50 56 23 34 49 70 51 16 43 69 75 62 4 40 36 5 47 28
43 69 75 62 4 40 36 5 47 28 10 54 11 53 66 21 2 55 32 65 27 7 14 60 59 74 73 19 31 6 13 33 24 15 68 45 9 20 46 72 41 71 42 58 38 48 37 30 17 12 61 22 35 1 26 67 44 52 29 63 39 64 18 25 3 8 57 50 56 23 34 49 70 51 16
50 56 23 34 49 70 51 16 43 69 75 62 4 40 36 5 47 28 10 54 11 53 66 21 2 55 32 65 27 7 14 60 59 74 73 19 31 6 13 33 24 15 68 45 9 20 46 72 41 71 42 58 38 48 37 30 17 12 61 22 35 1 26 67 44 52 29 63 39 64 18 25 3 8 57
53 66 21 2 55 32 65 27 7 14 60 59 74 73 19 31 6 13 33 24 15 68 45 9 20 46 72 41 71 42 58 38 48 37 30 17 12 61 22 35 1 26 67 44 52 29 63 39 64 18 25 3 8 57 50 56 23 34 49 70 51 16 43 69 75 62 4 40 36 5 47 28 10 54 11
54 11 53 66 21 2 55 32 65 27 7 14 60 59 74 73 19 31 6 13 33 24 15 68 45 9 20 46 72 41 71 42 58 38 48 37 30 17 12 61 22 35 1 26 67 44 52 29 63 39 64 18 25 3 8 57 50 56 23 34 49 70 51 16 43 69 75 62 4 40 36 5 47 28 10
8 57 50 56 23 34 49 70 51 16 43 69 75 62 4 40 36 5 47 28 10 54 11 53 66 21 2 55 32 65 27 7 14 60 59 74 73 19 31 6 13 33 24 15 68 45 9 20 46 72 41 71 42 58 38 48 37 30 17 12 61 22 35 1 26 67 44 52 29 63 39 64 18 25 3
72 41 71 42 58 38 48 37 30 17 12 61 22 35 1 26 67 44 52 29 63 39 64 18 25 3 8 57 50 56 23 34 49 70 51 16 43 69 75 62 4 40 36 5 47 28 10 54 11 53 66 21 2 55 32 65 27 7 14 60 59 74 73 19 31 6 13 33 24 15 68 45 9 20 46
31 6 13 33 24 15 68 45 9 20 46 72 41 71 42 58 38 48 37 30 17 12 61 22 35 1 26 67 44 52 29 63 39 64 18 25 3 8 57 50 56 23 34 49 70 51 16 43 69 75 62 4 40 36 5 47 28 10 54 11 53 66 21 2 55 32 65 27 7 14 60 59 74 73 19
39 64 18 25 3 8 57 50 56 23 34 49 70 51 16 43 69 75 62 4 40 36 5 47 28 10 54 11 53 66 21 2 55 32 65 27 7 14 60 59 74 73 19 31 6 13 33 24 15 68 45 9 20 46 72 41 71 42 58 38 48 37 30 17 12 61 22 35 1 26 67 44 52 29 63
15 68 45 9 20 46 72 41 71 42 58 38 48 37 30 17 12 61 22 35 1 26 67 44 52 29 63 39 64 18 25 3 8 57 50 56 23 34 49 70 51 16 43 69 75 62 4 40 36 5 47 28 10 54 11 53 66 21 2 55 32 65 27 7 14 60 59 74 73 19 31 6 13 33 24
27 7 14 60 59 74 73 19 31 6 13 33 24 15 68 45 9 20 46 72 41 71 42 58 38 48 37 30 17 12 61 22 35 1 26 67 44 52 29 63 39 64 18 25 3 8 57 50 56 23 34 49 70 51 16 43 69 75 62 4 40 36 5 47 28 10 54 11 53 66 21 2 55 32 65
28 10 54 11 53 66 21 2 55 32 65 27 7 14 60 59 74 73 19 31 6 13 33 24 15 68 45 9 20 46 72 41 71 42 58 38 48 37 30 17 12 61 22 35 1 26 67 44 52 29 63 39 64 18 25 3 8 57 50 56 23 34 49 70 51 16 43 69 75 62 4 40 36 5 47
18 25 3 8 57 50 56 23 34 49 70 51 16 43 69 75 62 4 40 36 5 47 28 10 54 11 53 66 21 2 55 32 65 27 7 14 60 59 74 73 19 31 6 13 33 24 15 68 45 9 20 46 72 41 71 42 58 38 48 37 30 17 12 61 22 35 1 26 67 44 52 29 63 39 64
51 16 43 69 75 62 4 40 36 5 47 28 10 54 11 53 66 21 2 55 32 65 27 7 14 60 59 74 73 19 31 6 13 33 24 15 68 45 9 20 46 72 41 71 42 58 38 48 37 30 17 12 61 22 35 1 26 67 44 52 29 63 39 64 18 25 3 8 57 50 56 23 34 49 70
71 42 58 38 48 37 30 17 12 61 22 35 1 26 67 44 52 29 63 39 64 18 25 3 8 57 50 56 23 34 49 70 51 16 43 69 75 62 4 40 36 5 47 28 10 54 11 53 66 21 2 55 32 65 27 7 14 60 59 74 73 19 31 6 13 33 24 15 68 45 9 20 46 72 41
26 67 44 52 29 63 39 64 18 25 3 8 57 50 56 23 34 49 70 51 16 43 69 75 62 4 40 36 5 47 28 10 54 11 53 66 21 2 55 32 65 27 7 14 60 59 74 73 19 31 6 13 33 24 15 68 45 9 20 46 72 41 71 42 58 38 48 37 30 17 12 61 22 35 1
7 14 60 59 74 73 19 31 6 13 33 24 15 68 45 9 20 46 72 41 71 42 58 38 48 37 30 17 12 61 22 35 1 26 67 44 52 29 63 39 64 18 25 3 8 57 50 56 23 34 49 70 51 16 43 69 75 62 4 40 36 5 47 28 10 54 11 53 66 21 2 55 32 65 27
63 39 64 18 25 3 8 57 50 56 23 34 49 70 51 16 43 69 75 62 4 40 36 5 47 28 10 54 11 53 66 21 2 55 32 65 27 7 14 60 59 74 73 19 31 6 13 33 24 15 68 45 9 20 46 72 41 71 42 58 38 48 37 30 17 12 61 22 35 1 26 67 44 52 29
19 31 6 13 33 24 15 68 45 9 20 46 72 41 71 42 58 38 48 37 30 17 12 61 22 35 1 26 67 44 52 29 63 39 64 18 25 3 8 57 50 56 23 34 49 70 51 16 43 69 75 62 4 40 36 5 47 28 10 54 11 53 66 21 2 55 32 65 27 7 14 60 59 74 73
47 28 10 54 11 53 66 21 2 55 32 65 27 7 14 60 59 74 73 19 31 6 13 33 24 15 68 45 9 20 46 72 41 71 42 58 38 48 37 30 17 12 61 22 35 1 26 67 44 52 29 63 39 64 18 25 3 8 57 50 56 23 34 49 70 51 16 43 69 75 62 4 40 36 5
37 30 17 12 61 22 35 1 26 67 44 52 29 63 39 64 18 25 3 8 57 50 56 23 34 49 70 51 16 43 69 75 62 4 40 36 5 47 28 10 54 11 53 66 21 2 55 32 65 27 7 14 60 59 74 73 19 31 6 13 33 24 15 68 45 9 20 46 72 41 71 42 58 38 48
45 9 20 46 72 41 71 42 58 38 48 37 30 17 12 61 22 35 1 26 67 44 52 29 63 39 64 18 25 3 8 57 50 56 23 34 49 70 51 16 43 69 75 62 4 40 36 5 47 28 10 54 11 53 66 21 2 55 32 65 27 7 14 60 59 74 73 19 31 6 13 33 24 15 68
61 22 35 1 26 67 44 52 29 63 39 64 18 25 3 8 57 50 56 23 34 49 70 51 16 43 69 75 62 4 40 36 5 47 28 10 54 11 53 66 21 2 55 32 65 27 7 14 60 59 74 73 19 31 6 13 33 24 15 68 45 9 20 46 72 41 71 42 58 38 48 37 30 17 12
