83 84
74 34 23 10 65 18 39 13 41 61 55 17 5 19 43 78 30 76 14 1 6 2 71 42 64 66 69 81 29 33 50 7 63 58 46 77 28 52 4 47 22 67 9 68 70 49 38 73 44 37 16 51 53 60 25 59 31 20 24 72 54 82 15 56 21 11 27 12 75 32 45 80 3 40 26 79 35 83 36 57 48 62 8
33 50 7 63 58 46 77 28 52 4 47 22 67 9 68 70 49 38 73 44 37 16 51 53 60 25 59 31 20 24 72 54 82 15 56 21 11 27 12 75 32 45 80 3 40 26 79 35 83 36 57 48 62 8 74 34 23 10 65 18 39 13 41 61 55 17 5 19 43 78 30 76 14 1 6 2 71 42 64 66 69 81 29
2 71 42 64 66 69 81 29 33 50 7 63 58 46 77 28 52 4 47 22 67 9 68 70 49 38 73 44 37 16 51 53 60 25 59 31 20 24 72 54 82 15 56 21 11 27 12 75 32 45 80 3 40 26 79 35 83 36 57 48 62 8 74 34 23 10 65 18 39 13 41 61 55 17 5 19 43 78 30 76 14 1 6
70 49 38 73 44 37 16 51 53 60 25 59 31 20 24 72 54 82 15 56 21 11 27 12 75 32 45 80 3 40 26 79 35 83 36 57 48 62 8 74 34 23 10 65 18 39 13 41 61 55 17 5 19 43 78 30 76 14 1 6 2 71 42 64 66 69 81 29 33 50 7 63 58 46 77 28 52 4 47 22 67 9 68
14 1 6 2 71 42 64 66 69 81 29 33 50 7 63 58 46 77 28 52 4 47 22 67 9 68 70 49 38 73 44 37 16 51 53 60 25 59 31 20 24 72 54 82 15 56 21 11 27 12 75 32 45 80 3 40 26 79 35 83 36 57 48 62 8 74 34 23 10 65 18 39 13 41 61 55 17 5 19 43 78 30 76
56 21 11 27 12 75 32 45 80 3 40 26 79 35 83 36 57 48 62 8 74 34 23 10 65 18 39 13 41 61 55 17 5 19 43 78 30 76 14 1 6 2 71 42 64 66 69 81 29 33 50 7 63 58 46 77 28 52 4 47 22 67 9 68 70 49 38 73 44 37 16 51 53 60 25 59 31 20 24 72 54 82 15
27 12 75 32 45 80 3 40 26 79 35 83 36 57 48 62 8 74 34 23 10 65 18 39 13 41 61 55 17 5 19 43 78 30 76 14 1 6 2 71 42 64 66 69 81 29 33 50 7 63 58 46 77 28 52 4 47 22 67 9 68 70 49 38 73 44 37 16 51 53 60 25 59 31 20 24 72 54 82 15 56 21 11
80 3 40 26 79 35 83 36 57 48 62 8 74 34 23 10 65 18 39 13 41 61 55 17 5 19 43 78 30 76 14 1 6 2 71 42 64 66 69 81 29 33 50 7 63 58 46 77 28 52 4 47 22 67 9 68 70 49 38 73 44 37 16 51 53 60 25 59 31 20 24 72 54 82 15 56 21 11 27 12 75 32 45
39 13 41 61 55 17 5 19 43 78 30 76 14 1 6 2 71 42 64 66 69 81 29 33 50 7 63 58 46 77 28 52 4 47 22 67 9 68 70 49 38 73 44 37 16 51 53 60 25 59 31 20 24 72 54 82 15 56 21 11 27 12 75 32 45 80 3 40 26 79 35 83 36 57 48 62 8 74 34 23 10 65 18
41 61 55 17 5 19 43 78 30 76 14 1 6 2 71 42 64 66 69 81 29 33 50 7 63 58 46 77 28 52 4 47 22 67 9 68 70 49 38 73 44 37 16 51 53 60 25 59 31 20 24 72 54 82 15 56 21 11 27 12 75 32 45 80 3 40 26 79 35 83 36 57 48 62 8 74 34 23 10 65 18 39 13
23 10 65 18 39 13 41 61 55 17 5 19 43 78 30 76 14 1 6 2 71 42 64 66 69 81 29 33 50 7 63 58 46 77 28 52 4 47 22 67 9 68 70 49 38 73 44 37 16 51 53 60 25 59 31 20 24 72 54 82 15 56 21 11 27 12 75 32 45 80 3 40 26 79 35 83 36 57 48 62 8 74 34
21 11 27 12 75 32 45 80 3 40 26 79 35 83 36 57 48 62 8 74 34 23 10 65 18 39 13 41 61 55 17 5 19 43 78 30 76 14 1 6 2 71 42 64 66 69 81 29 33 50 7 63 58 46 77 28 52 4 47 22 67 9 68 70 49 38 73 44 37 16 51 53 60 25 59 31 20 24 72 54 82 15 56
30 76 14 1 6 2 71 42 64 66 69 81 29 33 50 7 63 58 46 77 28 52 4 47 22 67 9 68 70 49 38 73 44 37 16 51 53 60 25 59 31 20 24 72 54 82 15 56 21 11 27 12 75 32 45 80 3 40 26 79 35 83 36 57 48 62 8 74 34 23 10 65 18 39 13 41 61 55 17 5 19 43 78
3 40 26 79 35 83 36 57 48 62 8 74 34 23 10 65 18 39 13 41 61 55 17 5 19 43 78 30 76 14 1 6 2 71 42 64 66 69 81 29 33 50 7 63 58 46 77 28 52 4 47 22 67 9 68 70 49 38 73 44 37 16 51 53 60 25 59 31 20 24 72 54 82 15 56 21 11 27 12 75 32 45 80
83 36 57 48 62 8 74 34 23 10 65 18 39 13 41 61 55 17 5 19 43 78 30 76 14 1 6 2 71 42 64 66 69 81 29 33 50 7 63 58 46 77 28 52 4 47 22 67 9 68 70 49 38 73 44 37 16 51 53 60 25 59 31 20 24 72 54 82 15 56 21 11 27 12 75 32 45 80 3 40 26 79 35
57 48 62 8 74 34 23 10 65 18 39 13 41 61 55 17 5 19 43 78 30 76 14 1 6 2 71 42 64 66 69 81 29 33 50 7 63 58 46 77 28 52 4 47 22 67 9 68 70 49 38 73 44 37 16 51 53 60 25 59 31 20 24 72 54 82 15 56 21 11 27 12 75 32 45 80 3 40 26 79 35 83 36
61 55 17 5 19 43 78 30 76 14 1 6 2 71 42 64 66 69 81 29 33 50 7 63 58 46 77 28 52 4 47 22 67 9 68 70 49 38 73 44 37 16 51 53 60 25 59 31 20 24 72 54 82 15 56 21 11 27 12 75 32 45 80 3 40 26 79 35 83 36 57 48 62 8 74 34 23 10 65 18 39 13 41
7 63 58 46 77 28 52 4 47 22 67 9 68 70 49 38 73 44 37 16 51 53 60 25 59 31 20 24 72 54 82 15 56 21 11 27 12 75 32 45 80 3 40 26 79 35 83 36 57 48 62 8 74 34 23 10 65 18 39 13 41 61 55 17 5 19 43 78 30 76 14 1 6 2 71 42 64 66 69 81 29 33 50
1 6 2 71 42 64 66 69 81 29 33 50 7 63 58 46 77 28 52 4 47 22 67 9 68 70 49 38 73 44 37 16 51 53 60 25 59 31 20 24 72 54 82 15 56 21 11 27 12 75 32 45 80 3 40 26 79 35 83 36 57 48 62 8 74 34 23 10 65 18 39 13 41 61 55 17 5 19 43 78 30 76 14
81 29 33 50 7 63 58 46 77 28 52 4 47 22 67 9 68 70 49 38 73 44 37 16 51 53 60 25 59 31 20 24 72 54 82 15 56 21 11 27 12 75 32 45 80 3 40 26 79 35 83 36 57 48 62 8 74 34 23 10 65 18 39 13 41 61 55 17 5 19 43 78 30 76 14 1 6 2 71 42 64 66 69
38 73 44 37 16 51 53 60 25 59 31 20 24 72 54 82 15 56 21 11 27 12 75 32 45 80 3 40 26 79 35 83 36 57 48 62 8 74 34 23 10 65 18 39 13 41 61 55 17 5 19 43 78 30 76 14 1 6 2 71 42 64 66 69 81 29 33 50 7 63 58 46 77 28 52 4 47 22 67 9 68 70 49
53 60 25 59 31 20 24 72 54 82 15 56 21 11 27 12 75 32 45 80 3 40 26 79 35 83 36 57 48 62 8 74 34 23 10 65 18 39 13 41 61 55 17 5 19 43 78 30 76 14 1 6 2 71 42 64 66 69 81 29 33 50 7 63 58 46 77 28 52 4 47 22 67 9 68 70 49 38 73 44 37 16 51
40 26 79 35 83 36 57 48 62 8 74 34 23 10 65 18 39 13 41 61 55 17 5 19 43 78 30 76 14 1 6 2 71 42 64 66 69 81 29 33 50 7 63 58 46 77 28 52 4 47 22 67 9 68 70 49 38 73 44 37 16 51 53 60 25 59 31 20 24 72 54 82 15 56 21 11 27 12 75 32 45 80 3
68 70 49 38 73 44 37 16 51 53 60 25 59 31 20 24 72 54 82 15 56 21 11 27 12 75 32 45 80 3 40 26 79 35 83 36 57 48 62 8 74 34 23 10 65 18 39 13 41 61 55 17 5 19 43 78 30 76 14 1 6 2 71 42 64 66 69 81 29 33 50 7 63 58 46 77 28 52 4 47 22 67 9
75 32 45 80 3 40 26 79 35 83 36 57 48 62 8 74 34 23 10 65 18 39 13 41 61 55 17 5 19 43 78 30 76 14 1 6 2 71 42 64 66 69 81 29 33 50 7 63 58 46 77 28 52 4 47 22 67 9 68 70 49 38 73 44 37 16 51 53 60 25 59 31 20 24 72 54 82 15 56 21 11 27 12
77 28 52 4 47 22 67 9 68 70 49 38 73 44 37 16 51 53 60 25 59 31 20 24 72 54 82 15 56 21 11 27 12 75 32 45 80 3 40 26 79 35 83 36 57 48 62 8 74 34 23 10 65 18 39 13 41 61 55 17 5 19 43 78 30 76 14 1 6 2 71 42 64 66 69 81 29 33 50 7 63 58 46
48 62 8 74 34 23 10 65 18 39 13 41 61 55 17 5 19 43 78 30 76 14 1 6 2 71 42 64 66 69 81 29 33 50 7 63 58 46 77 28 52 4 47 22 67 9 68 70 49 38 73 44 37 16 51 53 60 25 59 31 20 24 72 54 82 15 56 21 11 27 12 75 32 45 80 3 40 26 79 35 83 36 57
71 42 64 66 69 81 29 33 50 7 63 58 46 77 28 52 4 47 22 67 9 68 70 49 38 73 44 37 16 51 53 60 25 59 31 20 24 72 54 82 15 56 21 11 27 12 75 32 45 80 3 40 26 79 35 83 36 57 48 62 8 74 34 23 10 65 18 39 13 41 61 55 17 5 19 43 78 30 76 14 1 6 2
59 31 20 24 72 54 82 15 56 21 11 27 12 75 32 45 80 3 40 26 79 35 83 36 57 48 62 8 74 34 23 10 65 18 39 13 41 61 55 17 5 19 43 78 30 76 14 1 6 2 71 42 64 66 69 81 29 33 50 7 63 58 46 77 28 52 4 47 22 67 9 68 70 49 38 73 44 37 16 51 53 60 25
9 68 70 49 38 73 44 37 16 51 53 60 25 59 31 20 24 72 54 82 15 56 21 11 27 12 75 32 45 80 3 40 26 79 35 83 36 57 48 62 8 74 34 23 10 65 18 39 13 41 61 55 17 5 19 43 78 30 76 14 1 6 2 71 42 64 66 69 81 29 33 50 7 63 58 46 77 28 52 4 47 22 67
42 64 66 69 81 29 33 50 7 63 58 46 77 28 52 4 47 22 67 9 68 70 49 38 73 44 37 16 51 53 60 25 59 31 20 24 72 54 82 15 56 21 11 27 12 75 32 45 80 3 40 26 79 35 83 36 57 48 62 8 74 34 23 10 65 18 39 13 41 61 55 17 5 19 43 78 30 76 14 1 6 2 71
64 66 69 81 29 33 50 7 63 58 46 77 28 52 4 47 22 67 9 68 70 49 38 73 44 37 16 51 53 60 25 59 31 20 24 72 54 82 15 56 21 11 27 12 75 32 45 80 3 40 26 79 35 83 36 57 48 62 8 74 34 23 10 65 18 39 13 41 61 55 17 5 19 43 78 30 76 14 1 6 2 71 42
2 71 42 64 66 69 81 29 33 50 7 63 58 46 77 28 52 4 47 22 67 9 68 70 49 38 73 44 37 16 51 53 60 25 59 31 20 24 72 54 82 15 56 21 11 27 12 75 32 45 80 3 40 26 79 35 83 36 57 48 62 8 74 34 23 10 65 18 39 13 41 61 55 17 5 19 43 78 30 76 14 1 6
20 24 72 54 82 15 56 21 11 27 12 75 32 45 80 3 40 26 79 35 83 36 57 48 62 8 74 34 23 10 65 18 39 13 41 61 55 17 5 19 43 78 30 76 14 1 6 2 71 42 64 66 69 81 29 33 50 7 63 58 46 77 28 52 4 47 22 67 9 68 70 49 38 73 44 37 16 51 53 60 25 59 31
19 43 78 30 76 14 1 6 2 71 42 64 66 69 81 29 33 50 7 63 58 46 77 28 52 4 47 22 67 9 68 70 49 38 73 44 37 16 51 53 60 25 59 31 20 24 72 54 82 15 56 21 11 27 12 75 32 45 80 3 40 26 79 35 83 36 57 48 62 8 74 34 23 10 65 18 39 13 41 61 55 17 5
10 65 18 39 13 41 61 55 17 5 19 43 78 30 76 14 1 6 2 71 42 64 66 69 81 29 33 50 7 63 58 46 77 28 52 4 47 22 67 9 68 70 49 38 73 44 37 16 51 53 60 25 59 31 20 24 72 54 82 15 56 21 11 27 12 75 32 45 80 3 40 26 79 35 83 36 57 48 62 8 74 34 23
35 83 36 57 48 62 8 74 34 23 10 65 18 39 13 41 61 55 17 5 19 43 78 30 76 14 1 6 2 71 42 64 66 69 81 29 33 50 7 63 58 46 77 28 52 4 47 22 67 9 68 70 49 38 73 44 37 16 51 53 60 25 59 31 20 24 72 54 82 15 56 21 11 27 12 75 32 45 80 3 40 26 79
18 39 13 41 61 55 17 5 19 43 78 30 76 14 1 6 2 71 42 64 66 69 81 29 33 50 7 63 58 46 77 28 52 4 47 22 67 9 68 70 49 38 73 44 37 16 51 53 60 25 59 31 20 24 72 54 82 15 56 21 11 27 12 75 32 45 80 3 40 26 79 35 83 36 57 48 62 8 74 34 23 10 65
8 74 34 23 10 65 18 39 13 41 61 55 17 5 19 43 78 30 76 14 1 6 2 71 42 64 66 69 81 29 33 50 7 63 58 46 77 28 52 4 47 22 67 9 68 70 49 38 73 44 37 16 51 53 60 25 59 31 20 24 72 54 82 15 56 21 11 27 12 75 32 45 80 3 40 26 79 35 83 36 57 48 62
45 80 3 40 26 79 35 83 36 57 48 62 8 74 34 23 10 65 18 39 13 41 61 55 17 5 19 43 78 30 76 14 1 6 2 71 42 64 66 69 81 29 33 50 7 63 58 46 77 28 52 4 47 22 67 9 68 70 49 38 73 44 37 16 51 53 60 25 59 31 20 24 72 54 82 15 56 21 11 27 12 75 32
29 33 50 7 63 58 46 77 28 52 4 47 22 67 9 68 70 49 38 73 44 37 16 51 53 60 25 59 31 20 24 72 54 82 15 56 21 11 27 12 75 32 45 80 3 40 26 79 35 83 36 57 48 62 8 74 34 23 10 65 18 39 13 41 61 55 17 5 19 43 78 30 76 14 1 6 2 71 42 64 66 69 81
67 9 68 70 49 38 73 44 37 16 51 53 60 25 59 31 20 24 72 54 82 15 56 21 11 27 12 75 32 45 80 3 40 26 79 35 83 36 57 48 62 8 74 34 23 10 65 18 39 13 41 61 55 17 5 19 43 78 30 76 14 1 6 2 71 42 64 66 69 81 29 33 50 7 63 58 46 77 28 52 4 47 22
58 46 77 28 52 4 47 22 67 9 68 70 49 38 73 44 37 16 51 53 60 25 59 31 20 24 72 54 82 15 56 21 11 27 12 75 32 45 80 3 40 26 79 35 83 36 57 48 62 8 74 34 23 10 65 18 39 13 41 61 55 17 5 19 43 78 30 76 14 1 6 2 71 42 64 66 69 81 29 33 50 7 63
44 37 16 51 53 60 25 59 31 20 24 72 54 82 15 56 21 11 27 12 75 32 45 80 3 40 26 79 35 83 36 57 48 62 8 74 34 23 10 65 18 39 13 41 61 55 17 5 19 43 78 30 76 14 1 6 2 71 42 64 66 69 81 29 33 50 7 63 58 46 77 28 52 4 47 22 67 9 68 70 49 38 73
60 25 59 31 20 24 72 54 82 15 56 21 11 27 12 75 32 45 80 3 40 26 79 35 83 36 57 48 62 8 74 34 23 10 65 18 39 13 41 61 55 17 5 19 43 78 30 76 14 1 6 2 71 42 64 66 69 81 29 33 50 7 63 58 46 77 28 52 4 47 22 67 9 68 70 49 38 73 44 37 16 51 53
43 78 30 76 14 1 6 2 71 42 64 66 69 81 29 33 50 7 63 58 46 77 28 52 4 47 22 67 9 68 70 49 38 73 44 37 16 51 53 60 25 59 31 20 24 72 54 82 15 56 21 11 27 12 75 32 45 80 3 40 26 79 35 83 36 57 48 62 8 74 34 23 10 65 18 39 13 41 61 55 17 5 19
78 30 76 14 1 6 2 71 42 64 66 69 81 29 33 50 7 63 58 46 77 28 52 4 47 22 67 9 68 70 49 38 73 44 37 16 51 53 60 25 59 31 20 24 72 54 82 15 56 21 11 27 12 75 32 45 80 3 40 26 79 35 83 36 57 48 62 8 74 34 23 10 65 18 39 13 41 61 55 17 5 19 43
55 17 5 19 43 78 30 76 14 1 6 2 71 42 64 66 69 81 29 33 50 7 63 58 46 77 28 52 4 47 22 67 9 68 70 49 38 73 44 37 16 51 53 60 25 59 31 20 24 72 54 82 15 56 21 11 27 12 75 32 45 80 3 40 26 79 35 83 36 57 48 62 8 74 34 23 10 65 18 39 13 41 61
73 44 37 16 51 53 60 25 59 31 20 24 72 54 82 15 56 21 11 27 12 75 32 45 80 3 40 26 79 35 83 36 57 48 62 8 74 34 23 10 65 18 39 13 41 61 55 17 5 19 43 78 30 76 14 1 6 2 71 42 64 66 69 81 29 33 50 7 63 58 46 77 28 52 4 47 22 67 9 68 70 49 38
28 52 4 47 22 67 9 68 70 49 38 73 44 37 16 51 53 60 25 59 31 20 24 72 54 82 15 56 21 11 27 12 75 32 45 80 3 40 26 79 35 83 36 57 48 62 8 74 34 23 10 65 18 39 13 41 61 55 17 5 19 43 78 30 76 14 1 6 2 71 42 64 66 69 81 29 33 50 7 63 58 46 77
4 47 22 67 9 68 70 49 38 73 44 37 16 51 53 60 25 59 31 20 24 72 54 82 15 56 21 11 27 12 75 32 45 80 3 40 26 79 35 83 36 57 48 62 8 74 34 23 10 65 18 39 13 41 61 55 17 5 19 43 78 30 76 14 1 6 2 71 42 64 66 69 81 29 33 50 7 63 58 46 77 28 52
46 77 28 52 4 47 22 67 9 68 70 49 38 73 44 37 16 51 53 60 25 59 31 20 24 72 54 82 15 56 21 11 27 12 75 32 45 80 3 40 26 79 35 83 36 57 48 62 8 74 34 23 10 65 18 39 13 41 61 55 17 5 19 43 78 30 76 14 1 6 2 71 42 64 66 69 81 29 33 50 7 63 58
63 58 46 77 28 52 4 47 22 67 9 68 70 49 38 73 44 37 16 51 53 60 25 59 31 20 24 72 54 82 15 56 21 11 27 12 75 32 45 80 3 40 26 79 35 83 36 57 48 62 8 74 34 23 10 65 18 39 13 41 61 55 17 5 19 43 78 30 76 14 1 6 2 71 42 64 66 69 81 29 33 50 7
34 23 10 65 18 39 13 41 61 55 17 5 19 43 78 30 76 14 1 6 2 71 42 64 66 69 81 29 33 50 7 63 58 46 77 28 52 4 47 22 67 9 68 70 49 38 73 44 37 16 51 53 60 25 59 31 20 24 72 54 82 15 56 21 11 27 12 75 32 45 80 3 40 26 79 35 83 36 57 48 62 8 74
50 7 63 58 46 77 28 52 4 47 22 67 9 68 70 49 38 73 44 37 16 51 53 60 25 59 31 20 24 72 54 82 15 56 21 11 27 12 75 32 45 80 3 40 26 79 35 83 36 57 48 62 8 74 34 23 10 65 18 39 13 41 61 55 17 5 19 43 78 30 76 14 1 6 2 71 42 64 66 69 81 29 33
17 5 19 43 78 30 76 14 1 6 2 71 42 64 66 69 81 29 33 50 7 63 58 46 77 28 52 4 47 22 67 9 68 70 49 38 73 44 37 16 51 53 60 25 59 31 20 24 72 54 82 15 56 21 11 27 12 75 32 45 80 3 40 26 79 35 83 36 57 48 62 8 74 34 23 10 65 18 39 13 41 61 55
16 51 53 60 25 59 31 20 24 72 54 82 15 56 21 11 27 12 75 32 45 80 3 40 26 79 35 83 36 57 48 62 8 74 34 23 10 65 18 39 13 41 61 55 17 5 19 43 78 30 76 14 1 6 2 71 42 64 66 69 81 29 33 50 7 63 58 46 77 28 52 4 47 22 67 9 68 70 49 38 73 44 37
26 79 35 83 36 57 48 62 8 74 34 23 10 65 18 39 13 41 61 55 17 5 19 43 78 30 76 14 1 6 2 71 42 64 66 69 81 29 33 50 7 63 58 46 77 28 52 4 47 22 67 9 68 70 49 38 73 44 37 16 51 53 60 25 59 31 20 24 72 54 82 15 56 21 11 27 12 75 32 45 80 3 40
24 72 54 82 15 56 21 11 27 12 75 32 45 80 3 40 26 79 35 83 36 57 48 62 8 74 34 23 10 65 18 39 13 41 61 55 17 5 19 43 78 30 76 14 1 6 2 71 42 64 66 69 81 29 33 50 7 63 58 46 77 28 52 4 47 22 67 9 68 70 49 38 73 44 37 16 51 53 60 25 59 31 20
31 20 24 72 54 82 15 56 21 11 27 12 75 32 45 80 3 40 26 79 35 83 36 57 48 62 8 74 34 23 10 65 18 39 13 41 61 55 17 5 19 43 78 30 76 14 1 6 2 71 42 64 66 69 81 29 33 50 7 63 58 46 77 28 52 4 47 22 67 9 68 70 49 38 73 44 37 16 51 53 60 25 59
36 57 48 62 8 74 34 23 10 65 18 39 13 41 61 55 17 5 19 43 78 30 76 14 1 6 2 71 42 64 66 69 81 29 33 50 7 63 58 46 77 28 52 4 47 22 67 9 68 70 49 38 73 44 37 16 51 53 60 25 59 31 20 24 72 54 82 15 56 21 11 27 12 75 32 45 80 3 40 26 79 35 83
13 41 61 55 17 5 19 43 78 30 76 14 1 6 2 71 42 64 66 69 81 29 33 50 7 63 58 46 77 28 52 4 47 22 67 9 68 70 49 38 73 44 37 16 51 53 60 25 59 31 20 24 72 54 82 15 56 21 11 27 12 75 32 45 80 3 40 26 79 35 83 36 57 48 62 8 74 34 23 10 65 18 39
79 35 83 36 57 48 62 8 74 34 23 10 65 18 39 13 41 61 55 17 5 19 43 78 30 76 14 1 6 2 71 42 64 66 69 81 29 33 50 7 63 58 46 77 28 52 4 47 22 67 9 68 70 49 38 73 44 37 16 51 53 60 25 59 31 20 24 72 54 82 15 56 21 11 27 12 75 32 45 80 3 40 26
22 67 9 68 70 49 38 73 44 37 16 51 53 60 25 59 31 20 24 72 54 82 15 56 21 11 27 12 75 32 45 80 3 40 26 79 35 83 36 57 48 62 8 74 34 23 10 65 18 39 13 41 61 55 17 5 19 43 78 30 76 14 1 6 2 71 42 64 66 69 81 29 33 50 7 63 58 46 77 28 52 4 47
62 8 74 34 23 10 65 18 39 13 41 61 55 17 5 19 43 78 30 76 14 1 6 2 71 42 64 66 69 81 29 33 50 7 63 58 46 77 28 52 4 47 22 67 9 68 70 49 38 73 44 37 16 51 53 60 25 59 31 20 24 72 54 82 15 56 21 11 27 12 75 32 45 80 3 40 26 79 35 83 36 57 48
51 53 60 25 59 31 20 24 72 54 82 15 56 21 11 27 12 75 32 45 80 3 40 26 79 35 83 36 57 48 62 8 74 34 23 10 65 18 39 13 41 61 55 17 5 19 43 78 30 76 14 1 6 2 71 42 64 66 69 81 29 33 50 7 63 58 46 77 28 52 4 47 22 67 9 68 70 49 38 73 44 37 16
12 75 32 45 80 3 40 26 79 35 83 36 57 48 62 8 74 34 23 10 65 18 39 13 41 61 55 17 5 19 43 78 30 76 14 1 6 2 71 42 64 66 69 81 29 33 50 7 63 58 46 77 28 52 4 47 22 67 9 68 70 49 38 73 44 37 16 51 53 60 25 59 31 20 24 72 54 82 15 56 21 11 27
15 56 21 11 27 12 75 32 45 80 3 40 26 79 35 83 36 57 48 62 8 74 34 23 10 65 18 39 13 41 61 55 17 5 19 43 78 30 76 14 1 6 2 71 42 64 66 69 81 29 33 50 7 63 58 46 77 28 52 4 47 22 67 9 68 70 49 38 73 44 37 16 51 53 60 25 59 31 20 24 72 54 82
11 27 12 75 32 45 80 3 40 26 79 35 83 36 57 48 62 8 74 34 23 10 65 18 39 13 41 61 55 17 5 19 43 78 30 76 14 1 6 2 71 42 64 66 69 81 29 33 50 7 63 58 46 77 28 52 4 47 22 67 9 68 70 49 38 73 44 37 16 51 53 60 25 59 31 20 24 72 54 82 15 56 21
65 18 39 13 41 61 55 17 5 19 43 78 30 76 14 1 6 2 71 42 64 66 69 81 29 33 50 7 63 58 46 77 28 52 4 47 22 67 9 68 70 49 38 73 44 37 16 51 53 60 25 59 31 20 24 72 54 82 15 56 21 11 27 12 75 32 45 80 3 40 26 79 35 83 36 57 48 62 8 74 34 23 10
76 14 1 6 2 71 42 64 66 69 81 29 33 50 7 63 58 46 77 28 52 4 47 22 67 9 68 70 49 38 73 44 37 16 51 53 60 25 59 31 20 24 72 54 82 15 56 21 11 27 12 75 32 45 80 3 40 26 79 35 83 36 57 48 62 8 74 34 23 10 65 18 39 13 41 61 55 17 5 19 43 78 30
66 69 81 29 33 50 7 63 58 46 77 28 52 4 47 22 67 9 68 70 49 38 73 44 37 16 51 53 60 25 59 31 20 24 72 54 82 15 56 21 11 27 12 75 32 45 80 3 40 26 79 35 83 36 57 48 62 8 74 34 23 10 65 18 39 13 41 61 55 17 5 19 43 78 30 76 14 1 6 2 71 42 64
82 15 56 21 11 27 12 75 32 45 80 3 40 26 79 35 83 36 57 48 62 8 74 34 23 10 65 18 39 13 41 61 55 17 5 19 43 78 30 76 14 1 6 2 71 42 64 66 69 81 29 33 50 7 63 58 46 77 28 52 4 47 22 67 9 68 70 49 38 73 44 37 16 51 53 60 25 59 31 20 24 72 54
49 38 73 44 37 16 51 53 60 25 59 31 20 24 72 54 82 15 56 21 11 27 12 75 32 45 80 3 40 26 79 35 83 36 57 48 62 8 74 34 23 10 65 18 39 13 41 61 55 17 5 19 43 78 30 76 14 1 6 2 71 42 64 66 69 81 29 33 50 7 63 58 46 77 28 52 4 47 22 67 9 68 70
6 2 71 42 64 66 69 81 29 33 50 7 63 58 46 77 28 52 4 47 22 67 9 68 70 49 38 73 44 37 16 51 53 60 25 59 31 20 24 72 54 82 15 56 21 11 27 12 75 32 45 80 3 40 26 79 35 83 36 57 48 62 8 74 34 23 10 65 18 39 13 41 61 55 17 5 19 43 78 30 76 14 1
5 19 43 78 30 76 14 1 6 2 71 42 64 66 69 81 29 33 50 7 63 58 46 77 28 52 4 47 22 67 9 68 70 49 38 73 44 37 16 51 53 60 25 59 31 20 24 72 54 82 15 56 21 11 27 12 75 32 45 80 3 40 26 79 35 83 36 57 48 62 8 74 34 23 10 65 18 39 13 41 61 55 17
72 54 82 15 56 21 11 27 12 75 32 45 80 3 40 26 79 35 83 36 57 48 62 8 74 34 23 10 65 18 39 13 41 61 55 17 5 19 43 78 30 76 14 1 6 2 71 42 64 66 69 81 29 33 50 7 63 58 46 77 28 52 4 47 22 67 9 68 70 49 38 73 44 37 16 51 53 60 25 59 31 20 24
25 59 31 20 24 72 54 82 15 56 21 11 27 12 75 32 45 80 3 40 26 79 35 83 36 57 48 62 8 74 34 23 10 65 18 39 13 41 61 55 17 5 19 43 78 30 76 14 1 6 2 71 42 64 66 69 81 29 33 50 7 63 58 46 77 28 52 4 47 22 67 9 68 70 49 38 73 44 37 16 51 53 60
69 81 29 33 50 7 63 58 46 77 28 52 4 47 22 67 9 68 70 49 38 73 44 37 16 51 53 60 25 59 31 20 24 72 54 82 15 56 21 11 27 12 75 32 45 80 3 40 26 79 35 83 36 57 48 62 8 74 34 23 10 65 18 39 13 41 61 55 17 5 19 43 78 30 76 14 1 6 2 71 42 64 66
47 22 67 9 68 70 49 38 73 44 37 16 51 53 60 25 59 31 20 24 72 54 82 15 56 21 11 27 12 75 32 45 80 3 40 26 79 35 83 36 57 48 62 8 74 34 23 10 65 18 39 13 41 61 55 17 5 19 43 78 30 76 14 1 6 2 71 42 64 66 69 81 29 33 50 7 63 58 46 77 28 52 4
32 45 80 3 40 26 79 35 83 36 57 48 62 8 74 34 23 10 65 18 39 13 41 61 55 17 5 19 43 78 30 76 14 1 6 2 71 42 64 66 69 81 29 33 50 7 63 58 46 77 28 52 4 47 22 67 9 68 70 49 38 73 44 37 16 51 53 60 25 59 31 20 24 72 54 82 15 56 21 11 27 12 75
52 4 47 22 67 9 68 70 49 38 73 44 37 16 51 53 60 25 59 31 20 24 72 54 82 15 56 21 11 27 12 75 32 45 80 3 40 26 79 35 83 36 57 48 62 8 74 34 23 10 65 18 39 13 41 61 55 17 5 19 43 78 30 76 14 1 6 2 71 42 64 66 69 81 29 33 50 7 63 58 46 77 28
54 82 15 56 21 11 27 12 75 32 45 80 3 40 26 79 35 83 36 57 48 62 8 74 34 23 10 65 18 39 13 41 61 55 17 5 19 43 78 30 76 14 1 6 2 71 42 64 66 69 81 29 33 50 7 63 58 46 77 28 52 4 47 22 67 9 68 70 49 38 73 44 37 16 51 53 60 25 59 31 20 24 72
37 16 51 53 60 25 59 31 20 24 72 54 82 15 56 21 11 27 12 75 32 45 80 3 40 26 79 35 83 36 57 48 62 8 74 34 23 10 65 18 39 13 41 61 55 17 5 19 43 78 30 76 14 1 6 2 71 42 64 66 69 81 29 33 50 7 63 58 46 77 28 52 4 47 22 67 9 68 70 49 38 73 44
