8 13
7 14 4 13 10 2 9 5 11 8 16 12 3 6 1 15
11 5 7 3 10 4 12 16 6 2 14 9 8 1 15 13
3 9 16 13 1 11 15 2 12 5 8 6 14 10 4 7
4 6 1 10 15 11 5 7 16 13 3 9 14 8 12 2
8 4 13 7 14 3 12 2 1 5 9 16 10 11 6 15
4 1 2 9 16 13 6 14 15 12 7 3 5 8 10 11
14 16 4 2 10 12 6 1 8 9 3 15 11 5 7 13
16 2 15 3 9 14 8 4 11 7 5 10 1 13 6 12
3 7 4 1 16 12 2 6 9 11 8 5 13 10 14 15
3 12 8 9 10 1 5 11 6 16 2 14 4 7 15 13
12 11 5 7 9 8 13 6 16 4 3 1 2 14 10 15
3 15 9 16 7 13 12 10 5 8 1 4 11 2 14 6
7 13 10 5 3 15 4 11 12 1 2 14 16 9 8 6
