8 14
7 12 5 4 14 13 15 8 6 16 2 1 9 3 10 11
16 4 2 15 1 11 5 3 12 6 9 14 8 13 7 10
12 2 15 9 5 6 8 10 7 4 13 1 14 11 16 3
16 8 7 4 12 3 6 11 15 9 1 14 2 10 5 13
1 10 12 13 9 15 16 6 14 5 3 11 4 7 8 2
14 3 16 15 10 7 5 12 6 8 2 1 13 9 11 4
7 10 3 12 16 15 8 4 5 6 1 11 2 14 9 13
7 11 4 3 8 1 2 9 6 14 13 5 10 15 16 12
10 3 2 8 13 15 11 1 16 14 4 12 7 5 6 9
13 4 9 6 15 1 3 12 7 11 2 8 10 14 16 5
12 8 10 6 15 7 9 13 11 14 3 16 2 4 5 1
8 9 15 5 4 13 12 3 7 14 10 11 6 2 16 1
6 12 11 5 4 9 3 8 15 10 14 2 13 16 7 1
5 11 3 6 15 13 2 1 8 14 7 10 4 9 12 16
