40 9
49 12 53 64 74 77 43 20 40 60 45 26 29 37 14 31 22 51 32 61 34 3 58 24 76 72 44 80 50 15 52 21 55 10 7 39 69 65 78 13 19 70 57 62 1 27 47 38 63 41 28 36 79 23 75 25 9 66 4 54 2 11 67 68 73 17 33 16 46 71 6 59 42 18 35 48 5 8 56 30
48 73 79 15 71 12 58 70 28 74 54 10 5 67 21 16 44 51 46 8 75 50 72 52 38 17 20 64 7 63 11 27 34 56 66 26 35 62 39 30 76 37 14 42 80 1 18 29 33 3 9 49 40 25 59 47 31 24 61 22 65 77 4 68 41 55 78 19 53 45 57 23 6 43 13 36 69 2 60 32
15 68 28 50 57 9 54 33 16 58 31 38 34 73 65 78 47 25 19 42 32 62 22 20 39 55 74 2 64 14 51 76 44 12 10 48 37 75 80 30 45 43 60 77 5 36 4 52 6 27 46 79 71 35 26 11 3 61 1 29 24 66 53 67 59 63 17 72 18 69 70 56 13 21 49 23 7 8 41 40
80 57 61 7 15 20 47 77 6 51 21 42 59 5 23 10 69 65 74 22 68 11 79 36 18 8 17 44 62 54 52 43 28 55 63 76 40 45 12 37 60 26 30 24 73 72 34 25 2 48 35 67 32 13 16 75 33 29 1 66 64 46 31 53 56 38 78 27 71 70 39 3 41 49 9 50 58 4 19 14
56 66 74 10 1 76 60 49 31 58 61 30 9 29 41 27 22 26 20 4 35 68 75 33 5 63 8 47 79 69 3 73 36 53 16 15 67 55 7 11 17 62 64 54 32 46 52 19 42 44 12 25 51 18 28 72 70 23 48 50 78 38 14 40 57 6 77 37 71 65 21 39 59 80 2 34 45 24 43 13
56 8 16 57 40 71 75 54 22 60 61 18 28 1 7 53 19 45 49 23 46 35 25 5 68 52 63 59 65 66 44 6 9 73 10 12 58 36 14 79 31 17 20 62 74 69 42 76 55 41 43 24 32 21 51 67 29 80 34 70 37 27 11 77 64 13 4 2 39 72 15 33 78 47 30 48 3 38 50 26
54 30 59 37 77 1 3 4 35 55 31 9 15 20 32 26 45 61 69 50 25 23 7 24 58 47 28 8 41 62 57 33 43 5 19 71 80 78 73 18 70 39 67 76 48 34 12 11 29 40 79 16 2 27 75 14 17 10 36 52 68 64 22 51 44 65 72 21 60 56 13 74 63 6 53 66 49 38 42 46
24 66 10 52 65 19 64 62 74 56 37 38 78 2 57 50 72 3 12 25 7 29 55 5 40 33 36 17 79 31 8 23 6 71 46 59 26 69 41 20 67 27 77 75 73 11 22 58 80 9 30 43 51 42 61 49 70 14 44 47 39 4 48 32 21 53 68 45 16 34 35 18 76 1 63 54 60 15 28 13
18 56 71 75 41 46 42 40 79 37 34 76 48 12 35 28 2 45 10 65 32 11 7 6 24 15 72 52 64 36 78 54 68 22 51 69 57 33 53 43 20 29 61 8 47 38 60 23 14 5 62 16 80 9 19 3 67 21 27 59 25 77 55 1 58 63 70 44 73 17 31 50 74 4 13 66 30 49 26 39
