63 9
43 84 7 48 73 9 125 24 17 41 27 100 8 103 49 123 117 72 89 56 50 83 16 55 82 21 63 33 30 39 121 86 10 14 40 120 47 5 2 87 53 124 65 11 6 71 20 19 42 76 96 101 59 114 64 57 67 85 98 46 62 75 34 80 60 74 32 29 79 110 22 90 18 4 102 68 36 97 118 45 126 104 26 70 12 88 51 3 69 116 31 66 28 112 122 81 25 61 92 105 77 119 95 106 52 93 37 111 1 99 115 13 44 38 54 35 58 15 108 94 113 23 109 78 91 107
20 126 39 49 93 12 82 51 8 10 7 112 33 69 25 75 67 125 65 9 14 83 41 11 77 2 3 62 24 57 109 123 61 47 40 78 42 6 5 88 15 121 71 31 38 72 23 28 17 105 70 108 37 73 79 56 64 66 91 18 60 113 44 74 35 119 19 27 76 114 54 115 13 4 124 84 36 118 120 22 96 97 1 86 29 98 53 59 122 85 46 80 52 99 94 117 26 63 106 89 104 81 103 92 34 68 58 100 21 102 87 30 32 43 50 16 45 48 110 107 116 55 95 90 101 111
31 124 37 12 74 46 111 53 33 59 14 105 18 73 17 121 75 65 64 11 2 90 48 40 99 34 60 55 9 49 114 69 8 15 30 117 27 63 32 84 23 81 104 16 50 125 35 61 28 83 91 107 39 110 77 29 116 100 118 7 38 120 47 89 54 106 57 5 82 126 25 96 41 13 71 78 43 72 101 10 67 98 19 115 51 108 62 24 122 95 42 109 20 85 103 119 44 22 113 68 97 112 80 92 6 93 52 88 3 102 123 36 21 26 58 1 4 45 76 87 86 56 94 66 70 79
5 102 61 30 104 3 91 15 2 40 44 99 39 92 62 115 66 109 95 31 9 100 23 7 84 1 56 12 6 25 98 83 43 27 49 103 37 17 47 71 4 78 96 33 58 90 13 51 26 126 118 105 50 76 65 22 81 120 68 24 60 97 52 86 19 85 35 29 113 106 42 82 36 41 77 122 18 119 67 46 72 80 32 123 16 70 20 63 64 93 34 111 21 69 112 89 28 45 88 108 79 107 75 125 8 94 14 114 38 117 116 53 59 10 54 11 55 57 87 74 101 48 73 121 110 124
60 76 2 25 64 58 92 20 41 46 55 119 13 114 10 98 109 113 97 51 8 118 45 16 82 15 50 18 57 12 126 102 37 9 32 90 49 62 53 84 17 94 73 52 24 111 61 34 6 87 88 116 47 72 67 63 71 75 99 19 1 69 33 70 36 91 4 28 85 107 43 103 42 29 66 89 27 112 120 44 83 100 59 95 26 105 54 40 123 68 56 74 23 86 108 104 48 21 115 124 110 121 81 122 22 78 11 79 7 77 65 5 30 35 39 31 38 3 117 125 93 14 101 96 80 106
60 98 40 41 72 2 112 15 36 1 32 76 42 105 16 82 65 77 117 10 49 111 12 11 103 26 55 13 34 24 126 68 5 35 43 74 61 37 48 78 8 107 86 14 57 110 38 58 50 108 125 120 23 87 91 63 85 102 119 7 52 89 59 97 22 67 18 4 99 94 6 79 51 21 95 93 31 69 100 17 113 106 29 92 30 80 3 45 84 116 54 75 9 121 66 114 47 56 109 83 71 90 70 81 39 115 44 88 28 73 101 33 53 20 25 62 27 19 64 104 118 46 124 96 122 123
25 87 56 54 66 39 101 9 11 28 23 97 62 125 33 118 95 85 77 29 14 76 22 19 67 3 48 31 2 43 96 78 60 21 4 124 17 41 42 105 20 100 126 40 24 71 30 7 27 81 88 117 18 102 113 47 111 110 89 6 58 70 50 72 8 121 51 12 69 75 53 106 61 13 74 84 44 119 90 46 94 91 34 112 15 120 37 36 82 107 32 116 5 79 80 93 55 38 65 115 68 122 99 108 1 64 57 73 52 114 123 45 16 59 49 26 63 35 83 103 92 10 86 109 104 98
24 90 40 10 87 14 89 28 47 27 58 97 21 79 15 68 88 85 103 3 34 73 57 59 124 60 8 55 30 12 113 95 38 62 11 74 63 20 41 75 29 98 105 54 42 117 46 4 44 119 107 82 52 99 126 43 83 125 116 2 51 81 13 70 17 100 5 7 115 101 22 112 56 49 92 76 53 94 102 45 66 77 61 120 37 91 33 18 108 114 35 118 32 86 111 123 31 16 122 71 104 78 93 96 19 84 26 110 23 72 64 36 1 6 9 25 50 39 69 109 65 48 80 67 106 121
51 85 33 38 108 49 90 9 37 25 4 101 53 106 48 87 94 98 81 29 60 114 21 35 76 16 62 28 10 24 64 93 18 55 8 80 32 14 3 103 58 69 116 30 50 92 19 42 15 77 75 70 17 91 89 6 97 95 74 59 27 110 46 84 13 123 31 39 125 66 54 126 12 57 112 104 47 78 109 36 111 107 2 100 1 96 45 23 113 119 34 124 20 99 73 122 5 7 120 65 121 117 82 79 43 83 44 118 41 105 115 52 26 63 22 11 61 56 72 88 68 40 86 102 71 67
