27 12
22 3 28 45 14 23 44 34 12 10 47 31 53 5 17 25 13 37 42 27 36 39 54 51 7 46 30 35 20 19 11 38 18 41 43 32 33 4 40 15 26 8 16 21 52 29 2 50 48 1 24 9 49 6
16 10 37 40 12 22 50 29 14 30 45 48 41 8 25 17 6 33 31 9 39 36 43 53 23 49 47 38 11 4 20 34 26 54 7 35 28 18 44 21 3 15 13 1 52 42 24 46 32 19 2 27 51 5
1 26 28 39 15 20 40 36 23 8 38 49 41 7 4 24 22 35 46 17 32 29 45 43 19 34 51 31 11 18 2 44 10 52 50 53 48 14 30 9 6 27 25 16 42 37 5 33 47 21 13 3 54 12
8 4 42 43 22 15 44 50 24 20 40 32 31 18 9 23 25 49 52 7 45 54 46 38 11 36 39 53 6 1 26 51 3 41 33 28 47 13 30 2 21 12 5 19 29 34 16 48 35 10 27 17 37 14
25 14 29 30 17 1 33 50 21 23 44 48 34 2 9 3 16 52 35 22 47 37 32 28 24 42 38 54 10 12 26 45 7 41 46 40 39 15 36 6 13 20 5 19 49 31 4 53 43 11 27 18 51 8
14 4 32 47 11 13 29 54 15 3 40 43 34 22 23 1 5 45 49 17 31 37 28 30 26 44 38 51 21 9 7 53 18 39 35 46 41 16 33 25 12 8 20 19 42 48 10 36 50 24 27 2 52 6
17 1 37 50 11 9 34 52 23 21 53 46 31 2 18 16 25 41 40 4 30 39 49 33 27 42 29 48 10 20 7 36 8 43 54 45 47 14 44 26 24 3 5 13 51 38 15 28 32 12 22 19 35 6
19 15 40 44 3 27 50 37 13 9 54 38 32 16 18 23 7 31 49 6 39 52 34 29 5 53 33 36 8 20 14 42 2 30 41 28 51 22 48 17 24 11 21 10 35 45 4 43 46 26 12 25 47 1
20 15 30 32 25 23 44 49 22 18 51 38 37 10 5 21 6 52 35 1 28 47 53 43 11 36 54 40 7 13 14 31 48 46 29 45 39 8 33 19 16 17 27 4 50 34 9 41 3 24 12 26 42 2
18 24 54 51 4 8 43 53 16 14 45 33 46 9 11 6 25 31 38 26 47 52 40 49 23 32 2 36 1 10 21 29 12 34 42 50 28 17 30 7 15 22 19 27 37 35 20 39 48 44 13 3 41 5
27 3 45 33 22 26 51 40 1 4 53 43 32 7 12 15 16 36 47 13 49 35 44 48 10 31 34 38 5 23 21 46 2 29 39 42 37 19 41 25 6 9 18 20 52 30 24 50 54 11 8 14 28 17
15 22 52 48 25 17 35 36 18 24 50 43 31 26 23 14 10 44 39 1 51 53 54 34 27 49 32 47 2 3 16 29 5 28 42 30 38 21 37 12 11 6 9 20 46 45 13 41 33 7 19 4 40 8
