81 11
66 92 65 146 38 161 127 46 126 37 158 93 60 87 61 36 89 83 125 117 28 54 64 107 21 14 74 145 150 129 1 10 72 5 26 148 85 58 81 13 101 112 155 3 154 153 8 41 78 110 22 32 105 136 119 44 6 138 18 48 96 123 15 134 88 68 27 51 19 131 156 25 94 137 118 11 75 122 73 152 120 84 102 90 30 124 31 70 160 12 79 9 39 139 140 40 35 80 109 98 159 91 45 53 113 33 43 106 135 24 50 151 47 121 147 34 162 128 52 116 20 16 77 115 143 103 95 17 141 99 132 4 63 130 82 142 100 144 23 7 29 71 86 76 108 97 149 69 62 111 157 49 133 104 42 114 67 59 2 55 57 56
44 102 10 97 43 109 141 34 122 75 101 117 50 139 46 9 135 106 149 105 56 53 64 120 24 40 77 154 107 125 8 74 80 76 59 137 146 25 121 69 128 21 84 13 127 142 60 15 3 147 4 48 161 82 98 61 36 143 49 6 123 145 27 119 152 41 12 26 55 89 140 63 103 99 159 7 33 86 2 116 104 94 153 91 32 133 31 28 151 52 37 58 23 87 93 11 54 47 131 85 155 157 16 66 136 65 57 138 118 22 18 95 79 96 130 70 111 126 39 83 35 38 20 150 88 30 92 29 148 90 113 72 45 162 100 124 156 129 144 73 42 51 115 68 134 158 110 1 67 112 114 81 108 160 5 132 17 71 62 14 78 19
70 147 12 106 41 95 108 5 102 45 141 149 62 133 72 33 112 146 132 148 1 50 25 91 59 24 57 145 86 121 58 52 19 61 28 43 126 64 96 31 136 13 90 55 157 138 7 21 46 85 75 40 116 161 158 81 30 127 8 66 129 128 29 118 103 39 47 18 80 89 119 65 130 100 87 44 37 162 9 124 135 88 97 137 56 122 68 42 134 16 78 14 53 111 154 67 69 73 105 83 99 84 123 10 92 20 36 113 117 17 79 125 48 120 98 26 152 151 63 94 23 4 38 82 140 71 109 49 160 107 156 11 15 110 114 153 143 115 139 74 22 3 142 6 101 150 104 34 51 144 155 76 93 159 77 131 54 2 27 32 35 60
24 145 61 109 49 96 150 11 85 53 123 156 75 110 30 32 133 100 93 94 46 20 50 147 72 14 34 126 99 116 23 18 36 68 56 86 91 74 137 71 119 4 140 38 118 88 60 51 3 131 47 29 83 132 97 58 33 84 1 17 146 134 22 158 95 27 78 35 77 103 107 15 144 141 98 57 12 162 8 157 122 125 111 159 40 143 59 43 154 80 42 26 79 117 127 76 81 25 124 90 104 115 39 151 148 13 66 142 138 45 31 130 67 87 149 70 135 129 28 112 9 73 16 92 160 63 106 7 128 101 113 44 64 114 102 152 105 121 120 55 5 48 136 21 82 108 65 19 62 89 161 41 139 153 69 155 54 10 52 6 2 37
73 106 67 94 61 123 101 35 118 57 111 133 52 105 21 20 113 145 162 116 12 24 56 108 10 79 28 110 107 143 32 11 66 47 76 153 92 64 154 51 156 26 96 68 102 158 5 30 46 160 60 53 121 100 125 18 3 141 45 2 99 84 7 86 161 8 37 29 72 91 130 58 112 152 109 36 75 136 44 119 146 93 122 117 15 95 27 55 132 1 59 41 23 140 144 16 71 77 124 115 126 148 81 22 157 31 69 129 134 74 70 87 50 98 147 6 149 114 14 85 38 39 78 159 120 62 82 19 104 142 138 25 13 103 137 139 127 83 151 54 42 34 128 43 155 88 131 33 80 90 97 40 150 135 4 89 48 65 9 49 17 63
38 111 34 150 66 94 126 8 87 11 154 113 62 152 74 58 142 88 110 92 42 41 50 117 37 35 22 160 96 151 49 71 61 67 72 100 143 93 90 81 99 4 84 33 145 125 25 73 16 159 21 78 122 98 114 77 18 144 39 43 116 123 64 108 130 76 6 79 75 103 89 56 138 141 104 5 32 105 3 131 128 91 106 153 57 127 9 31 1 24 52 15 46 136 158 54 7 55 147 133 109 137 70 30 124 36 80 155 132 26 69 139 44 140 148 2 86 115 19 157 68 48 40 162 95 45 134 10 156 118 121 20 29 149 135 97 83 112 119 28 27 60 146 14 85 161 82 12 13 129 107 17 101 102 51 120 47 63 59 65 23 53
43 92 44 155 7 112 130 48 107 37 116 160 19 135 52 49 100 141 102 149 11 69 1 123 58 18 13 144 90 161 34 39 16 72 60 115 87 4 147 42 106 61 148 67 134 84 28 79 66 108 38 29 118 114 103 5 75 124 50 30 156 150 56 138 95 15 54 78 21 146 142 53 162 137 101 81 22 158 3 91 129 151 127 143 59 85 12 65 139 35 8 24 27 154 140 10 76 32 145 109 122 88 36 55 117 25 23 110 152 6 73 121 45 97 153 9 132 82 63 98 46 80 14 83 89 70 96 26 94 86 105 17 77 119 157 133 131 159 136 57 2 64 126 20 104 120 128 68 40 111 93 51 99 125 33 113 74 41 62 31 47 71
9 140 63 95 49 93 148 29 141 66 142 125 1 160 69 26 121 102 131 162 62 109 22 136 73 44 76 129 146 91 52 24 53 5 75 114 157 64 115 54 158 74 147 81 152 96 43 72 23 151 40 39 92 126 116 58 19 128 42 7 135 130 34 150 156 18 60 6 14 112 155 35 159 100 144 51 57 104 59 143 122 90 133 101 36 127 45 31 138 71 16 68 46 97 83 79 13 37 107 110 65 108 55 3 85 20 30 124 118 50 77 111 61 87 161 4 84 99 38 105 48 10 56 94 113 11 139 70 106 86 98 21 41 120 103 89 88 137 119 12 67 2 123 28 134 132 154 17 47 149 82 78 145 153 27 117 8 33 15 32 25 80
62 93 27 154 45 110 113 47 98 56 125 148 41 111 43 70 108 94 112 115 61 71 14 106 79 8 34 155 91 102 60 77 76 4 52 84 161 24 152 48 149 53 100 72 118 132 51 75 80 86 42 81 82 146 97 6 31 119 66 40 141 101 67 134 143 35 17 10 57 92 103 63 128 95 122 28 13 114 46 107 162 150 139 89 15 90 1 2 87 23 7 74 12 117 158 21 9 69 137 147 96 135 54 49 136 58 3 109 145 55 64 156 36 157 153 25 129 124 26 88 19 32 20 151 120 37 121 11 85 138 130 18 5 123 144 116 131 127 159 16 29 73 105 59 133 126 140 39 68 99 160 22 104 142 65 83 50 38 33 44 30 78
55 108 70 83 22 134 159 76 106 77 86 145 31 119 51 34 104 87 120 148 32 40 73 125 65 144 17 161 110 123 21 80 37 30 20 121 128 79 99 60 115 2 118 18 137 82 56 33 36 102 74 8 162 141 142 28 7 151 6 49 90 96 41 157 133 58 64 46 1 124 98 13 156 149 138 16 72 131 9 146 88 135 114 103 19 107 59 63 122 44 26 67 5 150 100 69 3 25 97 94 105 139 4 81 92 23 54 93 155 38 45 112 66 154 129 10 143 153 50 91 47 75 52 117 71 48 158 62 132 127 84 29 43 85 130 116 126 101 111 24 53 12 152 68 147 109 89 14 42 160 113 11 140 136 78 95 15 61 39 27 35 57
38 136 67 149 36 146 159 10 144 23 130 133 63 85 4 29 103 160 102 112 22 13 40 151 35 42 18 128 124 87 12 8 5 44 53 156 88 49 114 26 129 16 140 79 148 162 27 32 34 100 66 80 134 141 115 17 55 113 39 76 153 143 47 116 161 64 2 60 28 118 123 72 93 150 117 71 25 157 68 131 152 91 99 82 37 110 1 21 84 33 45 52 58 105 97 62 51 41 154 155 137 98 43 15 122 57 75 126 145 6 50 92 46 90 142 20 138 147 48 96 14 56 61 94 120 73 109 81 111 135 83 11 59 125 104 86 107 132 95 24 65 74 119 69 106 108 139 78 9 101 158 7 127 121 77 89 30 70 31 19 54 3
