1000 700
0
0
1
1
3
3
5
5
7
7
9
9
11
11
13
13
15
15
17
17
19
19
21
21
23
23
25
25
27
27
29
29
28
28
26
26
35
35
24
24
39
39
41
41
40
40
22
22
47
47
49
49
51
51
50
50
48
48
57
57
20
20
61
61
63
63
65
65
67
67
66
66
64
64
73
73
62
62
77
77
79
79
78
78
18
18
85
85
87
87
89
89
91
91
93
93
92
92
90
90
99
99
88
88
103
103
105
105
104
104
86
86
111
111
113
113
115
115
114
114
112
112
121
121
16
16
125
125
127
127
129
129
131
131
133
133
135
135
134
134
132
132
141
141
130
130
145
145
147
147
146
146
128
128
153
153
155
155
157
157
156
156
154
154
163
163
126
126
167
167
169
169
171
171
173
173
172
172
170
170
179
179
168
168
183
183
185
185
184
184
14
14
191
191
193
193
195
195
197
197
199
199
201
201
203
203
202
202
200
200
209
209
198
198
213
213
215
215
214
214
196
196
221
221
223
223
225
225
224
224
222
222
231
231
194
194
235
235
237
237
239
239
241
241
240
240
238
238
247
247
236
236
251
251
253
253
252
252
192
192
259
259
261
261
263
263
265
265
267
267
266
266
264
264
273
273
262
262
277
277
279
279
278
278
260
260
285
285
287
287
289
289
288
288
286
286
295
295
12
12
299
299
301
301
303
303
305
305
307
307
309
309
311
311
313
313
312
312
310
310
319
319
308
308
323
323
325
325
324
324
306
306
331
331
333
333
335
335
334
334
332
332
341
341
304
304
345
345
347
347
349
349
351
351
350
350
348
348
357
357
346
346
361
361
363
363
362
362
302
302
369
369
371
371
373
373
375
375
377
377
376
376
374
374
383
383
372
372
387
387
389
389
388
388
370
370
395
395
397
397
399
399
398
398
396
396
405
405
300
300
409
409
411
411
413
413
415
415
417
417
419
419
418
418
416
416
425
425
414
414
429
429
431
431
430
430
412
412
437
437
439
439
441
441
440
440
438
438
447
447
410
410
451
451
453
453
455
455
457
457
456
456
454
454
463
463
452
452
467
467
469
469
468
468
10
10
475
475
477
477
479
479
481
481
483
483
485
485
487
487
489
489
491
491
490
490
488
488
497
497
486
486
501
501
503
503
502
502
484
484
509
509
511
511
513
513
512
512
510
510
519
519
482
482
523
523
525
525
527
527
529
529
528
528
526
526
535
535
524
524
539
539
541
541
540
540
480
480
547
547
549
549
551
551
553
553
555
555
554
554
552
552
561
561
550
550
565
565
567
567
566
566
548
548
573
573
575
575
577
577
576
576
574
574
583
583
478
478
587
587
589
589
591
591
593
593
595
595
597
597
596
596
594
594
603
603
592
592
607
607
609
609
608
608
590
590
615
615
617
617
619
619
618
618
616
616
625
625
588
588
629
629
631
631
633
633
635
635
634
634
632
632
641
641
630
630
645
645
647
647
646
646
476
476
653
653
655
655
657
657
659
659
661
661
663
663
665
665
664
664
662
662
671
671
660
660
675
675
677
677
676
676
658
658
683
683
685
685
687
687
686
686
684
684
693
693
656
656
697
697
699
699
701
701
703
703
702
702
700
700
709
709
698
698
713
713
715
715
714
714
654
654
721
721
723
723
725
725
727
727
729
729
728
728
726
726
735
735
724
724
739
739
741
741
740
740
722
722
747
747
749
749
751
751
750
750
748
748
757
757
8
8
761
761
763
763
765
765
767
767
769
769
771
771
773
773
775
775
777
777
779
779
778
778
776
776
785
785
774
774
789
789
791
791
790
790
772
772
797
797
799
799
801
801
800
800
798
798
807
807
770
770
811
811
813
813
815
815
817
817
816
816
814
814
823
823
812
812
827
827
829
829
828
828
768
768
835
835
837
837
839
839
841
841
843
843
842
842
840
840
849
849
838
838
853
853
855
855
854
854
836
836
861
861
863
863
865
865
864
864
862
862
871
871
766
766
875
875
877
877
879
879
881
881
883
883
885
885
884
884
882
882
891
891
880
880
895
895
897
897
896
896
878
878
903
903
905
905
907
907
906
906
904
904
913
913
876
876
917
917
919
919
921
921
923
923
922
922
920
920
929
929
918
918
933
933
935
935
934
934
764
764
941
941
943
943
945
945
947
947
949
949
951
951
953
953
952
952
950
950
959
959
948
948
963
963
965
965
964
964
946
946
971
971
973
973
975
975
974
974
972
972
981
981
944
944
985
985
987
987
989
989
991
991
990
990
988
988
997
