10000 5000
0
1
0
3
0
0
3
0
7
3
1
11
0
13
5
11
4
5
11
8
3
10
15
15
11
24
14
26
28
0
30
12
31
26
27
27
5
19
13
34
23
13
6
26
25
5
24
43
42
4
16
10
2
26
36
43
19
2
22
59
50
49
7
60
20
30
53
50
21
4
18
70
72
38
36
57
17
67
31
63
55
75
17
33
3
40
72
41
40
51
14
9
20
18
77
50
94
38
36
70
89
36
38
80
16
101
102
82
15
73
4
96
98
41
43
35
12
63
37
69
8
100
115
99
119
57
20
10
49
108
31
130
100
8
18
17
16
9
24
78
7
64
80
86
98
107
140
90
58
118
108
121
41
33
18
101
43
102
89
149
149
161
54
79
122
38
88
10
28
71
50
91
91
71
112
167
7
57
175
106
44
86
92
14
26
10
122
91
107
65
88
170
106
142
121
25
19
6
54
83
141
26
136
96
162
94
34
172
2
60
48
94
15
152
148
1
36
132
100
158
76
100
198
105
10
61
129
222
16
221
50
77
49
87
11
6
174
1
180
34
61
88
209
119
144
91
67
65
107
36
161
225
103
7
216
174
152
233
146
97
259
166
14
185
259
219
73
255
15
155
51
81
20
93
70
217
269
92
28
48
180
211
246
143
110
255
146
228
242
173
150
216
292
137
182
195
185
180
285
255
238
23
198
41
38
264
53
30
105
99
262
184
307
209
222
175
96
222
11
16
97
67
135
74
291
66
54
31
142
81
283
181
32
159
43
219
71
208
270
217
21
215
194
66
192
306
137
116
149
237
322
29
203
249
99
5
153
345
36
65
296
72
22
175
326
237
152
65
344
9
46
173
149
372
146
211
250
360
293
18
153
33
38
356
310
275
137
167
162
28
264
318
276
118
221
64
371
91
105
186
395
133
22
55
255
111
184
54
330
42
346
251
239
7
243
17
91
352
363
309
325
299
61
330
302
157
254
125
26
188
352
226
3
407
92
73
70
309
78
267
74
324
393
433
22
440
25
19
130
59
361
319
302
319
107
241
264
81
173
424
174
235
238
359
64
309
404
342
250
87
54
406
206
118
439
143
268
285
111
257
10
236
342
104
36
460
378
305
54
359
213
306
392
174
41
280
379
307
123
299
41
298
103
234
221
120
457
156
448
149
10
465
183
411
395
147
1
237
227
156
115
146
395
219
229
312
363
391
279
39
419
196
281
23
403
330
24
518
172
85
467
112
531
248
272
272
117
66
98
32
353
0
483
538
164
248
241
545
73
210
418
99
219
216
538
523
182
40
462
282
312
213
101
195
246
333
296
38
361
488
179
330
402
266
391
130
150
423
119
557
430
395
118
344
287
435
481
307
479
103
124
249
16
530
99
254
519
490
446
536
398
99
325
401
118
480
506
490
477
32
448
433
297
135
219
608
11
494
233
205
366
511
101
362
526
339
329
629
208
27
579
94
489
167
109
389
112
375
120
54
255
329
181
454
214
43
107
402
187
408
120
385
321
126
282
109
150
651
475
16
355
567
20
465
333
510
145
191
18
366
485
463
317
503
284
248
396
678
222
478
659
665
74
146
480
334
114
327
536
55
365
546
550
444
139
410
351
357
358
301
207
192
490
637
428
151
359
475
23
337
667
604
463
49
81
408
46
230
667
718
0
196
438
21
134
512
234
406
422
509
140
695
454
270
334
212
5
28
724
45
737
554
139
118
244
226
404
99
733
73
638
249
160
200
426
196
680
177
217
156
637
32
553
414
545
286
665
348
33
382
39
232
422
280
611
683
352
663
664
267
111
389
253
12
730
189
515
393
581
108
20
245
317
383
321
350
645
374
351
167
219
35
279
176
717
688
104
325
236
661
454
557
539
87
742
441
450
134
355
150
255
671
137
710
537
329
694
700
613
649
418
402
793
778
233
414
432
39
259
117
756
701
191
319
93
78
208
581
738
248
549
316
706
342
248
155
862
751
825
122
484
848
321
322
574
50
693
508
763
752
469
12
443
218
622
538
27
615
654
832
448
482
819
594
780
726
247
716
524
496
620
92
860
622
289
562
434
809
467
653
893
634
280
497
171
318
266
841
469
624
414
388
129
113
617
837
518
914
688
195
707
636
753
66
670
273
817
576
325
615
909
155
616
109
65
556
97
451
442
803
865
660
279
97
343
564
340
42
166
262
818
856
236
88
530
592
166
816
358
332
350
643
604
420
871
874
930
189
655
894
433
222
704
81
940
75
95
249
590
764
83
759
107
517
716
77
294
922
665
194
351
918
419
879
973
803
88
894
639
140
628
985
68
939
805
903
941
924
329
749
728
518
224
505
350
765
343
312
707
678
642
555
491
753
914
772
892
479
585
468
355
283
862
393
295
779
915
733
483
643
1041
312
268
262
1030
331
582
15
858
670
776
500
628
653
1064
744
182
712
789
584
912
265
793
260
867
173
323
532
902
299
764
300
497
908
782
157
696
827
605
197
752
930
222
694
368
665
954
460
397
746
952
679
574
923
955
321
369
959
260
348
1072
598
937
893
309
788
502
659
13
678
199
1052
1121
516
941
723
266
866
656
274
641
478
627
500
672
39
670
425
1001
687
1010
337
155
55
320
332
500
105
679
58
265
298
430
807
722
628
685
1098
133
447
99
607
1104
183
1023
1070
1010
289
1055
1087
171
1037
32
243
9
1065
611
1041
1165
1096
1092
645
1114
891
962
282
74
590
9
68
892
828
924
302
610
511
1138
189
813
590
857
930
875
196
959
895
88
380
302
639
798
298
224
593
382
914
202
709
655
153
257
420
421
167
559
321
1018
318
556
282
402
693
823
715
90
61
847
1072
912
431
378
311
608
1020
12
414
480
614
551
785
1067
380
614
166
1095
65
597
145
442
612
906
1047
755
679
688
449
136
441
489
810
614
1127
487
437
205
890
1174
596
788
470
281
670
263
1200
519
1128
911
1127
468
1198
204
651
503
1187
305
1073
950
37
613
1251
1160
800
862
380
458
1038
978
348
1093
40
863
1078
444
69
458
1178
552
282
623
1166
1223
134
1029
101
850
368
300
741
424
263
1256
803
463
1055
218
1053
1
842
809
647
269
825
660
1019
1232
979
478
768
1114
343
406
1034
589
51
900
1306
417
599
423
75
268
1235
463
508
1213
971
444
576
620
778
636
611
178
1244
211
776
747
17
1242
789
430
176
260
782
1202
808
1344
745
1006
999
19
1208
140
505
144
465
1239
118
1326
173
1009
298
15
878
936
433
1330
661
682
624
995
1409
755
138
1177
1144
458
1258
983
100
122
1261
1131
560
667
1321
1301
220
1243
93
788
824
779
565
464
319
1319
172
370
1001
342
879
129
472
1354
171
853
1401
569
1146
173
1120
579
810
302
751
278
267
1056
1231
1037
1353
132
315
810
631
205
562
211
226
211
365
1127
861
749
1459
654
942
517
906
163
484
1074
276
772
1020
1033
568
1247
170
252
1375
484
996
20
176
220
927
38
424
1149
1427
604
1105
158
461
363
1481
501
145
280
893
1108
78
1325
61
1486
38
841
631
922
1021
390
1133
1253
404
927
916
105
456
484
1273
1398
1251
529
548
14
905
928
698
109
250
691
810
1248
712
1335
1051
884
872
1236
675
449
1389
1400
786
113
1219
577
852
1196
963
54
685
501
87
1519
1512
1493
480
1520
1558
554
670
357
718
1372
949
1142
10
1257
1442
713
941
850
1422
973
1257
737
480
1172
769
1321
422
689
500
1284
1371
440
14
564
329
1153
712
794
1454
217
711
56
140
695
1132
5
811
324
1331
457
896
345
985
568
140
1511
322
1137
1596
1459
420
1569
519
846
851
53
523
179
1017
835
1605
1219
1510
1203
1421
1460
1627
609
1285
255
1390
892
1438
990
1600
368
1084
554
393
562
778
807
765
622
813
1010
501
1019
534
227
1474
718
1623
1304
463
344
1667
451
355
1585
1310
1119
1170
1669
1232
439
1084
167
1580
1172
1530
249
1563
93
1160
1513
249
223
6
774
1485
476
1276
636
1668
1659
421
374
747
1414
1621
305
774
1037
450
1569
1397
1320
443
500
1131
862
1682
1106
467
361
878
1044
305
1309
1413
1438
849
1628
639
1669
129
1271
924
304
22
943
1156
1395
908
54
725
544
700
1575
636
705
1463
728
328
520
168
1213
369
1297
856
1158
609
37
978
0
14
1304
1402
890
1422
1158
1172
520
1320
184
1431
1152
252
1263
647
204
1624
1336
1585
741
182
1697
1067
761
1646
1543
1658
1587
634
1618
1727
1683
444
499
1057
1456
397
1471
154
695
371
679
752
1053
1263
266
902
1358
843
1233
1316
500
567
1431
603
1728
222
1488
670
827
441
585
250
394
822
1015
1453
126
190
1598
829
345
909
1446
123
542
1403
772
935
1620
719
1390
485
1313
292
1133
1392
1245
45
138
689
1422
581
450
1278
1403
202
345
1234
1055
899
1845
831
736
1550
329
1025
1197
1545
1147
1809
670
1633
1276
826
423
560
928
531
533
1679
1194
1379
1877
1214
1330
1212
1266
6
1300
733
1589
688
1524
972
49
181
693
329
159
575
652
859
1094
1659
1453
1383
892
651
355
1416
1865
1506
1402
250
1562
562
1305
246
756
1314
928
1322
58
1483
944
1062
904
703
251
1834
1246
1345
963
108
1268
27
339
216
636
954
1820
706
208
1382
460
472
455
929
1547
1476
1156
661
1074
1750
1634
953
407
1015
1512
1554
1574
1239
1074
1876
1313
1777
342
253
498
1952
1724
1444
1213
902
848
317
1
200
1364
7
1226
1242
6
455
1785
1802
849
1064
41
627
1718
1951
1260
1455
602
433
547
325
47
1238
1683
490
1853
1353
495
675
316
1045
601
1122
1075
133
1864
1947
1464
1297
1430
1290
1126
1683
1836
243
611
1521
993
342
1959
585
1816
77
1325
1138
1691
1932
171
1557
1854
975
1516
1530
92
305
1715
71
139
1411
2012
1920
1582
311
1554
1211
1438
1333
551
1667
71
329
1405
398
895
1053
191
48
597
1534
474
1404
1487
668
1188
764
1289
387
2012
1214
1405
1515
1401
1366
1359
1563
1543
1589
740
1998
228
588
1295
922
623
281
782
815
1475
778
597
470
612
1861
1706
1479
1547
404
485
161
644
733
562
856
225
1734
768
1955
718
450
733
1829
1502
1766
1369
529
800
300
942
2073
1104
854
2017
82
1767
1620
887
1075
1888
1007
479
260
259
101
878
618
1257
2114
2030
589
1095
1416
962
342
555
639
846
1303
265
2141
1673
653
4
285
1319
393
1974
1273
1128
1535
1688
1404
1343
1155
856
308
133
1692
1382
1225
529
2066
1426
554
1285
476
1097
1808
1389
903
973
1832
89
1389
1928
1363
258
517
1036
950
1568
1395
2003
600
1679
1684
216
131
2040
400
1400
1165
1329
435
1202
417
553
2138
358
1892
364
931
618
758
1178
1893
1238
1406
1187
1360
946
1782
276
785
2115
637
1082
1998
150
1647
1730
1866
738
670
635
622
396
2055
1030
736
2203
952
1122
2145
1728
1705
2061
1397
899
1930
1293
48
1165
781
516
718
891
1119
393
364
1780
1721
261
1966
1917
2014
400
1800
967
954
1269
796
1671
2032
966
1920
1230
2078
896
28
517
652
2148
2124
996
1754
715
1533
1315
1075
2175
976
2213
613
550
196
1846
80
1388
1341
1055
1253
2203
626
1327
1764
103
1565
197
1556
213
2112
899
69
1300
1783
1322
1921
1123
674
1881
522
1450
1430
139
2178
240
1899
230
1315
1826
1970
980
224
2238
525
822
1821
1627
509
1290
984
1888
1997
1364
1757
2100
372
195
1908
592
44
1984
1162
826
1964
1097
2109
933
2284
1938
1209
1330
1303
2142
2184
1701
1375
476
247
847
2161
1994
677
1678
502
507
164
1972
895
2012
1598
1775
1152
2078
2099
506
73
210
1318
905
1666
482
2223
2223
749
1888
1909
594
1938
1305
1247
903
44
801
455
774
54
2203
1907
2412
1543
985
517
2040
2088
1520
621
1277
314
1486
462
1635
1264
2149
1816
958
1597
2250
1040
1032
1741
1900
203
990
1274
1875
1162
182
2304
1648
1546
1353
1985
973
716
1951
1174
1100
1225
1264
1887
1707
781
2127
158
760
953
1760
1244
28
1677
656
1418
2077
1408
614
663
471
1821
1682
2333
434
389
744
120
1237
160
1593
1723
1783
1959
2132
1043
624
2317
1142
2260
39
139
1680
704
1542
1149
440
834
2153
420
710
108
1744
1587
62
861
335
2143
926
2475
1875
892
104
1031
1816
2201
2371
2470
479
2127
1666
1523
2107
2274
571
642
2378
1046
1874
1649
914
641
1238
1561
1582
2406
2159
2487
1506
428
473
2018
1714
1717
1035
1593
1762
874
2253
72
1349
1945
1662
687
647
934
2068
1362
1837
22
1169
2141
1209
823
2023
2174
1070
285
412
421
2534
373
828
1302
2527
2126
823
1433
187
2559
1539
1798
2397
1113
735
2044
354
1384
956
840
850
1642
1631
621
521
24
802
1603
2423
995
866
1048
825
14
1973
1463
2532
813
2124
1982
2208
1267
1427
709
398
2538
219
596
2067
1141
1911
510
1671
1982
2122
2297
1741
2253
712
2293
1653
2344
1577
737
1328
420
445
645
1678
869
2506
2036
292
54
2636
351
1606
1536
2384
727
172
73
2455
2153
2245
2642
960
1470
1197
1408
1979
1716
2555
541
2087
1551
1932
2066
2321
860
855
703
975
654
1983
201
354
2433
2054
1639
2354
514
1997
1804
787
1608
985
1045
2411
869
1176
2545
1606
811
161
1193
2607
1995
58
1484
1856
1355
2567
711
1659
1638
1010
936
1601
93
2243
1178
2245
807
2677
2544
1651
1746
2706
597
2409
607
1836
2062
2010
2027
1397
1410
1945
359
269
521
1002
101
926
1887
2012
1890
2520
882
743
221
1678
594
168
2202
2527
1348
1011
922
2533
2216
842
296
2124
1033
989
1257
2265
1040
1050
137
1126
1777
2083
1641
1016
1333
747
1054
624
85
1317
2393
1798
1559
2596
1093
2761
2394
306
49
346
863
250
130
2479
1298
803
1171
1014
563
2694
2538
2277
1548
1809
472
2005
608
601
100
2565
1723
2411
719
1939
1705
162
1734
879
308
1752
1232
363
2087
1883
360
1516
2553
80
2453
1973
1590
436
691
2372
1147
2341
572
1260
1366
2035
435
1942
929
1290
1842
1993
1964
861
46
1489
2815
941
1045
2416
1444
855
2809
2554
683
2272
134
2105
326
2211
1123
125
1307
137
1938
833
581
781
385
2650
2595
967
1665
1615
1842
433
488
2225
52
1673
872
2451
124
1465
1422
2374
149
1510
502
1900
2271
986
2537
1630
1685
1379
2734
481
2809
1906
1932
2672
39
324
187
889
2716
553
967
1126
2798
2891
2012
55
2344
1242
1843
1057
1064
661
1403
1500
2057
219
2470
2844
2780
2640
1929
2830
1330
2728
496
650
440
895
742
2715
2053
1532
2044
1647
60
2615
1797
1307
2853
95
449
2596
1844
376
994
1289
940
1462
1155
1938
1389
643
1586
2548
1298
1673
524
2836
2362
909
1309
2969
1378
1954
499
2785
1228
1330
2499
2038
1182
2039
2877
1912
635
1418
892
1266
1440
2829
1820
1023
1998
939
86
382
362
2472
1225
1178
1526
2106
1674
1303
571
1437
1230
1385
332
2467
2313
2793
293
1664
1219
970
489
855
584
1139
965
435
1719
1325
1583
96
1852
1006
1155
151
423
326
719
959
2408
2521
1592
505
2835
2035
1973
44
874
603
2487
2695
2465
2368
666
483
1975
922
734
1477
2861
387
77
1251
255
1281
1012
339
898
1095
1294
194
2452
1303
1421
1591
1457
2603
2451
468
345
2292
1259
509
1955
2240
1009
66
2864
2333
2901
2211
1806
1044
1219
2492
1940
593
927
3081
394
2347
27
646
246
864
703
439
2743
2532
2799
1315
777
2269
1179
3087
891
1140
1407
2045
776
1461
353
1573
1905
1616
2073
1468
2749
1526
981
1364
1897
2480
1446
1999
82
3132
2832
578
3100
2727
473
157
2932
1753
2629
510
2728
613
610
2504
1984
217
2589
2212
2418
895
906
2174
496
14
1135
2231
2472
1747
2477
2574
1787
1148
2014
498
3123
2781
286
1461
871
2839
2886
2972
2864
1417
2129
1656
2837
2539
2759
1510
1732
383
1888
529
2811
1069
2973
2423
1971
1991
2988
2021
552
1578
1159
1798
88
1667
2035
2300
1292
1976
759
2017
2907
3142
1059
1854
1625
320
3115
1900
2205
2352
2322
166
810
649
1408
1464
2086
1554
1299
100
2842
2959
8
1282
1517
2181
281
245
75
2847
3065
2539
1233
603
2748
48
2787
1970
3190
1361
3159
485
94
1268
685
2755
2642
2305
1662
2282
2222
2113
204
2242
685
706
2683
1802
2005
2879
2097
2406
998
735
3091
3158
466
1502
1433
847
792
1922
1792
1175
281
1578
0
2331
2737
86
1572
1471
425
1525
839
3128
2649
2743
1780
2742
214
1413
2972
2596
2500
1007
1522
623
171
250
1462
603
730
1115
1103
2460
576
1322
1414
3141
462
3062
2965
20
1195
2704
2887
2605
168
974
2127
1603
2987
3314
2345
2366
355
580
2383
1579
88
879
580
1983
1150
339
2296
788
1217
852
2585
80
1414
1954
1270
1275
2352
107
287
3261
1513
3054
1907
1368
61
1537
1512
1790
2770
158
1077
256
905
1306
1484
1252
620
1329
2549
1802
2293
1936
1483
2656
91
1739
2098
2969
2707
829
897
1934
2082
2473
2622
3108
1448
716
709
2006
1803
3360
1210
47
2706
2839
3393
3163
1718
1720
2279
2354
1437
1652
2615
1324
1866
2430
2841
2554
681
232
1983
1533
2597
1588
3418
2607
1927
1214
3281
1490
295
1936
1668
3032
2228
3362
319
1190
275
313
733
1751
2435
2179
507
625
938
2756
3129
2943
2623
1728
1073
150
226
248
2958
2899
1147
925
1773
183
2626
2882
737
1602
1758
648
1652
2913
458
865
2386
3395
1938
3385
1776
955
1841
315
462
58
294
147
2045
2592
1279
1445
132
2293
713
3089
1733
2551
1034
98
2200
2050
181
2449
478
2071
3258
1709
3476
512
3378
2262
868
2570
2711
2241
1310
257
297
1175
746
2669
1451
691
2695
108
3321
289
2152
875
3332
415
2204
2629
2753
1094
288
2535
3053
2372
1158
3108
1590
351
1530
532
595
3327
3268
3302
2506
1675
2714
1182
1060
2898
239
221
571
3327
2271
2823
336
2713
596
1637
733
2458
583
3345
69
953
872
2043
2439
2693
2198
2953
2620
364
2258
1769
682
1547
1285
1399
3460
329
1229
2465
3462
596
2689
2878
1023
1236
650
245
1468
1996
1657
2315
801
2358
2857
2480
265
1250
2028
3375
620
3550
62
901
333
1867
69
3253
1430
1452
1995
1581
2957
202
1412
1757
1397
3108
3576
1131
2011
1460
1520
287
1364
2152
874
35
2137
132
1486
3413
1974
2687
3156
1836
1340
2852
3228
973
791
153
260
3181
2613
2445
2998
690
3262
52
423
740
2506
962
3195
545
640
3276
936
734
2209
239
1231
105
2770
3648
1559
1516
494
3387
2597
2878
2529
3668
2644
3681
1027
1657
3353
422
2504
2982
1155
2744
3677
2170
2403
2250
553
946
768
1443
1971
132
2031
2861
1574
421
1025
2799
3473
565
3168
897
1902
3409
1224
121
358
2257
779
1439
1266
2249
1809
1932
81
2491
2745
2570
871
589
2007
3201
28
1169
2656
358
1067
1700
3112
6
1397
3299
2008
661
991
3125
277
3173
3435
2029
1759
3578
995
2734
2073
2937
728
1269
2877
160
3561
78
2661
2588
1573
922
3082
2405
239
1553
2424
2287
118
1180
3595
1035
551
3619
3452
676
2286
1502
1101
2723
3262
2250
859
2792
337
1854
661
2505
181
1090
1271
217
1903
2091
1808
3000
644
688
3761
3354
113
2862
1619
1258
863
1103
1191
1241
2022
963
3462
579
988
3549
2073
2016
3215
3789
460
130
3815
2223
2524
3184
3126
1748
2642
2136
3337
2725
2542
3322
37
692
2644
3721
2489
904
887
1857
2071
1340
3238
2785
1688
1742
2525
2944
353
2612
245
1849
906
279
1307
3736
1676
1524
1395
2491
1213
1140
3463
1887
3045
3497
867
2654
2703
3613
166
1658
2236
3796
2959
3213
1289
1668
3376
2308
2095
2934
3255
935
1163
1482
1100
2521
3352
3475
2968
1101
520
1685
1637
462
699
336
1886
3395
2975
3632
1708
2665
3576
2728
304
881
1722
3398
900
3439
3204
3315
1473
1880
3863
1702
2150
3426
1326
448
915
2603
2738
3562
836
551
1830
586
3220
1477
657
3346
3114
2384
1835
3218
1479
3722
2267
3028
3507
200
3529
2160
1966
2166
3919
1014
1038
3509
3393
2531
2959
369
2869
2178
547
1910
1582
656
450
717
927
3802
2526
3080
2874
3714
1012
535
993
1703
3387
1976
509
2439
2127
1338
501
2096
2381
1112
2355
2515
2125
2354
3236
489
3910
731
2234
63
3860
2689
3
3800
1958
1140
511
1542
1142
608
3767
1243
2373
2465
47
1125
3068
706
382
560
3748
282
2580
3599
370
3341
1540
3545
200
1848
1765
1593
463
2304
3374
2662
3747
663
3416
3153
2015
3271
831
2209
1822
3413
1192
1621
2842
2850
1960
2789
2399
3952
1307
3877
52
2944
388
2506
1520
2791
726
1055
68
260
2074
1836
2430
4065
2146
3147
1128
1585
615
37
2733
882
2495
1993
3205
3171
3007
1032
568
3859
150
2249
3308
2525
661
1821
2301
576
1460
1878
2831
4068
80
448
3660
3434
1159
613
198
3250
2237
1954
473
3381
3213
3931
3302
2675
523
295
1073
2796
3933
1839
328
683
3056
2806
4088
3795
3267
1361
1481
2795
1702
1199
1449
1445
646
1497
2488
3273
3304
1369
3674
1703
3169
611
94
3537
117
1529
2455
3538
91
1334
2680
1093
670
474
494
2343
2897
2592
3885
647
2385
3283
1815
2494
2260
4032
3728
626
2753
3208
3348
3959
1102
3596
1361
4007
0
3601
2606
4170
852
801
3683
839
4181
1899
3783
3583
2624
3143
2168
2098
569
2660
2813
181
2416
3566
1179
2098
79
3299
2244
127
2769
2127
41
4169
1030
3453
1258
1841
2535
1734
4136
277
600
2776
3669
139
562
2062
1971
1759
947
1800
1997
3621
426
3083
191
1225
378
1969
570
2214
4100
2349
1007
1889
2269
4108
1758
2805
1188
4223
1129
1269
441
3354
295
388
4108
2409
977
2332
1317
2522
1310
3332
314
2259
2639
4100
784
3815
663
297
1379
516
795
1743
2823
3194
2975
2946
2193
688
1000
1433
2059
2165
2554
1451
794
3657
212
2989
2804
1215
126
3431
1304
1162
3967
3816
3814
2458
1062
3994
1025
493
594
1865
1636
517
1211
3296
2646
659
949
4032
2502
1480
2684
2325
3647
2857
3417
2662
2642
3651
2804
246
413
445
1838
1830
3930
2376
1073
58
1624
2849
966
355
1672
1370
271
4286
1855
202
3896
2568
1857
3219
482
389
2162
753
2735
4203
3769
78
1547
431
336
3230
1741
2554
3216
4025
1286
4004
2028
3239
1233
1671
4288
2664
4321
3327
1713
70
4003
2549
904
3175
1925
4289
2470
1736
3443
3344
2820
3104
4243
4303
214
3322
3487
468
3946
3573
1279
1885
2594
1227
3728
1860
1200
3423
2492
3690
2431
687
3537
4179
2125
684
4067
2094
1769
1016
2334
1674
2846
3779
3897
1138
3825
4260
286
837
1944
2735
2306
2473
1794
3694
49
7
1380
3601
392
898
4401
3901
1223
180
3742
1508
2999
2984
679
20
3120
2485
1487
2965
4135
1958
1037
3080
2458
3704
3521
1266
2046
2976
2732
3052
2728
4133
956
1385
2869
3818
1358
2155
2944
4451
3583
2842
3705
3181
1847
339
2184
3410
908
1730
1136
1607
3660
2641
3623
1757
2029
2907
3523
2461
1250
299
1406
979
3367
2473
2448
1399
458
2170
1949
2750
819
3974
3502
2525
2078
4297
4007
3047
2884
4304
983
2361
3009
3398
3781
2440
2754
2128
2160
4225
2907
549
3906
2448
715
3733
2528
2437
2509
27
4441
3579
3887
2690
1661
4086
498
2373
447
3857
3464
764
1668
1378
1632
1562
2087
1335
2683
1927
3222
1882
3874
3698
1426
4094
1263
3506
23
3398
1326
1059
4150
1411
644
1633
2908
4546
341
1744
2864
4326
4419
1818
122
745
3447
2354
3538
1914
2986
3659
3696
1979
18
290
3416
2668
842
4448
1088
2027
3055
1508
3189
3456
900
3891
2383
3607
3641
3024
2556
3446
1853
32
1579
184
3551
906
2247
3747
3405
4562
2586
4005
1940
3371
1796
2547
3602
3055
586
1146
1263
3999
1707
3020
3116
2113
3190
2879
3198
4548
4173
3068
410
3863
2585
2438
2183
749
2188
2037
4302
1180
1897
1501
2669
3020
2649
1758
630
2705
1374
3774
2128
30
715
4316
2911
2725
383
3151
4330
3452
202
3887
617
3246
3948
2095
3245
3828
357
4050
4009
4284
1482
3396
4042
2972
520
741
3755
410
4378
264
1090
1543
2769
2900
1184
1658
1747
3848
2140
1364
2886
1646
134
4409
405
1570
4632
4673
3052
1354
542
1221
4268
1813
937
1985
273
486
4053
1097
2572
104
3014
4172
2694
2901
823
2692
3199
2111
1726
2697
2801
761
3373
3679
2783
2163
3375
1919
901
1332
2694
1882
2895
2624
3439
3227
4334
4655
2290
4381
405
1707
241
2718
934
1193
2434
4632
797
1656
3803
3816
3870
695
1773
1927
2127
3191
1485
2999
1827
569
2090
1419
4036
3513
3687
4776
1778
1339
2807
1375
2152
3505
3248
3575
3196
3071
863
2363
1843
1528
3889
1137
2245
4170
3187
3025
84
4404
2633
1607
1257
878
4194
854
831
1474
3214
2442
848
726
1607
1180
4212
2690
1140
3879
2144
2078
80
823
4576
2115
327
2908
2289
3252
937
2203
115
4182
2432
4545
2135
1443
4144
3351
2389
2653
2109
822
1000
2299
2446
1504
2988
3919
370
535
1830
4792
4396
415
2323
4657
2654
242
2163
4302
2008
3590
3049
3298
4596
1436
2963
1932
1957
1164
3817
2746
4557
1565
659
3824
692
160
3836
3580
1978
2939
477
2681
1489
2517
3432
1204
4160
3445
3265
885
3565
4638
987
2789
4520
4479
3818
2990
4872
3056
1122
3762
3393
599
4783
2166
3243
3103
394
55
4723
1877
227
4314
4259
3633
1937
1396
227
4765
2152
3054
4504
1370
810
2298
2216
4455
3604
4079
4023
2733
1815
4583
1226
2286
1642
4890
1684
986
1064
2099
4376
1831
4356
1882
2088
342
886
989
4766
2936
3614
4317
655
2821
4425
1536
1443
996
3120
465
1006
4542
701
1530
539
4377
706
221
3960
2707
2485
2792
1366
3394
895
4937
4382
1679
3000
1567
1827
3032
317
4224
1129
1488
3324
1457
2799
1920
1490
4876
4396
4919
2817
4119
1434
2438
4273
1391
844
784
1697
3676
3004
868
2802
4596
809
1680
1645
3955
1035
3867
138
3895
4273
3068
4617
415
3851
1793
3292
1282
1554
1827
2863
2323
873
1357
1147
3510
1570
678
2443
3793
791
428
4137
2958
2610
3671
4435
4126
3456
3778
3628
1999
328
6
1578
2960
2050
3935
258
4277
2799
1677
3512
4399
4963
2834
1974
2071
3259
3173
1096
316
4680
661
411
87
3443
5067
4483
1611
1430
335
735
644
650
454
3797
4015
2359
2304
1445
1936
1545
1111
388
1253
80
384
1484
1782
4402
1179
3069
3825
2615
2416
4773
4412
2527
880
509
2406
3729
525
4764
736
1227
761
4029
3967
2516
204
3833
189
4622
729
3407
4318
802
1510
248
7
3146
2154
4618
941
4674
4327
1521
2673
3179
1434
4745
4950
2493
2055
5107
4781
2219
254
3539
4909
3982
4374
2709
2924
3892
4106
2507
779
5095
3817
67
2785
2135
944
294
3384
4150
1141
5025
4711
5127
2447
4782
895
3782
179
4039
1026
4731
2354
119
3045
3451
2440
5150
1880
1263
2846
652
3723
1958
968
1655
768
1297
1302
2952
1049
1516
1460
2414
2043
196
1801
3389
4987
1818
2783
2172
709
5103
5052
4177
4781
976
1328
925
1440
1830
4548
1599
2693
2685
2428
5060
3585
616
704
2517
549
2920
1588
1979
1174
1632
227
3239
4394
50
1218
2859
2612
83
1332
4239
4131
424
3658
587
1008
1445
3933
1276
1773
1381
4946
436
4141
4772
236
5201
132
2415
2930
1578
3316
5008
438
4865
5250
4425
932
4991
3756
4425
994
3404
3591
807
3336
2878
2029
3441
4767
3637
604
141
403
282
5039
2778
403
323
1627
1960
4365
3205
4196
4061
4465
5260
2196
809
4198
3167
2996
3203
12
4856
2930
2858
3621
2895
1518
195
421
2081
5076
3389
1919
4769
2715
1956
4875
4696
2734
4797
4778
5029
1451
1062
2251
2975
4692
4453
1078
1331
874
1765
3410
2896
5320
5172
488
530
1600
1833
1348
3744
1300
5251
1997
3980
3474
1434
100
3639
3690
1403
3125
4048
3721
2487
1074
1554
1289
4607
4791
3087
4435
429
5129
2019
4851
3126
1631
2858
17
3987
2135
3745
3573
4139
2258
1203
1344
3100
3937
3513
2298
5153
433
3378
3093
3615
2687
4688
5345
1646
2377
1441
1600
5059
3503
573
977
3473
29
2671
4434
453
2822
3207
2489
4325
1008
2438
4761
5138
3361
3863
4903
1389
4270
1654
5396
5171
415
3444
3425
1619
1956
262
1477
404
1804
1351
445
4164
1310
3182
2704
539
5148
5289
562
465
5355
3667
810
1980
5248
5066
1128
4983
1590
1426
3964
3710
4230
5391
2831
4259
4520
561
5202
3934
478
392
326
1069
1768
3484
523
5417
5370
1432
5430
2440
4621
2693
3862
2332
4350
3381
2709
4661
1182
323
856
3694
232
976
2434
2792
4867
2649
5430
881
1533
869
2140
3997
70
4682
4523
2181
4168
879
1788
4315
313
5138
3157
4501
1688
3203
5225
5302
4845
3388
958
843
852
2866
3844
3992
2897
2194
5102
2603
3338
2389
3946
4197
339
5304
4929
3422
4743
117
949
3380
1959
3295
5442
1232
5225
1191
4437
5280
854
4770
5287
1731
2903
2050
4229
1739
3049
4785
1517
3123
4942
2570
5012
3437
1847
1887
187
4233
1671
3975
4153
2372
2423
1462
2715
2894
1398
55
691
5483
3671
2981
2638
4481
2550
1787
3048
424
4207
3895
3376
2328
867
4594
5460
5423
4156
1531
2113
2725
5276
614
983
4045
4863
2446
515
2383
301
1691
2623
671
807
4978
1931
4522
5492
2767
945
647
4632
1581
1304
1620
4106
1936
2065
4307
4491
4394
4353
842
3155
3079
2311
1658
5139
5275
3096
4475
4339
3648
3499
5415
79
1736
5012
2102
4336
2424
2743
151
2530
268
2951
921
1313
5497
4266
3409
2832
1551
3978
4834
4418
364
2090
2042
4431
3794
1375
4899
5261
879
4031
969
939
5258
906
2701
5285
5613
5555
3157
2252
4327
4424
21
4234
1545
2080
3363
1434
2043
3224
752
253
3680
1166
2340
2115
2317
4740
2855
505
3869
2280
4945
5157
2462
1455
416
4749
5354
5006
3119
2876
163
2365
3778
4228
4645
5552
5203
3397
25
9
1816
4374
3602
3555
4191
1234
1825
1684
2562
4153
5638
1239
1582
4178
1035
4744
4612
4273
5005
2787
1098
213
4728
3372
186
3064
2119
4732
2185
3438
2723
4717
544
1943
5759
2854
1481
4959
5353
1576
280
189
3198
4343
327
4719
392
2694
4845
123
937
908
1986
5713
187
1730
755
1736
1606
2493
5289
338
2736
3756
2673
4564
3519
3106
3116
3176
3491
3140
2545
5736
5049
273
3020
3196
231
4406
2225
4985
4646
1763
5730
2278
3191
2056
4205
2918
5058
2207
5557
2270
3890
5143
4435
2323
4994
1081
1023
559
2333
2020
422
4514
3352
3844
4507
3205
4306
2616
5566
2587
3080
3132
2429
4452
3388
5308
5744
3044
4306
4042
4701
113
4876
5015
5347
800
2901
1823
4459
130
4241
4186
2513
695
4083
2168
4173
1401
1788
2092
2797
5175
1691
2053
2025
2344
1179
150
3979
2650
4597
3193
2274
2980
738
1642
5776
285
1322
2020
4946
544
3591
4540
1542
122
5300
5833
4103
2449
3062
5628
2412
2866
2805
4042
4069
1157
5317
2935
5254
4157
1243
5707
1866
845
1017
1819
586
3589
6
257
2285
1063
3563
1890
2140
5159
101
2459
813
5131
944
4946
959
5222
4961
1201
3988
479
5282
4063
65
2356
2435
4083
2092
5180
2697
3656
2845
1456
1642
1607
5571
5355
4778
1744
1836
5148
1825
3284
1528
1883
3057
5504
5432
3294
3534
4385
1828
5365
726
5340
6
4482
2751
4413
3106
5275
1008
5452
5348
1564
4533
3573
712
2202
2925
2659
4256
5882
4607
2354
2762
3725
749
2441
3031
3219
2860
1657
4454
1389
2030
2787
4232
5828
5588
3434
1767
3197
2130
2230
2620
4628
776
5650
3346
5200
1078
3061
2154
349
299
4706
3103
2948
2200
4921
5309
525
143
3792
4218
2114
10
2130
5981
4616
2291
3916
2263
3823
4346
4376
561
5746
2965
5753
3078
98
3410
2845
4016
987
23
4826
5080
488
1287
2413
784
3144
1043
5382
532
910
4519
460
4104
1891
1965
209
5384
4470
4634
205
1140
84
5016
2846
2057
4327
5499
5495
2954
3975
4771
1630
4159
3494
319
2354
3652
595
2533
5788
804
2348
2099
3152
1377
5379
5641
132
2646
60
1544
4713
5037
2797
3891
5775
3041
1941
1260
4584
3849
582
138
676
4996
3781
3329
5119
2707
1852
2861
762
1498
780
3752
3849
2246
2677
507
4102
3377
5278
3867
4897
265
4562
4449
2633
4992
5015
4867
3861
6112
464
2418
1520
3304
957
3741
6164
2180
2487
3070
1374
3786
4238
4193
2544
4213
3232
51
248
3892
862
2322
2096
5403
648
4996
4070
5831
3158
5929
849
5702
2465
5767
3063
1411
2255
3674
33
3084
4787
5774
4785
3393
2512
3446
5800
33
1556
2030
23
4861
367
4360
2055
2371
5989
5519
379
280
6092
2490
3406
2577
510
4038
4470
3080
2379
4061
5374
5448
96
4966
2406
1319
6011
3730
2898
2007
2522
1752
3482
94
376
2025
2620
291
907
1516
3265
5532
317
996
3150
3917
567
578
747
5940
5135
208
3735
3065
0
1372
2745
4926
4667
2396
2585
4465
5135
2483
4189
6221
5662
2785
2756
5382
5156
6101
5244
193
20
4246
6099
5102
3726
557
1227
5684
3753
3760
131
3853
2806
91
2789
4138
2502
661
3767
3093
3404
5439
5828
3115
6262
3395
4260
4661
4108
3213
6212
1981
4411
5487
2023
3007
3727
5518
3449
3003
404
3472
4506
6
3701
187
1872
4606
2989
5092
4201
2515
680
4833
3487
5340
959
908
2915
652
4200
4782
2887
4999
470
5172
4339
1820
81
5150
6024
6064
719
5752
2757
1265
4849
1153
2597
2516
3733
3860
4635
810
2906
852
6205
765
5421
852
1058
2388
3721
1738
5632
1928
1854
5071
4932
5266
2277
1463
1030
2195
5339
5358
735
5343
1255
5153
5555
3060
5793
3924
4355
2996
1517
5307
4536
1056
4125
4528
5358
2875
4601
156
1295
3638
4849
5303
5339
5545
3611
5502
2929
2091
1368
5730
4823
2724
4658
1711
3794
31
5649
6305
2614
5035
1200
880
3158
1105
4599
1119
5851
3564
255
5249
2541
3450
2313
2200
4743
355
4223
250
5821
4234
3633
4156
4807
2993
450
4555
3176
211
1670
1357
1601
5347
2202
1318
5037
2068
1029
2134
3419
1197
2278
1147
5558
2316
969
1984
5961
4609
3272
1382
1403
4687
4713
1554
4561
255
27
6144
6021
6310
1720
5419
689
5969
4939
5814
5399
1259
1235
3138
2419
2287
4655
1034
5639
5470
5277
3027
626
1258
3416
2431
3165
4219
4465
5705
6055
3637
6267
5522
338
5090
1137
258
4742
388
6096
659
287
1237
1025
3668
5445
3525
4438
1323
3080
5302
5425
2753
2573
2853
2758
3488
5274
33
4808
4093
1828
4120
3111
3122
5707
5019
5409
1028
6145
2560
2792
2593
3104
4160
2019
999
5812
6110
5628
1391
4712
5853
4368
6079
2626
4242
5027
2481
3517
46
6559
5036
1983
483
3726
695
6220
2171
4301
751
5548
2603
53
665
2406
1338
5578
3774
5110
5053
2652
5322
6475
289
1068
5150
1517
5805
1998
1535
3707
5990
2710
2364
3324
2790
950
2490
29
5335
5921
1144
2097
3971
4783
5242
511
3025
4063
650
3226
2249
4218
890
1536
199
4610
598
116
2439
742
4567
1945
4682
6167
4706
893
6164
5869
5117
6603
4143
5482
2266
2923
840
2747
734
3039
5889
6517
223
1640
1223
5922
4000
3555
3606
1243
5675
157
1892
5156
3887
3887
693
1124
922
4694
2405
4165
6609
4407
1146
2227
3553
421
4085
3313
619
3911
5413
1724
3235
2835
1866
452
4701
1696
6486
3360
5937
5151
5395
1533
1991
541
4608
298
4458
6526
667
220
1933
1660
2870
6251
27
3749
2503
1754
4064
2094
5027
327
6033
3687
5243
4691
1570
4559
4079
6101
2853
6709
2001
5840
3266
5992
293
3686
1587
5352
5902
5134
2598
699
178
3950
3072
3295
622
3912
1887
3491
1779
996
4102
2755
1468
922
4577
5756
2762
4652
5943
6532
3566
3244
1419
6182
4294
6328
2763
3465
1341
5661
3201
742
975
389
3487
5289
4141
3578
3854
1996
2194
5228
3956
6146
2394
4642
2679
4745
5618
1885
6561
115
6038
4594
6391
4777
6385
2932
2780
5517
65
2375
1462
3842
4673
4932
3100
5201
6493
725
535
1944
3475
1108
4143
6756
1628
5250
2129
2518
3497
248
4504
703
3430
3574
3640
6712
4777
5792
1129
4119
3749
5462
236
4163
3439
2253
2019
191
1183
6548
1892
1625
2110
5834
2579
2279
3961
2950
725
3785
5126
2005
4779
382
4840
512
6370
2453
5630
5922
5388
2368
283
4103
315
4600
2121
5190
59
4226
924
4961
3991
508
3617
2398
4840
2412
5394
2824
5284
6535
6806
3262
5743
2773
337
1847
6777
4579
5377
3916
6213
3087
2768
562
6178
1982
434
1481
2749
1306
3942
566
3052
6277
472
3724
4009
2744
3177
5596
4148
6151
6752
5950
6342
6703
4
4850
5141
3908
998
6345
2441
4689
2613
3241
1135
5448
2942
3893
4768
2606
2384
3834
6364
3778
2931
246
5726
2832
3825
4957
2785
186
2601
1837
5357
5768
6428
2043
6090
1296
2876
2414
3989
4020
774
417
3707
4967
495
5496
6337
351
1645
5287
1981
4736
678
2512
984
3581
1327
4337
4321
5892
4399
1561
5826
2591
2057
5220
3078
4504
1738
6364
3248
5665
4842
195
625
2653
4215
6381
3779
2071
286
5852
145
4223
6339
4625
2046
3606
4392
1955
413
2582
4925
1339
3470
2097
1390
5537
2739
2912
2973
2616
5495
3964
2426
2121
6648
742
1268
1873
6075
1452
867
6686
1646
2661
306
5021
6561
578
5311
6557
3635
2861
5522
5612
5135
177
3405
4602
5520
977
2795
2293
815
4349
5241
2934
5135
3480
1674
102
5679
6358
800
3426
5983
3043
6780
5059
3468
363
3973
4854
4689
485
2990
4682
4495
6587
4744
4914
5182
3655
3116
6582
3717
3285
3018
5102
2222
2668
6936
1773
3867
4447
2039
741
4943
2810
1424
6962
6920
4792
3885
5920
4984
91
5740
503
6048
2087
4137
4321
2431
5498
6025
5115
6285
3205
2712
2900
2140
3785
1953
7001
4718
1188
2684
6561
6009
1110
1946
5833
7024
3461
382
3371
888
1727
3887
1783
2709
70
3288
6928
1191
6671
3007
2412
2190
2869
2286
3417
5124
27
4921
1465
4591
386
1041
4804
5961
3493
1101
5507
2285
812
606
5174
4159
6878
380
1287
817
1757
6505
3817
3164
4415
1029
3029
2364
950
4453
4221
3627
1815
4583
4582
5756
3015
3415
1796
7092
481
4856
2047
2513
4121
1236
5651
4108
1341
5268
5429
4308
229
3770
4295
80
4748
5135
3597
1967
4861
5352
4607
4907
3507
5035
1700
5090
3734
2780
2901
6499
6323
6933
6048
5298
1565
5455
57
4077
4326
6049
7129
1594
6079
3042
5587
1924
388
1246
3472
6662
2404
4015
486
272
6882
1100
3419
578
4579
3398
1549
2570
1520
6767
1725
3847
4294
4553
2449
3507
7151
6925
6400
1724
6198
4832
66
1138
1909
2709
751
2687
2325
1237
2984
1453
4482
2463
4946
4353
1121
799
6125
5371
3108
4770
2964
6270
2317
5891
4105
2705
2130
5704
1946
3455
4294
2786
1766
6503
4558
5758
1559
2146
1771
7149
3449
1842
3051
3490
5355
2664
5025
6327
4438
2156
2713
8
13
7280
5976
5415
4362
1558
1593
3324
2657
7042
3186
662
6881
3
5304
2252
2744
7198
6337
5327
4458
1917
4898
799
4471
6071
3419
6920
3367
4060
744
4802
2966
6556
3360
790
1340
7033
6407
833
7138
1102
7060
421
2711
6490
6000
3516
459
3696
600
4540
3876
6419
3785
4437
5796
2896
7339
1143
5180
3153
1008
1155
3820
1075
3388
2842
4848
6363
3224
3961
3956
2106
1280
3057
1962
1442
5722
2338
3099
4189
1573
3131
252
2989
5621
2554
2711
5474
4837
3805
4647
6153
6916
7300
5327
3265
2707
5616
7060
2623
1047
5907
3869
4687
4309
2363
1965
3011
6327
7268
2384
3942
5323
4329
2329
469
1721
101
5359
363
4671
5976
5726
553
4063
1734
1858
4656
7423
724
3769
1920
4241
1753
6460
186
2090
3166
1902
2545
3456
2398
6874
5676
6063
5870
5614
3679
2955
4557
527
82
488
1591
5518
7024
4677
1710
5067
2934
6973
234
5592
5766
5738
3889
3581
3942
3124
2339
4434
7097
1373
1292
5537
5629
7402
3354
6360
3247
4017
5160
1681
3273
5485
2070
5157
603
7438
1920
4853
5165
6979
6204
1153
2073
4769
2574
7343
3882
1794
3848
2126
1704
3795
64
398
4814
7474
1478
1802
1133
3939
1984
424
1210
661
4731
130
5676
4553
842
5745
6282
6607
7307
3747
865
1946
6209
1636
6180
350
5954
6278
6748
3762
3949
5498
2704
1885
2862
4278
1527
3590
6811
633
1239
3753
202
6188
2121
4609
1888
7394
6515
3613
4354
3253
7035
2183
3810
5959
3337
2574
2686
1518
7039
6662
291
1847
3170
328
984
2662
6597
3284
3662
5251
477
7581
5166
2830
4124
2702
625
2571
3229
3085
6790
7135
4440
5095
6684
4348
6475
294
385
4110
4076
666
4425
4496
1902
3031
4054
3444
5594
1881
3810
1904
7476
2770
3904
1480
3247
898
1135
6770
2856
7179
4508
4202
2869
590
47
6311
6590
604
0
4681
317
2940
5337
2864
4325
4324
3000
1010
5811
189
4482
5457
5365
277
7225
2634
6909
5705
7287
7340
5297
656
7068
606
6117
2248
6665
3837
7189
2339
2443
2624
3837
517
4357
6867
1501
814
5672
1467
5162
5035
7293
4496
4778
6351
5747
341
4980
2056
468
6385
4845
7575
4685
3447
3564
6686
4167
5489
4586
7599
7094
3981
7518
4911
3831
2809
3854
797
1258
2409
6440
3194
5770
602
2491
3263
2005
2935
5743
4706
4177
4128
2351
3458
6294
6200
902
7022
4690
4516
399
257
835
93
5761
7088
6573
4920
4829
2354
5986
7535
2414
123
6973
1488
6216
5254
5214
4440
7174
7648
5638
6348
6674
4211
3046
3703
5554
1481
5855
3465
3049
4440
4261
7179
6916
5536
6183
7590
7123
448
5280
6334
2626
4052
3078
1187
5630
4552
6703
1150
2055
4970
5185
5463
4851
6945
6929
3217
6048
7280
2873
1328
2529
1655
2655
3179
4880
540
3450
5598
6468
7754
7133
2981
6032
2523
2892
5546
7013
3868
6994
5105
984
6472
7483
1366
5752
3207
6686
7571
2089
6165
6732
3708
4518
7522
4472
2108
7298
1560
1556
4662
5900
6702
7405
1114
866
1278
2688
4546
5088
2054
147
4150
1806
2824
438
2561
5014
1081
1411
5953
6814
7459
7463
7385
3803
369
654
4823
5993
1162
2891
7756
6684
7818
4011
4273
5285
4816
3529
7114
6120
5201
4471
5073
3049
4130
5437
4479
7854
3747
152
6844
2950
528
455
6358
4035
4640
3512
3833
1372
7487
4791
1691
484
6664
423
5228
3080
7670
2378
2246
4103
2672
1945
4909
7078
4238
4689
4803
5143
3560
3053
3055
5186
1272
3476
1812
5355
2149
7476
2613
1242
5902
6457
6340
652
2959
6404
1743
1556
5551
3379
7062
4883
2819
6150
6586
7289
7755
6469
2411
3381
1170
5066
1106
5996
4063
3171
2010
166
6157
4808
3285
758
2843
3574
5070
1316
88
3028
7234
2249
7445
3712
1251
563
5417
135
7429
5330
1473
4241
3000
7630
1472
4719
5326
5447
3024
2326
5877
5312
3135
1034
511
2032
6838
524
5324
7418
920
4456
5558
5766
2176
4498
1224
7111
3244
1675
2289
3215
5682
4988
7233
285
1222
6433
2028
2130
2531
7408
7211
4665
109
995
4660
4928
2391
1352
1415
4349
192
1515
1352
5097
28
6671
4790
2697
287
1663
6126
7670
3204
1000
1459
4878
6489
2188
5698
3266
5613
733
3408
1621
4526
6411
4564
7600
4974
6632
5479
416
7790
7348
5533
3182
6051
3362
7953
3182
3974
4204
7941
2195
7313
1030
6782
6126
2455
5506
2851
7846
3286
4396
3488
6791
7523
934
3995
6095
7538
3495
3725
1804
4689
3301
7636
4194
5581
6716
3583
6177
5808
7676
5444
1581
79
6968
4944
3956
2889
1944
1712
3734
7541
7864
7898
2471
2805
6419
7127
1100
801
807
6598
866
5152
221
4104
6137
6964
926
4360
4756
189
7524
7907
239
5569
2939
6901
2530
6117
723
5375
4284
1022
358
5610
890
4931
4945
3836
4555
7192
4112
5985
7460
7228
4717
5275
927
7607
1187
6511
3485
904
3238
5348
4844
3099
2307
6309
8009
5846
784
1256
4751
4804
6139
1615
2043
7577
5798
6844
3521
2160
6027
3988
6493
3745
1590
6438
338
4443
4688
50
5977
1652
3134
6730
392
2263
7593
5848
6001
95
7007
364
6509
2787
5435
7496
2927
2580
1440
531
4945
4846
6406
7178
4333
3194
2950
7726
4141
6442
925
2832
2486
7564
5577
2155
7259
639
2902
1863
4283
6394
1070
6784
6460
3933
4379
5234
6448
811
5177
1057
7108
2992
5166
1526
3505
3570
2681
2828
5437
57
4166
262
1554
7757
3143
1847
7673
693
3995
2356
7610
6412
4194
5807
2214
96
2822
1404
7485
7074
6427
4038
4518
6495
1383
6197
3051
243
341
3205
1904
6860
5342
4980
1064
6948
2969
4371
2922
5210
7567
1930
8120
3863
135
5176
5505
3944
8033
3069
5237
7516
5045
5239
5297
1564
4800
2582
736
5571
5178
3174
1721
5679
218
6801
875
1438
1203
4116
1130
2323
6442
536
3986
2330
3165
2641
1953
6002
3382
2399
5741
2605
1471
4413
3190
1141
6069
8332
1958
7993
607
5667
6544
319
7736
3152
7877
6872
7559
3845
7038
5630
2310
7080
4597
3332
1304
5419
2851
201
4048
7375
4319
6321
5265
2753
7132
6513
2262
1387
3388
3544
1103
6643
2919
3027
4393
6918
4669
6041
3996
3822
5468
778
3004
4660
2201
1052
1403
2096
5099
4620
2776
1707
4225
1707
3789
6088
4593
149
4944
151
1694
5070
2552
3610
459
1124
7906
1441
4914
4421
3641
7175
2554
3217
1746
3239
6487
7424
329
7346
1352
7143
4424
7641
3999
5971
347
5050
6669
5711
8456
6964
4943
6281
7694
8107
3881
5725
3194
3622
8085
6482
2308
5309
502
727
3774
3457
1695
649
3458
8080
2238
2215
4878
3373
4690
7134
706
7763
6895
6072
1053
4196
3706
6221
3962
1851
2705
3502
748
3914
2425
6801
8039
1866
1899
6978
1845
183
1096
5114
7190
5524
4264
7064
1722
6851
1834
3711
7369
8006
7797
479
2177
5218
7569
2674
7772
287
7724
3352
6106
3460
4694
119
5817
7670
1982
1363
5271
4764
354
6454
7551
5682
2321
4294
1608
2701
6597
1324
3010
7919
657
2215
5652
1294
5078
8269
5415
1349
5214
3209
3308
5827
7537
2513
8299
6575
3073
308
8085
2411
1130
6269
1161
1069
3268
26
7657
6198
438
7096
4668
376
2988
7722
3217
4155
7200
6823
7264
7626
1250
374
2138
3158
2041
7558
3659
3112
1801
5851
4798
7380
5092
3034
283
5949
4278
3047
3520
2772
5242
2950
6573
218
8175
1703
1837
722
2769
3393
3232
3892
4061
294
3602
5182
1791
854
3012
4434
5038
2569
3818
5242
3142
5224
809
4879
5703
2631
2619
5310
8452
845
3696
1858
7943
6179
5917
1514
5499
8566
981
5464
5858
5494
3157
3899
6043
4440
1444
5112
3161
3108
5519
2334
1787
4152
4147
3624
4944
7918
2991
3051
7142
1499
5979
3837
3986
7154
577
882
6277
998
8421
514
7175
2495
471
5288
2242
3888
3153
5551
5127
7980
461
6000
3105
5140
4123
2121
2374
2176
8196
6037
3123
1698
6986
7038
2825
5986
4280
5006
726
2889
7599
1504
921
7128
3226
2807
953
5442
5171
3986
5581
3785
7964
6388
8719
4220
3354
8308
5349
7318
7049
6537
3870
8733
2113
5912
7726
7849
8064
2676
3431
747
5690
7165
3495
1585
4472
7171
8755
3366
1401
5790
8691
995
5342
5656
4072
3635
2380
3381
3031
274
6049
2115
8358
870
6324
3901
6993
3721
5985
1752
1181
7251
7968
3477
1029
8501
5716
3028
3010
8405
397
3890
3614
8422
1590
8346
2307
1850
875
2331
3707
993
4659
6941
7646
7556
8034
1009
1312
3000
7566
5252
6146
4550
2557
1153
1859
7943
6224
2120
6960
7759
6042
7025
6645
4660
2226
6002
2330
701
789
6200
8118
3558
8603
6042
7236
514
2647
3070
2209
1294
8417
8560
5378
6073
7238
6251
8366
2898
6322
3528
114
5761
6086
1523
49
4350
1079
1108
3186
2463
192
7101
2896
3788
8255
6048
8602
8836
5015
4114
8186
5270
882
6616
4353
7534
7670
757
7546
6290
6671
6271
6612
2249
4716
2936
1605
194
80
3543
3582
3309
5172
8318
3846
3409
358
3641
3945
3778
3713
290
4477
2771
6348
7306
6583
3292
3858
3412
2508
774
94
8406
2217
4937
3395
6200
111
1703
4440
2786
5548
242
1366
6139
1652
868
8274
5811
8698
6862
2286
5637
960
2364
1883
5356
626
8895
7539
8500
3491
3140
793
803
6439
8781
7804
7013
4553
3908
7997
1305
8040
2445
8096
1006
6317
191
291
1500
7356
2201
8443
41
8386
5855
7243
3113
1570
8636
5815
4404
2990
3802
4111
5407
3149
4191
8777
3631
3237
492
794
502
4000
8798
5696
1509
4628
5666
7068
8246
2912
4222
7438
2721
305
3251
2000
3607
5253
4184
7530
5181
4837
7905
8219
8430
7488
851
8580
941
2772
5320
5154
2471
741
4882
4112
5494
26
3249
7212
1619
7933
8243
2710
516
122
5708
3333
4541
5770
1849
4347
6350
833
3590
7344
4199
2022
1277
408
1270
7982
4843
8420
2795
3356
5365
3311
5919
7288
5581
8424
481
5566
7359
5681
3012
1347
6482
9067
3024
5102
8852
673
2010
7934
871
7378
901
4014
386
1802
7872
6213
697
7312
7852
2199
5842
1502
221
4690
1695
1504
3072
7525
1558
7256
742
7524
8064
8819
5237
3866
2901
2836
3741
3629
4977
2275
8325
7574
1132
2563
2924
3329
803
3448
322
8226
788
5520
493
370
7906
4376
2350
8128
5133
8265
706
3540
7957
5577
4877
466
5757
7470
2809
5677
4551
1730
7545
5137
81
6803
8676
2521
8598
5658
3353
803
1736
459
1726
6408
7194
5828
7595
3010
1420
6642
3370
3306
9160
8570
8180
5796
6830
3818
930
65
4607
6463
8932
3371
3638
1685
2388
7171
2765
4337
3447
2773
1228
6630
4623
4014
2858
241
842
8482
6636
2495
311
3513
2969
5786
8324
7376
5543
1188
2477
7289
149
6404
3363
395
6917
570
6956
2434
2827
4503
6068
2379
6924
7968
1663
2096
1051
2709
5830
4685
4441
7813
3408
2967
525
8958
6111
2850
8127
9016
4916
5640
7116
6599
2323
2211
9150
5987
5781
4453
5909
1406
7692
7899
3787
7046
2613
273
3286
5608
4177
1248
3437
340
5307
646
930
818
6795
3277
7728
3773
3550
2547
847
3300
1730
2169
4959
1865
745
4552
3029
5590
5128
1994
3611
9138
6237
6394
7658
875
6838
2423
5028
8319
3384
4881
3084
3851
7756
7753
4305
536
8393
4206
5849
5629
9159
8505
3042
8365
2345
3963
3431
627
6225
6590
4335
3941
3520
3551
5188
2636
5714
4012
3786
141
7098
2325
8950
7771
8945
5437
5266
4566
1655
5899
1945
1092
5398
5706
3793
3158
3449
6925
1388
8112
7616
8211
4562
405
3230
6080
7072
2955
3956
8842
3823
4113
369
910
8827
4838
2736
5548
312
4138
3050
5456
1169
6008
4478
838
431
8951
7366
137
1842
4567
2740
7680
3543
1370
485
1831
7463
911
5276
7225
5682
5269
812
3663
6316
4775
1087
8358
5555
5483
8539
7351
9343
985
592
5655
6068
2812
5614
5846
3426
113
861
4779
4082
768
162
5863
7181
2721
2021
17
2499
539
2191
6065
5672
1946
2881
8095
403
8376
3575
4298
2153
7205
8171
2041
4404
5005
1416
6822
7813
650
837
8714
6562
4639
7204
349
9010
7178
2611
2605
8557
3283
65
26
986
526
4905
6066
4536
8954
3955
9240
3934
5917
3579
8484
5471
4658
9134
7289
7748
3289
644
4997
368
1326
4342
5412
7784
3652
6911
3801
7744
3785
43
7709
1089
3861
6380
8799
8502
6110
1928
5864
5325
297
8630
7756
298
180
1155
2301
4596
7586
5865
8421
1600
7283
2536
4853
6612
711
4903
7498
7471
3960
2335
4732
1490
8111
5128
8710
8874
4511
8122
7073
5468
3629
3124
1565
1860
8947
5879
207
4873
1659
7793
3538
6244
1706
3249
9404
10
7036
3264
1018
857
7887
4339
1965
2397
4730
522
6975
6359
5640
7462
2095
8111
5884
2206
6711
3783
9017
7640
836
496
6908
2724
3984
8740
7948
943
983
5739
4908
5832
9113
6265
4869
2985
5162
5281
2447
2009
8307
5944
5449
7215
8867
1012
2467
3848
9135
3240
5761
3063
1490
967
5157
4260
8901
7504
8720
1107
1416
4041
747
301
1014
4674
4748
8639
8926
1082
3879
2804
5762
2354
3253
9363
9466
4917
4468
8952
3418
3001
956
9309
4917
1848
8604
6500
1636
8303
3173
2792
185
6313
8036
9069
1964
7258
9284
3184
4050
8478
3283
5456
1549
8885
8881
4588
487
1534
5690
6481
4176
2210
3466
1209
3551
5241
8111
5040
9418
5209
7680
6793
2733
3561
5886
2108
9577
4378
9299
6186
3358
6167
9533
7892
526
3438
1942
7313
4657
6194
2050
1557
6091
2981
3548
6020
3952
3227
2895
5246
377
4119
5647
729
717
2751
9456
3693
636
7392
1743
2975
9315
7369
2043
1944
8780
5431
1139
7340
2273
9454
9014
609
3460
2185
1798
3700
3257
586
3736
9076
777
5717
8420
6837
4892
9184
9587
5007
8148
1465
3174
6738
2080
9741
5213
7352
4869
7978
6949
8478
3204
4506
5516
2775
7701
5409
4407
5346
8374
2703
8196
4985
5458
7297
6773
7369
8136
6291
9021
8948
4792
952
2100
8291
1200
9776
3505
3450
9686
8621
4859
295
4245
5986
4353
5476
4893
2803
7241
2881
6111
7492
8467
742
5228
9595
131
440
6122
9181
4855
4486
2624
2635
8865
1737
9050
2614
3009
5863
1382
6129
661
6227
6211
139
2178
2229
5521
8058
6492
3304
2774
6739
2409
1824
5473
6060
5123
5286
2292
3620
9591
8559
5941
7365
7537
4821
2621
6015
5849
6388
6404
9351
7653
3543
2964
1100
8928
1761
6754
7836
1133
1872
7505
8468
6746
4526
5051
7116
9721
9371
1935
9200
8630
6281
1679
8360
5092
9427
5057
9182
601
8473
9351
1740
5949
9333
5119
9358
7905
3296
5992
9635
3585
7806
964
82
4371
5231
1540
4692
1180
2397
4617
9711
1967
5939
1546
910
3697
185
9461
112
9325
6872
6020
3721
7869
3810
1555
461
6943
9646
3647
7840
3844
2710
1077
1301
2364
2425
3462
9018
8019
2678
9842
4736
228
5740
1916
1041
5963
8211
7886
904
6860
7295
6754
3584
2487
2815
5472
2298
4512
1797
5622
4484
7032
4597
6485
9469
8370
9791
6168
4737
2255
5700
2137
9687
2920
4320
613
1231
3225
8203
2668
2323
3078
7456
6784
3037
9370
8570
2052
4360
2524
954
4096
9645
7602
9086
2244
4741
8419
2648
3941
9054
6761
3749
8361
9314
2385
6851
7218
2228
