10000 5000
0
1
2
0
4
5
6
7
0
9
10
11
12
13
14
15
16
17
18
19
20
14
22
23
24
25
8
3
1
29
30
31
32
26
33
27
36
37
38
28
21
0
0
43
41
26
46
47
44
49
50
51
52
26
42
55
56
21
35
59
37
27
3
28
35
65
1
67
27
1
70
71
66
73
62
75
76
77
78
48
80
81
60
83
33
1
53
48
88
28
58
85
91
37
94
95
96
97
98
60
100
101
34
103
104
0
72
107
28
109
41
111
85
113
34
115
116
117
61
119
57
61
53
123
124
125
126
127
62
129
130
64
14
133
42
135
136
137
53
34
140
141
142
143
85
41
146
91
148
87
93
108
45
153
154
155
156
157
158
159
79
161
13
93
164
165
166
90
168
69
170
171
82
28
174
0
92
177
74
150
180
14
182
183
184
185
186
122
21
189
61
191
95
193
194
195
196
197
198
199
200
201
202
203
145
205
206
207
208
209
95
211
212
213
214
215
216
217
218
91
114
221
90
223
26
225
226
27
91
229
230
61
232
233
179
33
236
237
238
239
240
118
242
243
44
245
54
247
248
28
62
40
252
253
254
255
256
257
160
172
84
261
45
27
264
265
175
3
268
269
66
271
272
273
251
175
145
277
278
279
147
281
282
283
227
285
286
263
42
289
84
291
90
270
294
295
296
297
298
138
300
39
302
303
241
305
263
307
308
309
310
311
312
313
314
139
316
317
112
319
320
321
1
323
324
181
102
1
188
179
112
42
332
333
39
335
336
337
338
339
13
341
342
122
344
102
99
14
348
349
62
48
352
353
354
355
102
41
79
359
360
45
152
363
37
365
366
367
368
151
144
371
372
373
128
105
39
290
92
379
87
34
287
227
384
385
386
387
388
21
13
149
392
393
394
395
396
45
398
399
400
33
87
403
33
405
39
407
408
1
410
411
412
413
227
228
401
60
418
14
420
69
120
423
424
425
315
41
428
429
152
431
86
90
434
435
345
437
438
439
440
82
442
443
91
288
132
8
63
449
120
91
452
453
454
455
250
276
145
459
246
461
462
463
128
465
466
467
468
57
470
169
472
27
60
138
476
477
478
26
480
481
482
72
484
485
35
132
488
489
490
491
69
33
494
495
496
301
498
499
500
105
451
503
87
132
506
507
0
63
510
511
138
513
417
515
516
517
518
82
520
0
522
523
524
122
246
84
528
529
275
531
532
533
276
535
536
35
251
263
8
541
542
543
128
299
27
210
548
39
389
421
145
553
284
293
556
557
558
90
42
42
562
250
525
565
566
69
99
1
258
571
572
573
574
1
576
567
578
118
374
63
114
72
584
585
447
48
588
54
34
521
93
306
35
160
251
249
90
599
600
86
204
603
134
605
606
607
608
120
404
82
612
613
99
82
616
549
618
179
567
621
622
623
14
426
128
627
628
629
0
631
632
633
634
162
163
21
426
639
640
641
642
643
8
430
646
647
173
270
650
651
652
653
150
35
587
657
658
34
660
661
662
663
287
611
39
667
160
669
670
150
21
673
441
1
432
677
678
679
680
681
131
683
92
685
686
79
688
689
690
357
692
693
325
594
696
433
698
8
700
701
702
703
13
705
114
707
708
709
60
711
712
713
714
715
26
288
718
139
85
721
290
723
724
725
726
727
728
34
730
731
579
85
231
152
40
737
34
41
112
741
267
743
744
86
746
108
63
241
750
751
26
753
378
755
756
145
758
759
0
35
762
54
764
114
766
767
768
769
54
771
772
615
774
99
776
777
778
779
34
441
782
783
784
13
786
787
39
149
790
791
561
793
794
266
42
797
160
799
800
801
263
803
132
805
806
807
808
809
810
811
812
448
814
815
114
181
42
819
288
821
822
823
824
825
90
72
828
829
48
831
832
62
178
835
836
655
28
839
840
63
842
843
358
422
846
847
594
84
850
851
131
853
854
114
856
82
35
859
860
861
862
863
864
865
106
867
868
869
870
580
173
131
874
875
346
877
878
879
880
881
26
33
445
885
886
887
888
118
457
891
346
687
162
315
896
897
457
263
374
901
42
376
569
416
102
54
908
160
58
21
912
421
914
45
916
85
918
122
259
48
179
176
376
925
251
927
14
87
930
931
932
933
1
935
936
937
938
377
638
42
942
293
944
945
946
947
948
270
950
951
952
953
954
364
956
957
958
959
960
21
21
963
964
965
966
219
234
345
326
971
972
90
8
975
145
977
91
979
276
540
45
983
984
27
986
987
988
187
121
991
992
227
138
475
996
997
998
145
554
1001
105
1003
1004
1005
1006
34
346
3
44
1011
550
589
1014
1015
331
479
1018
1019
1020
611
1022
13
147
61
1026
1027
82
1
224
57
1032
1033
1034
1035
178
540
315
1039
1040
1041
1042
14
1044
1045
1046
90
1048
92
1050
1051
249
1053
299
1055
1056
1057
181
757
91
92
1062
1063
1064
1065
85
1067
85
35
1070
1071
60
150
1074
1075
1076
1077
122
1079
1080
1081
1082
1083
1084
1085
1086
1087
837
95
1090
334
521
1
35
1095
250
14
1098
1099
1100
1101
132
1103
345
1105
63
1107
1108
1109
1110
151
162
204
64
114
1116
40
118
1119
21
1121
34
267
540
1125
1126
167
90
1129
86
1131
1132
147
1134
227
1136
42
404
475
1140
1141
1142
1143
44
1145
1146
1147
1148
84
1150
1151
92
188
72
1155
1156
1157
287
178
1160
1161
329
1163
1164
1165
1166
1167
1168
849
132
1171
1172
1088
204
433
325
1177
1178
241
1180
1181
1182
290
1184
1185
276
1187
120
1189
62
1191
383
1193
34
1195
95
44
343
1199
1200
749
293
1203
87
53
1206
145
304
149
44
41
1212
93
72
45
1216
1217
60
1219
446
1221
1222
1223
1224
1225
1226
138
1228
1229
1230
102
1232
1233
1234
178
1236
1237
369
1239
62
1241
1242
792
554
1245
102
93
249
1249
1250
1251
1252
390
1254
21
1256
57
1258
1259
1260
1261
1262
292
1264
28
1266
1267
64
1269
1270
1271
1272
1273
1274
1275
45
1277
1278
60
635
8
284
1283
290
377
1286
1287
8
79
1290
152
1292
357
1294
907
95
1297
1298
41
131
1301
1302
139
1304
1012
1120
329
351
14
190
68
1312
79
1314
1315
1316
432
34
1319
1320
1321
1322
301
1324
35
326
1327
1328
1329
246
1331
66
1333
3
1335
1336
1337
8
79
1340
26
1342
1343
139
79
1346
1347
258
540
446
173
151
1353
1354
112
1356
267
568
1359
390
1361
89
1363
1364
1365
106
1367
93
1
244
1371
1372
1373
362
1375
249
1377
464
1379
720
41
1382
41
1384
44
1386
1387
99
1389
54
1391
1392
1393
1394
1395
1396
1397
1398
1399
1400
1401
1402
331
1404
118
1406
362
1408
250
1410
121
1412
1413
64
85
1416
227
519
1419
160
139
469
1423
1424
1425
1426
1427
1428
1429
95
430
1432
145
134
1435
1436
13
1438
1439
1440
1441
330
1443
1444
290
1446
450
1448
1449
1450
1451
915
1453
1454
1455
82
729
1458
567
1460
1461
1462
1463
62
1465
1466
33
1468
84
37
1471
1472
1473
1474
1475
1476
222
292
8
1480
1481
318
1483
292
1485
1486
1487
288
1489
1490
540
1492
1493
1494
108
1496
304
1498
33
1500
330
590
1503
167
1505
1506
1507
1508
293
1510
1511
266
95
1514
1515
1516
1517
1518
374
1520
1
1522
1523
27
1525
923
27
121
13
106
582
1532
362
1534
34
284
1537
28
1539
1540
644
1542
346
1544
1545
178
1547
160
1549
1550
1551
1552
1553
175
61
99
301
1558
120
1560
331
1562
95
1564
1565
1566
644
1568
1569
266
391
1572
231
1574
293
1576
1577
48
87
1580
1581
1582
90
1584
1585
483
1587
1588
601
1590
28
102
235
1594
114
69
1597
331
114
1600
1601
61
1603
234
21
187
26
1608
176
1610
1611
1612
1613
106
34
1616
35
1618
118
0
1621
1622
1623
26
1625
41
1627
39
1629
1630
112
1632
1633
34
304
1636
138
322
26
882
1641
1642
160
1644
1645
250
1647
1648
1649
128
260
982
1653
1654
1655
1656
27
1658
45
1660
1661
105
1663
54
227
1666
1667
1668
1669
554
1671
1672
1673
1674
1675
1676
1677
1
45
34
1681
35
58
8
415
1686
1687
1688
1689
1690
1691
471
1693
1694
160
1696
79
483
549
106
187
1702
1703
87
284
1706
1707
1708
1
1710
389
1712
1713
1714
1715
1716
1717
105
1719
1720
1721
1722
61
1724
1725
383
1727
1728
1729
1730
1731
509
1733
347
172
1736
1737
3
1739
534
1741
1742
44
1744
204
134
1747
145
1749
1750
1751
1752
544
139
62
13
1757
1758
1759
389
1761
1762
74
69
1765
1766
106
1768
1769
1770
1771
1772
1773
235
90
1776
1777
1778
1779
112
301
1782
1783
91
512
347
93
1788
1789
1790
58
54
1793
1794
1795
1796
1797
145
1799
1800
48
1802
72
122
1805
1806
1807
1808
1809
110
69
35
1813
1814
1815
796
1817
475
149
1820
1821
1822
1823
1824
27
1826
1827
325
1829
292
1831
1832
192
417
1835
276
1837
1838
1839
1840
1841
939
1843
1844
376
40
86
545
1849
304
1088
1852
45
53
1855
1856
84
1858
134
1860
1861
1862
210
41
1865
122
1867
8
1869
1870
53
1872
1873
40
1875
1876
939
172
447
502
530
1882
1883
458
1885
326
364
872
0
306
63
82
1893
95
37
138
1897
1898
1899
1900
422
1902
1903
325
132
1906
356
380
1909
150
169
1912
1913
1914
329
1916
1917
172
1919
1920
3
902
1923
1924
35
1926
1927
1928
1929
63
1931
1932
1933
131
1935
284
1937
1938
1939
1940
26
1942
1943
383
169
1946
1947
1948
188
501
1951
1952
1953
1954
421
1956
624
645
138
63
347
275
79
1964
1965
40
1967
1968
1969
706
1971
1972
99
250
87
106
106
1978
1979
1980
1981
1982
1983
1984
1985
128
1987
322
1989
397
1991
1992
1993
1994
162
1996
122
1998
598
3
2001
2002
2003
2004
2005
2006
1
152
2009
2010
2011
14
2013
2014
2015
147
2017
134
2019
2020
2021
260
2023
2024
176
110
2027
222
2029
2030
220
35
2033
2034
445
2036
2037
2038
60
72
473
187
79
1
220
2046
358
2048
91
2050
39
2052
2053
152
231
2056
2057
178
2059
2060
85
2062
14
350
13
145
53
2068
2069
2070
231
192
2073
2074
149
40
91
2078
2079
2080
149
267
2083
2084
2085
2086
293
519
2089
2090
2091
13
2093
54
526
27
1174
2098
2099
8
2101
2102
2103
2104
90
121
2107
41
370
120
590
717
2113
2114
2115
35
2117
69
2119
2120
92
2122
2123
378
2125
2126
92
54
93
2130
330
2132
1
2134
2135
2136
63
2138
419
2140
2141
26
2143
2144
145
2146
2147
2148
2149
40
108
14
2153
2154
2155
2156
469
2158
131
2160
128
79
219
37
2165
2166
93
61
483
2170
2171
292
2173
2174
445
105
2177
2178
2179
2180
2181
2182
112
2184
2185
28
93
2188
2189
2190
53
2192
2193
2194
2195
1
2197
2198
63
39
2201
334
2203
2204
2205
87
770
2208
2209
44
2211
219
537
504
2215
2216
260
160
48
402
2221
2222
53
21
2225
380
2227
2228
192
351
2231
120
2233
33
58
2236
172
85
82
102
2241
102
2243
356
118
2246
2247
2248
2249
267
749
377
2253
2254
2255
68
41
2258
2259
2260
2261
2262
228
61
2265
2266
2267
436
2269
2270
2271
2272
34
2274
2275
2276
290
62
58
591
13
2282
2283
820
57
2286
266
13
92
2290
2291
86
2293
2294
2295
2296
2297
2298
2299
3
2301
594
105
53
181
2306
2307
2308
21
21
2311
2312
150
150
487
2316
99
2318
39
72
376
798
416
2324
2325
2326
2327
770
2329
2330
2331
665
162
1
2335
2336
2337
2338
2339
2340
2341
456
2343
2344
2345
2346
2347
131
2349
2350
1263
2352
2353
2354
64
112
2357
2358
2359
292
3
2362
2363
2364
2365
2366
2367
92
2369
69
2371
2372
86
86
2375
595
2377
2378
2379
114
502
2382
3
2384
2385
2386
2387
837
486
58
99
2392
537
2394
2395
345
288
57
2399
2400
79
2402
131
2404
2405
2406
167
0
2409
2410
2411
224
41
2414
2415
84
2417
635
871
44
61
2422
222
2424
72
2426
941
54
27
2430
33
2432
162
105
292
391
2437
2438
42
798
2441
2442
2443
2444
2445
2446
63
2448
53
28
421
0
28
2454
376
2456
42
2458
45
2460
2461
2462
2463
2464
2465
14
37
375
493
2470
45
2472
2473
258
444
2476
2477
64
1
2480
2481
150
2483
131
2485
152
2487
2488
2489
2490
2491
151
666
2494
2495
2496
530
2498
3
92
458
697
2503
2504
2505
40
2507
2508
2509
2510
2511
290
2513
483
2515
2516
351
2518
369
2520
2521
2522
2523
2524
2525
2526
2527
138
457
2530
2531
2532
2533
330
63
2536
2537
2538
364
2540
192
2542
179
64
409
502
42
2548
381
39
13
2552
288
2554
2555
2556
2557
2558
2559
2560
390
41
796
108
343
2566
2567
260
2569
13
2571
2572
665
2574
2575
58
2577
2578
475
2580
2581
2582
2583
2584
2585
234
2587
121
69
276
2591
2592
1
68
79
527
95
2598
138
2600
288
2602
493
464
54
61
2607
2608
179
2610
169
325
57
2614
2615
90
383
2618
68
2620
2621
2622
2623
224
2625
172
58
39
2629
93
112
2632
61
219
2635
2636
2637
2638
569
444
2641
39
60
66
2645
2646
2647
2648
2649
2650
2651
2652
2653
2654
89
2656
2657
2658
112
2660
2661
2662
68
504
2665
2666
144
72
474
263
2671
2672
2673
118
2675
251
577
162
37
2680
2681
92
2683
2684
2685
151
48
343
53
2690
2691
2692
301
2694
68
2696
2697
2698
2699
2700
2701
244
2703
554
2705
2706
45
2708
2709
2710
2711
2712
41
2714
547
2716
2717
2718
2719
251
2721
2722
144
14
2725
2726
2727
2728
2729
181
284
227
2733
8
263
2736
108
2738
163
2740
62
64
34
2744
270
331
2747
2748
21
2750
2751
2752
260
2754
13
2756
2757
72
145
401
2761
102
42
2764
2765
2766
2767
502
147
2770
2771
2772
2773
2774
44
44
2777
35
270
2780
287
95
181
108
2785
162
380
2788
2789
2790
2791
2792
114
2794
2795
2796
2797
293
89
704
2801
2802
132
121
2805
147
2807
90
2809
2810
68
181
21
173
2815
2816
0
2818
145
2820
2821
2822
624
91
2825
267
169
2828
2829
14
99
2832
2833
2834
45
54
2837
2838
72
2840
2841
2842
163
2844
13
2846
2847
114
2849
2850
609
106
2853
2854
74
2856
2857
37
2859
187
2861
292
549
40
90
2866
2867
2868
2869
2870
2871
2872
2873
2874
60
275
2877
147
60
2880
26
2882
167
2884
2885
2886
2887
35
2889
2890
3
2892
14
2894
2895
2896
325
834
2899
39
57
45
2903
2904
2905
2906
2907
2908
2909
222
2911
2912
2913
42
2915
2916
2917
2918
85
2920
404
163
2923
2924
2925
2926
28
2928
2929
42
2931
469
132
2934
66
26
139
2938
2939
2940
190
2942
41
2944
82
350
2947
37
2949
2950
397
2952
2953
2954
2955
2956
2957
739
2959
2960
2961
27
2963
521
2965
2966
2967
21
2969
13
68
93
267
228
2975
2976
27
433
152
138
110
62
284
58
2985
89
288
402
370
45
2991
538
63
105
563
122
72
112
2999
3000
3001
160
40
3004
224
3006
325
13
3009
3010
3011
406
3013
3014
3015
288
3017
3018
3019
3020
3021
3022
3023
1
3025
48
228
87
3029
3030
99
61
3033
167
347
3036
3037
3038
3039
3040
3041
210
249
430
457
222
376
3048
3049
0
610
3052
3053
280
13
26
444
45
3059
3060
90
3062
163
3064
3065
3066
497
132
3069
33
33
3072
3073
3074
3075
3076
611
262
3079
3080
3081
62
110
3084
3085
3086
3087
93
54
3090
3091
3092
3093
90
3095
514
474
674
745
3100
3101
357
3103
40
3105
179
14
3108
266
318
3111
3112
258
3114
27
3116
40
3118
3119
3120
3121
3122
3123
3124
3125
3126
290
3128
110
3130
39
3132
0
102
3135
3136
3137
69
3139
3140
3141
378
270
3144
3145
3146
569
37
28
3150
3151
3152
181
0
676
3156
3157
3158
3159
118
176
1097
82
3164
447
149
3167
3168
95
68
3171
306
3173
60
3175
3176
3177
3178
3179
62
3181
3182
3183
409
3185
378
3187
3188
3189
34
3191
3192
350
3194
3195
699
3197
3198
3199
21
3201
3202
105
8
3205
57
3207
3208
3209
1
3211
3212
3213
41
3215
3216
3217
422
3219
3220
3221
754
3223
3224
222
404
550
3228
3229
327
3231
246
404
275
145
27
802
3238
84
85
3241
3242
3243
655
63
3246
3247
26
3249
3250
3251
3252
3253
3254
64
44
3257
41
3259
3260
3261
3262
3263
3264
138
326
521
3268
26
3270
3271
227
3273
3274
3275
108
391
270
3279
68
263
95
3283
131
41
3286
33
3288
3289
3290
3291
3292
3293
3294
326
497
3297
327
3299
3300
3301
44
3303
3304
3305
3306
3307
91
3309
3310
3311
92
91
3314
448
3316
421
626
3319
3320
234
3322
3323
3324
3325
275
3327
61
3329
3330
3331
655
3333
250
375
3336
3337
3338
3339
3340
173
1
406
3344
3345
60
173
656
149
3350
3351
3352
3353
3354
14
45
62
41
3359
3360
3361
3362
3363
3364
3365
3366
3367
694
3369
3370
3371
40
3373
3374
3375
3376
3377
3378
105
3380
3381
3382
227
3384
3385
13
3387
549
3389
3390
114
328
3393
270
85
61
3397
33
722
3400
54
3402
58
3404
3405
3406
58
0
3409
3410
3411
3412
3413
3414
33
102
3417
3418
299
102
62
118
3423
3424
99
219
61
3428
149
3430
3431
3432
417
3434
139
3436
3437
37
343
21
357
3442
147
3444
3445
3446
3447
3448
69
3450
469
674
3453
3454
63
280
3457
290
3459
3460
3461
3462
219
62
3465
14
3467
3468
40
37
85
37
3473
3474
3475
521
3477
3478
3479
3480
3481
227
3483
3484
128
3486
3487
172
138
3490
172
3492
172
33
3495
3496
534
181
525
3500
288
3502
3503
3504
3505
3506
21
3508
362
34
3511
3512
3513
3514
426
419
3517
3518
122
3520
235
3522
3523
246
3525
3526
3527
175
3529
3530
3531
3532
82
306
3535
45
3537
3538
219
87
62
167
665
266
3545
567
3547
3548
3549
3550
3551
3552
3553
3554
445
3556
3557
162
3559
3560
172
3562
3563
3564
3565
167
3567
3568
169
469
3571
258
3573
3574
519
227
3577
3578
357
3580
224
3582
0
169
3585
3586
42
3588
3589
3590
3591
3592
3593
318
27
144
419
3598
42
105
3601
3602
3603
456
114
464
356
95
3609
60
3611
93
134
3614
3615
86
415
460
66
3620
87
3622
219
3624
3625
3626
190
3628
3629
306
346
179
95
102
28
39
3637
3638
3639
54
3641
87
190
3644
90
3646
3647
90
3649
3650
26
3652
3653
121
3655
173
220
35
3659
3660
128
3662
3663
112
3665
131
433
241
475
3670
13
122
179
57
72
3676
210
204
3679
3680
58
58
3683
492
48
752
3687
14
3689
3690
3691
33
227
21
3695
3696
64
3698
369
3700
45
1029
63
374
3705
306
280
144
293
262
13
3712
3713
84
138
3716
3717
14
526
3720
145
3722
63
636
61
3726
3727
48
267
0
64
3732
3733
3734
3735
293
3737
3738
3739
293
318
3742
3743
3744
3745
120
121
3748
48
3750
3751
152
266
3754
3755
328
3757
3758
3759
3760
3761
258
3763
3764
0
3766
3767
3768
3769
3770
390
53
3773
3774
3775
118
3777
93
3779
3780
334
406
3783
3784
41
617
3787
3788
60
3790
60
3792
581
3794
3795
41
614
3798
3799
3800
85
3802
3803
665
120
505
3807
3808
3809
145
3811
3812
3813
57
288
3816
3817
3818
648
3820
3821
3822
3823
3824
3825
3826
3827
3828
3829
108
3831
33
134
345
85
3836
364
44
3839
21
54
181
167
188
3845
625
564
3848
430
41
95
3852
58
3854
3855
620
3857
3858
3859
911
3861
3862
3863
699
3865
331
460
3868
3869
169
3871
3872
322
3874
3875
3876
676
3878
619
58
151
361
456
13
3885
3886
3887
3888
3889
3890
3891
3892
37
3894
3895
345
3
3898
3899
406
635
3902
173
3904
3905
3906
3907
3908
58
436
3911
3912
3913
3914
3915
173
3917
28
3919
48
3921
457
3923
849
3925
219
3927
3928
3929
3930
3931
219
3933
330
54
3936
406
3938
3939
40
3941
92
3943
62
42
3946
3947
3948
3949
231
3951
122
3953
3954
128
3956
82
3958
139
145
3
3962
3963
72
3965
187
3967
0
3969
13
3971
3972
3973
3974
397
374
3977
1
112
28
41
3982
57
3984
3
3986
69
487
37
3990
134
3992
3993
284
757
227
3997
3998
187
672
169
4002
4003
505
60
4006
4007
66
4009
4010
287
4012
492
4014
45
4016
4017
45
4019
4020
64
4022
4023
4024
4025
4026
4027
4028
60
1135
4031
4032
4033
4034
4035
4036
4037
266
190
219
4041
4042
4043
4044
540
26
93
4048
139
4050
4051
4052
567
61
122
4056
4057
4058
172
4060
4061
1111
4063
4064
4065
152
4067
4068
4069
4070
4071
4072
72
4074
4075
4076
34
4078
4079
13
58
114
35
21
4085
645
4087
179
4089
4090
4091
351
72
227
4095
3
4097
738
4099
4100
4101
48
4103
14
147
4106
596
72
4109
4110
4111
4112
4113
4114
4115
4116
26
4118
1190
4120
4121
4122
4123
4124
346
4126
147
381
4129
4130
4131
4132
118
220
4135
555
4137
4138
163
369
228
4142
4143
74
4145
433
4147
4148
299
4150
4151
4152
231
4154
4155
95
4157
4158
4159
4160
4161
176
114
322
4165
4166
4167
61
4169
4170
1176
304
89
45
210
27
4177
378
4179
69
151
4182
204
33
190
250
48
340
162
21
301
287
106
356
4195
4196
569
241
4199
114
28
4202
131
72
263
4206
61
188
483
4210
594
147
4213
33
62
4216
325
4218
4219
444
4221
742
4223
4224
4225
48
4227
4228
62
175
82
4232
85
162
149
4236
44
234
4239
4240
28
187
4243
4244
4245
14
514
4248
4249
4250
39
4252
4253
4254
318
4256
597
4258
4259
955
175
4262
292
4264
106
4266
149
69
4269
4270
4271
4272
4273
122
4275
4276
374
4278
181
4280
512
4282
4283
4284
4285
69
57
4288
72
4290
4291
105
4293
4294
4295
188
4297
4298
4299
4300
4301
4302
190
4304
4305
4306
328
444
3
62
188
4312
63
4314
4315
14
460
4318
4319
4320
4321
4322
175
92
110
147
131
446
4329
304
4331
1
131
4334
13
4336
4337
4338
4339
4340
745
86
63
290
39
4346
4347
4348
4349
175
4351
4352
330
4354
4355
45
4357
4358
4359
4360
219
4362
304
4364
86
60
4367
4368
84
4370
4371
4372
4373
260
267
4376
4377
4378
40
654
106
58
61
4384
187
28
210
8
3
167
4391
4392
4393
4394
57
378
364
144
210
64
4401
4402
4403
4404
1
4406
85
48
561
169
4411
4412
4413
497
4415
112
110
4418
163
471
4421
4422
4423
4424
4425
85
4427
4428
4429
4430
21
4432
4433
179
187
4436
114
4438
42
121
4441
244
4443
4444
4445
4446
39
28
4449
421
4451
176
735
4454
4455
181
4457
54
172
4460
4461
4462
108
299
4465
4466
4467
4468
1152
72
4471
178
4473
35
258
575
4477
329
306
39
63
4482
537
4484
4485
345
4487
4488
4489
4490
4491
4492
172
417
552
4496
4497
120
4499
4500
21
4502
4503
4504
35
4506
4507
4508
3
4510
179
8
121
327
626
369
44
176
4519
380
4521
150
362
120
4525
87
280
4528
4529
4530
4531
377
39
4534
486
4536
748
181
4539
57
108
4542
244
390
1
370
4547
872
451
391
27
4552
48
4554
63
48
358
4558
4559
391
293
4562
328
4564
350
105
21
350
4569
4570
4571
267
4573
4574
57
1078
4577
818
4579
638
37
118
505
4584
293
4586
4587
4588
4589
4590
4591
649
4593
4594
0
53
147
4598
4599
85
4601
4602
172
4604
4605
4606
1
4608
60
4610
4611
246
4613
4614
292
57
4617
14
3
72
132
149
179
4624
4625
4626
4627
364
4629
538
4631
4632
4633
86
4635
4636
4637
664
581
4640
91
4642
4643
4644
4645
4646
4647
4648
456
172
4651
4652
72
4654
833
241
4657
3
82
4660
4661
79
63
4664
89
121
4667
3
4669
4670
4671
568
4673
4674
742
306
4677
48
4679
4680
4681
4682
259
4684
68
84
4687
93
4689
4690
570
720
4693
4694
4695
4696
106
260
4699
162
267
54
327
4704
4705
4706
4707
4708
4709
4710
85
4712
1299
4714
436
315
250
4718
4719
280
3
192
4723
62
102
375
4727
147
401
331
222
4732
473
464
4735
331
4737
4738
4739
246
33
694
417
4744
4745
695
4747
4748
27
4750
63
4752
789
1
4755
27
4757
4758
357
167
4761
4762
299
421
26
4766
4767
62
374
4770
4771
280
4773
4774
39
149
383
4778
4779
4780
144
288
4783
304
4785
21
57
4788
4789
4790
4791
37
267
149
4795
4796
147
4798
48
4800
4801
4802
4803
4804
4805
4806
4807
325
62
4810
4811
4812
234
4814
21
4816
4817
4818
4819
326
4821
4822
4823
92
4825
210
4827
4828
4829
4830
457
4832
329
4834
4835
4836
4837
4838
4839
4840
4841
318
4843
364
57
4846
4847
57
4849
219
4851
4852
4853
4854
4855
58
14
4858
86
3
4861
4862
4863
179
4865
4866
4867
804
4869
586
21
4872
85
106
60
4876
4877
4878
380
4880
4881
4882
4883
288
4885
4886
40
4888
204
4890
4891
102
112
356
4895
42
4897
4898
147
66
4901
722
1
4904
4905
444
40
4908
4909
4910
118
4912
4913
4914
250
4916
733
4918
8
4920
179
79
262
152
95
4926
4927
4928
44
149
4931
4932
4933
69
58
4936
222
475
4939
4940
378
4942
4943
479
4945
44
4947
4948
13
409
27
147
181
4954
149
62
138
152
4959
4960
4961
85
4963
4964
1
4966
4967
4968
34
68
4971
27
4973
4974
4975
4976
4977
4978
322
4980
4981
4982
4983
4984
4985
4986
4987
4988
66
64
112
458
4993
4994
150
4996
4997
436
4999
13
5001
5002
5003
1
5005
5006
5007
5008
1
5010
105
82
5013
5014
5015
5016
5017
734
5019
5020
222
260
5023
5024
551
262
79
5028
5029
93
5031
611
93
5034
5035
5036
5037
5038
5039
383
5041
5042
21
5044
210
582
5047
5048
299
8
5051
89
5053
5054
5055
5056
5057
5058
304
89
5061
345
356
5064
5065
5066
26
210
167
5070
13
563
5073
5074
176
5076
150
40
5079
5080
5081
5082
99
5084
5085
765
5087
406
521
5090
160
5092
5093
28
5095
5096
487
85
284
5100
5101
5102
5103
5104
5105
5106
5107
138
5109
5110
92
5112
292
27
61
228
275
5118
329
818
86
5122
614
27
5125
5126
118
5128
222
5130
5131
5132
404
5134
5135
5136
235
5138
5139
145
5141
5142
5143
596
5145
5146
5147
5148
33
173
5151
5152
5153
150
5155
5156
5157
5158
5159
270
5161
5162
5163
5164
5165
785
375
86
21
334
131
260
5173
5174
151
5176
105
5178
87
37
5181
5182
5183
5184
5185
5186
5187
5188
82
5190
5191
5192
5193
5194
150
5196
475
222
5199
5200
121
5202
5203
1411
28
39
5207
5208
5209
5210
5211
37
54
60
5215
446
5217
5218
48
340
5221
5222
35
5224
5225
5226
5227
304
58
5230
370
5232
5233
5234
469
53
262
5238
5239
579
5241
241
227
84
5245
375
5247
0
5249
561
172
172
5253
190
5255
5256
5257
5258
361
69
60
45
251
5264
5265
5266
5267
219
5269
358
54
84
82
5274
41
5276
292
5278
5279
375
53
262
331
5284
5285
5286
1
5288
5289
486
5291
5292
5293
14
58
5296
5297
128
42
89
41
5302
5303
5304
5305
5306
5307
235
582
362
5311
66
21
5314
62
5316
246
58
5319
5320
91
72
150
44
5325
118
258
3
5329
5330
287
5332
134
5334
5335
5336
262
5338
5339
5340
235
501
5343
34
540
5346
5347
5348
5349
37
781
5352
5353
763
5355
519
1911
288
63
57
5361
5362
5363
5364
57
5366
5367
144
5369
5370
564
5372
5373
5374
5375
92
5377
5378
5379
227
5381
280
5383
53
28
5386
27
5388
1
5390
5391
72
5393
5394
5395
5396
61
57
210
5400
5401
5402
943
5404
176
5406
706
58
5409
149
327
5412
244
630
3
8
5417
795
1
704
5421
68
5423
5424
163
163
162
5428
5429
5430
5431
5432
5433
5434
444
134
5437
68
1058
5440
5441
5442
26
13
5445
5446
361
5448
3
5450
504
102
343
40
5455
5456
5457
567
86
5460
5461
1
72
5464
86
5466
5467
5468
1130
369
5471
151
21
14
369
738
5477
5478
5479
5480
5481
175
5483
5484
169
5486
380
5488
1
5490
5491
5492
5493
5494
172
502
596
5498
5499
54
534
5502
5503
5504
5505
5506
5507
402
14
356
380
5512
5513
5514
95
5516
474
5518
328
5520
89
152
5523
5524
350
84
37
5528
304
475
5531
5532
34
5534
5535
5536
796
5538
5539
72
5541
227
5543
5544
292
222
664
284
315
145
149
267
5553
362
41
234
5557
5558
5559
717
110
219
5563
659
244
5566
527
121
5569
138
219
89
150
28
28
5576
84
5578
795
5580
5581
34
5583
378
5585
331
5587
5588
64
915
5591
263
5593
5594
160
561
5597
5598
5599
374
82
5602
5603
160
163
287
5607
5608
5609
382
5611
5612
5613
1662
5615
5616
5617
5618
5619
5620
0
42
5623
374
5625
40
5627
274
754
5630
5631
91
5633
644
244
1
5637
5638
5639
301
64
5642
5643
5644
720
346
5647
5648
5649
436
5651
5652
5653
5654
5655
999
5657
5658
260
89
5661
14
106
5664
5665
5666
5667
5668
540
5670
5671
345
5673
5674
5675
493
147
134
3
5680
14
5682
54
318
5685
5686
190
343
5689
326
798
138
473
69
41
1238
28
250
60
5700
5701
106
118
5704
74
664
151
5708
5709
57
149
5712
92
40
72
325
276
5718
5719
5720
41
176
173
33
5725
5726
58
5728
106
63
106
5732
5733
5734
5735
5736
5737
5738
5739
5740
5741
1
871
5744
82
5746
5747
5748
42
5750
5751
5752
581
39
5755
5756
160
5758
5759
204
5761
5762
5763
63
5765
5766
5767
40
42
5770
5771
5772
8
48
347
5776
5777
89
5779
5780
5781
5782
5783
414
5785
5786
89
5788
5789
5790
87
5792
370
5794
5795
534
13
5798
149
5800
5801
5802
60
287
54
131
85
5808
5809
5810
5811
5812
5813
61
5815
614
260
13
5819
5820
5821
74
5823
5824
5825
5826
95
85
5829
5830
306
8
5833
5834
5835
1
35
262
5839
37
210
5842
5843
118
5845
118
5847
152
5849
5850
5851
5852
5853
5854
5855
5856
5857
5858
274
5860
619
5862
5863
5864
5865
5866
122
5868
89
5870
921
376
301
160
483
274
93
609
105
173
228
5882
112
5884
5885
597
1
5888
792
1
5891
92
175
5894
5895
1209
5897
5898
21
179
1025
74
5903
5904
5905
39
5907
26
27
5910
351
5912
5913
5914
5915
288
5917
251
5919
0
563
89
456
5924
739
5926
251
5928
5929
228
5931
162
5933
28
5935
99
5937
5938
5939
5940
5941
5942
577
5944
5945
5946
5947
5948
5949
722
5951
5952
167
5954
5955
475
5957
93
48
5960
5961
469
5963
167
5965
5966
99
139
250
5970
5971
5972
5973
105
227
5976
458
5978
326
5980
5981
5982
176
5984
5985
5986
122
5988
13
5990
72
748
5993
69
61
249
5997
244
5999
968
6001
6002
560
322
6005
346
244
110
6009
6010
6011
244
6013
6014
597
181
6017
6018
6019
106
6021
91
40
149
6025
6026
6027
6028
6029
179
6031
6032
251
456
6035
231
260
6038
6039
35
69
118
6043
74
6045
21
6047
53
6049
89
6051
187
188
6054
6055
6056
235
287
134
13
3
6062
72
362
6065
6066
6067
447
6069
45
6071
6072
427
6074
6075
93
917
61
6079
6080
6081
6082
6083
492
66
39
8
87
331
322
6091
63
138
188
259
1
6097
6098
57
64
6101
6102
414
6104
841
274
105
315
102
6110
6111
6112
635
40
121
6116
6117
6118
93
64
318
162
6123
6124
26
6126
6127
409
6129
6130
6131
84
90
122
6135
6136
6137
6138
6139
1072
66
6142
6143
6144
334
318
6147
262
6149
6150
6151
6152
6153
40
6155
6156
6157
139
6159
6160
6161
6162
6163
6164
42
6166
86
6168
6169
6170
6171
82
6173
72
6175
6176
147
6178
6179
6180
13
132
6183
6184
415
91
6187
6188
6189
1529
84
6192
6193
74
132
6196
6197
6198
263
91
270
6202
6203
14
6205
817
110
6208
6209
325
343
112
160
6214
514
6216
6217
6218
33
6220
35
6222
6223
6224
6225
112
6227
3
6229
82
138
328
6233
6234
6235
134
6237
6238
318
6240
422
6242
6243
150
6245
358
6247
390
169
575
172
224
1
6254
508
6256
351
288
6259
6260
6261
6262
6263
33
6265
6266
6267
6268
381
6270
575
6272
219
1
84
6276
6277
6278
6279
6280
144
6282
6283
68
27
6286
894
6288
287
6290
6291
6292
6293
6294
483
6296
132
246
120
267
6301
858
6303
6304
110
6306
6307
120
374
6310
54
6312
179
6314
6315
138
6317
644
6319
26
173
293
6323
590
6325
118
6327
37
6329
6330
6331
6332
6333
6334
6335
6336
6337
6338
6339
6340
139
149
6343
6344
87
6346
6347
318
6349
6350
6351
45
6353
381
6355
492
6357
175
6359
6360
6361
152
6363
568
6365
575
105
6368
149
6370
362
35
6373
624
45
62
33
456
6379
6380
167
87
6383
167
105
6386
397
167
6389
84
6391
290
84
6394
122
6396
6397
6398
68
6400
6401
57
106
6404
6405
13
163
110
6409
79
6411
6412
85
6414
284
6416
6417
139
6419
6420
325
6422
299
6424
6425
6426
6427
6428
838
6430
6431
6432
6433
35
93
6436
6437
6438
6439
6440
609
343
85
162
54
329
231
6448
6449
6450
6451
44
34
920
6455
6456
8
6458
6459
6460
6461
14
694
60
369
6466
6467
6468
14
6470
224
6472
6473
381
6475
6476
6477
436
6479
204
6481
6482
6483
6484
6485
138
6487
45
6489
6490
280
6492
6493
6494
6495
6496
6497
6498
6499
6500
6501
6502
329
561
6505
615
134
131
249
6510
6511
27
6513
6514
6515
6516
6517
6518
6519
6520
34
6522
6523
132
6525
6526
6527
6528
42
6530
287
6532
1317
6534
41
6536
3
250
108
6540
6541
6542
6543
6544
6545
6546
6547
6548
6549
6550
6551
6552
788
6554
45
340
85
6558
6559
181
474
6562
6563
54
6565
258
6567
39
6569
175
6571
717
86
6574
6575
6576
6577
64
306
6580
6581
315
6583
6584
6585
57
416
514
6589
6590
66
6592
0
6594
102
85
6597
6598
6599
241
228
6602
6603
6604
6605
110
6607
0
44
6610
340
6612
6613
345
638
6616
357
224
6619
44
390
6622
6623
6624
68
53
172
6628
6629
40
6631
6632
6633
6634
13
6636
444
6638
112
21
6641
58
91
6644
6645
544
74
6648
304
6650
21
6652
329
6654
1058
6656
118
6658
6659
6660
128
6662
6663
85
274
6666
6667
28
6669
6670
450
6672
441
6674
492
6676
6677
6678
6679
187
6681
604
6683
577
6685
6686
6687
530
86
6690
220
6692
6693
6694
6695
6696
6697
44
820
6700
91
436
450
90
6705
181
62
6708
6709
6710
6711
6712
163
6714
6715
6716
69
114
6719
6720
6721
6722
8
131
315
6726
228
6728
224
6730
42
655
6733
6734
34
6736
172
6738
6739
60
564
74
6743
39
95
497
6747
266
6749
151
89
6752
6753
6754
53
6756
6757
6758
6759
6760
6761
6762
6763
251
114
6766
911
162
120
6770
6771
402
6773
68
220
871
6777
6778
329
6780
260
44
6783
6784
6785
44
6787
33
6789
6790
6791
6792
6793
6794
609
626
6797
33
329
6800
39
594
402
6804
6805
383
110
6808
6809
6810
112
6812
108
497
68
222
6817
6818
6819
1
6821
6822
118
42
6825
6826
162
276
6829
6830
6831
6832
6833
6834
6835
6836
120
58
6839
44
6841
6842
6843
28
6845
350
6847
62
6849
6850
86
6852
406
6854
6855
169
350
6858
61
192
85
6862
37
62
6865
6866
6867
6868
6869
6870
6871
290
6873
40
742
106
172
84
6879
6880
409
580
6883
79
66
13
6887
6888
6889
169
6891
6892
6893
6894
27
610
591
6898
816
6900
6901
559
6903
187
6905
122
6907
6908
6909
79
138
318
397
28
6915
6916
6917
72
131
6920
26
114
6923
6924
82
6926
6927
6928
284
1021
6931
6932
48
6934
6935
188
6937
6938
6939
6940
249
6942
89
6944
1
6946
6947
464
85
84
6951
6952
448
6954
6955
6956
6957
6958
6959
235
1
389
6963
6964
224
6966
6967
6968
6969
163
6971
304
6973
330
44
204
6977
6978
6979
6980
6981
95
6983
204
6985
1
39
6988
6989
14
6991
0
6993
68
6995
6996
6997
6998
61
7000
112
7002
382
7004
1
7006
7007
178
7009
7010
42
7012
7013
7014
7015
139
7017
7018
7019
69
7021
7022
7023
45
7025
7026
68
7028
152
7030
74
7032
284
7034
57
330
7037
421
63
7040
7041
401
7043
7044
86
7046
105
7048
7049
84
7051
7052
7053
7054
615
306
85
138
7059
849
1
7062
7063
7064
369
7066
275
7068
102
7070
7071
7072
7073
7074
7075
39
60
7078
276
62
7081
7082
7083
7084
121
79
350
761
219
276
7091
150
7093
7094
68
7096
262
325
7099
89
7101
7102
7103
416
7105
7106
7107
90
105
128
7111
406
0
7114
7115
7116
293
13
7119
346
241
210
7123
7124
0
7126
577
7128
7129
7130
7131
7132
204
7134
7135
7136
7137
21
7139
235
361
907
7143
7144
587
172
7147
284
7149
315
3
163
241
7154
1037
57
7157
7158
27
7160
27
7162
7163
7164
7165
7166
122
42
44
63
530
7172
53
7174
497
7176
147
28
7179
62
7181
144
222
7184
7185
7186
7187
521
57
93
3
86
7193
33
7195
7196
7197
7198
7199
63
7201
7202
7203
7204
134
172
7207
7208
7209
7210
417
7212
7213
34
7215
79
95
160
7219
7220
7221
362
7223
7224
106
7226
1
7228
132
345
7231
7232
546
7234
7235
89
7237
526
7239
139
7241
90
35
7244
7245
44
7247
7248
7249
8
61
7252
7253
7254
7255
149
469
7258
121
7260
674
267
7263
7264
7265
7266
7267
68
475
7270
92
469
7273
7274
14
7276
483
7278
7279
190
7281
92
7283
417
132
7286
7287
246
132
64
173
33
7293
7294
7295
244
7297
7298
7299
7300
299
3
7303
7304
7305
7306
7307
7308
45
258
7311
7312
7313
7314
7315
118
57
276
7319
7320
7321
7322
160
7324
7325
7326
7327
7328
128
7330
219
62
7333
26
7335
537
377
44
7339
380
361
7342
3
325
7345
132
7347
14
382
7350
7351
7352
325
7354
7355
7356
432
7358
7359
7360
7361
364
7363
284
7365
7366
7367
586
7369
7370
7371
172
91
7374
7375
7376
7377
7378
334
7380
7381
421
120
7384
1
7386
7387
66
74
110
7391
905
430
190
7395
275
106
544
112
299
7401
7402
7403
79
287
7406
163
7408
318
7410
7411
7412
7413
7414
7415
7416
7417
7418
7419
378
7421
128
7423
7424
672
7426
262
792
7429
7430
162
7432
292
63
7435
63
7437
7438
54
132
7441
134
241
7444
645
7446
7447
40
162
7450
172
7452
1
224
7455
7456
26
251
7459
7460
7461
7462
7463
7464
304
7466
7467
7468
7469
7470
53
87
7473
350
7475
7476
7477
69
102
7480
33
234
99
7484
0
54
138
7488
3
7490
7491
7492
190
7494
7495
357
7497
7498
35
7500
7501
415
63
7504
343
7506
451
7508
7509
63
147
7512
7513
220
48
0
21
7518
262
7520
7521
7522
7523
7524
7525
7526
89
380
7529
7530
42
7532
292
7534
7535
91
7537
356
7539
579
7541
227
7543
7544
7545
7546
7547
7548
190
7550
7551
251
7553
504
1732
175
7557
7558
258
752
62
377
7563
448
7565
44
7567
41
871
7570
7571
7572
7573
441
7575
7576
7577
458
120
7580
7581
7582
7583
7584
54
347
328
150
7589
7590
112
7592
7593
7594
7595
7596
66
21
7599
7600
422
362
625
7604
7605
147
58
7608
7609
7610
128
7612
42
473
7615
441
7617
7618
301
7620
54
7622
7623
7624
246
549
7627
7628
7629
108
534
7632
53
210
7635
151
7637
7638
79
7640
259
7642
7643
40
739
7646
7647
14
7649
7650
7651
345
7653
7654
433
374
48
7658
7659
446
234
7662
7663
7664
7665
120
26
64
7669
7670
754
234
7673
7674
7675
27
220
7678
7679
95
287
7682
60
7684
7685
7686
364
7688
7689
350
7691
7692
7693
7694
7695
90
7697
7698
706
7700
7701
328
40
227
68
7706
356
26
7709
7710
40
7712
7713
74
7715
64
144
318
7719
7720
34
7722
7723
7724
7725
287
326
7728
91
7730
1058
7732
587
433
7735
7736
7737
380
526
7740
151
7742
41
39
149
151
42
99
7749
577
7751
7752
63
152
95
582
163
7758
301
87
7761
74
7763
581
85
39
7767
7768
7769
7770
7771
315
630
7774
7775
53
45
85
219
7780
329
86
139
7784
654
473
7787
351
7789
28
82
7792
7793
7794
7795
53
7797
570
42
178
7801
7802
7803
1
7805
7806
160
345
204
7810
7811
7812
7813
7814
350
21
27
7818
7819
7820
7821
322
132
7824
7825
108
7827
259
7829
7830
280
7832
7833
57
748
7836
7837
7838
7839
7840
7841
7842
404
7844
315
7846
7847
7848
7849
7850
7851
7852
7853
7854
7855
63
21
7858
7859
7860
34
7862
64
3
7865
144
0
7868
95
545
7871
7872
7873
7874
7875
7876
7877
7878
72
93
249
7882
7883
7884
204
785
7887
380
7889
7890
328
7892
102
380
1
7896
580
7898
7899
7900
41
210
66
84
375
74
7907
7908
7909
7910
7911
7912
128
7914
7915
7916
266
7918
7919
7920
527
391
409
106
21
426
45
7928
7929
7930
7931
322
34
139
45
7936
381
293
7939
7940
1089
7942
7943
72
7945
64
44
7948
69
7950
7951
7952
84
7954
327
7956
7957
7958
7959
7960
13
7962
7963
7964
7965
192
53
1213
7969
95
7971
3
21
7974
7975
7976
7977
60
7979
7980
7981
3
28
72
37
7986
1130
7988
266
7990
7991
7992
7993
95
62
7996
7997
7998
110
8000
114
8002
8003
8004
8005
8006
8007
8008
8009
8010
8011
380
8013
8014
8015
53
8017
644
8019
345
1
537
364
64
13
8026
8027
8028
60
8030
86
62
8033
8034
57
8036
8037
8038
8039
8040
345
8042
69
8044
33
35
8047
190
37
8050
149
138
8053
188
8055
8056
8057
8058
926
33
13
8062
99
8064
62
8066
8067
8068
8069
8070
167
60
37
444
27
66
8077
8078
8079
433
95
44
8083
8084
102
61
34
8088
8089
8090
8091
61
8093
106
8095
86
8097
8098
8099
220
8101
345
44
8104
8105
21
149
8108
8109
69
8111
8112
635
246
79
8116
219
601
91
8120
8121
8122
8123
91
8125
1133
8127
45
8129
163
210
8132
765
8134
8135
69
8137
8138
540
8140
8141
53
149
8144
601
8146
351
259
8149
21
427
8152
8153
802
8155
60
8157
8158
8159
8160
537
8162
84
131
1122
427
179
8168
8169
8170
138
8172
66
8174
8175
8176
8177
42
8179
8180
8181
8182
151
8184
8185
8186
8187
8188
8189
175
8191
8192
8193
8194
351
552
8197
630
8199
8200
8201
8202
8203
8204
60
8206
738
8208
152
8210
8211
8212
8213
369
8215
72
8217
8218
8219
8220
8221
8222
266
167
8225
8226
241
87
108
41
120
8232
8233
8234
8235
8236
128
187
90
8240
8241
8242
172
427
486
82
8247
841
0
8250
8251
8252
8253
40
8255
8256
635
262
82
8260
8261
0
61
149
509
150
8267
8268
492
102
175
8272
179
8274
326
8
8277
327
322
8280
8281
636
63
8284
8285
469
8287
8288
8289
60
8291
8292
95
8294
149
614
8297
44
8299
8300
738
328
8303
8304
665
8306
8307
8308
89
8310
8311
8312
8313
8314
28
90
8317
173
149
346
8321
176
8323
328
244
8326
8327
26
8329
8330
234
857
72
132
8335
350
8337
8338
8339
8340
8341
69
8343
181
8345
26
8347
8348
8349
8350
118
301
288
48
8355
8356
145
85
8359
287
14
210
8363
181
8365
72
110
8368
8369
8370
122
120
637
8374
62
8376
8377
8378
120
8380
8381
8382
8383
8384
241
8386
8387
8388
8389
8390
8391
72
8393
645
327
27
445
147
222
8400
8401
8402
167
28
8405
8406
290
545
8409
8410
8411
8412
8
8414
8415
8416
8417
8418
8419
8420
8421
8422
8423
8424
376
61
152
91
8429
61
8431
8432
8
57
8435
8436
8437
8438
432
8440
8441
8442
122
8444
84
66
8447
95
8449
8450
625
8452
733
8454
92
8456
181
89
682
8460
99
64
8463
34
8465
8466
8467
178
8469
8470
89
8472
8473
8474
451
82
28
8478
8479
138
8481
8482
8483
85
86
53
144
8488
45
8490
8491
8492
648
8494
8495
27
192
8498
160
8500
457
61
8503
8504
343
95
8507
8508
8509
8510
8511
41
8513
8514
188
8516
8517
8518
8519
8520
8521
471
192
8524
512
8526
8527
8528
58
37
8531
118
427
8
8535
8536
8537
8538
8539
8540
134
8542
8543
383
8545
8546
406
8548
8549
138
8551
8552
492
8554
326
8556
8557
8558
8559
8560
8561
8562
244
8564
8565
0
8567
176
8569
69
8571
8572
364
8574
40
28
8577
8578
8579
241
8581
8582
8583
54
8585
234
8587
21
258
8590
785
444
8593
204
8595
530
8597
436
57
62
8601
8602
66
8604
8605
592
90
8608
8609
45
84
8612
8613
8614
8615
187
8617
596
293
280
929
409
152
473
8625
8626
404
69
8629
329
486
8632
8633
63
8635
84
8637
122
150
95
128
8642
8643
343
8645
54
0
8648
448
175
8651
8652
134
68
8655
8656
8657
8658
102
8660
369
8662
8663
85
8665
8666
8667
8668
114
505
54
8672
8673
8674
8675
8676
8677
8678
91
8680
450
62
8683
8684
41
8686
8687
8688
8689
8690
290
8692
8693
838
169
8696
8697
8698
95
8700
8701
8702
244
87
340
62
8707
8708
280
433
539
8712
79
8714
8715
8716
8717
8718
8719
8720
145
8722
8723
8724
675
8726
8727
147
8729
34
8731
8732
251
8734
8735
27
224
8738
8739
560
68
175
40
350
8745
8746
8747
8748
334
8750
246
8752
8753
8754
26
8756
8757
260
63
91
8761
8762
21
8764
8765
8766
275
8768
0
175
147
69
54
8774
8775
178
8777
8778
3
45
69
1169
8783
8784
8785
8786
72
8788
276
8790
108
8792
8793
8794
8795
8796
35
8798
8799
144
8801
62
8803
619
8805
8806
8807
8808
8809
8810
86
8812
8813
8814
66
8816
343
362
8819
8820
8821
8822
404
8824
419
8826
615
8828
224
250
8831
8832
8833
487
8835
8836
732
8838
0
8840
8841
21
8843
8844
8845
39
8847
8848
8849
340
8851
231
33
976
53
8856
666
150
8859
802
8861
8862
27
469
369
139
414
249
219
8870
1583
427
8873
8874
175
8876
8877
8878
8879
8880
8881
8882
8883
8884
361
8886
8887
21
8889
112
8891
8892
132
8894
8895
231
8897
14
8899
172
8901
8902
1
8904
8905
8906
8907
8908
8909
380
90
34
502
8914
8915
8916
8917
8918
8919
8920
8921
290
167
176
8925
37
241
60
8929
8930
120
64
144
8934
757
26
8937
8938
39
8940
8941
549
8943
8944
8945
8946
8947
293
8949
147
93
8952
460
8954
8955
8956
8957
176
8959
8960
8961
8962
39
8964
8965
8966
893
457
79
301
150
866
8973
8974
8975
68
8977
8978
527
128
8981
244
8983
414
163
34
8987
8988
8989
27
263
8992
464
3
41
8996
375
8998
8999
9000
9001
9002
9003
48
9005
306
9007
9008
9009
246
39
9012
66
8
9015
9016
9017
9018
9019
9020
9021
433
9023
0
33
9026
102
151
105
84
559
9032
9033
34
9035
9036
9037
471
9039
9040
9041
9042
514
9044
228
14
934
9048
231
9050
9051
266
9053
990
9055
21
9057
375
114
58
9061
93
122
9064
334
9066
105
9068
9069
9070
329
14
9073
48
9075
9076
602
318
1215
13
9081
456
444
172
192
9086
9087
178
9089
150
9091
813
9093
9094
343
9096
138
9098
9099
9100
9101
99
108
9104
9105
63
9107
192
276
187
9111
444
9113
9114
61
980
9117
0
39
9120
9121
391
87
9124
57
9126
3
9128
9129
9130
187
134
422
441
9135
106
9137
456
34
93
9141
876
260
9144
432
9146
9147
9148
86
9150
66
9152
9153
173
246
9156
9157
763
224
9160
224
416
21
9164
9165
9166
9167
181
9169
9170
175
9172
9173
9174
9175
9176
9177
114
41
9180
276
617
9183
917
9185
190
3
9188
356
106
9191
9192
9193
280
9195
9196
90
34
9199
9200
120
112
9203
9204
9205
9206
9207
9208
84
9210
9211
9212
9213
9214
39
9216
105
9218
102
9220
0
9222
9223
9224
9225
326
9227
9228
292
69
9231
475
173
63
9235
9236
9237
9238
9239
834
9241
167
87
84
9245
9246
9247
99
9249
9250
9251
39
21
9254
9255
9256
9257
8
9259
40
364
331
169
138
9265
9266
444
9268
58
9270
9271
357
39
9274
176
9276
9277
635
118
293
102
9282
9283
9284
380
9286
575
322
1
433
9291
9292
128
44
9295
9296
9297
9298
655
87
899
9302
14
9304
9305
246
380
9308
9309
144
139
0
9313
9314
9315
9316
9317
9318
9319
251
175
9322
9323
54
60
144
9327
9328
9329
9330
9331
9332
85
9334
9335
9336
9337
9338
53
9340
114
112
9343
9344
9345
9346
228
9348
26
9350
57
39
9353
9354
9355
9356
361
267
9359
9360
128
9362
9363
9364
42
9366
9367
0
85
9370
9371
9372
9373
9374
9375
570
9377
441
9379
9380
63
9382
9383
357
9385
9386
9387
9388
9389
114
9391
9392
9393
9394
9395
228
9397
9398
9399
9400
9401
9402
9403
14
33
74
609
9408
9409
9410
63
9412
525
9414
9415
617
35
48
9419
9420
695
505
326
9424
9425
9426
72
381
9429
222
9431
9432
61
9434
9435
9436
9437
9438
120
9440
122
9442
9443
9444
9445
446
9447
419
417
512
9451
9452
9453
9454
9455
132
9457
9458
9459
54
9461
163
417
144
9465
417
301
9468
106
1
351
210
26
9474
228
9476
228
167
9479
9480
9481
131
9483
9484
9485
919
9487
9488
190
9490
9491
9492
9493
555
9495
9496
9497
152
60
3
9501
9502
61
638
48
227
9507
9508
9509
34
9511
34
9513
9514
9515
280
9517
9518
61
9520
9521
172
9523
9524
9525
145
9527
9528
9529
85
74
66
48
9534
9535
231
61
347
9539
9540
9541
222
134
128
9545
9546
9547
9548
9549
375
9551
9552
9553
404
112
9556
219
33
1
84
445
9562
9563
176
9565
672
9567
9568
748
9570
9571
9572
9573
9574
34
497
92
85
290
582
9581
9582
9583
84
813
555
9587
9588
9589
39
9591
9592
9593
9594
9595
9596
9597
118
9599
9600
9601
9602
263
9604
21
9606
39
9608
62
426
128
9612
9613
733
45
9616
28
433
9619
9620
504
9622
9623
9624
41
9626
9627
9628
9629
9630
9631
9632
9633
9634
9635
263
9637
9638
259
61
9641
9642
139
9644
9645
224
9647
9648
9649
458
9651
44
9653
9654
9655
95
33
414
430
614
9661
9662
181
151
175
9666
9667
9668
9669
9670
9671
430
9673
9674
93
91
26
284
9679
940
9681
9682
9683
58
519
9686
44
9688
79
9690
114
9692
580
9694
241
1023
89
9698
9699
42
9701
9702
173
299
9705
9706
9707
9708
414
9710
422
9712
9713
9714
120
9716
9717
9718
287
42
120
419
9723
220
91
9726
42
9728
14
9730
9731
9732
64
37
9735
9736
329
537
325
85
9741
9742
9743
108
42
128
9747
406
9749
304
9751
9752
9753
9754
9755
9756
9757
33
176
9760
9761
9762
68
62
9765
9766
110
299
9769
40
9771
9772
9773
68
544
9776
416
9778
9779
426
93
9782
9783
742
9785
9786
58
9788
9789
35
9791
350
9793
666
9795
13
112
9798
479
134
9801
9802
356
9804
447
42
9807
54
9809
9810
68
644
9813
9814
93
9816
9817
9818
9819
9820
241
9822
33
9824
172
251
9827
9828
9829
530
48
427
234
9834
9835
45
9837
9838
940
9840
9841
9842
433
445
9845
13
9847
9848
235
244
9851
61
347
9854
234
9856
33
9858
9859
9860
9861
85
9863
306
9865
9866
502
9868
9869
231
151
144
53
350
9875
740
9877
9878
9879
175
9881
9882
301
9884
559
9886
9887
210
9889
9890
121
9892
145
9894
9895
79
451
9898
9899
9900
106
9902
9903
9904
406
9906
9907
121
773
34
173
9912
9913
9914
9915
9916
9917
9918
188
9920
219
86
9923
160
331
9926
228
9928
9929
9930
9931
9932
9933
9934
9935
28
14
9938
9939
102
301
3
234
9944
9945
9946
364
9948
9949
9950
9951
9952
9953
9954
105
9956
9957
9958
9959
99
9961
9962
9963
9964
9965
9966
63
45
48
9970
9971
9972
249
9974
9975
34
9977
9978
460
90
9981
9982
9983
37
9985
0
527
93
160
993
86
72
9993
9994
280
9996
9997
9998
