100
86767
65657
36779
16111
17581
93001
11779
64381
79979
39581
71633
82223
90917
70667
17909
75029
10007
45131
36017
36931
15331
82021
77563
16087
52223
61261
21601
78191
39251
36269
74551
56209
58099
93493
19073
30011
11243
32611
23663
86689
51673
76651
82301
40429
95089
74869
18149
63949
76213
36097
73597
38803
75709
28477
33751
45139
48299
24023
99257
24499
62869
70099
14639
57097
95311
83717
22699
23143
20117
56207
36583
85643
84979
50651
43613
64451
19609
44519
71809
37337
58061
16811
19813
32987
59833
16103
15271
15959
35591
85121
30707
47591
90203
18913
29129
26387
58439
78203
61561
29023
