1000
27817
71809
29399
75041
85643
54059
26683
40531
54059
65027
41491
68881
33353
18371
66463
47933
11681
55763
69779
66047
61781
32189
90031
21961
38873
76387
54581
17539
32803
84457
76537
94777
15667
21943
67927
28817
54773
23417
31481
56093
46051
31153
85691
95419
86837
28211
15139
74413
87803
80077
86477
74017
35999
75337
59497
83093
17029
33521
98453
16273
96827
84871
80923
69931
53149
73589
53113
57901
65003
44449
33769
44741
81869
56131
28573
19121
90659
42043
78571
36871
55681
39779
23087
23909
39841
57529
13457
92357
15619
67409
14797
34759
96001
22369
91703
82207
28597
55333
45553
89563
97883
11987
45541
92857
67427
91807
19237
69031
74017
66103
56171
91309
36691
67567
38921
52103
13103
23071
63799
93283
53441
63587
15601
23201
57269
21569
92567
68141
26597
94961
53407
72817
55501
76801
11677
99817
76991
17041
71881
67141
31123
58979
84947
20747
80917
34747
94597
33073
28349
42017
60449
36793
43237
95527
42359
36541
94621
43321
64453
19181
36877
67931
37871
83653
48197
44491
53857
69073
17029
63839
60293
83071
65213
61637
47779
98317
69767
56909
49169
78853
63599
48563
36583
34327
72551
28753
56731
52291
46073
22093
21347
89533
14347
93683
26029
98009
23593
40883
57493
28621
31069
14407
79631
77029
34429
98561
37339
87383
97373
22817
54377
77447
55819
99787
51973
43717
13759
60727
82223
36913
83689
45337
47251
12413
47147
51203
83459
99251
12611
94889
50377
50891
97687
26449
71389
35447
54829
97843
95857
72109
64613
20117
74311
67979
65171
32537
97883
19577
63149
98467
47287
67477
39829
68219
85159
35437
15541
73999
44491
28183
31277
34589
41687
29501
70061
70667
97919
49811
67289
91873
19841
41189
57271
70891
40237
31159
73637
15727
90583
53161
81157
51407
54709
55501
67807
48571
70913
21799
13883
95009
75017
22441
76159
87869
55381
74717
25841
91393
78539
11657
22159
86743
42491
19379
38803
59617
89399
89237
66463
54181
61339
77239
27799
79561
99667
41647
99877
68053
46471
64891
80713
74471
37363
40949
60607
27551
15013
49169
28393
20183
28411
64717
75337
41957
64303
40093
87751
86143
14449
75181
27197
29327
72617
67307
38393
53593
38377
21499
17417
55661
20707
60763
50147
56929
85643
40897
76213
25951
42451
54437
30293
45737
94793
25919
70183
72053
84317
63761
53681
76003
50549
48523
83219
51481
18637
86287
79847
57713
22567
51361
51421
45139
17659
31091
41177
80489
61031
72719
53657
11113
19997
30677
25411
19429
22751
31307
37337
46523
74531
86171
99991
49031
16831
82237
20347
30559
79627
45139
81233
94229
75277
82963
98459
44449
52177
33829
45341
23371
89393
43913
15737
17669
51001
84443
91969
53861
49037
21313
97021
70199
90187
35491
61781
88093
50053
21613
83737
87721
95891
50069
57283
48407
42379
34721
43669
92723
21559
77093
33049
91577
91583
68659
69011
79319
34061
11933
45137
21893
46381
51647
31151
18793
98507
41543
73091
22271
88493
68449
58937
28933
78341
53653
53777
40193
32143
16417
68473
28703
54163
74941
15649
76961
58477
17483
87547
84199
87589
70327
41263
75743
39209
37061
33377
90533
95273
73583
29333
31699
68531
75211
78401
43427
25097
20857
10267
37309
36781
35923
96149
28151
84751
70481
43691
53813
81097
49999
34519
77573
15551
35977
67307
19891
54217
72277
21569
49409
42023
31333
10909
31649
87869
98101
68053
21961
73859
47581
28703
41141
21871
14143
10133
66643
44249
86783
77513
27239
61051
22643
95737
51407
91283
11597
19301
73363
87991
39619
74713
76379
23669
98621
40627
32887
19249
68687
68819
36571
51913
21683
41047
59699
68881
57223
47287
46307
97007
92569
59723
97241
86341
55817
47419
62171
44171
93481
24527
55673
19937
32531
50923
56941
48271
43391
87553
20089
29723
21701
23719
85577
45613
71917
40531
81727
68227
70309
54767
36161
74027
85597
23561
99689
79601
16759
10399
78823
42793
90907
36629
54139
35027
89627
49463
13063
85531
77269
67499
36299
30817
72997
54799
94727
30367
98009
92593
83231
17923
64271
51133
23029
53819
91243
47161
77213
10343
17419
13873
20717
14557
46099
19979
89527
18329
78167
39779
13627
24391
27407
59243
57047
91781
19391
41609
75931
39119
47491
19861
22549
67607
10159
12959
17401
78007
82507
47629
83689
28019
90127
46633
91631
47387
95737
30119
17041
10247
77681
45853
36161
77023
71153
76871
76213
47087
14221
86719
12161
30911
70009
20441
90403
84457
22787
24109
35053
10939
27583
16703
68713
11131
27091
70951
72559
34213
93491
23447
45413
73561
17627
39703
90847
93199
58451
60647
94849
75253
56807
11579
13567
92681
80557
79279
65053
68447
82193
88853
99761
55807
23767
51419
63179
25819
78203
32363
99611
53419
47797
63617
84017
41141
63977
87049
29201
67757
62683
11197
19597
84349
67789
71389
71971
30941
46861
93187
29873
51593
42611
91873
48661
90127
83617
81281
33287
40151
89891
94447
18787
44887
61553
92957
82471
98369
43943
15451
39359
88513
87911
60521
41143
23869
94603
48619
91283
48781
49871
53327
84047
16477
40189
93481
47387
91691
23201
56041
33493
58679
36653
13259
26893
10331
68531
36709
26449
11171
34147
87223
44753
54751
89107
44501
90007
49307
28663
69691
84913
64663
30133
91757
53857
65789
50993
78929
68207
80287
18461
27103
71789
81943
89303
68437
70157
77969
87743
26927
22613
47111
78541
94541
26573
11213
27739
49523
56099
82657
97397
86137
29663
66137
11621
45959
97171
22133
98899
75787
42737
13877
67763
53323
71233
14939
59377
98407
70457
57689
17929
80491
87359
69337
68207
88819
82699
73897
95083
34747
32993
26893
48311
59239
25343
32503
49663
92401
87959
19571
45553
92381
24907
89491
51347
94621
79601
68897
96973
70583
97973
47221
18493
84947
31517
77999
54371
11317
21757
39887
70201
89371
82469
22811
64187
28817
72997
45557
67939
16487
21211
71413
90379
66413
76733
14449
27397
19237
33013
24781
40361
16369
95393
63397
47857
52889
11681
98729
80173
77017
25759
96779
34499
91631
15607
91463
59399
12979
80777
81049
19483
86813
18217
84223
75641
44059
38639
80629
98993
53591
67213
36583
73643
41177
70573
37967
56681
87559
25117
24691
96527
32159
43997
49871
83399
13397
94151
65963
10169
80777
77359
22469
84199
97919
12437
76379
67883
70289
25969
90247
91159
88093
31567
27793
24821
63649
39749
29671
21977
