1000
21 -32
68 35
70 -11
-64 -3
-98 -5
23 -30
64 17
76 53
-42 42
-100 69
59 -63
12 -6
-59 -14
-47 -85
47 -49
-81 31
75 -14
74 3
-78 -96
-85 69
30 -43
-77 8
13 -72
69 8
-66 38
-20 59
42 -59
78 -87
42 -57
29 -79
2 55
7 71
52 20
22 55
-2 38
-93 64
85 -79
-51 69
-34 -9
-8 76
-2 72
-21 -71
-36 -40
-15 -7
-5 30
46 95
28 -55
-93 -3
10 -92
32 -94
-44 72
9 -89
-1 -48
97 55
-74 92
40 -44
-55 -81
78 -30
-91 10
-30 27
-12 54
63 85
-87 31
17 -6
-47 -14
-28 16
21 78
23 -39
-58 18
40 -7
-54 -52
96 91
-44 55
-99 -32
97 -13
-55 -39
-98 28
-90 -37
58 -71
-8 39
28 -61
-94 -18
71 -29
63 -70
-42 100
34 28
22 25
60 -10
-33 75
13 89
-59 14
-26 57
-89 -29
-16 31
63 78
13 80
-46 87
-28 33
-35 -93
74 -100
77 -94
-67 42
-32 7
-65 -39
-49 11
20 -85
43 45
59 84
-34 94
-90 6
10 50
-77 3
-50 48
42 -12
-6 63
88 -2
44 -59
-96 76
81 -61
-93 -91
-82 6
36 -49
-3 -75
81 -10
-52 -21
-31 76
75 38
25 59
56 -69
-46 36
53 79
73 0
48 -38
-82 4
-9 -18
-79 75
-15 -64
75 -77
84 -21
-21 78
-54 94
73 68
63 11
-7 -55
-93 -47
24 59
13 24
-55 -86
70 52
-13 16
-39 -17
-76 -43
-99 -8
-7 -29
-49 76
10 -25
-44 32
-63 28
78 -15
-59 28
18 -1
55 28
80 -37
17 17
-88 97
-42 4
37 78
94 1
33 72
12 69
-87 -73
41 46
74 -21
-11 95
87 -96
-18 98
27 -8
61 -22
-57 -66
22 -43
39 -66
-36 26
-89 9
-7 -27
4 60
53 -28
-1 55
-18 -63
-68 -34
64 -92
68 55
100 -4
5 8
58 68
-33 -14
4 96
-3 26
-2 2
-54 -57
-48 -35
-72 -32
33 -87
67 89
83 -9
88 -22
97 -65
-21 -46
91 -94
42 -22
-90 -97
-57 -50
-59 -50
83 -25
-52 -53
98 -21
39 -95
55 -74
-7 75
27 37
-49 14
-75 35
-99 66
-68 0
29 24
62 -25
19 -9
62 -1
6 32
-93 83
-29 -95
-61 25
93 -7
76 -74
74 9
40 3
55 -5
92 -82
-67 -11
-85 -41
-73 8
-79 -86
-98 -37
-93 -72
75 75
44 57
85 66
91 -93
51 -42
50 21
61 -48
17 93
-14 8
66 39
-20 -39
0 -78
67 55
-14 -85
95 75
-8 -64
-24 -69
24 53
-66 71
-29 -97
-50 -42
-69 23
11 87
-13 3
93 -19
-14 52
-3 95
24 -13
-51 59
62 37
58 -8
-84 -41
-13 -2
-32 56
44 -68
38 70
12 90
-29 -36
-13 7
-74 -70
88 50
61 26
-56 -8
40 -61
52 58
47 -30
-4 -15
-21 -5
-10 -16
28 53
17 -82
-56 59
2 -48
-18 58
-7 57
-11 -64
-25 -14
-15 68
64 1
-90 32
-16 65
37 -82
71 34
-75 -36
-59 24
-77 72
-21 -57
12 -42
-28 -83
76 -41
-52 -50
-30 63
-69 63
-46 50
-54 22
90 -21
17 -67
23 0
12 19
-1 -8
-31 83
92 -50
-39 51
34 100
85 24
28 68
69 83
57 82
-14 -10
2 -22
-66 -94
-81 71
-26 -1
72 -26
23 -62
76 33
7 47
-20 -55
-34 8
5 -87
-64 -88
15 -71
35 -22
-38 -60
-47 -69
99 41
-3 31
25 -22
53 -77
-51 -63
-42 -3
35 -35
35 -7
-52 -68
-47 95
41 -73
-39 -34
-92 36
39 13
-73 25
58 33
-53 45
64 -86
11 -23
-95 26
-2 -9
2 -79
-81 39
33 16
43 93
40 2
39 -98
29 -5
6 -64
-94 -15
-82 35
73 59
-30 -21
-44 -24
4 -29
31 91
0 34
-80 98
73 73
-89 -27
66 -7
77 -27
-12 -79
67 -69
-90 -71
-64 -84
54 -62
-66 28
36 -58
-55 40
-10 -43
3 -96
69 -63
-28 17
45 16
79 -17
92 -58
-36 92
-98 -27
10 93
95 11
-48 -57
-95 59
-10 -9
-26 -76
56 25
-5 6
-9 -17
-90 44
-23 37
35 59
42 -98
-24 59
43 -20
-65 -86
-19 -39
39 69
100 80
-48 -69
-78 -84
56 -56
90 10
73 -13
-32 99
-89 11
-44 -5
-19 -14
-87 61
-20 69
76 22
-48 -44
58 -83
-76 71
22 26
-59 31
-49 72
19 36
98 -1
80 -14
-52 73
-66 51
74 -57
35 20
83 14
-61 -71
-49 66
5 -46
-55 -35
59 -82
-17 20
75 15
32 -77
11 67
0 -49
-57 46
66 -55
66 47
-64 -79
38 79
-58 85
-17 60
50 69
-57 -89
-41 20
86 24
89 -65
-60 -78
17 55
77 43
42 -42
-62 26
-63 -30
32 40
52 -37
34 61
-34 -36
-80 0
-59 40
-31 39
46 71
-93 9
53 -90
15 33
-68 -49
61 11
96 42
-54 72
-85 72
-96 -98
-69 87
36 -64
3 -24
42 -47
-78 12
66 81
37 -78
30 -56
-25 -83
-59 3
-98 -62
-73 -80
-98 -32
94 -6
-33 -23
84 -9
-70 68
49 -57
12 52
90 -76
79 11
100 4
-5 -29
-8 -73
-73 -17
-30 -42
78 -17
-35 99
96 22
22 -13
-99 -70
-79 2
-99 -60
-42 12
27 73
37 0
78 95
67 -2
77 -83
-77 -60
55 14
-57 76
90 14
-21 41
-24 86
-40 -88
-100 -50
-20 26
0 43
-20 93
82 -56
-66 -84
5 -67
-80 59
-16 -3
-99 -19
18 -30
-10 -81
-21 -14
-13 -95
-73 -14
8 -40
-32 -51
-85 6
-66 -48
99 83
58 -98
89 -42
-26 -73
-87 75
66 85
81 -64
-95 -6
-6 -47
-56 11
59 -70
-77 -80
92 43
-10 22
-53 -65
60 -55
84 27
-14 9
-75 -53
89 -62
-22 13
93 -71
-85 -93
21 -86
87 -39
96 -19
80 -97
-21 -58
39 7
60 6
-82 -16
-69 -90
24 72
-75 -85
20 64
8 99
48 -21
65 35
23 27
9 48
-38 40
21 3
-67 60
-50 50
-99 19
97 -16
-57 84
-41 23
-29 34
52 86
99 -82
-47 -63
-54 58
-95 -57
26 43
65 9
-43 52
78 5
69 11
-59 -55
74 -12
40 27
-19 74
-56 12
-56 -95
38 -74
-37 55
-35 83
5 44
-28 15
-14 60
16 11
68 -84
77 59
-99 -69
63 69
80 33
-70 37
28 38
-92 -63
95 -50
36 -85
-94 -69
10 -2
12 59
-93 56
14 -2
-89 -55
-11 -85
-49 2
-74 -32
71 63
40 -29
-4 42
-52 75
0 -47
-19 -38
-73 -60
-47 85
25 54
16 99
-51 95
-60 60
-71 38
-85 -77
98 46
-63 10
93 97
-4 -6
-69 29
-2 53
56 71
10 -86
73 -44
-63 -32
23 14
-70 73
-16 -27
-100 -48
-39 76
28 7
57 57
-68 -78
-91 3
-93 31
65 -30
-22 -41
-62 -89
-98 58
82 14
93 54
56 22
-89 76
-12 -75
62 93
-98 -56
-29 51
59 57
25 -55
-66 25
-5 44
52 -91
-74 16
-8 -20
96 1
-43 45
7 95
81 73
-20 -71
-44 -25
20 -66
98 1
-24 60
83 -64
-84 77
92 -42
-83 -52
90 -64
96 49
7 -69
-21 -72
77 48
-76 -32
11 23
41 73
-64 65
-38 -18
6 -49
83 11
-56 75
74 -53
38 53
88 -37
-33 -22
-26 17
-35 26
-68 -31
-63 34
-50 32
-50 55
59 -17
-98 -98
47 92
54 29
60 81
-70 17
17 100
-56 -5
21 90
57 53
-70 -22
38 -65
29 9
84 83
3 6
24 47
-6 -17
-7 18
81 -22
67 91
56 -11
57 33
-97 18
-56 47
65 -29
14 -94
-12 36
31 86
-67 6
65 38
100 -7
-59 -64
72 58
88 -19
100 -77
29 46
10 -44
-65 -23
83 51
-30 30
4 -99
-78 -43
42 9
74 27
-35 89
-74 -46
77 -4
22 -29
13 -10
56 79
-73 50
52 68
-18 43
-79 -60
14 -70
10 22
38 -92
31 -66
20 26
8 46
63 -2
-43 -39
-42 86
42 19
55 86
73 4
86 -33
46 72
100 49
31 -69
94 93
77 3
-1 -13
60 -92
81 -48
-80 -98
-34 -78
-58 31
74 -42
30 69
-74 -90
23 57
-42 41
-29 75
66 96
40 -95
-31 -99
8 -8
45 -52
30 -98
-14 77
30 -20
-89 69
-93 -12
99 66
6 16
26 -95
53 17
11 33
87 -36
-2 -62
-93 34
12 39
60 -5
0 29
4 74
-67 -7
40 -14
59 66
31 51
-67 43
54 -97
-6 43
-45 -86
-34 34
-24 -43
-73 55
-29 -60
-97 -17
34 48
-83 -66
-36 -3
-95 -81
5 -7
82 71
48 51
67 -36
-76 30
-44 -36
84 53
35 18
66 61
31 -82
28 58
8 -7
42 44
-57 -18
-1 -87
27 98
95 72
81 -91
36 71
10 36
99 -25
58 -72
-98 -9
44 -75
71 -9
-21 -34
89 83
-87 -26
69 -42
43 80
-13 41
-24 7
-78 2
66 -12
-75 -35
-80 42
34 26
-73 80
-80 -99
-13 19
71 -91
-84 28
14 95
-100 41
-19 64
90 -51
-16 46
-84 92
-68 21
-60 15
-13 21
-4 91
-16 -56
11 -94
45 -57
55 83
-72 -41
-82 -8
-3 77
-87 -77
-22 16
61 12
-42 -72
-34 16
-7 -34
3 -88
-54 -26
-76 83
-49 42
48 92
-35 31
87 71
-21 75
-63 54
-51 71
-10 -44
44 -38
-8 -87
6 82
35 -74
-91 71
-71 -61
26 31
22 -36
44 -18
25 28
100 -35
-41 32
-33 -40
-74 100
-82 69
-46 35
-53 39
-18 -12
-13 8
-99 -1
-67 50
55 -92
27 -7
-31 0
-65 -65
46 22
97 77
17 -53
61 49
77 -55
78 -19
-21 65
-73 -72
-73 39
81 -25
59 22
43 -72
-11 75
-74 31
-96 -53
88 -15
82 -11
-25 57
-27 46
63 59
-48 -49
-59 11
-22 -72
-63 91
48 6
89 -54
30 48
-56 30
-1 16
0 -67
22 -64
-97 -20
-93 40
-65 -88
