1000
-73 261
79 546
66 79
-37 -445
88 -477
-26 503
-82 348
15 -380
19 401
1 -194
99 861
-70 -461
-43 783
-20 -267
-34 -262
61 293
32 -694
-59 129
70 359
-30 -663
-98 334
-83 -749
52 -310
-93 -830
-30 -582
-3 -174
49 913
12 835
55 -807
64 406
-72 185
50 305
62 -255
-54 771
-76 529
24 52
72 -604
-31 -74
59 -554
24 634
-28 24
-35 -791
-69 675
-78 -430
-29 -758
-93 -669
89 -157
-71 405
34 200
-77 -130
22 994
75 -656
36 -209
16 -367
24 -59
11 -145
52 693
-76 -475
21 -193
-40 -80
57 923
25 -864
45 -707
25 440
-32 170
12 -961
80 -170
8 -958
-12 453
45 -247
20 -461
-9 -381
35 -614
-90 286
43 -39
-35 -805
-1 -800
-92 -606
-21 -949
-100 200
29 -422
33 917
-9 -485
-71 -929
-63 587
-50 -997
-42 -488
28 -459
-54 -491
-47 236
74 878
-16 -404
84 559
-6 -936
43 887
52 518
93 -676
30 320
-50 -250
25 -214
-38 966
-1 118
41 584
-20 -1
56 -936
-37 317
9 -40
98 -305
-78 -462
-74 -734
-49 -889
77 901
-64 -567
-34 -3
14 -743
39 836
-3 -896
100 -783
-35 441
-6 108
8 -143
-68 -89
-44 -816
-63 655
85 -648
-63 -965
71 860
-44 324
68 679
-10 910
52 345
42 440
-89 183
4 -41
-32 964
20 -340
-81 769
-7 -874
74 314
65 110
-76 885
-83 -127
-71 790
-87 697
65 907
-57 -861
-100 625
73 -375
-89 -724
-3 815
50 -694
-99 809
15 -41
100 770
26 471
35 -960
-25 -834
-31 -492
-28 394
51 322
30 -999
40 631
-40 484
-99 901
-9 845
-72 751
-69 -186
-3 -88
-25 -292
85 916
-15 -941
-36 -720
-28 958
45 651
96 445
-21 982
-45 72
49 710
13 -948
65 -858
12 -304
47 -213
53 -135
-36 393
95 982
7 989
-49 601
-93 -229
83 -26
-38 -206
33 994
-70 556
-44 695
-40 -601
-35 740
-81 -495
-77 -72
69 143
-88 -943
-52 382
75 236
66 -421
98 -132
17 -540
90 -861
60 -848
80 470
-53 470
-5 -57
76 -586
-2 -781
54 -255
21 -554
93 395
-11 -317
27 94
-21 -898
-56 248
62 -57
-66 847
-30 -27
-22 93
-88 -685
-86 67
-93 397
-22 -5
-7 300
-25 -245
71 964
89 -643
-67 633
-94 -572
29 576
-83 -731
50 -533
-21 738
3 210
21 686
54 663
-11 -637
-11 -496
42 300
-10 -314
33 -115
-72 -969
-90 -375
-31 -649
-24 -594
-49 -766
31 739
89 -537
-1 -424
52 -96
-72 -210
98 -769
12 577
54 564
-81 443
39 681
-39 -879
51 112
-48 110
37 539
50 -229
-51 91
-80 -731
-7 767
60 -24
-70 -835
97 526
-77 785
42 191
-41 -538
-73 -727
21 137
20 -351
-2 47
-84 317
70 818
-8 -751
29 -307
-31 -662
16 -9
83 596
-75 295
-10 -919
37 -76
-19 -970
92 -873
36 -230
-49 -501
38 -787
-10 47
79 602
-58 876
-29 -128
-88 -635
92 973
-83 -134
60 -298
23 687
-52 142
79 820
11 -687
95 931
42 109
93 426
7 -384
82 -501
-25 -557
-57 426
67 -756
-35 -503
31 297
-85 -581
-64 -563
0 -482
-72 -521
-42 -980
-50 515
72 350
97 -365
-92 841
-30 145
-39 -550
-15 976
-66 -530
-87 657
-30 672
-54 -995
40 734
7 300
28 -440
24 -76
96 -506
91 -899
26 813
-62 -69
-47 456
87 312
-34 954
-49 33
49 864
67 -373
-69 11
63 -169
-93 -22
36 -335
8 -347
-26 108
-18 713
37 -858
67 -971
-13 -870
-37 -670
-52 -102
-36 -91
26 919
81 -208
94 -213
-100 -183
46 -516
80 -842
-27 -809
30 233
46 -576
96 347
89 65
23 947
7 462
16 -324
-8 -217
45 -31
80 532
-33 -207
-29 -252
-53 -964
-68 495
-26 -751
26 669
85 900
66 934
24 358
-86 -524
20 902
-95 -889
-65 -156
64 894
94 731
-56 217
-49 778
77 -638
-2 -920
-47 -393
-68 905
-90 -329
-17 -869
30 979
-48 890
-96 -782
85 -826
42 579
-97 551
-44 149
4 -696
-87 -313
-15 167
55 647
7 266
6 701
56 -967
60 108
22 -958
-87 -949
-76 459
9 -607
58 221
-97 649
63 -743
-74 -384
-18 -960
-90 114
86 -607
19 576
68 -341
-53 -489
-28 971
-31 672
21 -151
-51 801
24 387
91 609
-45 48
-53 605
58 21
-41 -442
22 -672
-90 -834
72 -203
-15 13
-54 -629
50 77
10 -353
66 890
-28 -130
98 119
-13 -1000
-88 -270
-91 89
30 614
-37 -942
40 -965
-85 -326
-81 85
93 631
-59 559
-15 239
24 -220
88 -219
46 -733
-16 -187
-51 -751
-67 658
37 835
-4 -182
-50 -386
-69 786
83 -272
60 -864
52 -367
62 30
-32 372
43 -414
14 -499
-90 897
89 809
54 303
14 -775
-1 818
-71 -225
-1 -318
-70 948
-15 -821
-25 320
91 -537
-21 780
-45 704
-73 -342
24 442
17 887
92 -885
-29 135
-26 131
-25 939
40 883
-67 -300
43 961
76 -372
-35 378
22 -819
-76 -81
20 968
94 -444
-100 -387
65 925
-3 -428
-19 464
74 -711
-61 -825
-32 221
58 815
32 787
-58 906
-50 541
25 234
-49 455
75 660
36 -179
-29 -206
5 -360
-75 -791
40 24
22 -344
-72 -523
6 1000
-57 835
3 -84
-93 899
45 503
84 789
68 910
93 -485
95 -267
55 464
-21 -36
10 521
2 -435
-33 -46
1 -632
-25 490
96 -569
16 -164
87 -223
70 139
47 -83
-30 -618
-90 801
22 -412
-67 985
-73 35
-44 -930
96 -956
84 -649
47 934
-69 210
-64 672
-70 124
-40 -8
78 -574
47 -656
76 783
-45 -922
21 785
-17 -743
-93 163
78 -156
14 176
-71 -653
-76 12
-43 -658
88 228
-49 -358
22 545
-13 -668
-67 835
-6 -459
25 -460
30 596
-43 -111
-25 561
-39 -481
-10 60
35 350
29 -848
-91 -610
12 -188
44 -420
-83 225
-95 440
41 -965
69 685
71 647
19 2
65 -11
84 -552
-50 -841
-5 -146
35 917
70 -975
-68 -341
81 -177
-26 213
-25 632
10 584
-89 -988
-85 -202
-92 -877
13 -503
-92 122
-64 -882
47 -445
19 -700
-34 -747
-62 375
-29 131
-73 -339
-40 891
-25 669
-81 -675
55 -150
98 -192
39 596
16 -975
-26 61
90 173
9 349
-75 178
40 662
-28 -868
86 -940
-58 615
57 -307
82 473
53 -897
12 -778
90 -157
-82 105
-61 198
-62 828
99 -153
-84 195
47 344
-83 -906
71 -522
-8 151
-39 -525
-66 291
-81 836
-38 -546
80 -584
45 -641
-13 -418
51 936
23 -572
45 -625
-88 -883
81 -204
-74 -181
-30 495
19 -756
2 -2
15 -351
-95 874
-9 541
-40 84
-91 498
-66 -295
-19 -948
7 -573
32 -172
-94 32
98 -425
-67 -936
-86 -580
-39 992
-75 -798
92 55
-43 -587
96 -341
-71 -460
60 -75
-41 -341
58 282
89 -560
77 404
49 872
92 -101
-80 -46
23 332
-71 -856
87 922
-13 -775
-100 -782
42 -984
-98 759
79 -945
-88 -37
-4 208
-54 -9
83 883
53 759
-99 662
1 497
-60 -205
97 -534
-36 358
-57 -93
11 -267
37 969
-35 648
65 885
53 -756
21 670
-75 510
35 -342
39 992
-85 172
-50 -106
33 856
39 -295
30 -329
-2 910
49 -556
38 771
41 -298
16 788
-98 -407
91 180
-86 923
98 59
-73 168
-6 -206
75 130
-75 -821
-60 647
36 421
-24 -831
28 409
26 685
66 -813
-96 -498
69 347
-19 581
-54 -49
-7 786
25 621
-45 -62
-87 762
-2 56
95 -696
50 448
-65 768
69 392
-57 -398
53 -24
92 -734
6 -497
73 -866
-58 976
86 475
70 -8
75 628
78 504
20 -187
-36 -616
26 543
38 -682
-3 -1
-43 -272
49 -228
66 294
-41 204
-68 -759
93 806
-46 494
97 485
40 -204
92 189
100 -57
-56 1000
-72 -668
-67 -864
-22 510
46 254
-41 800
75 557
-6 315
85 542
5 -373
-89 502
50 435
-45 -673
16 585
96 916
-68 879
10 -524
68 59
56 640
-64 390
76 -221
-6 829
24 -651
99 687
-31 725
65 -765
-49 -205
-67 -799
-34 -292
46 -182
-80 -675
58 -56
36 707
16 356
-24 429
-70 708
-72 -936
-34 -706
42 -307
-51 -990
79 -368
-79 892
20 -74
12 -35
30 150
-47 -988
74 555
53 -570
54 -851
-29 -687
-14 515
-92 771
-89 -862
36 -345
19 424
-46 609
75 -378
1 79
100 -555
34 -624
-68 990
-74 551
37 814
-34 526
-32 29
-52 374
-43 -365
-53 -483
-45 -191
-32 -450
1 -525
28 403
-32 -881
-10 -385
-36 636
-36 452
44 845
-73 841
60 31
58 -451
-54 174
98 251
87 -452
84 -688
24 592
92 536
86 -528
55 -94
-52 -642
-90 -51
-14 845
-33 -189
-9 -763
-28 31
31 -906
41 -660
29 -771
80 865
100 158
-7 -56
-33 382
54 127
-74 422
88 358
-93 -280
-47 -981
-63 -311
91 555
-14 700
65 -826
-4 511
6 132
22 885
-25 576
-12 7
-10 -396
12 -557
18 -240
-51 704
14 722
-87 335
60 353
-92 -337
74 -79
14 981
60 713
76 -90
47 567
21 -995
58 -606
-25 -267
-82 -123
86 353
-26 462
-88 434
66 -167
1 -429
21 575
84 -571
33 913
-35 419
-82 -912
32 860
33 527
8 933
-98 803
-22 -95
37 633
-7 -146
-51 -884
25 747
-43 -247
91 -422
-35 -192
-58 102
-50 333
-78 -326
45 142
-12 964
-48 -786
-89 968
72 -365
-15 -527
29 624
55 -95
-58 128
-46 553
-77 825
30 -753
-91 -19
-48 101
-69 -531
-55 602
-93 -963
-60 -7
-63 -845
43 -979
60 30
-62 757
61 -716
47 936
96 -887
-99 950
-47 689
73 804
70 -607
28 -190
-50 393
-91 171
88 500
-83 -905
-83 -503
70 383
90 -715
69 711
-36 643
83 -999
-66 -377
-82 -402
-69 719
85 -256
-1 -32
-63 -945
-30 -70
19 998
71 -252
74 141
89 -337
57 -86
-96 580
0 86
-77 -129
35 937
-45 -477
50 425
-14 -275
60 349
93 -924
-22 646
3 27
48 -372
