1000
976 -4
-977 6
507 -9
-677 -3
-966 -9
801 -6
755 1
-510 -7
-308 4
450 1
-426 2
-461 1
-532 -4
791 1
633 0
-543 -1
894 6
-139 -3
182 4
721 3
2 -8
-56 8
636 1
-101 8
-355 10
-78 2
591 -8
4 -10
-600 -6
93 -5
257 -10
-414 6
13 -6
816 -7
826 -7
-191 -9
-850 4
485 7
-395 2
889 6
-525 -5
113 6
-276 -8
-519 -1
-363 -5
689 10
-349 2
853 5
-312 4
601 -8
550 -2
-29 -6
-764 5
-202 2
-969 -2
900 -8
-412 -8
-916 4
830 -9
934 -2
-676 5
157 5
786 5
-912 6
-874 5
727 -8
166 4
-526 8
-81 -2
389 -8
250 -10
-885 0
543 10
710 2
-112 1
-886 9
915 -1
219 4
-362 7
682 -10
639 3
829 2
-970 1
262 2
861 6
-995 -6
-486 -3
21 6
-323 0
869 -3
401 8
-356 5
-348 -10
238 1
437 -3
-304 -9
751 -5
313 6
492 -7
710 8
-183 0
791 -6
-313 -7
-355 0
-62 9
121 9
-9 8
857 -7
-194 8
-991 -7
603 -6
450 10
-54 -5
342 -4
185 7
126 9
538 0
-245 2
-522 7
324 6
287 -7
85 4
202 -5
700 0
-59 9
160 3
-942 -2
-310 -6
556 -2
-269 -5
-877 4
876 8
605 -4
-797 -8
323 -2
-580 -8
626 4
96 -5
811 -3
-341 -5
256 -9
-246 3
-538 3
514 -5
-238 8
-700 6
-646 5
-31 4
-43 9
-650 3
-860 3
-439 4
999 -3
362 -10
-75 0
-172 10
-654 -9
370 8
-993 9
387 4
-89 -10
815 4
221 -2
-201 4
650 4
-171 10
28 -7
-660 0
-79 5
-324 8
-41 6
-827 -4
736 -3
-652 7
36 2
348 -7
424 2
397 0
-338 4
-480 -5
912 -2
846 3
-754 -1
812 -3
-448 -5
177 -2
888 -1
-689 4
351 6
-508 -6
-14 6
-754 10
-504 -4
-191 3
-548 9
-413 3
435 10
-38 10
285 2
521 5
584 -3
-342 2
-278 0
-226 0
361 0
-803 -6
16 -3
964 -3
168 -8
-634 6
437 -1
-475 -4
-511 5
-487 5
747 -5
716 -3
723 5
917 1
-671 6
327 -4
944 7
742 7
238 10
615 0
274 -7
661 9
-914 -2
571 -9
-545 -9
-277 2
-325 6
-394 8
306 8
862 0
-340 1
-137 10
134 10
-220 -10
885 5
816 8
302 -3
-146 -8
375 -5
-107 -6
-749 -9
279 -8
-910 10
-204 9
97 3
-265 -6
-599 7
-296 -8
926 -6
-889 1
70 -2
808 6
980 6
-902 4
26 -10
-703 -10
198 4
624 5
-547 -6
395 -5
38 9
-202 -3
624 -3
471 3
736 0
343 5
-903 -7
573 7
-625 2
905 8
-420 0
548 10
-778 -2
983 -6
59 -10
-501 -2
-91 -6
540 2
-424 10
-852 9
74 2
898 -3
369 -9
498 5
269 1
-654 -5
873 -4
930 -7
-791 -1
-247 -5
-510 -6
803 8
-396 3
945 -6
159 5
-490 -10
-722 6
323 -9
613 1
-128 -8
-15 0
241 -5
325 1
612 7
-888 10
-57 -9
-7 0
221 9
-660 -3
-169 1
-100 8
800 2
386 1
-225 -8
-705 -2
392 9
-509 9
-749 -7
-860 -4
-172 -4
-356 -8
-114 1
-553 -9
692 2
410 -4
-135 7
485 3
-964 8
631 10
-968 -10
-709 -8
950 -7
931 5
997 0
-629 6
-157 4
456 7
-906 -7
451 -7
-206 -6
862 -10
-738 5
-418 -1
133 -1
-344 1
-63 9
37 -3
930 -8
-365 2
-319 7
783 5
295 3
-441 6
-647 -1
-92 -1
-551 -10
348 -3
-173 1
299 -2
-843 -10
-592 -8
-258 -9
347 -1
707 6
-523 -1
-961 -10
-623 -6
527 -6
-876 9
264 0
572 -4
740 0
-833 -2
236 10
-692 6
-901 -3
252 6
830 10
-953 -5
-787 9
-477 -4
460 -4
-128 -1
874 -6
55 -3
-703 9
929 -10
512 0
202 6
588 -9
-729 -10
103 -2
-704 -8
140 0
102 8
-730 7
-573 1
472 -7
-204 -5
801 -8
-896 6
177 -5
743 -3
814 -2
567 8
59 -5
160 10
545 -4
-346 -5
37 -9
340 -9
-139 -7
636 -5
-231 7
963 8
343 9
18 -8
464 8
-58 -3
455 5
-348 -3
-531 2
-713 -1
-479 8
-745 -1
-428 9
99 -3
590 5
-259 5
893 1
899 3
671 7
-24 9
-63 5
914 4
-596 -4
26 0
266 4
-275 -2
-407 8
-324 -8
-239 3
-167 4
-466 9
849 -6
477 10
241 4
61 -8
-718 -10
-179 1
603 -9
822 4
958 -3
393 -2
148 10
-11 3
693 -4
894 4
-334 -3
-509 -8
589 -6
374 -4
270 0
272 0
-200 -9
-644 6
905 5
-781 5
582 8
-350 10
534 -5
604 4
-952 10
787 -10
-527 -6
-456 3
-507 9
-673 7
-470 10
419 7
-855 -5
693 -6
-149 -6
-788 7
-937 2
-351 9
737 -3
-957 -10
-60 6
873 -9
890 -9
-115 6
-59 -6
2 1
391 8
648 -2
657 -1
51 -2
-841 -8
-924 -2
229 -8
533 10
-518 -8
120 -9
890 -2
850 -8
444 -10
-483 4
581 -5
792 -3
731 5
284 -2
318 -5
-279 8
-812 2
34 -6
-524 -3
310 -5
-479 1
-182 -2
208 6
-797 2
7 6
390 -1
-435 -8
-257 -2
-803 3
600 10
-106 -5
-583 2
163 -5
-571 -6
335 -1
-319 3
810 -1
31 -10
601 4
-180 -3
-441 -10
480 4
40 9
113 9
-969 -10
-70 3
890 -8
5 -3
571 -10
-641 -9
-707 4
-47 -4
968 -7
994 7
246 1
-953 5
-603 9
229 -4
-894 1
-568 3
-601 -9
-873 -3
-132 -6
-733 -4
863 3
703 6
538 -4
150 -2
531 -3
259 4
-835 -10
-212 -10
986 -9
-473 -1
775 7
-615 6
-805 -8
9 0
-714 3
935 7
113 1
33 6
-934 -7
3 2
207 -3
-617 5
-65 6
210 5
-839 -3
-701 5
-82 7
-514 -4
767 1
-725 6
-635 0
221 6
615 -7
605 5
940 5
565 9
-58 7
-535 2
361 6
-185 5
-804 5
-407 -10
205 2
-747 0
-304 2
-200 -7
86 7
-888 -9
724 6
-991 -1
-454 10
552 6
-162 6
-631 -4
455 -2
783 -9
-549 5
-263 9
543 -8
622 10
-82 -1
832 -10
-736 -3
-437 -6
-291 -8
-328 -1
-574 -4
-91 -2
-948 7
-929 9
471 -3
-861 10
-468 1
422 -7
814 3
-902 10
110 -1
466 4
-634 -2
-564 -3
481 1
390 10
714 7
340 -7
-443 -2
358 -3
990 6
-299 9
-214 3
-319 -8
-387 -4
601 -9
-355 -2
-808 10
-992 6
-332 -6
-633 1
514 -6
-744 -10
-442 -8
-722 -7
-329 -6
132 3
171 9
-405 -8
-7 7
774 10
707 3
-29 7
100 -9
-912 -6
993 -2
-701 -1
-659 7
197 10
536 4
-38 -5
216 5
245 1
35 6
-289 3
999 -7
904 -4
499 5
863 -6
-530 -6
643 7
-596 -9
794 -7
-131 10
719 -6
-332 0
240 -3
-380 -6
889 -10
544 10
-589 -1
657 -5
-568 -6
-547 -3
-820 5
650 5
-102 -9
-295 -6
930 -10
341 -2
-367 -3
139 0
-922 -4
392 0
-54 4
-713 2
-454 8
821 -2
583 -10
-318 -8
-704 -5
991 8
62 -2
-996 4
-207 -8
-790 5
-813 -8
650 -10
-339 -3
-792 -2
-767 -2
-468 7
-755 9
-111 6
-199 7
417 -9
922 -5
958 -2
-909 10
475 5
-626 1
-278 2
-441 10
-6 8
-13 3
448 -7
874 5
34 -4
548 6
975 -7
852 -10
-679 5
989 7
398 -9
745 -2
633 9
194 -4
-465 5
172 2
236 -2
263 -4
-137 -1
523 5
-543 -3
222 7
226 6
138 -4
-56 -2
-887 10
282 -4
-438 -4
241 -6
441 -1
-797 3
331 7
-588 -2
-398 7
-478 6
-615 0
74 -8
273 -5
850 8
-263 10
-252 -4
-428 6
-773 6
-107 7
186 -5
947 8
227 -1
-989 4
259 -3
-342 -3
-161 -3
-278 4
-513 -2
-695 -8
611 -8
-879 9
-264 7
-244 -4
-207 6
890 -3
-462 0
404 6
978 -9
753 -7
-14 -10
663 8
-559 -2
-599 -5
-363 -7
-26 0
-111 -4
734 5
-858 -9
925 -5
-927 -3
-955 -9
-131 4
730 9
-90 1
-899 8
-47 1
-38 -10
772 2
-805 5
-433 1
-501 9
-278 6
-338 -8
-510 -8
-679 -1
792 -2
154 -4
-367 2
278 10
140 -2
-541 -3
793 -10
365 10
-309 -10
952 3
836 -8
311 1
-382 -9
-563 1
-430 6
-826 -9
-432 -5
853 4
827 9
-179 8
-71 -1
-134 -9
-130 -2
84 -2
852 -7
-53 0
209 -6
-819 3
803 -5
-161 -10
-80 -7
-506 1
813 2
-875 -10
671 -6
106 2
-62 -1
-920 -2
324 -10
-701 4
26 3
-301 0
-292 0
-839 -10
-69 -9
-741 3
-557 4
-291 9
-20 8
475 2
725 -1
-979 1
-906 7
153 10
-341 10
-993 3
-185 1
-872 1
-981 -7
-757 2
-250 -6
269 -1
-893 -10
-394 5
-568 -5
568 -8
-172 -5
-834 -5
798 10
-457 -3
260 -7
579 2
368 1
845 -1
498 3
719 -10
358 6
-442 2
137 1
-84 -3
-746 -4
-391 3
768 -10
-792 7
89 8
-883 -5
430 -7
-557 -2
687 4
-738 0
-901 -1
262 -6
606 2
380 4
-232 -7
566 10
760 5
-125 -6
10 7
-352 10
-847 4
-139 5
-776 -5
-510 -2
-321 5
916 3
395 3
855 -8
-696 -8
218 -3
757 1
223 4
-154 -10
-417 -3
-337 5
241 -3
-71 7
554 -10
228 -5
297 2
800 6
361 -3
-833 0
-615 -5
250 -5
648 -6
160 1
49 -3
905 2
745 -7
241 7
-704 3
870 3
-199 9
-827 4
836 6
985 -2
-789 -5
-159 7
-223 2
824 -6
-309 -3
-256 4
-652 -2
-3 10
327 10
-631 10
-536 -1
10 -6
-977 -1
179 -7
826 6
-556 2
-446 -5
-946 2
57 -6
-107 -3
595 -7
-397 -3
503 8
-46 -3
610 5
-783 -5
327 -6
-863 -8
