1000
-260 20
-16 -28
-147 -42
-86 -99
-162 68
456 -34
-513 62
-545 -98
-393 -23
668 -15
365 -64
949 90
233 -21
-955 -44
958 54
-481 -95
829 -61
654 55
366 61
-944 18
-65 53
283 80
-394 -43
602 -21
-260 -34
-140 -78
-288 26
-134 32
316 -56
942 44
-400 48
-910 -28
994 -79
705 -99
71 -5
-520 25
-684 -21
-377 -19
-57 16
-866 -58
432 23
490 -97
-89 25
-972 21
431 -69
-70 56
-840 27
340 -95
982 -64
448 -41
883 3
836 -6
-933 38
-912 68
331 2
236 -19
-23 30
369 100
394 67
699 -82
-534 -19
-794 81
-810 38
-752 -38
-982 0
281 -89
881 -71
511 75
-902 95
-196 -61
842 63
420 -35
-510 -55
192 -98
-511 34
-500 -71
-787 64
-699 -32
-205 4
-921 3
-49 86
-45 17
-468 -91
-879 -93
448 -50
-125 70
-478 28
-214 -74
663 -45
-768 6
295 -73
-419 -71
-67 11
-711 2
-514 -68
808 -67
794 3
-114 28
-540 1
-622 -8
366 26
691 -56
762 4
-573 68
-127 -95
-1 -23
172 -25
995 -69
735 -81
539 -22
509 27
-506 36
319 20
-572 50
-95 28
-727 25
133 -80
563 61
369 -73
482 69
-359 -86
-54 -80
651 27
490 93
-893 31
-315 36
-649 -75
456 -7
-176 -28
-199 -84
-544 -52
-70 -47
471 -97
292 -100
-547 -15
-191 55
276 -48
-887 -32
848 63
-954 -2
280 -86
-699 70
958 37
416 -44
-577 28
615 60
749 38
357 63
484 90
932 -32
52 -93
259 56
634 30
987 -45
-35 48
-15 -11
-721 82
-57 91
471 -56
-778 -52
-954 -77
907 -5
495 -27
338 64
952 -76
-682 -91
-620 56
410 94
414 -70
476 94
-530 -12
-584 45
-107 -77
-628 -78
-55 -80
809 -92
175 -62
-688 73
486 99
-677 97
-580 6
-913 92
-275 -71
396 3
-161 -34
-749 56
-216 52
-604 -10
521 12
-234 10
-966 -12
-606 -80
-565 -2
-158 100
-888 51
-567 5
583 87
368 41
-301 -89
57 3
-286 -95
334 -63
-147 -40
970 -18
-659 3
-885 -4
-913 2
306 91
-84 66
907 -91
-707 -100
-657 88
810 -51
363 49
-398 57
368 51
-157 -94
-895 -70
841 32
670 37
-998 -68
-358 55
257 -80
201 36
-381 14
-700 52
-121 -28
152 56
650 4
94 -79
854 76
585 -63
263 -90
-391 -33
-380 67
961 78
-91 85
-354 -81
848 60
-466 -4
-372 66
951 44
609 22
-956 -69
-765 -15
819 2
-441 15
-407 100
-553 -31
975 -97
-29 79
-992 84
-595 -79
635 7
-682 51
988 -43
900 -14
-163 46
575 -73
521 -32
984 95
-978 -19
992 -57
-235 7
202 -26
-254 92
-561 -60
341 -49
649 87
72 -90
91 -79
-430 -100
447 -95
128 -75
728 89
723 -32
-601 -73
-756 27
11 -9
-955 -100
811 -84
448 -36
407 7
783 -70
-328 7
221 23
-232 -40
247 -49
-376 -60
-544 69
-627 -56
-208 89
953 -10
983 -82
-697 -93
320 -48
564 -64
895 94
645 62
-155 -77
433 -33
920 -26
812 9
-311 78
601 -17
613 1
-599 -15
-489 17
-950 37
-961 -11
-956 12
104 4
44 4
876 50
-818 35
-711 78
-510 36
-497 -96
-646 -89
-652 -33
-552 -8
-6 -91
18 -67
713 -38
-356 20
-138 61
-237 84
-316 -38
-404 5
316 -98
994 4
794 -100
677 -48
983 60
317 10
304 -62
-985 -46
805 55
871 52
354 -66
-943 50
-803 30
-588 57
-519 2
-440 -97
-58 -86
879 -18
505 -21
-360 77
-317 99
-495 -40
-917 34
-424 -63
451 -35
-337 -11
-754 -37
-836 27
-895 -24
294 -38
769 -32
-186 33
-682 87
-414 30
-878 -11
-217 -97
-553 -10
-838 70
-342 -14
-250 9
48 -22
-496 54
658 -72
819 -52
256 84
830 55
318 -77
210 -67
784 9
131 -53
510 43
279 -68
-591 55
-673 -45
434 87
588 52
-55 35
-492 -48
-710 8
272 -27
-932 -76
-536 100
637 78
623 66
-234 42
659 -25
-522 62
956 73
-886 47
-786 -97
-823 69
373 -75
-680 -63
-932 -1
-105 -8
-374 -41
151 -59
-633 -13
432 -11
281 58
-191 95
977 90
212 7
111 -40
101 -23
-162 83
-686 -12
459 -73
940 7
-218 25
-270 -64
-227 -38
-126 47
659 11
168 94
617 64
-632 -50
-109 40
951 -84
567 54
-232 37
-155 -74
-978 32
254 -38
-49 68
-355 -9
651 17
-864 52
582 41
425 -54
-420 -80
-805 57
-244 99
-305 56
726 30
813 -29
224 -85
557 -47
-108 -73
-441 11
-516 74
110 -18
-849 8
-67 -38
872 30
-244 -30
-261 32
-354 13
48 -78
947 -38
629 -14
474 -98
-489 -78
254 72
-100 -24
824 34
-274 -60
346 -5
370 57
328 97
673 -78
561 -2
-297 62
250 26
-743 -61
401 -76
-238 72
80 2
699 -25
266 -52
-921 -15
-406 46
846 -36
-676 -12
148 93
929 -21
333 -22
310 -65
-121 11
-217 -100
-452 82
216 -22
763 -28
527 14
-245 96
22 -23
141 -15
-354 50
-389 -87
566 99
-47 -58
14 36
970 -10
-145 -46
-953 -84
-309 21
-953 -32
-923 75
788 24
608 84
0 64
-254 -3
-501 45
786 -24
813 60
-172 99
-355 -3
879 -32
448 -15
-448 -45
-849 -49
706 -11
-370 -56
-788 28
-974 93
-146 -26
477 94
0 -5
-240 -50
-594 6
470 -60
-206 -22
442 -80
-365 25
561 -51
343 14
156 -85
-375 61
93 -38
-99 -85
149 -2
548 87
-881 51
-760 28
-318 -82
-609 -49
-222 97
240 14
579 14
-770 58
366 19
-745 -94
547 94
759 80
-809 -11
252 -11
-434 85
744 99
-765 24
-461 -77
790 -38
590 11
-555 -61
23 -88
-917 -28
534 62
165 -96
-649 -100
-679 38
-793 -53
-208 0
-725 -7
-783 41
60 -61
-829 -98
-853 -91
596 52
364 -87
-982 18
955 -2
761 -98
-95 -5
-998 15
-556 -69
-762 40
726 68
884 -45
-935 50
-199 -31
-870 -57
162 99
-991 59
-392 88
-445 -80
207 -8
-973 -100
702 54
838 84
77 -87
981 57
-593 -47
668 -66
352 59
284 44
-507 10
-58 -36
874 30
841 70
-97 95
-228 -28
-61 -22
54 80
-991 -55
-514 35
689 -19
-87 71
-476 72
-469 64
151 69
-726 -4
64 -74
-778 26
-48 78
-144 -58
-255 32
-493 1
-663 -78
-454 91
345 -5
-656 87
-17 14
961 -85
979 92
-372 31
-250 48
-618 23
667 -12
-98 16
-893 95
816 -44
374 -100
-422 -35
373 -14
827 -37
6 74
-794 29
515 77
-255 63
324 -92
101 15
-294 -67
204 67
-419 82
-558 94
568 -82
78 52
-539 -85
848 22
934 23
-699 -14
878 -98
-726 100
510 -83
-389 -76
-42 69
-371 -89
-336 27
176 -26
-574 -47
445 -20
-771 -11
827 -44
-959 76
-514 41
-495 -95
294 53
56 8
375 -31
170 56
761 -50
-605 54
-555 -6
152 -15
593 85
-101 -62
857 57
-492 12
38 -55
487 -60
-424 95
401 -11
-631 86
477 56
-606 46
551 -69
128 7
656 82
930 -16
-39 -13
148 50
790 -5
-167 -9
755 67
296 -20
272 -55
-80 -82
759 14
-15 93
346 -77
-409 99
680 -47
-686 54
112 -69
865 -31
520 -48
-868 17
753 -86
979 -71
923 89
-505 -99
-369 39
-132 66
271 -65
-963 24
214 -87
264 -76
-381 -1
257 11
-431 -94
177 84
-708 -9
-599 79
644 -22
723 -77
647 -18
-800 56
619 7
779 37
125 88
-919 -33
-682 12
676 -17
209 11
-95 61
-174 8
-253 100
815 71
-335 75
-131 0
-636 -25
569 45
428 63
-549 25
301 -49
-615 -22
86 -7
-443 17
514 26
451 -79
-211 -39
-375 -24
507 91
436 56
-49 33
45 -79
966 22
-455 -12
727 91
-38 -86
29 -27
687 17
-222 48
-143 -80
345 35
-625 39
-48 -70
-889 -11
-569 57
-74 -37
555 45
-849 32
881 -93
957 -60
852 70
-628 -68
23 8
-443 -32
-950 -71
-844 -92
-827 -87
828 -5
295 85
-673 65
158 99
-753 12
-742 66
-67 74
-694 -27
-836 -93
-933 46
-224 -30
-395 -27
-388 6
-165 34
567 19
-819 -22
-944 3
-630 55
597 22
439 20
-939 -1
330 18
30 65
-828 -97
603 -90
-666 -92
84 -2
532 33
-994 -40
-846 18
-969 -8
-455 -42
-948 100
333 25
-115 31
-640 48
-704 -77
-270 24
945 41
-142 26
-278 -73
869 76
-934 -79
-142 63
-437 92
711 67
274 75
126 -86
-292 81
-515 34
-875 -84
-115 -66
-592 -48
-274 -10
-258 -44
-8 66
148 80
194 5
219 23
224 19
31 77
368 84
-814 -81
-222 65
-471 7
-392 -97
-543 37
927 100
676 -67
-822 54
78 45
260 86
-841 4
972 -46
137 -18
-592 -40
-946 -12
-554 -33
-881 -65
456 -55
191 -39
-891 -33
-432 -5
-645 -38
-947 39
535 25
623 -30
708 -87
759 92
396 -36
-49 38
-273 8
-17 38
175 -8
302 -54
35 70
-270 48
15 27
-499 -67
-83 25
184 -90
985 11
951 -9
737 28
-459 62
-683 -61
-94 -72
-610 -65
660 -29
-28 70
682 -60
514 11
466 -90
-255 -66
816 -70
816 27
711 -76
248 13
-918 -28
817 -7
-639 44
-724 25
360 7
887 92
196 34
-515 19
511 27
-860 90
-607 21
-967 -91
-301 55
-83 -18
451 15
-503 -84
611 40
-327 -76
-458 91
-525 45
179 2
-622 36
156 -84
460 49
149 32
-389 66
982 54
846 89
-913 -35
-534 -38
284 19
974 49
380 66
-660 -7
356 -4
-547 -68
-618 50
361 46
-796 55
571 64
550 17
119 -3
843 31
-531 -48
563 -93
-746 42
-539 69
945 -31
-503 17
-415 78
-527 94
439 62
-199 -23
-331 42
-507 -26
379 65
-97 52
-287 -76
-418 50
999 -39
573 44
-503 -58
-471 60
-805 91
803 7
874 52
260 50
-921 -68
-859 72
-257 -58
-767 -78
899 98
-904 -76
-193 -91
-198 16
25 43
-407 -33
907 54
890 -50
496 -10
95 -21
-736 -96
-941 91
232 -44
-318 -40
-835 65
-250 16
673 -33
-761 -82
419 -15
-953 12
979 -18
493 72
