1000
-629 -749
354 -81
-315 -510
-595 949
2 286
11 -626
-18 -395
-62 816
-459 -599
-481 841
416 -759
-336 69
382 561
612 -643
773 980
933 661
-520 -654
-514 -590
504 -252
178 39
-587 659
387 826
788 548
711 11
-558 466
-388 -458
-987 -299
998 -170
-549 580
489 -169
101 -292
215 173
78 -443
690 -448
228 451
-380 130
-765 -424
-23 163
890 25
-703 15
400 626
292 624
-672 -612
-577 325
405 651
-106 -731
-167 51
-17 175
-793 868
443 -588
205 -469
94 728
-305 619
662 705
687 346
115 -39
-819 6
-698 -22
-689 2
-839 -489
327 -811
113 -279
-583 909
864 604
289 -195
622 185
675 90
395 552
78 -988
-728 583
411 735
810 -822
-21 -181
673 -172
-629 -211
-148 -736
-446 448
-188 392
437 -262
-707 -313
-307 495
732 251
-383 868
-742 -112
431 108
768 -963
840 170
-133 -701
573 -667
260 512
653 335
824 -127
-989 53
139 144
694 -61
123 -793
-983 574
243 577
-473 -136
521 -173
-18 250
143 -34
779 -150
712 794
719 853
622 -692
-540 -648
748 606
-640 961
-246 495
286 -392
15 -881
597 694
-809 904
-279 553
106 507
-635 992
757 72
-691 904
-568 -463
937 -844
-666 719
172 430
631 -528
-734 898
-386 -783
202 -235
-868 -268
-328 -819
234 -454
918 -289
473 -651
-188 431
-165 696
50 -162
518 68
451 -978
-441 895
-111 643
528 -907
157 -476
-177 -440
-817 -559
-419 -668
-234 -721
421 384
326 -104
-817 -781
549 727
-330 710
401 -468
594 699
142 588
-46 85
172 -820
-552 452
-845 791
-43 816
593 945
-355 -668
555 998
479 -809
-549 -256
765 103
894 308
5 84
578 857
38 586
-221 759
-175 385
-369 -68
551 -958
42 324
890 915
707 -611
345 -583
-965 -830
-187 354
537 -253
461 -865
182 -974
-426 -563
-496 103
-714 460
321 -357
-963 934
-736 -529
468 453
-86 -436
-965 78
-131 380
894 525
48 -659
-451 -151
-720 825
22 254
-504 257
-437 -28
-876 77
241 445
625 -283
37 -886
253 -70
-402 638
413 -413
450 879
266 -971
-611 353
303 782
65 165
817 -558
-954 -657
984 -392
718 -517
-615 -157
-864 696
129 776
-639 -941
-71 116
280 -490
-59 -829
505 418
704 -4
-18 -573
-614 556
-90 -340
307 -461
-113 -389
-728 -599
-226 725
288 -326
506 909
430 407
132 103
-463 833
-237 -561
-928 354
343 532
-871 266
899 870
993 -704
-199 -864
-816 9
960 986
-471 -285
979 -565
-23 -860
813 -854
790 -263
-689 -303
-316 -971
-118 -283
-592 -925
903 -409
-571 667
-517 935
-627 259
-691 -294
665 292
-586 -958
206 -928
-743 148
661 945
606 -337
930 -693
-888 -506
371 621
488 -670
-307 -378
411 132
-341 592
197 -342
745 63
691 193
-320 761
-470 -418
950 -271
-522 -34
-247 -145
-146 -253
656 94
606 -762
-439 -48
-687 377
888 737
-577 4
-261 -528
-42 -422
663 -609
-23 -700
-471 -372
822 -215
414 935
-295 548
-472 887
721 7
-368 -605
-398 169
-956 426
-203 399
-529 549
561 383
967 471
-195 -908
66 223
-780 749
374 -270
-888 572
599 -193
547 -134
702 552
732 828
-859 -148
794 263
446 377
940 858
843 -265
-16 -294
755 136
-592 985
911 382
-125 663
-382 118
-199 175
841 -504
463 641
550 74
-840 -542
-857 544
543 191
53 -123
-303 651
-466 -135
-270 388
-360 110
804 -251
169 -275
457 206
344 -624
-424 -648
-927 -355
-959 460
735 -616
-215 574
-504 -330
151 935
-7 -778
-38 745
-388 687
-340 699
-707 290
-837 -392
-539 959
-447 -545
803 439
-164 -168
-578 -857
-751 -152
-360 -350
-308 614
274 -578
481 694
806 -937
825 -823
608 274
384 903
139 259
182 -668
-664 866
938 377
-982 -988
126 -729
-202 723
86 -745
158 -724
714 46
257 -572
963 -163
-170 -551
-307 -716
352 194
846 -208
-119 997
-903 115
-223 789
-582 13
836 432
-329 856
-69 406
265 -51
-884 -153
-816 -914
61 217
-485 -680
-876 388
524 908
506 -446
257 803
-736 338
668 -308
299 -772
-946 394
687 -895
-942 -774
-382 -318
-451 980
-392 -65
978 106
-701 816
-308 -195
692 -408
526 -833
-872 -523
82 254
-141 810
-859 -738
-463 954
369 72
-346 -494
144 -917
-967 45
904 748
598 224
551 -88
305 -766
-221 -311
723 -842
37 -136
358 -757
-445 291
-623 390
470 -899
-354 628
-909 115
-385 -569
-137 -641
-614 645
-715 920
463 -32
-52 266
34 -506
466 -904
-695 57
-295 -257
-434 981
435 28
-636 249
-225 955
-81 74
-555 -260
-512 329
-321 237
-31 477
-201 -284
13 727
-491 -124
113 -202
571 -704
-37 -953
-263 -680
682 128
282 -579
17 -47
-366 -126
958 -518
-762 617
890 -374
446 878
-988 -908
604 420
-821 -21
-497 257
-119 -822
389 -231
48 -256
-915 144
922 471
965 946
556 -403
735 -906
-322 -626
-293 875
-518 124
-808 366
-739 375
627 229
207 209
591 842
-658 800
680 -509
-644 -304
805 -914
742 -108
166 699
-430 -197
-743 874
-2 982
-568 335
-248 -681
-693 753
-829 -477
620 924
605 -131
215 -626
276 -235
673 -478
218 -216
298 165
-886 -592
-841 -473
417 -27
110 68
-419 857
657 585
-55 -151
189 -58
961 -122
-88 -644
824 401
15 109
362 8
524 733
45 -286
92 -918
768 -646
563 149
253 -618
457 -240
-470 436
139 -905
714 -28
476 -615
903 -711
-890 997
-659 649
-542 466
947 -812
840 577
-446 -664
-861 -951
-318 -505
699 352
712 707
275 -39
921 -493
574 -40
-976 903
-644 984
696 -692
566 -385
779 -178
211 -998
873 981
-1000 776
-222 -131
-922 717
-585 777
-270 338
205 122
750 72
655 196
812 -420
-111 -773
-554 737
79 697
-366 -455
821 -121
822 -154
-433 556
-476 -305
-752 382
-929 -753
-914 886
131 360
657 -226
-888 43
189 406
666 142
396 -733
-324 -680
-758 -788
499 294
503 -761
-977 761
-997 569
253 -473
1000 -41
-68 -831
-793 667
-624 -43
-985 711
250 -132
-268 -106
-569 117
-707 613
-130 169
392 328
728 -165
-236 -607
531 -509
195 683
-390 -966
-689 659
62 100
237 -280
-606 -68
328 -163
204 478
549 500
817 890
478 -15
388 307
908 -606
-927 429
28 -963
57 733
-312 882
-410 -93
650 -747
-185 -633
46 237
-953 -980
-749 -359
-393 -992
531 -861
-145 -788
399 902
270 571
-44 -58
-892 426
-949 -766
682 472
883 -509
921 437
164 -231
-956 759
149 -869
-717 -872
334 798
291 696
-49 -303
-303 -742
-184 102
-770 35
341 -169
293 704
197 -823
-41 -206
-622 315
-234 30
40 -124
-840 246
-566 -644
-531 38
-881 -892
-703 -455
-113 -922
-48 -420
-301 -918
-794 -583
928 937
-924 -11
-728 913
897 740
947 833
908 265
699 70
513 993
-942 -388
-843 17
-264 3
-731 972
-357 284
218 -320
774 602
-458 -302
869 244
247 -371
-900 -107
-212 67
984 -856
-863 392
128 734
-405 -892
-335 -567
-381 277
-383 -286
873 -919
611 -397
-684 -581
-900 958
378 584
-515 -814
-13 -50
-975 787
-401 -204
-619 -473
419 -522
-453 -205
-121 678
-506 332
-975 802
929 -917
-776 345
-269 343
336 -740
539 -936
-972 -12
426 -371
568 790
-950 417
695 -219
-158 609
853 -957
79 81
281 -440
613 -413
571 151
-626 389
800 950
-810 27
60 -565
-58 875
413 710
764 390
89 -822
-994 -403
561 404
-809 425
-55 -576
-707 484
-17 -90
237 899
323 855
-335 -374
164 -448
-488 470
156 826
517 921
-250 39
-304 -418
523 -561
-687 579
661 -331
-291 701
979 -568
413 933
100 745
955 14
496 361
250 -341
255 -734
95 897
-374 557
-870 466
309 -113
-868 -55
-118 969
-237 -585
604 -833
389 -422
792 848
233 462
42 524
-500 -448
-406 744
-160 -799
80 -315
-44 -185
-616 289
-474 663
733 -634
257 123
-588 -44
-394 -945
-338 -407
-826 181
384 -927
42 -423
-123 -788
607 -121
327 689
359 -584
761 167
388 -739
-811 193
773 -571
981 -776
682 -210
-842 -801
760 -774
427 -741
-123 -543
416 495
57 250
740 -263
392 984
546 265
516 654
-72 649
-995 -191
172 -779
0 569
260 211
577 -554
396 -819
-656 -443
-64 -724
893 830
615 -727
-768 -777
-669 987
-947 311
-573 476
995 -342
-935 -958
129 644
-282 797
683 366
-812 105
-703 434
-742 929
638 556
510 -405
-387 -116
558 -296
242 -9
-381 -138
239 500
564 719
840 -177
244 175
-269 821
235 -386
-159 854
550 -684
490 -346
614 706
-52 865
-99 814
98 -830
-674 -997
-35 -558
-339 -260
-926 394
191 -76
394 -315
-794 915
-867 454
-689 -809
-691 715
-519 211
248 -394
-202 -966
-536 358
129 -372
558 223
483 395
690 492
279 -105
-90 -359
267 -611
-457 -770
739 -134
-950 205
551 582
-573 -692
652 -394
668 282
970 -920
408 887
-109 592
-236 41
-425 -308
882 -499
-247 -50
-13 604
-96 -343
-459 -625
324 -333
896 124
239 -702
-96 -777
-945 -824
512 -280
91 -79
-202 -408
-566 663
307 -938
-774 -863
948 819
-970 -498
979 -701
-826 61
-156 -913
-930 -882
750 676
-450 746
-372 -543
721 -126
-416 23
-1000 -365
-926 -738
-472 -763
450 518
304 -889
131 -121
-977 415
-612 413
22 -240
-283 -97
-907 -457
-901 521
-582 341
98 -751
-232 -660
124 -565
252 274
-273 -366
313 -184
953 85
-956 -388
-216 -973
-421 -235
41 -338
53 30
435 -769
-296 30
30 -843
98 -409
-832 -307
181 -187
970 291
347 863
-609 158
325 76
-472 403
-890 -705
423 33
407 502
-100 -69
-182 -305
491 179
409 -359
-844 554
675 -249
-314 -184
44 985
398 -79
-439 -72
691 26
-409 -850
-143 -554
-649 66
-563 -891
533 441
-528 -772
166 338
786 -469
553 -520
115 -588
-973 -514
-18 -619
672 -352
-173 -789
900 -554
293 862
-450 -384
-308 711
-384 811
597 850
52 -979
-948 -204
180 460
850 341
-496 -910
-557 -704
-449 -933
641 -712
457 684
-522 124
-49 427
-73 826
245 -746
-685 248
508 -752
-453 665
-272 -214
-852 -39
-485 -75
494 452
63 582
-927 203
729 838
328 293
7 97
45 479
137 -441
910 805
949 -899
