1000
386 -912
607 833
65 -753
47 -592
-195 -289
83 -408
197 -697
218 -466
-780 -467
-157 -330
982 -452
709 -780
583 -334
837 -363
-954 165
264 -588
800 -856
884 -586
-767 110
-67 -205
773 502
-850 644
-799 -152
-966 -797
185 490
-134 547
746 -189
-99 348
-388 168
873 28
707 -676
621 304
953 -168
-524 586
116 180
497 -780
641 -576
-201 -608
-717 -725
282 10
-786 120
444 -62
-986 959
-70 855
-18 216
-755 65
-17 688
24 11
-245 -123
835 109
773 -625
823 -995
-499 -813
-947 -46
-229 -75
-768 384
444 336
-462 915
-738 -26
-419 -80
-174 -400
506 -650
-56 -102
-384 -369
387 567
-908 -842
-572 -363
407 976
540 -139
-793 -52
-864 -41
35 -76
344 958
-967 -642
-106 329
-438 -846
-826 -742
-650 -120
-415 808
-44 703
-771 -585
270 -39
799 400
660 -861
-122 328
937 298
-687 -983
798 -213
271 336
-407 945
304 902
-920 166
117 205
-270 962
-482 -569
-459 42
-350 -874
-950 586
-425 338
752 -569
-869 -597
-399 72
-46 539
29 -722
-338 646
50 645
-466 151
811 467
484 511
956 -374
312 527
395 82
-416 322
33 165
-121 691
-21 916
-873 785
740 -542
-684 -920
-62 747
904 -763
50 210
778 -794
-467 469
-44 425
-224 405
-336 -325
-244 -617
-89 761
723 -321
988 474
-807 302
367 350
83 -79
-154 264
-917 785
-259 -809
-351 -106
-249 -63
215 497
-249 -908
-395 -464
-439 -820
-537 -198
-935 992
-652 -661
-38 359
464 135
-782 453
221 53
-814 789
-926 203
-108 -905
466 397
-714 255
-336 -498
109 496
117 711
-932 -433
-609 -697
-489 -408
-752 207
728 -91
-738 -853
422 -80
-364 120
-170 185
-540 -276
513 608
-789 386
-507 -471
-719 -291
-58 895
144 -548
136 -84
823 -378
-878 194
739 628
-103 -748
986 -611
258 -870
10 -743
-209 66
-425 1
-283 936
972 -73
-899 76
-129 -946
180 -539
354 -367
140 -501
-790 613
-182 -146
298 -721
409 93
-529 -681
-63 -619
464 245
-23 -824
-429 549
-178 -102
210 -869
183 380
969 -996
512 -505
723 728
923 -829
-445 -492
-5 -665
518 66
-188 -462
980 -49
-134 647
-956 -715
-806 -647
-126 654
-962 -450
248 606
3 910
225 -319
-490 -368
-631 585
-856 114
906 -377
-947 -752
-852 -901
366 587
940 -820
93 -62
-871 983
-928 -809
678 -220
409 7
-365 -238
-311 -425
935 -696
-756 978
247 -887
-911 -257
900 -632
-762 310
-312 1
-280 -484
467 285
-45 -782
105 307
604 178
-573 -930
220 -650
-444 545
177 -209
-355 -964
-570 101
5 662
-854 -949
473 613
-6 -535
369 226
836 -638
-621 -659
301 -216
-652 466
94 -859
616 917
-616 -486
-791 -664
324 -2
84 853
35 -149
-576 99
-852 222
79 -105
-290 247
-613 -350
68 -689
292 346
212 945
-604 859
-975 701
977 -915
410 -462
730 -371
723 431
-129 -42
-618 409
973 426
835 98
-866 419
289 -171
24 891
-951 765
164 269
332 380
-86 189
-478 65
815 831
375 152
-430 852
593 -78
862 669
-206 544
174 -355
-808 -12
-729 729
741 119
955 98
907 -189
-696 -903
437 547
-197 218
-560 -515
830 601
-805 524
-834 728
-285 369
-701 -19
-188 -244
292 -778
55 214
886 -12
-914 -704
1000 123
754 -953
918 351
-12 -675
-317 -3
813 -103
-692 904
-438 -739
631 -422
701 -327
-374 64
-2 -209
-404 260
897 -180
932 -208
371 -960
629 -535
128 531
-587 -255
-660 -612
-974 571
-730 370
250 -930
523 -402
-848 -281
74 485
-301 928
-12 309
-243 89
-174 -168
-71 -14
611 547
-860 -864
552 959
198 -277
621 -256
-681 -599
-410 -691
858 -264
963 979
-441 57
-230 11
-311 -629
-329 -277
941 187
27 -932
-129 -54
850 -434
300 49
920 600
330 -830
-95 914
-839 -341
17 -930
68 -728
264 189
734 -565
-251 -727
125 268
688 -172
944 -100
687 672
-461 946
687 683
379 963
-355 -639
133 769
625 428
654 97
-501 674
0 666
359 -944
-649 935
564 533
617 -52
192 -570
956 821
-353 814
-429 555
990 542
260 -365
-987 -241
-113 -737
-351 983
695 65
992 819
-721 810
388 -640
751 150
-765 -95
508 -932
-437 -275
-480 193
-389 451
803 -439
-468 348
-714 134
-853 -254
264 35
-250 641
-983 616
380 -144
-385 624
-409 -100
-630 -32
-60 -536
-303 21
-408 -883
56 732
-512 -243
-756 -264
-79 753
-859 404
-499 -69
-58 766
531 223
-694 762
-794 -462
832 607
512 940
-119 -180
400 556
472 994
-111 210
-663 549
-769 -774
-303 -767
-569 687
-298 576
79 -685
616 623
388 -707
266 743
-207 904
674 88
11 -389
-305 558
-506 776
388 -681
-60 -34
14 329
560 -970
99 645
-773 279
714 685
332 -736
736 -153
281 569
838 998
-153 71
924 -908
86 393
875 -813
1000 48
-837 135
-580 913
-355 123
93 -326
460 986
215 638
-294 928
-639 882
-113 861
-508 -604
363 -636
-171 104
-104 -635
628 273
-22 -99
-842 -87
-33 -42
434 194
267 -537
533 924
-84 -778
319 -946
0 -501
343 808
474 76
-691 346
833 -246
-264 -266
-990 -100
-387 -617
-12 217
721 -360
737 946
-64 594
453 -614
864 912
-387 -748
603 895
-536 -86
18 704
77 144
-127 -283
-267 -359
155 -713
86 522
-750 253
-18 -545
-15 -249
719 -953
-661 174
-605 990
-825 622
-200 -188
-145 -990
-266 -624
-823 350
892 767
-891 -258
397 661
-551 209
-6 849
-184 -255
35 731
-790 -392
-557 -305
-811 744
441 766
-952 848
377 -93
-446 -238
-781 -785
711 -351
527 -382
-713 -821
-481 951
533 -597
-368 525
-771 151
-765 128
20 -400
142 84
855 794
497 -817
124 -10
-992 2
-958 -971
231 -422
-774 -591
652 373
590 396
223 291
-378 -158
989 638
408 689
-7 427
-802 -891
509 -612
923 688
-969 -579
110 228
-707 883
610 -369
-420 -89
948 -238
355 125
-398 -278
-451 -573
842 948
-868 -225
-51 931
697 -120
462 -711
-829 -571
242 -155
286 -602
-103 -37
-768 258
-251 -1000
-156 -213
187 489
-707 214
-384 -640
-759 837
-330 -692
25 -420
622 -68
-734 559
-744 808
-730 -600
-198 893
848 8
-318 -32
691 858
-472 -364
406 -246
908 -521
375 52
436 -546
905 743
292 599
-187 444
-523 322
-538 -317
-641 -338
708 314
-238 -245
-200 199
-167 -607
769 202
891 752
-777 324
760 -393
-726 -392
586 -346
848 -312
-653 679
-526 -807
852 239
691 -570
-490 103
-110 466
414 -112
201 -577
585 215
468 -338
-935 152
-916 500
335 -337
775 101
853 180
673 44
-234 -392
-418 -555
21 745
933 -657
514 -728
-281 -1000
423 907
-68 -504
679 435
603 -325
568 298
-742 190
352 -407
502 -218
499 847
-290 390
225 -725
806 719
-203 -147
-447 -994
-439 104
751 715
641 226
483 -442
85 154
-765 -828
836 -826
-600 -877
111 107
-69 103
-306 -172
297 280
-621 -563
-285 -722
-641 -444
-157 249
282 372
-783 -302
49 -853
-491 490
963 -865
-966 -10
699 838
-12 273
377 -553
1 896
834 -638
-83 -634
-91 47
-680 319
203 -225
434 99
-274 100
-572 643
-106 -83
-551 -621
854 584
330 -555
-724 -371
-84 -982
-447 63
420 -721
-32 -427
-824 365
-698 -402
458 -114
707 51
-287 5
635 68
-529 119
-199 129
214 706
-587 832
657 -546
34 84
400 659
72 917
834 -188
-629 -490
937 438
933 898
-630 -636
-563 -399
557 397
588 -738
986 -443
-701 -267
397 -381
-839 83
-319 -69
-102 -639
-678 481
533 46
-472 571
-568 -829
738 883
927 -111
-584 424
-597 107
-499 971
395 977
575 84
244 -183
342 -989
-976 -824
-5 -637
-414 603
-186 -386
-914 -729
-473 387
-122 -777
785 -698
535 -153
954 944
-117 -327
340 80
-234 105
-758 -970
-20 -417
494 -685
-428 -499
-277 -384
-98 -161
877 -82
-808 -62
904 -651
280 -671
350 -952
89 720
-539 81
-483 -561
-145 -779
-972 -75
771 751
747 325
-64 -95
-226 -862
-857 -454
706 189
-675 453
-68 -869
839 -78
848 747
-855 -308
-382 -90
489 601
522 -503
-314 -677
187 572
-70 -584
813 -614
832 -957
890 -488
465 787
338 -719
454 -252
-686 -521
307 721
3 626
-81 563
-405 169
-377 848
-118 164
807 -578
-666 -79
260 112
-230 663
129 -347
463 983
81 -143
-758 158
-301 690
275 727
963 206
-306 -96
-189 780
-63 -717
-735 0
-988 266
657 -147
-834 41
513 -935
708 52
753 -444
-979 -238
40 120
-968 -410
-765 -964
-441 -301
-52 -39
-244 725
-718 -389
-81 -65
399 266
-322 365
417 -504
-359 -328
616 -741
425 900
-29 -753
-310 31
-394 430
-545 936
-967 -252
48 933
494 -968
-133 795
1 -892
924 937
-416 -997
-141 -52
800 -264
563 822
-669 -732
-171 218
149 -509
-457 -355
600 245
660 -743
-921 139
210 446
-996 -9
19 966
-985 -48
292 223
-812 540
-895 -311
446 368
-883 -276
866 -919
-214 182
354 -525
269 -150
-754 453
-592 125
750 472
327 678
-619 -421
-428 444
-624 481
638 838
234 670
-564 -744
-525 -191
-784 -459
-54 816
-497 -665
-166 293
87 -517
431 655
83 920
-37 -17
-438 -71
454 -691
-655 770
-546 -472
-365 103
-658 -660
318 687
-131 804
597 897
560 932
-348 448
-742 -709
53 -593
-211 573
669 469
-338 77
-216 -407
-199 780
572 -300
349 137
874 -550
-99 922
364 115
-239 -179
560 173
779 -137
-947 359
-119 -758
994 252
841 74
-848 -763
940 -697
-248 887
960 317
-715 855
963 114
-870 -71
-334 536
464 -786
-974 -37
147 30
77 -53
486 -669
-149 441
75 -884
-10 977
-569 432
-440 -271
588 375
-247 175
-469 542
260 594
195 -409
-903 701
-141 619
321 313
-602 -396
824 -820
48 996
-422 405
-421 -781
-144 892
550 281
-66 -526
157 -365
-149 665
-475 503
-386 424
247 443
-166 -207
-633 -873
316 952
-750 118
-1000 -566
185 997
532 -725
817 -351
-835 -90
-757 -12
-555 527
-729 267
-873 484
-274 212
-447 484
-720 -732
315 150
-266 -110
-745 -775
-776 931
25 -46
652 -449
-359 765
-495 950
552 -305
655 -188
457 83
813 -157
-462 -146
161 155
657 947
-702 -200
-409 -862
