1000
854 480
405 611
569 802
852 -691
-468 380
301 739
853 -793
786 -330
173 854
-654 -945
-158 -167
-847 -789
-744 -347
-29 945
189 -80
-157 -573
-591 -351
280 860
395 -313
-327 -125
-811 285
60 649
723 7
-171 -834
-578 173
-504 -929
-587 -807
-829 -611
-481 420
565 -420
-376 413
-475 -666
277 -759
854 -953
-453 445
-521 759
722 -551
175 -514
-886 -974
636 320
264 -385
-428 -720
422 324
-313 228
477 -84
856 -687
889 307
-440 138
705 -114
-680 -663
-169 902
447 767
-753 412
-744 596
188 -123
-294 -542
-762 857
244 -894
63 -604
-107 -648
-648 719
-835 -765
605 810
-399 -996
658 334
635 -355
376 494
-177 950
-64 86
549 562
485 -889
711 366
-664 -760
921 -68
141 -317
-975 -851
175 530
-778 -809
-319 -474
316 -825
958 356
599 -384
359 -910
613 -945
-602 -551
50 37
435 -976
-680 -952
895 365
525 79
835 -724
826 -361
791 -742
-142 -437
-777 -206
-798 -554
-509 -596
759 -537
-801 -383
-744 136
-202 814
-715 327
-831 -82
-2 -994
-634 -614
666 298
-363 -171
929 734
-806 861
696 -393
-577 -254
275 -390
-706 385
485 -798
-991 -435
-874 799
-207 -236
506 986
-422 -190
714 846
-53 659
-797 -864
183 -39
-568 974
879 -980
435 498
83 -857
889 538
120 274
979 -303
463 -969
-634 -432
-398 247
732 979
-796 -996
-916 -568
535 -577
266 943
-169 410
231 -840
192 735
-264 617
-421 -94
-898 659
341 -718
803 275
-231 841
757 151
-187 -193
-480 -993
639 595
897 -61
-813 191
784 7
-347 -529
586 -589
-401 -78
817 -311
-222 -577
276 -893
-287 -724
-814 533
679 -248
-959 557
-759 -24
-510 109
-710 -394
588 491
-987 -714
395 -256
-284 86
-700 -962
-530 -114
78 -81
-494 891
-199 -206
414 97
722 438
861 -405
36 247
329 464
-393 271
564 579
-830 339
10 -450
-279 513
-743 -48
350 506
744 -518
-8 -735
-276 746
853 -329
833 287
849 149
-711 308
527 439
475 397
406 103
877 540
-748 528
-451 321
-921 83
-612 -242
-200 -562
119 39
443 -372
664 -36
290 -633
920 855
-721 -737
-438 800
-949 160
368 864
-843 805
597 -651
-305 -438
-498 594
354 -350
-826 -701
-460 -470
-804 -729
-377 -845
14 -920
32 -910
-26 -33
-199 459
782 41
514 373
-805 339
847 -725
681 443
-364 28
126 -143
916 968
-650 -67
-93 403
841 592
61 -10
707 -687
-635 -612
-588 -407
-759 -611
-87 -179
-42 -861
743 575
741 574
-373 303
95 -766
635 -555
476 840
695 790
-578 489
-375 779
-576 37
-409 -108
748 -31
-806 -255
62 -499
532 663
994 -624
147 171
-238 667
-402 -692
-978 -314
643 -227
-699 -417
48 876
784 799
497 -737
45 -865
-635 218
685 32
68 -925
-762 770
-427 794
-145 152
859 -817
92 -607
234 714
828 402
-95 -90
-166 914
466 -912
468 400
-641 702
-645 690
652 -805
16 442
225 154
535 286
-390 -676
-503 972
-437 982
-523 -760
-808 127
417 97
213 -88
-116 -313
604 -514
109 495
-658 44
-886 -76
-819 38
-950 -415
-937 839
-478 572
-267 -462
913 -371
988 92
-177 297
870 844
770 901
390 -871
384 772
-256 -972
-874 183
516 580
738 -636
-678 -532
308 -854
502 -97
-139 708
-913 -999
232 547
-554 -203
106 917
944 149
646 -54
-809 -414
562 737
758 -50
834 428
757 353
592 677
78 -394
-328 -786
-88 -614
-696 273
300 -757
522 -930
758 -280
-617 357
-585 -631
-539 -401
-1000 -746
-894 -541
862 -128
37 301
247 -225
371 -435
249 -302
318 598
227 113
944 -731
-348 809
916 754
-891 -978
752 -811
42 35
78 -28
-638 692
-697 -570
122 683
-286 -742
-698 810
561 -404
624 -795
-650 132
975 856
-378 668
-45 -584
785 -827
-757 -684
-945 945
264 -681
43 538
941 -277
989 -370
-253 957
533 712
-953 -467
469 -946
-88 -997
-348 608
-416 439
-38 670
-71 602
-364 -895
-949 -932
-827 -959
43 737
-369 -138
-427 -59
278 877
-425 -827
665 673
316 822
-121 772
445 -856
-950 817
-194 559
-968 -470
508 -969
987 592
898 399
77 201
671 -862
385 964
-989 675
-356 472
-792 12
-119 -787
-317 56
-947 501
-976 404
-760 867
154 716
348 308
-930 797
277 -530
-75 -490
-288 -239
148 -857
454 70
691 -760
465 -867
-498 720
688 -487
185 -79
716 -54
23 -910
846 -919
659 772
650 867
655 549
337 -55
-831 -628
843 -677
188 69
276 -557
145 272
628 238
928 160
-499 -589
-512 -413
-917 -732
893 -292
981 187
703 518
487 837
220 -66
882 503
-357 -103
8 -997
881 -388
242 -760
-263 509
-596 748
-420 574
764 -699
222 193
459 695
728 172
498 85
-636 -880
771 609
788 -521
-479 -633
63 -931
589 31
-978 290
547 -781
-616 -783
-26 -62
930 57
-441 -536
855 -880
-109 962
-490 -418
639 596
-321 -365
-498 -287
6 -126
374 -867
861 845
-581 -583
815 -556
952 478
19 -42
704 336
-334 -694
-66 352
99 966
-181 988
-868 -949
546 -705
-31 -554
160 192
519 47
-903 -11
467 -474
-996 -777
49 -54
-917 -539
-758 358
608 -966
-725 891
832 -852
906 -542
-206 72
-941 124
-298 -584
-474 313
481 143
1000 -431
969 -359
-555 447
-534 795
-146 -902
-482 956
336 106
262 521
-978 73
-515 416
-98 -306
-138 -330
520 -242
-835 984
-820 276
-190 -29
-633 -450
-744 -848
989 971
408 -690
-909 -721
532 -536
-758 214
926 -952
-568 -814
-324 -510
-909 -1
-531 884
-719 1000
470 727
943 -193
-777 -59
-484 649
706 799
151 -584
715 -897
-347 -193
-856 -124
-93 -129
-148 124
-746 902
294 667
506 -547
162 704
413 301
509 24
782 236
447 -497
-358 -805
801 817
807 105
740 -955
884 -613
-990 817
774 30
726 -914
-309 868
-656 777
608 691
768 373
-142 -298
-898 -527
-690 -466
-383 -31
354 268
604 -418
-791 -329
-849 -532
293 193
-72 239
40 -546
881 -413
-972 370
342 -558
-220 717
137 -759
-575 -815
679 -102
-176 833
-13 681
274 28
-148 -572
-724 -823
63 942
-721 -193
-9 400
193 806
707 56
46 91
464 114
-882 155
-68 -489
-811 -214
-341 -860
813 -830
255 607
-238 -736
-554 -918
-920 993
-496 -733
-938 -779
405 -740
-471 -26
-117 138
153 -477
-656 594
784 590
994 -46
590 -620
858 -720
844 804
-909 -605
-771 868
56 -275
-43 978
-39 -330
675 480
754 -898
-346 -326
697 549
-215 834
-786 818
653 895
-961 950
824 413
541 -97
953 -631
-860 301
78 587
-94 150
-741 -597
-351 257
526 297
349 -120
272 -615
528 525
386 -666
-282 -909
817 397
149 180
-699 997
329 -381
462 -285
731 470
236 -463
784 -862
667 966
314 140
-507 -201
21 -892
998 230
-979 -954
352 987
851 674
455 412
-24 221
309 610
29 106
-260 984
106 859
373 -525
-195 -839
462 623
24 -38
-354 166
989 -580
379 993
32 880
-102 355
-800 970
-179 -820
820 236
420 -781
615 756
191 135
776 541
-621 -125
-189 -704
507 -386
-713 169
192 432
487 915
-413 636
361 604
-406 754
782 -250
177 313
-640 -116
-243 -304
679 406
-438 733
-563 -505
-320 -762
-991 753
-421 -3
-726 -306
-35 882
-553 177
701 487
130 -248
534 180
-389 -550
168 -315
-396 867
636 -89
313 204
280 -840
-681 -467
788 -796
-410 -570
0 698
-834 409
472 685
387 957
966 924
-439 -13
-720 -223
-827 888
-912 -929
653 275
-388 -439
-683 -935
58 -660
-320 295
872 393
-930 293
701 -487
400 960
915 -951
-483 -122
385 10
-910 284
497 -874
-725 322
-921 129
968 840
-714 473
392 615
-661 449
865 400
854 696
964 -964
-209 -436
284 -774
-523 -884
925 876
-655 -884
-793 962
-431 -417
-699 55
-760 -365
217 250
109 -163
-757 -543
-791 -868
-677 773
533 -929
-164 450
428 707
-203 -944
433 -895
-189 -277
-183 509
944 -643
208 -733
563 404
-937 760
645 -481
943 970
-336 -988
-375 -5
391 -83
589 711
700 -487
137 271
540 -361
273 -494
-758 478
716 -761
-672 -443
-812 902
-521 891
-434 447
902 -61
343 -391
399 -368
-501 -838
-441 -924
-410 -831
-379 152
-678 195
-41 912
-430 761
689 -131
-871 -836
756 350
-234 604
-36 -528
-848 -729
941 -23
378 -423
-275 994
533 517
-860 417
-468 -182
861 -557
-78 -133
455 529
546 -352
370 -391
-232 -984
-267 208
-32 -673
505 -259
30 811
-949 -71
-91 101
-9 260
195 -95
-90 20
-351 656
-279 535
638 -375
179 -878
-791 651
337 198
-322 -975
-813 -22
34 290
943 410
-283 825
-729 115
-95 -634
-710 702
851 -733
193 -762
-956 2
292 -487
-393 -481
281 -396
-685 -728
-559 240
16 284
344 -345
826 356
320 135
-676 273
-829 727
9 -135
-165 377
646 641
-506 -122
-976 128
442 988
-910 -441
730 -231
171 487
405 151
-265 -889
656 569
-840 -82
-636 -799
-89 -484
-374 -334
-586 331
627 569
-916 235
799 192
437 -986
-553 742
687 495
-306 -811
-919 2
-327 -696
747 -946
925 149
-502 287
-64 755
-39 -145
-938 -829
867 -386
-59 -194
72 -839
498 941
61 -370
-556 745
446 -312
-522 600
752 -65
-794 -375
398 409
-293 -422
-203 -459
856 -146
89 -67
723 109
661 -254
606 -880
806 844
933 -317
-864 -823
22 -196
255 219
-351 -633
290 50
545 -242
-130 -389
-441 -107
380 -51
560 -200
260 -599
783 -886
880 -936
-166 613
-888 861
185 -425
72 -875
193 582
70 660
764 -652
791 480
-776 55
711 -527
-701 -968
-104 -764
-939 686
652 -737
-290 717
77 -677
177 -569
-898 706
70 -467
899 -101
-463 347
825 -974
-171 -778
-48 55
-730 -116
769 -234
35 764
-624 -780
584 -263
-238 63
435 998
-382 537
-250 -47
169 -408
890 765
655 -2
710 441
707 628
-536 -135
21 616
-143 972
-409 -812
-838 -952
923 -656
88 -828
-267 747
-126 690
323 315
834 258
301 -245
-892 -755
-572 919
288 600
-175 -664
-136 298
-772 -472
560 -709
-457 -294
-764 396
-507 344
-379 365
248 744
646 931
-566 150
287 471
-572 53
855 801
-186 301
22 428
262 53
-10 712
-144 957
-130 -895
