999
963 859
-712 -503
-951 256
-84 -622
438 -753
515 335
800 -292
624 822
-836 -525
-448 966
-898 -345
232 -633
909 131
404 502
893 -119
451 810
-900 182
806 -956
208 -459
-363 -136
-610 -630
741 -771
194 88
922 493
586 969
947 160
-874 431
-331 255
-314 -470
-622 960
-194 -360
845 600
784 956
959 333
56 -708
-427 691
-445 368
417 -621
-115 -899
-298 90
846 -933
-141 895
-484 37
-417 60
807 -161
-186 354
894 877
-621 -370
154 -234
-186 194
-948 -391
179 220
150 113
80 -112
552 379
842 82
-124 -819
-814 -91
-271 -798
-115 600
-175 -881
904 723
951 -596
49 -511
-179 -986
-802 -60
834 -603
-648 -938
120 -229
-284 -633
-327 864
-268 290
-608 -91
-924 -871
97 -724
631 596
326 514
-587 343
421 -793
-893 -600
-158 -750
696 -697
887 203
-56 -911
734 -754
21 450
74 -722
198 -417
401 524
758 -31
-24 490
-865 318
463 -275
956 606
-773 679
655 247
-469 931
-755 -962
-617 25
-282 300
-868 -302
-800 -649
289 418
223 -110
434 -449
-636 -914
-843 981
-609 -278
391 -758
-556 95
-477 -3
774 -860
-630 -952
-434 542
-800 190
-37 267
-574 -175
-295 -759
506 860
895 75
709 -630
-921 -513
-226 723
739 280
-932 -579
-583 544
4 301
-216 -899
537 411
471 -141
-48 -480
-490 822
-527 -769
-454 890
-866 907
364 160
-676 -634
822 970
323 -347
-883 -938
22 -675
237 -426
-913 735
-3 435
-938 -432
570 574
-991 -558
295 663
-72 734
355 -522
-92 95
-119 -713
-272 -298
-469 770
989 675
412 -981
440 -222
246 312
-780 -640
733 644
955 830
272 130
326 -258
-428 738
730 51
-461 -614
-469 -431
77 -674
-287 718
627 45
16 427
24 674
-721 995
104 -609
23 -169
-296 791
793 560
-841 -207
364 344
79 -600
448 -668
-824 -896
887 -222
-307 -516
-888 61
75 986
742 -686
-596 143
-258 771
952 226
-998 80
-342 573
570 -955
-767 943
38 406
-894 653
296 691
-866 -798
169 -863
887 -634
-472 34
-379 922
-359 863
870 -156
178 275
77 516
125 -319
-340 988
385 929
624 489
-892 847
-520 641
49 336
951 -341
391 -423
-993 -511
-503 -882
-758 897
-355 -388
821 -951
919 -352
-769 -788
858 -88
689 -319
882 -640
-672 -23
-417 -150
-192 -274
-713 666
-173 -371
-519 109
-534 799
273 965
868 -232
851 -917
-49 947
-426 53
112 -554
-809 -737
685 -510
540 -364
140 -715
-89 -899
-473 -500
680 -687
-767 146
-15 -331
642 -659
34 -228
-858 382
-304 -577
-220 -729
873 367
194 834
-60 -111
292 104
-900 -191
406 -60
655 746
374 -98
-260 -572
-414 409
-979 918
-832 -763
-683 728
-71 544
594 -836
-555 154
-32 621
303 -452
290 -743
-957 561
886 -669
199 614
-378 102
-509 201
412 -593
911 624
-309 513
-184 -80
141 467
-641 589
-168 368
880 -75
140 637
686 -129
-463 593
780 -573
603 -499
-538 318
86 -446
397 -403
174 -905
233 899
-508 251
135 -505
-273 -57
635 654
-236 -747
189 533
-533 -286
-148 -233
-737 978
509 -717
-905 128
239 33
-369 334
592 -777
-740 653
394 43
463 880
-522 -188
-733 -790
-237 35
330 519
-465 -974
-981 -660
-95 657
-312 -676
-9 927
-665 41
225 -671
447 -795
-464 -240
-752 -24
-651 -640
464 -827
424 27
370 -479
406 -89
102 -76
-333 429
607 183
-340 -532
736 -631
524 759
306 -896
258 -747
-256 -856
-979 693
86 108
976 892
-154 283
955 -313
951 -118
571 500
-806 -526
753 645
987 -165
-459 -913
167 -296
258 148
-440 -699
486 855
-328 897
-183 48
-802 853
-938 414
-282 102
-850 -676
-92 952
669 884
-974 -74
349 -211
-130 -849
-261 269
-943 751
-15 -203
-564 -408
-775 256
152 625
851 -652
913 -421
316 -775
-915 -49
673 -585
-353 -173
705 -627
-68 -514
-660 -868
-960 -767
-604 -466
-136 552
324 627
-1 293
-426 -370
245 360
-267 501
-447 -247
-364 -832
143 -39
995 -545
-709 -613
-135 -200
-688 -847
661 839
586 -425
545 840
-257 511
879 -977
663 842
880 658
-58 77
256 812
47 -20
-611 -948
-566 -692
504 -363
-909 758
-941 699
9 -758
121 -283
-544 -771
307 -532
957 -278
977 -151
-650 -692
-469 347
868 -504
601 823
261 -14
406 -120
-764 569
775 -293
-721 -474
-724 -748
584 -396
987 -519
872 506
398 -273
-286 448
-435 261
-856 370
-375 385
-195 138
864 -542
-591 301
-566 -727
-680 -345
-481 -729
967 -857
909 381
-533 880
-897 195
-3 709
198 -399
-771 -754
-143 -811
575 856
-997 519
472 -957
403 299
611 262
-2 537
-49 -155
62 388
-720 552
53 567
-509 -642
-342 -459
-908 -347
-675 -824
-886 549
108 -94
-516 643
138 37
32 -252
-522 993
-739 -438
221 -341
386 995
414 -906
40 -868
188 390
-949 -938
-372 936
640 67
-227 -208
-786 -273
-138 56
709 28
-799 -248
-770 942
21 246
787 -268
-200 -565
-492 231
573 -716
-806 -395
-885 226
488 740
681 764
-213 -332
670 -454
709 -255
481 -751
967 -441
-307 570
810 -249
-446 689
-851 -424
515 -291
979 -358
627 -410
-154 126
524 -647
558 658
524 -799
10 -677
-512 600
-646 -518
452 -117
342 -817
673 -232
-43 674
330 -4
-87 74
991 596
-72 -821
637 -275
957 -10
-768 12
-389 403
-430 919
-709 642
826 118
248 401
-98 103
-376 -93
222 744
217 963
-189 -168
-141 -503
565 -24
-236 20
851 -745
491 -9
957 -368
448 804
168 -777
-248 977
-963 488
355 -290
539 549
482 758
555 837
-926 -9
401 942
-426 604
-204 -979
779 -489
-170 -288
-43 -560
-896 -218
-628 -569
-268 -559
-893 71
-461 -902
-260 -817
-945 -823
548 503
-139 988
217 537
525 55
383 -732
168 606
648 -734
45 -842
197 48
-752 767
105 -363
-921 769
-198 -319
-611 980
-810 513
-905 772
-829 458
673 609
-598 98
57 -642
116 25
480 418
-529 -803
182 -664
-418 -421
-622 -447
-79 -311
646 -899
135 -163
-273 -217
-537 -394
-264 279
-182 378
-443 -489
-363 893
-534 -900
-397 -410
379 -842
281 -682
284 891
893 210
364 824
-733 -173
-285 74
301 529
-390 86
50 -809
226 -25
-742 342
961 609
89 -86
905 -562
-401 -930
-674 31
795 536
-964 -773
180 72
912 223
519 147
201 -525
-476 -811
546 -955
-199 -374
945 837
-448 -141
-777 -667
689 544
196 -440
-99 -388
152 172
721 -868
-315 498
-680 615
841 -479
293 -916
-226 -384
-181 -908
-792 795
162 83
610 812
22 504
429 -814
513 652
-322 557
307 305
991 -378
466 66
-625 293
357 -723
321 -596
589 235
438 339
869 568
247 -570
911 -17
842 -906
-3 -150
-781 214
-126 750
263 432
-121 834
-648 -344
29 -749
-542 823
4 906
465 -176
-387 101
-85 -488
295 -375
90 87
641 481
826 -525
981 -156
-661 477
-11 595
-758 418
431 -109
-188 -522
740 16
-9 624
635 245
-936 908
256 -481
-153 215
706 109
-788 -510
-817 325
409 -490
-331 63
-109 719
-172 -695
743 278
-122 706
96 719
-568 757
-303 -84
-874 -405
427 55
405 832
-495 809
919 -20
-608 858
701 562
-327 -917
-657 298
482 626
-669 -910
-534 -226
33 322
123 39
-833 86
914 -815
-217 -464
-961 780
-111 -284
532 -18
-249 210
-195 -421
-911 -151
770 36
459 780
-674 726
306 -637
951 31
-475 540
573 837
54 87
-342 294
-256 323
-727 368
321 830
-90 -980
-744 -85
468 319
-205 -427
16 -795
-608 866
765 831
565 83
950 20
44 -579
-902 900
900 552
-732 -657
153 176
-679 -966
-460 913
-235 -958
-255 -945
-238 398
-759 463
287 -897
-498 491
394 651
-41 -580
727 218
530 -176
758 -867
-682 681
628 -474
587 -791
-402 62
-998 398
-796 911
582 770
983 88
-862 -513
-501 888
-176 152
-860 360
314 338
757 880
725 -634
262 865
919 609
660 -680
529 748
-338 906
-26 801
-792 539
93 673
-809 95
170 -982
-959 391
-937 24
-361 -696
-991 -726
-453 813
623 852
387 -895
-264 -961
275 430
-456 -402
-72 782
298 -53
459 180
-904 591
-932 -591
-956 -120
449 -4
256 -334
-284 -501
852 -83
297 -894
396 -677
613 -733
547 750
838 -361
-863 693
845 -286
-661 933
753 776
996 -93
816 -10
313 381
79 5
44 -461
-308 501
-557 -549
-670 -212
912 -953
-910 -337
-448 652
-520 -717
-897 -611
-977 -190
47 -390
248 -986
726 -888
-6 -588
-229 624
-746 591
-680 652
371 424
764 886
-471 -981
450 -473
-79 -244
968 541
-93 -560
483 -806
589 -955
974 386
567 -895
-329 -114
330 906
632 -440
925 -685
-494 -717
496 -855
478 434
-675 74
-756 822
152 -278
226 -395
-326 401
267 -447
-697 451
173 73
95 555
703 66
476 799
-837 -924
140 -953
-740 -301
79 843
390 -655
443 432
-981 -833
90 -858
-642 -841
38 622
10 169
0 -721
564 100
-389 -453
-24 834
-495 218
-594 692
295 6
-675 4
639 644
-232 431
-767 581
612 -684
-956 -837
-395 -764
342 -406
-967 -574
437 152
-680 999
-102 -359
-660 699
-100 -696
23 586
-843 -134
-300 -931
667 -23
-999 135
298 -516
67 -138
516 -80
-241 -903
917 323
-765 176
-146 -373
-184 146
-712 -554
-207 281
-79 -884
890 -992
-942 574
-419 -210
-697 138
465 -870
580 397
-966 -593
604 -164
805 26
-51 130
220 257
624 -64
899 393
-538 -261
450 -645
-838 -341
-253 714
866 -117
287 -872
93 -841
-87 -575
-65 342
-936 149
-228 928
-793 -757
329 -929
-736 280
216 685
485 -119
-603 -828
938 321
903 345
953 -524
323 667
382 112
-813 611
-354 -518
650 -258
-135 358
150 369
319 736
-337 932
-419 476
393 -979
61 -46
-170 365
597 -75
-356 637
-876 -157
189 566
-604 -94
58 829
-529 -115
800 700
-938 950
144 -438
800 -104
316 -130
-701 443
122 802
692 -594
293 -802
856 -442
670 -259
-216 378
-746 -613
416 -466
-15 845
676 -526
-88 858
473 -631
-705 -491
549 -764
773 -270
660 20
588 -647
375 -437
-650 940
-325 -425
-645 -401
-812 198
-768 -257
-789 349
-941 826
-375 955
-992 564
249 -516
187 177
-114 576
