998
896 598
944 -405
829 701
-827 -964
214 -370
-131 -222
87 -265
-732 488
-605 -451
-88 -970
-546 272
-67 848
-948 -782
-823 456
22 -136
-958 51
287 505
-115 -263
580 -881
-577 605
-926 208
-243 349
-646 273
-556 990
507 -256
160 558
763 -243
985 173
-422 354
998 -355
175 -823
669 -28
-635 472
-9 211
622 -82
385 317
-663 -626
638 -633
94 -336
381 672
67 -598
194 -764
-830 -797
-126 -919
165 -434
927 175
-424 682
210 -321
-775 -241
845 -408
112 -374
834 594
-67 126
-551 -469
-692 -779
271 607
-754 450
630 698
11 -511
-326 119
-707 883
528 215
-793 938
-214 -656
-78 998
-929 -884
293 -146
-193 -951
-666 659
-536 409
-972 996
-543 650
518 945
-882 105
936 -87
535 -808
-290 -966
997 616
-226 6
-603 -923
-843 -457
-44 124
-596 548
913 -58
948 -393
-556 -811
-787 141
85 332
-651 416
115 144
666 -510
-480 -794
-135 -661
846 -974
-88 562
-296 346
829 -150
668 -660
835 265
410 661
-153 -856
421 969
701 840
311 529
-510 119
-394 -128
-160 -386
582 764
142 250
128 -893
694 -415
-776 -947
294 -713
-318 978
147 494
712 -117
-490 -660
950 354
-838 -307
153 412
111 -766
-517 818
150 963
-34 639
-78 473
-441 -990
-306 -226
-950 610
961 -708
536 778
-176 -582
627 396
-937 -644
342 -78
529 -133
957 -831
-138 434
-431 -15
225 413
106 477
140 -635
79 92
-389 -455
842 -822
-535 797
-871 770
824 21
-226 593
-962 381
-63 241
-155 -401
397 -344
-164 -283
650 -380
-438 967
906 -300
-670 -205
-911 -139
818 674
369 -20
550 136
811 -475
105 -429
417 -816
-212 -554
831 -458
747 -699
31 -239
-772 272
-51 -751
-430 161
578 -93
-983 759
-923 -468
605 744
-771 -491
563 156
300 -37
-911 -165
655 -835
-434 -588
-257 159
-698 275
717 599
-813 -629
513 44
-188 253
393 -259
-398 -838
281 876
428 342
241 -651
-915 -752
869 529
-625 -959
-720 253
400 -714
911 500
-395 -38
838 454
-394 168
629 580
-901 684
-910 236
558 213
-789 -329
-938 -724
-281 -809
-671 757
-560 -576
982 -125
-350 553
271 -543
94 204
761 924
-105 360
-257 90
335 -549
527 150
897 520
-360 -64
817 353
959 309
-734 -268
-220 587
-363 703
890 -918
8 -189
-281 485
-568 554
334 97
-667 -567
-352 -165
-133 -879
-915 -352
509 -123
-31 687
-670 208
908 -150
-248 -495
958 -353
-927 375
-392 -86
678 -644
-182 684
-246 180
22 983
-965 100
842 278
294 -123
668 247
-626 883
-97 -609
355 585
-117 -870
-64 722
-992 -197
306 -215
-477 -882
511 -929
-136 -199
-281 998
933 518
377 453
370 791
-440 474
-653 -704
235 -868
540 206
664 55
-48 113
539 -750
902 -860
-131 -29
407 -700
315 637
-365 -758
273 -962
538 67
243 -571
90 324
-594 746
-287 605
-359 -448
443 -416
-117 12
870 120
922 621
111 -394
-306 973
515 -953
-548 620
371 168
614 847
153 -685
-869 413
600 941
-712 368
899 -768
428 888
-363 987
-485 -772
958 696
194 -836
700 -832
972 630
-929 476
-22 962
919 296
-926 49
-457 -441
117 175
-135 302
326 -984
795 886
-594 887
507 353
500 388
-853 347
681 -729
-638 712
-553 2
-873 510
359 840
-707 -466
899 -998
230 659
-208 556
-905 167
555 173
-136 636
-905 305
-962 -713
-700 633
-970 -274
324 197
928 51
144 853
-150 -981
749 19
-831 -64
-331 -413
375 472
255 -928
706 -658
-573 -369
648 724
631 -763
-706 -676
-712 681
196 372
-771 258
719 -122
542 40
-596 659
-648 71
388 101
327 217
232 910
829 641
-576 720
-867 -453
347 231
-796 687
198 472
656 951
716 876
543 -737
-763 42
-117 -266
-867 -578
389 27
-224 -314
575 665
-795 458
-491 -696
-241 294
814 -128
-57 -554
-672 146
128 626
-492 -312
-920 156
215 995
-801 591
-732 509
771 -686
-855 152
-235 306
-934 556
-925 -84
674 -889
-665 901
824 -455
-283 514
-576 -48
447 597
381 -307
-383 -809
644 -122
866 -15
619 625
-785 -172
91 366
-225 -228
315 502
-964 -642
159 804
330 936
-860 -950
-925 759
900 595
-326 421
-698 -782
745 502
370 582
341 284
741 975
-311 941
-196 299
944 896
434 -704
-160 -388
-737 87
-436 72
114 953
225 304
664 274
168 274
296 938
50 -178
384 516
-634 231
-448 -174
486 -304
490 -684
673 -976
828 -310
613 -384
125 -832
802 -4
-16 -280
468 898
-887 600
-152 364
552 736
-837 -436
-636 -760
-959 250
253 -533
851 -251
-128 835
816 706
-495 235
-807 669
286 74
421 -465
-474 937
900 -587
994 -560
409 -646
103 -695
9 497
-340 529
581 500
-162 -303
-240 114
-545 206
-126 742
527 -893
532 -230
841 -354
212 623
508 -760
-865 -872
-738 -762
-622 -761
779 -107
-417 774
-741 -271
-652 -791
857 374
-254 -317
-395 171
779 533
663 -65
880 503
270 -578
746 159
563 -186
847 228
530 229
-421 35
-923 583
342 608
-665 497
313 728
-921 690
-62 110
-187 313
337 -909
-740 -21
-971 490
-258 872
603 739
313 -99
597 -528
114 815
-710 348
465 -606
443 -921
-424 800
637 183
-601 -774
-367 -3
204 821
555 -992
653 -447
-474 -6
71 -14
-646 739
256 -108
-136 619
-588 -761
455 -578
921 -206
995 -995
781 -166
-751 973
509 774
-443 -630
-453 705
673 -538
-553 -508
-984 307
403 -396
55 -586
-149 -823
975 -636
-155 -604
-593 869
986 -913
650 108
844 -564
-853 477
-957 -992
-627 -238
-919 512
177 -945
57 -156
434 -331
182 -7
796 289
570 -835
817 775
-540 -445
-874 583
856 -726
-990 -806
-875 -602
-776 -827
-491 936
-713 741
-821 424
746 -97
84 -452
18 1
42 470
661 640
-904 786
-906 136
366 -648
-984 -342
37 687
281 -25
741 684
-997 170
-175 -503
-358 247
190 358
-931 -319
546 906
961 69
125 736
366 896
712 34
730 911
680 -634
-1 -250
-819 -581
628 -412
729 895
437 693
-354 306
998 361
277 534
-359 -398
611 546
-539 -137
-506 336
855 -928
-885 -846
783 -328
-186 294
173 -229
417 -165
850 912
-548 189
-808 841
50 -672
-540 -585
-130 423
-773 111
-814 -80
164 362
-892 -15
-452 -843
-204 687
-804 77
651 776
848 -536
-933 -299
654 965
-638 94
496 -212
-874 447
528 911
64 -468
938 -660
-580 -301
-682 762
-713 599
111 -678
675 848
-236 515
469 962
932 994
-18 -674
601 492
-198 -948
-905 -606
828 100
-122 -521
170 -551
868 -266
-697 -58
901 881
-937 192
777 140
230 475
-11 -613
-535 647
694 564
120 669
899 -77
565 111
-76 -845
-792 -60
-286 320
631 947
144 837
-142 -304
-823 550
-530 755
-344 970
-669 395
-388 -324
792 791
-600 -965
-274 164
375 -60
-401 809
785 274
-501 -588
-812 -660
231 -925
973 542
-895 606
976 -234
-837 -540
-851 143
-808 -598
-215 80
-773 -295
-525 -345
240 417
-760 -489
-250 -320
-735 156
-493 930
-53 -691
436 -371
543 -440
-781 -353
456 0
863 681
-514 -627
213 474
477 -114
98 173
-450 31
-601 236
783 -631
385 263
464 -175
279 607
-191 222
539 -163
-368 777
-632 -195
-970 -28
-746 214
414 647
-810 227
508 664
-818 -994
-390 763
276 -621
-956 786
-112 -738
-9 492
-298 -201
-359 862
371 167
541 662
310 -294
580 -217
-474 436
-280 560
-569 420
-194 -691
322 -136
955 -347
-210 -524
-727 -760
445 534
-160 -709
414 -274
881 -960
-211 445
-157 282
64 -839
978 947
454 650
538 878
652 -669
442 -953
-63 -439
-832 -513
159 -954
-694 309
216 212
-379 -257
-765 534
170 -519
-24 -423
752 -763
18 -517
665 744
-147 5
-42 510
-990 779
-608 366
-49 -259
24 982
-841 -834
-533 -152
415 814
-704 399
-848 -274
128 696
-907 554
461 483
-765 -453
948 394
450 345
-964 722
590 52
-759 905
274 476
893 -569
912 186
-275 -596
-38 266
90 -332
802 -298
-742 619
-545 713
418 -234
714 208
-975 -522
-365 -230
-980 -99
969 459
645 42
-542 -669
-966 331
-753 58
718 77
630 -86
386 777
94 341
724 356
-733 28
694 -176
701 -124
-393 392
391 -102
701 -856
-303 -546
199 -889
337 -898
101 -263
-749 -225
44 -64
-574 -587
-708 -521
-627 -83
-787 -404
33 -464
-455 8
565 646
-874 -792
-971 688
-81 -461
833 4
296 193
-251 -234
994 246
392 -546
692 -281
726 970
-919 398
-599 554
621 127
-197 -80
845 420
-853 -980
922 272
-109 -156
-906 701
-830 98
27 -57
-355 -621
162 607
303 -699
458 -384
-37 -818
-985 -966
-348 -390
776 -908
10 -38
-269 -288
-961 506
-48 -992
-412 205
-524 836
110 603
-317 -851
-887 501
908 -869
991 -526
-513 390
352 200
-489 374
104 749
-455 -179
-435 427
-70 -55
-906 -885
-527 923
-784 579
-691 -320
243 -374
-325 -508
745 -839
-338 -349
833 829
-73 -936
787 662
-718 812
-191 225
-293 474
602 177
774 -492
-721 555
-159 -478
-645 642
-864 612
-732 -165
-847 792
-380 -503
-116 41
854 -428
337 255
560 -917
-321 947
-340 89
-155 -301
-522 -416
-958 -552
-434 684
903 681
-894 812
34 782
-524 11
563 -653
-920 763
47 228
486 608
-52 -758
-705 418
822 -658
-959 -610
899 -408
677 413
812 -154
774 -93
-241 38
284 180
-36 -153
199 556
-221 0
752 -332
-368 -286
151 -186
-859 997
-878 -465
814 -770
-268 -423
-231 305
-968 481
-352 -680
866 114
541 -9
-72 240
498 -440
-343 -434
60 936
-390 222
328 130
-665 418
-808 542
-119 -632
-652 605
-416 -10
787 -690
-655 -350
219 -285
732 235
852 27
27 305
-123 -187
483 506
-555 99
681 -266
759 124
27 -627
-916 -728
669 536
-802 -906
-425 977
-71 921
-565 -671
-78 -53
-98 -995
87 -180
337 -633
405 110
-895 -662
-513 770
-760 843
-317 -775
-63 -966
746 521
-970 205
661 57
-679 232
518 597
739 -454
695 180
-452 -885
932 -410
7 -106
310 383
-828 985
493 797
184 -869
764 -735
-763 336
-424 -574
575 197
-664 44
-346 118
901 -283
209 866
392 -398
-834 -259
