997
461 -213
722 196
-624 -550
-655 -600
-651 376
399 -810
448 554
-688 654
450 -417
486 891
571 -971
-94 -40
776 479
303 -761
-940 61
-652 965
9 516
734 -88
399 -374
26 954
-823 410
560 -477
729 255
-675 398
-328 969
-372 -845
113 332
-246 356
833 -929
896 -560
-350 -303
835 524
-855 -361
-799 -494
365 224
639 -684
680 739
5 763
-416 -452
154 524
-437 896
-592 -806
183 15
610 -682
339 -704
-333 -15
-592 375
240 997
607 -728
-23 38
-466 45
569 -535
92 633
-501 -824
295 -718
-463 -356
321 113
331 -526
-196 -574
630 -371
-171 -861
-37 -255
706 -330
-484 589
-618 524
179 694
-107 -298
793 817
-488 856
-237 -928
-879 786
-74 442
-357 -99
-79 614
567 -814
-921 -831
-326 460
-160 664
-227 106
21 183
76 -159
744 -186
719 -545
-421 -377
-236 -396
-699 -309
528 860
-868 638
188 315
648 -962
868 -460
897 115
-966 420
325 -139
-178 298
-193 856
-401 -450
-75 -215
390 559
-237 -345
787 480
-980 -184
864 -958
-12 -50
626 -858
-652 610
-523 733
-739 87
340 844
209 -561
938 -85
-724 -638
693 -898
-766 691
-829 -891
-517 916
-949 143
986 437
4 -896
-622 861
-316 628
-365 -785
772 -623
-770 -709
598 35
569 -836
225 638
73 19
71 444
-371 -476
407 342
884 -69
-54 330
-222 -156
882 353
736 516
708 -681
-299 -832
-606 90
-683 -626
-728 -95
984 -300
-420 964
785 742
-522 316
272 -721
-487 -793
-368 534
307 248
241 940
838 -511
885 -444
-52 -869
-613 -559
-226 281
157 653
-24 204
-299 558
-65 414
789 -679
770 -903
911 -642
-652 676
-609 503
692 -534
-972 -518
-432 -368
-23 394
276 535
193 -509
830 -324
-457 -512
-398 939
-26 132
-419 927
-937 -502
-292 298
224 167
-396 911
-549 -251
708 -530
631 677
909 954
604 45
-193 -316
-844 -823
-264 -88
727 897
-71 -266
970 -79
-32 158
-150 -510
-928 -775
-664 65
-935 983
584 788
597 -379
300 609
111 706
-854 197
352 -261
-596 867
444 563
408 245
-560 -266
-708 944
-764 324
699 67
816 -560
61 -480
254 293
451 -239
-676 -428
66 742
-80 -409
783 804
-662 -414
737 189
-706 -217
253 -964
828 734
-842 -503
-7 876
-988 -491
45 583
-3 955
968 572
-2 -712
865 103
496 -526
726 234
-280 943
-801 242
308 334
-767 -294
285 499
-630 358
240 572
-530 972
187 -585
-295 -640
233 -135
-525 997
542 -476
974 -24
-217 148
-871 -39
107 -252
-369 -591
-35 726
517 623
369 514
-496 329
-661 101
689 569
745 -991
942 -422
798 381
-714 144
-849 35
84 86
535 267
-497 510
889 712
-73 597
285 859
-353 181
-605 -646
-997 -241
237 768
979 584
-24 272
-908 -736
365 -669
-295 346
-427 -133
962 -613
322 990
-742 -524
-108 900
758 275
-390 959
939 590
464 -586
-20 -531
-550 770
-448 -108
-687 34
158 533
607 237
-522 476
631 70
-760 -433
-769 480
-976 -739
-262 485
176 633
-153 -707
76 -993
-267 875
286 -616
-156 94
878 -404
384 -717
683 -469
984 -847
-573 736
-793 579
-112 607
-379 -697
233 -335
483 -798
803 741
-519 -167
945 -508
729 -668
258 624
21 817
-763 537
-931 -803
270 854
972 -430
-143 -109
71 -34
807 -794
-418 -253
505 987
231 241
-109 -195
-200 821
-673 880
-698 -389
691 -803
680 -35
-980 681
552 748
-708 -964
183 613
888 586
857 328
819 787
-91 296
815 -933
-477 -850
373 -626
223 -410
871 -180
-648 -233
818 -748
186 593
217 -482
-750 326
-269 532
56 -326
548 -478
395 646
316 163
458 91
-275 357
-311 980
-700 376
149 -512
981 -728
775 -702
479 -527
-136 -211
-162 898
773 184
-782 -125
-471 -174
-897 -368
819 -182
996 -576
-224 -758
942 -432
-730 -607
-52 734
735 298
-332 -676
575 302
160 -944
-550 481
-646 206
-348 322
-826 385
-653 -799
143 810
128 568
976 832
207 -525
383 -531
-595 482
-278 891
53 168
-95 -500
295 -93
563 -505
875 -8
767 966
-396 392
197 -582
878 92
799 650
-171 867
-996 -890
368 -333
-716 -736
-611 864
664 -178
726 -661
-569 -416
-771 -376
-278 939
-31 993
-482 -343
-831 682
-728 -322
-876 -157
-64 56
-114 -67
444 541
709 -354
793 932
-711 963
145 833
-705 556
-391 -902
-205 -852
-193 675
730 -211
-128 -784
-670 -513
232 -944
-465 -433
857 -633
-776 397
-680 -864
-740 -390
-951 605
-585 -834
-3 249
-824 840
298 -524
815 527
411 484
635 975
-164 748
-670 290
-447 -126
-432 -244
457 -747
-760 -889
-693 322
-231 -417
-677 -44
-18 371
-700 652
304 -760
952 997
-235 -458
-930 -324
-655 -452
-357 577
821 -43
939 -661
244 -37
-185 963
-802 -407
720 -976
-948 441
-465 -842
504 -40
422 724
-617 484
-594 341
840 413
-807 -520
250 633
-716 -944
-663 235
576 -955
-80 614
-815 211
440 167
176 -237
347 605
203 -927
-608 -684
-767 -973
480 287
566 -865
157 -983
-952 750
-177 -353
562 -252
981 703
-770 -240
-674 725
-143 -948
-778 297
-513 -132
-975 -887
-457 -319
217 582
747 631
-332 477
99 -698
-810 902
-633 -110
-608 593
743 -599
-580 -423
-206 595
-398 -889
769 -205
367 -515
-176 168
-75 -273
515 235
-218 988
84 563
21 890
-181 -729
-281 929
-469 -42
627 963
350 190
-643 -436
-657 -676
-193 337
220 -753
37 258
327 274
438 975
-394 -325
-861 945
351 569
107 -92
-310 323
818 -701
-62 -759
498 290
206 -210
-813 339
-336 -811
796 -4
629 262
275 -109
-99 -701
-253 -835
-148 -358
126 -400
834 809
-233 -860
-393 535
211 957
620 65
69 -655
-918 257
723 901
-131 -156
-917 492
-860 -569
919 -466
-346 -276
159 250
506 927
-578 -668
829 -911
619 -476
-784 325
571 401
-351 102
-381 481
787 -12
296 -677
-920 965
233 -305
677 -982
408 -649
43 -468
112 471
951 -383
397 -642
-29 411
-177 351
908 348
441 -449
768 860
-822 319
750 -36
764 878
-592 -510
956 -385
-331 186
123 187
-482 142
544 -803
-106 549
-601 425
-260 697
701 -181
-739 -809
-772 -519
214 -747
916 -196
160 -460
-522 -508
-692 775
878 -992
445 -540
875 -456
558 85
-650 -974
-739 706
-182 -144
-283 233
567 293
-123 -747
-344 -77
814 426
770 152
-79 -441
591 818
-835 260
-360 -869
799 906
24 403
-767 -449
-547 -399
825 989
-206 319
-411 42
198 459
758 627
-270 -383
624 210
-880 -388
2 709
-962 -738
-448 -698
920 -118
290 -914
-901 348
719 -616
794 957
-395 -93
-702 -704
923 581
-183 208
-941 -898
-100 14
231 263
514 586
603 278
-23 -356
-714 -819
-104 -899
893 -758
-256 -161
570 -201
-193 879
-680 31
18 695
-733 392
527 442
-957 729
-761 762
-779 423
509 15
-298 745
792 -484
415 -467
550 -742
732 -606
-763 -396
-618 -955
-349 -119
443 346
-343 315
886 455
379 102
-900 -695
18 491
723 202
447 -59
856 729
-368 946
227 -653
-940 -960
856 -230
305 181
366 28
-467 -393
286 -471
240 -89
-414 -814
735 8
150 836
-386 804
615 594
-1 -625
-144 -193
-153 -755
3 -592
75 -920
634 -866
-354 483
218 -446
31 382
-185 8
384 -470
104 358
-256 7
-549 -602
243 -441
-466 28
-125 -509
490 -8
-103 -244
-579 933
-808 -685
-109 617
-1 -656
610 -910
415 711
140 563
-176 -448
841 354
-398 -280
-226 53
749 880
649 -955
946 -420
-306 128
506 143
884 -771
459 -979
-296 776
907 -896
659 -916
-905 520
-5 -454
988 -285
643 273
433 -71
-845 -514
737 -49
-457 -519
-553 -842
513 597
-22 482
-72 719
750 -826
-529 -908
-44 -631
563 -850
-19 -433
-55 -238
-823 -960
-618 485
-384 661
424 -223
-561 17
-261 207
113 -784
562 -610
-599 -965
138 462
-376 -497
853 -544
786 228
-47 -674
947 4
610 -960
687 76
-266 -176
696 53
-664 893
708 348
-218 786
868 -176
-45 -826
-433 -45
-452 167
-291 -705
799 16
-39 -434
-319 -332
983 -68
614 172
-886 -458
36 581
929 -397
-185 209
-990 33
166 72
516 -459
551 -750
330 -154
-151 481
-113 -836
-764 689
908 -453
-404 -755
-824 -718
-106 -940
76 -246
286 545
746 -238
-540 -470
-651 -62
279 960
167 653
34 -703
-149 266
-82 -12
328 657
-367 -644
-549 350
919 730
384 333
867 -422
-972 413
-399 -141
131 -433
915 -93
-955 -585
175 239
527 419
-974 609
-836 79
276 875
-651 -287
901 -324
-940 941
465 719
-378 582
224 950
367 -353
27 637
-281 -340
966 973
-87 409
-569 830
-981 -478
281 158
-551 753
108 13
-496 800
-769 -135
-12 -717
324 614
-156 -481
979 889
809 -267
350 312
425 -474
819 816
-116 -610
918 -893
-493 -224
931 786
435 -789
640 -987
791 240
-638 -214
296 -90
-312 -886
-892 -101
667 260
-648 557
-85 191
-538 438
-606 -105
-943 931
708 -521
-333 11
-626 -256
-64 759
562 -217
-172 -759
-270 499
-754 367
915 -400
150 897
631 -988
-499 -456
-607 812
-195 740
-456 117
495 -390
-405 -888
101 506
-885 -752
-461 983
378 -631
-29 -531
820 -901
-526 -219
487 -42
997 618
122 -649
-101 -819
-164 -362
-832 907
532 -400
58 -245
780 961
-389 713
52 -113
-253 526
-736 -194
-523 237
702 462
404 -432
55 -885
-259 464
491 451
-663 793
775 -830
-472 56
-11 58
204 -508
-196 -119
-824 219
988 889
-945 -778
-618 -655
-823 980
175 43
-873 -101
-96 712
619 970
-268 -820
-293 175
-70 -113
-523 432
146 100
-147 419
943 -811
803 651
754 -528
-76 -394
720 257
457 244
788 143
569 -599
-745 -383
415 295
988 -116
359 -815
-267 -419
34 210
175 64
-830 210
-826 810
-672 795
822 -720
0 -934
-3 814
-223 -135
737 318
899 448
-972 661
-86 -939
516 868
-245 386
476 -448
-172 750
-740 316
978 -803
-425 243
-529 -359
729 -598
716 905
661 -699
714 151
-699 -242
297 152
283 -54
683 -175
-712 420
-201 -622
-523 180
-397 207
-904 -360
644 -823
63 530
-742 222
-980 868
951 778
-33 -668
668 -286
46 26
-725 -361
-249 218
