987
118 -306
-216 -9
649 163
-568 -60
-583 -8
502 113
-458 281
-400 268
-251 203
625 2
-284 240
80 205
307 216
-442 -221
575 275
75 103
69 -128
-325 312
289 -247
-510 92
499 -250
400 -191
-572 234
-302 -242
537 -95
214 252
261 125
357 305
379 173
251 -263
359 -32
-308 -273
182 64
633 147
-617 168
-205 118
611 269
63 -256
-388 -194
-465 -82
-271 -183
-205 -171
111 -106
-312 264
613 232
416 141
102 -10
88 185
362 147
301 111
264 64
72 193
-428 -52
200 4
-597 258
595 -86
517 -305
-293 318
-124 206
-427 -55
556 -288
-527 210
-320 -288
-100 -143
600 5
-494 -218
183 291
-337 235
99 -192
-94 -226
561 -226
500 -99
476 -146
-505 -245
606 -305
14 -151
377 -86
-113 -245
-463 -196
-55 -292
290 292
-62 53
-73 -62
-94 -265
-331 -39
240 -281
402 -7
-650 -28
-514 295
-361 28
322 -263
-171 178
267 47
374 -271
-43 137
-12 -7
-338 47
198 -250
-169 -268
-457 -188
539 81
413 -309
-388 -179
-493 0
-58 234
-561 -244
113 -212
-425 254
566 -288
-418 190
-536 -246
-481 -116
-519 171
-289 83
623 -47
-323 74
96 252
-418 -260
-490 -7
377 231
446 -114
-295 -244
375 68
-453 137
-520 307
-202 70
-283 -186
373 -122
-78 168
221 -115
-521 152
154 -180
-15 -78
53 -140
-323 112
-575 10
342 -85
-226 27
-97 115
593 135
82 -265
-234 31
634 166
-558 203
-610 -205
-419 236
147 -54
625 -172
-611 46
202 111
-128 0
-590 -256
227 183
295 -66
-572 253
-107 73
-638 114
-635 -253
23 -99
-510 -267
-644 -217
-577 175
-581 286
-401 -225
631 204
-95 -214
423 88
341 258
226 209
-384 288
523 -161
376 312
-589 -51
-622 63
212 -272
381 57
-351 -204
314 27
-116 -305
-585 -54
499 238
247 226
-83 32
220 280
463 -260
392 -219
526 -217
-309 -92
568 226
-7 221
-584 -187
-53 -175
42 273
430 -41
-86 119
642 188
-414 148
441 241
617 -110
69 -296
-380 104
596 -296
-186 38
-74 -201
164 42
577 -1
-607 -217
552 -250
-578 317
226 180
528 265
-252 257
-361 -293
467 -152
513 -295
566 234
636 244
305 58
-60 -89
-63 -278
-200 -293
250 95
442 121
311 207
544 286
-476 29
352 114
524 -47
250 15
-68 -36
-199 73
-603 28
-304 -55
-554 310
556 84
-232 26
592 -306
-498 -227
-432 -205
610 161
68 -231
366 -234
334 -75
610 54
-108 -134
47 -120
-379 -161
-319 232
-175 118
-11 -92
-227 269
-495 -59
-422 0
129 122
332 181
508 267
-605 -31
-69 142
-198 -67
-609 -209
-157 -272
152 313
-469 -172
-445 97
196 -263
-3 215
389 76
-357 312
-145 -212
-263 -84
30 17
-396 -243
-250 -37
-515 205
334 -169
-418 256
617 -104
71 279
1 249
527 -248
115 -183
262 148
167 -143
454 234
-359 244
-251 15
9 -257
155 -230
-258 -134
342 31
-199 -71
-331 217
-141 218
95 175
580 -289
-250 -233
-616 52
593 -133
455 -280
-410 -175
-421 -261
-565 216
-168 -2
-48 -154
-652 -20
-565 292
-161 264
-90 102
-354 2
102 254
-298 -11
234 310
556 -247
-27 -75
-375 56
632 31
360 305
-152 236
-381 94
472 72
216 -55
115 -287
-451 -268
-224 263
586 -257
-6 21
-176 -135
479 -252
387 224
-423 -297
-144 109
316 132
-64 27
101 -241
-643 -239
415 -10
12 -134
-601 316
-33 -295
370 231
-81 -40
-35 -122
510 -45
-454 -60
-424 55
-188 182
601 271
62 -250
-587 18
165 133
-500 65
-626 -154
-606 93
313 -1
-510 26
592 -122
-299 43
170 -136
424 27
20 -232
-235 -86
407 -1
173 -186
-616 -151
272 -103
90 197
135 0
-649 -30
-340 64
137 62
-615 -239
429 -317
421 -68
-517 289
583 233
335 7
-98 -17
372 48
511 131
-332 32
446 228
457 120
-372 282
436 212
-385 114
651 -166
577 201
365 240
229 8
553 177
-393 -53
-283 101
-636 92
-603 202
-98 306
184 -183
-380 -26
444 180
-104 134
-297 -289
-505 234
-310 134
-643 95
557 -126
-325 -186
-341 52
39 -212
-60 293
-200 -109
-103 129
-282 -36
-36 75
-125 9
611 225
-626 247
-304 -251
122 -35
-92 124
49 161
107 91
-54 66
220 -10
-339 -110
299 33
-198 -96
-235 52
566 -86
-535 238
-273 220
-16 -264
-300 174
191 7
-602 152
447 258
228 -243
-94 -173
72 -172
-26 -105
-143 -224
380 150
-265 -84
29 151
42 -167
-263 159
631 15
8 124
330 62
-387 270
586 -199
385 51
592 -26
-538 299
-128 -122
-100 -110
-371 156
141 -202
-499 288
-216 -114
-149 -293
-350 -235
-145 200
155 -199
72 228
611 -172
383 -251
287 228
-188 101
-574 -221
20 30
215 129
470 276
-96 -97
-413 -210
-303 -279
-425 74
-447 -211
101 230
-279 207
533 272
33 -314
-213 -177
-587 -224
551 317
49 -164
11 234
577 -123
296 -111
69 -132
422 240
-51 294
-44 108
-316 -215
245 -241
-464 233
372 -138
-231 52
263 -203
379 169
-361 196
-93 -250
577 -286
-262 -276
105 -214
-561 196
102 179
-371 166
81 -65
-55 -245
301 67
-613 265
346 137
62 -156
-456 273
-109 168
-206 -292
635 -173
620 100
-316 187
166 217
-532 -167
-249 120
315 73
379 -172
216 287
-638 172
157 -43
-276 53
569 -159
610 -261
464 -105
-201 -289
-354 -225
103 263
-167 -110
-222 166
-339 84
249 -20
-399 182
213 -72
199 -211
-191 -22
-63 260
-473 -126
127 85
113 -65
-393 -131
-236 -251
-64 -280
280 -177
-363 1
-381 -271
-602 -177
-622 -221
-49 163
159 -237
-547 -172
-341 153
-535 172
144 95
8 -52
619 -317
-515 214
108 -157
157 201
138 209
-462 91
-189 -69
484 -291
124 -241
27 -208
328 -43
65 -255
-479 -217
528 300
-303 -68
568 -163
312 148
325 102
-434 -234
-584 -219
-299 121
-162 170
214 -306
352 -109
491 63
-318 132
-212 -233
290 153
-405 33
82 128
149 216
198 106
-581 225
-555 286
-518 -231
573 -176
-267 -285
107 293
31 233
38 -281
102 -120
-38 196
141 70
542 65
449 -98
562 -227
-639 46
-647 114
-467 -179
365 -153
-452 -254
385 76
-431 206
-74 211
-651 -210
598 239
308 35
482 -296
-554 161
376 260
-510 -206
135 123
-132 -111
274 126
-19 -288
69 291
77 292
-299 178
-560 -220
2 50
-211 -149
5 256
252 -19
-553 -280
-340 -4
-402 -97
-57 35
-42 0
-143 169
329 58
-105 -17
82 59
-176 174
-86 -246
-53 19
-12 -256
21 -68
170 277
126 -309
487 -85
-517 -56
-233 -39
521 312
-114 83
439 271
-64 253
-550 -74
333 -244
-348 -2
-439 -43
443 -305
605 175
259 266
403 -283
572 -298
581 44
-338 -165
-57 60
-470 217
516 -221
-590 253
-146 -309
141 -309
-334 159
-641 -99
563 41
322 -64
305 96
-654 -46
422 -9
-362 -81
603 23
536 -312
-611 -79
179 103
-540 -103
-443 191
-358 244
128 -192
-100 -8
431 -75
-303 -165
208 189
345 107
-346 -28
-35 129
487 156
-366 156
603 -60
494 -247
-94 -80
35 -84
158 -63
257 -316
22 -245
-456 181
-221 -78
-614 140
-334 -109
-521 -22
-51 171
416 -165
-598 -3
340 -99
-106 -29
-540 114
240 245
-474 -253
527 -144
165 20
-42 -10
95 201
-405 -47
-72 -96
50 -71
-139 -68
632 6
-503 -261
542 -249
374 -45
-582 -134
-412 313
-193 -246
173 53
-317 16
-287 56
220 -14
-423 -17
191 218
323 87
-285 128
297 95
109 -107
289 -180
353 23
-314 62
292 -307
-240 36
103 226
-547 214
-509 -196
478 -108
-538 83
-479 305
-583 53
-73 164
-519 -256
130 232
-467 316
514 104
565 -255
-256 88
523 259
145 -85
121 34
-98 237
123 120
-87 218
-592 -91
-26 -67
512 -53
204 -173
512 79
-539 -118
-60 159
-168 -118
288 -52
-629 -242
-5 304
-327 19
202 -288
-514 13
486 228
523 103
-351 64
299 204
472 163
4 -87
399 -123
-196 264
481 -48
-522 -7
653 192
0 -6
222 -45
190 319
537 -101
-542 283
-69 -101
247 -298
555 -306
-150 -270
409 -90
458 30
204 -32
641 -247
342 -145
176 -51
550 283
-593 -95
568 -69
-648 -288
640 44
-621 51
188 231
-124 1
499 225
641 -48
154 -19
407 -187
-219 -46
-102 66
608 241
37 -252
-272 63
-285 -153
-560 -270
0 63
318 -215
319 -119
-172 -122
364 319
-620 234
-212 283
608 -314
-474 34
521 228
-499 220
-390 171
-378 -254
149 319
81 289
-62 12
-516 -294
171 -47
185 -145
-585 -38
468 203
611 156
273 119
410 249
-176 302
41 219
-168 -11
-345 -91
-157 106
60 31
96 -106
-73 258
280 -25
156 39
38 139
-628 -174
632 -278
277 96
459 0
180 -280
-90 163
588 -254
566 -146
579 146
-374 -319
-416 18
290 -272
-308 -53
-617 -210
291 -29
-309 -261
423 -20
13 -237
141 2
-92 -64
391 -42
-176 -178
-393 311
-488 -252
-247 -174
-410 41
-584 -168
380 55
-234 247
-414 -112
-493 -131
152 -155
454 41
294 -317
90 -120
-49 -253
-275 186
-192 -270
-619 114
54 212
-584 -212
130 -8
-400 -76
103 134
600 -196
-640 280
-648 129
145 -172
332 61
328 -103
606 -241
-350 106
-150 51
-479 320
159 117
402 288
-34 72
-298 -66
-416 34
-301 -254
-325 -141
150 -52
553 -294
313 318
-207 -312
-47 -294
-654 -293
-338 -313
365 -230
-99 100
159 -48
-524 84
154 -156
-206 305
-379 -1
-322 182
-350 312
-579 78
-6 79
-294 146
276 231
-601 168
391 126
-27 11
496 303
245 59
316 99
153 154
91 216
-413 -237
-158 -173
-576 182
-503 190
551 246
235 -194
-640 88
-612 5
589 -262
-641 -22
-548 -302
-303 -292
311 118
-153 -142
144 -239
224 135
451 137
-632 -267
-352 134
222 -150
501 -56
-205 294
313 227
-249 220
-551 156
-208 -85
477 66
292 105
127 -155
261 152
-410 -69
-185 177
555 208
-68 -307
611 106
-260 258
