1000
982 978
969 999
975 985
999 990
991 979
993 968
979 1000
977 986
976 993
997 975
972 1000
972 986
992 1000
996 986
987 992
999 1000
980 972
998 983
980 989
977 976
979 972
972 995
999 992
1000 980
983 981
997 982
981 991
982 971
979 978
995 989
998 991
975 988
984 991
967 993
974 980
987 969
986 974
985 988
986 997
994 987
991 994
997 990
970 993
978 986
972 979
979 985
978 977
988 974
993 987
984 989
992 976
979 999
972 980
987 997
997 966
996 976
979 992
982 988
999 977
981 993
994 967
989 993
988 980
997 1000
995 993
983 975
979 988
990 992
980 986
989 984
989 970
973 992
975 995
995 981
993 971
993 1000
991 976
995 999
984 987
980 981
996 983
977 987
972 996
996 996
983 998
972 981
986 973
980 993
985 973
970 992
976 978
978 988
989 998
984 981
973 997
1000 969
981 979
994 994
983 978
996 997
971 999
974 978
976 977
991 972
983 1000
998 992
979 983
979 993
995 985
996 966
996 974
982 998
989 982
980 998
989 1000
984 976
999 987
999 970
993 995
998 994
990 984
975 994
971 1000
988 975
981 982
977 981
978 974
1000 973
984 992
984 974
996 989
970 988
985 982
997 970
991 980
968 986
974 1000
978 997
981 999
994 974
997 998
968 1000
995 978
973 998
967 998
971 987
989 988
991 968
986 980
990 975
998 970
980 1000
987 1000
971 988
968 997
992 971
984 999
1000 987
994 996
991 995
984 984
990 968
982 982
966 997
990 982
981 972
988 984
995 983
987 986
982 979
973 996
972 999
972 997
976 990
994 985
985 989
995 967
979 996
994 995
994 999
970 982
988 972
976 994
987 995
983 994
985 998
981 988
971 996
987 985
991 978
993 978
985 987
985 994
985 972
974 981
972 985
984 988
988 995
983 980
996 990
989 977
992 991
988 999
993 988
993 994
980 977
971 991
977 988
966 1000
987 984
987 999
995 980
980 979
990 985
996 987
967 1000
992 980
983 972
999 978
999 980
977 997
969 998
1000 997
989 979
995 966
981 992
1000 982
992 983
978 982
992 992
975 998
990 988
991 969
979 990
967 989
982 984
971 981
994 980
989 975
989 987
991 997
995 990
1000 974
973 993
974 982
995 987
977 979
969 988
974 998
985 979
969 986
995 979
981 974
999 985
980 988
982 974
992 969
992 970
978 989
972 993
998 980
985 981
973 981
990 967
994 988
987 989
983 989
970 999
973 989
989 976
979 980
998 998
999 988
990 977
996 988
998 966
991 1000
992 979
971 995
984 978
993 975
982 981
985 970
993 999
988 979
981 990
981 981
996 972
973 988
986 990
995 973
976 998
991 967
999 966
978 984
997 977
983 974
994 986
990 989
970 996
989 994
998 1000
983 999
993 989
973 990
980 975
988 987
988 996
977 999
969 994
997 971
998 968
982 987
970 989
992 987
997 981
991 991
994 972
996 973
997 968
979 986
998 989
999 968
987 980
992 989
997 973
967 992
981 973
983 973
993 991
991 983
990 969
977 984
985 991
999 999
982 989
971 997
977 978
992 994
995 976
977 983
994 990
998 988
986 995
997 988
972 983
977 975
1000 990
976 987
968 987
984 996
997 984
980 990
990 981
993 984
992 985
976 999
996 981
975 980
984 983
984 985
985 971
982 985
979 989
966 995
986 978
973 985
986 976
985 978
985 985
983 982
969 990
995 998
990 978
996 991
977 974
978 990
988 993
991 989
988 971
999 993
971 994
983 992
979 982
1000 1000
998 987
987 975
992 982
997 974
975 981
995 982
992 984
1000 985
982 994
985 999
988 970
999 983
990 1000
989 971
991 984
981 994
985 993
999 984
972 990
990 972
996 984
990 991
976 989
993 969
980 980
997 999
989 990
988 1000
973 986
997 972
999 979
980 985
983 996
994 966
971 992
981 998
970 997
991 971
980 973
971 993
999 994
991 998
972 998
997 980
974 983
1000 970
988 982
986 972
987 979
976 988
979 975
970 984
987 974
987 998
985 975
968 990
998 986
980 996
969 1000
976 995
994 977
983 971
989 983
994 997
986 993
973 984
973 978
966 998
969 984
994 992
990 990
972 994
994 983
975 984
996 967
974 990
997 967
969 997
968 994
994 989
978 978
994 968
982 976
968 993
991 975
985 992
999 975
974 988
986 982
976 1000
997 986
999 969
998 993
993 966
994 975
967 997
980 995
986 987
970 994
980 999
984 1000
986 983
993 986
993 972
993 997
997 983
975 990
970 998
977 985
977 993
991 996
999 997
981 975
967 990
982 996
998 997
977 994
1000 995
979 995
967 996
996 999
1000 989
973 983
982 983
981 995
988 998
1000 999
976 980
986 996
998 984
986 971
977 992
989 967
998 976
1000 972
976 992
968 999
975 976
993 993
990 996
1000 966
992 975
983 993
987 994
992 988
976 986
987 971
983 984
999 973
970 990
976 985
968 996
992 990
997 987
969 992
983 985
991 992
977 996
986 975
972 988
985 974
999 995
982 973
989 997
990 999
989 986
986 1000
997 996
995 968
974 986
972 991
999 989
979 973
978 973
982 986
995 969
974 994
971 982
993 990
986 986
984 980
991 988
985 986
982 975
993 985
971 983
967 995
996 970
985 996
973 995
974 993
976 981
970 1000
967 999
986 994
968 998
998 990
984 982
982 977
969 989
993 980
1000 994
973 1000
994 981
988 969
989 985
978 980
991 985
983 977
970 995
992 973
991 987
992 972
996 982
971 998
980 997
998 977
1000 998
998 995
985 995
982 990
974 997
986 999
993 983
992 977
1000 977
997 969
980 976
973 994
975 982
989 980
993 976
998 985
995 992
985 969
1000 971
976 976
992 998
985 1000
973 987
992 978
975 996
981 997
975 983
973 991
984 993
988 991
994 973
990 979
998 972
986 969
996 969
983 976
975 986
988 968
1000 965
999 998
992 974
990 994
996 975
995 995
994 978
971 989
992 997
986 979
999 971
973 982
982 991
985 980
967 991
974 991
985 983
987 973
978 975
981 984
983 983
991 981
992 993
989 969
988 992
990 980
990 986
982 997
971 990
993 974
996 985
987 990
988 978
998 975
997 995
979 998
978 981
998 982
983 991
986 981
996 978
1000 975
1000 968
981 986
986 998
972 992
974 985
978 992
990 995
989 989
978 993
998 979
988 988
978 1000
984 998
970 987
994 976
978 979
986 991
977 991
979 977
995 977
980 991
998 999
986 989
994 991
985 997
996 968
979 994
981 980
998 967
998 974
971 984
976 996
980 984
973 999
990 976
989 991
978 996
989 973
983 995
989 974
996 994
987 988
996 993
995 970
993 967
976 991
981 987
984 973
988 997
973 979
999 982
979 974
993 970
972 982
977 1000
999 996
985 984
984 986
975 992
982 972
986 988
987 996
997 978
1000 996
983 970
986 984
982 993
982 980
984 997
1000 986
996 977
986 977
983 987
1000 983
995 1000
969 996
981 976
996 979
974 979
1000 979
975 977
990 971
978 983
991 977
979 987
984 990
995 996
978 995
969 991
978 998
998 996
998 981
995 994
988 985
976 984
990 983
1000 984
988 981
991 990
981 971
998 971
989 995
1000 981
984 977
992 966
995 986
981 1000
971 985
974 987
997 997
981 985
992 999
988 990
977 982
974 995
978 999
987 987
988 977
988 986
993 981
987 983
977 977
990 987
993 992
994 969
985 977
981 978
972 984
969 987
994 993
984 971
994 970
983 997
966 993
997 991
989 996
966 996
990 973
988 976
996 971
974 996
985 976
978 987
981 977
966 992
999 976
968 992
996 1000
990 993
976 979
978 976
984 970
974 989
989 992
969 995
999 991
1000 992
984 975
974 984
994 979
983 990
972 989
997 979
986 985
974 999
992 981
1000 993
995 975
983 988
992 996
991 993
981 989
977 980
990 974
983 986
995 984
972 987
977 990
995 988
993 996
993 973
982 995
984 994
999 981
987 991
982 999
999 972
970 985
970 983
976 982
978 991
979 979
977 995
984 995
989 972
991 982
996 980
970 991
997 992
979 984
979 997
991 986
995 972
965 1000
975 978
968 989
988 983
987 993
996 992
967 994
982 970
992 986
981 996
999 986
977 998
990 998
997 989
987 978
975 1000
1000 976
980 992
992 967
998 978
989 999
980 982
976 975
971 986
975 989
978 994
997 985
994 971
982 992
988 989
980 994
980 983
982 1000
995 991
975 991
987 970
1000 991
987 982
966 999
984 972
989 968
970 986
991 970
994 998
993 982
983 979
1000 978
965 999
999 974
990 997
975 979
994 984
975 987
969 993
979 976
987 972
975 999
998 973
980 987
979 991
984 979
975 993
987 976
993 998
973 980
998 969
997 994
989 978
991 973
990 970
987 968
976 983
989 981
987 977
968 988
992 995
981 983
988 973
996 995
997 976
999 967
994 982
984 969
968 995
969 985
996 998
986 970
975 997
976 997
995 997
991 974
986 968
974 992
978 985
988 994
997 993
993 977
968 991
995 971
974 977
993 979
980 978
995 974
992 968
977 989
979 981
994 1000
991 999
986 992
980 974
966 994
987 981
1000 967
1000 988
985 990
