1000
-994 -970
-988 -969
-993 -990
-977 -990
-991 -988
-983 -979
-968 -987
-976 -989
-984 -995
-985 -999
-983 -989
-987 -973
-997 -968
-989 -974
-993 -996
-982 -999
-992 -978
-989 -970
-972 -990
-996 -994
-989 -989
-997 -994
-976 -998
-981 -996
-990 -993
-999 -968
-967 -997
-979 -978
-1000 -994
-998 -984
-989 -969
-977 -986
-970 -990
-989 -983
-987 -988
-975 -986
-980 -997
-976 -988
-991 -985
-998 -974
-980 -978
-989 -988
-990 -989
-992 -994
-986 -982
-994 -966
-990 -995
-974 -992
-995 -984
-982 -986
-991 -1000
-979 -990
-989 -994
-986 -986
-991 -978
-981 -975
-978 -998
-980 -989
-988 -979
-973 -998
-982 -975
-989 -979
-970 -996
-996 -973
-967 -989
-991 -970
-994 -994
-992 -966
-974 -978
-977 -976
-970 -986
-971 -993
-968 -994
-998 -986
-1000 -983
-995 -986
-982 -990
-969 -989
-1000 -991
-992 -986
-973 -991
-984 -983
-979 -999
-975 -993
-999 -984
-973 -981
-988 -995
-988 -993
-995 -989
-985 -984
-987 -983
-989 -996
-983 -997
-982 -970
-983 -988
-998 -993
-974 -994
-971 -989
-994 -997
-980 -999
-992 -976
-971 -990
-982 -998
-1000 -996
-981 -999
-985 -993
-996 -989
-988 -976
-987 -972
-985 -982
-985 -988
-998 -991
-980 -987
-989 -973
-988 -975
-975 -983
-998 -988
-984 -997
-973 -994
-999 -971
-978 -982
-987 -1000
-981 -980
-975 -991
-998 -972
-989 -971
-995 -999
-970 -992
-995 -996
-991 -994
-976 -984
-999 -995
-971 -985
-997 -982
-977 -998
-996 -982
-997 -966
-999 -967
-985 -985
-980 -1000
-986 -988
-985 -978
-993 -981
-993 -973
-994 -972
-982 -988
-1000 -981
-985 -989
-984 -969
-993 -993
-972 -985
-990 -974
-981 -973
-996 -977
-971 -984
-988 -973
-986 -975
-974 -977
-993 -974
-1000 -978
-972 -984
-968 -996
-995 -969
-988 -988
-998 -989
-997 -993
-989 -984
-971 -999
-972 -998
-973 -984
-974 -997
-967 -991
-992 -993
-980 -974
-979 -993
-998 -968
-975 -984
-973 -988
-976 -999
-981 -990
-998 -997
-987 -985
-974 -990
-975 -982
-982 -989
-983 -996
-979 -989
-988 -989
-981 -979
-975 -978
-994 -985
-996 -986
-976 -979
-972 -994
-978 -981
-992 -987
-978 -973
-997 -973
-981 -989
-978 -992
-974 -998
-972 -993
-978 -974
-972 -988
-986 -993
-999 -990
-981 -978
-993 -988
-994 -979
-973 -986
-975 -994
-984 -985
-998 -992
-985 -994
-983 -980
-977 -982
-997 -996
-997 -984
-979 -982
-1000 -997
-993 -976
-976 -992
-987 -982
-994 -977
-970 -984
-991 -982
-991 -980
-985 -992
-978 -980
-996 -981
-980 -983
-973 -978
-984 -981
-998 -975
-1000 -989
-981 -997
-978 -977
-997 -974
-986 -973
-984 -984
-988 -977
-996 -978
-994 -986
-981 -993
-972 -1000
-971 -988
-977 -993
-983 -991
-991 -974
-967 -999
-987 -994
-995 -968
-983 -974
-999 -998
-966 -1000
-972 -982
-986 -970
-970 -993
-985 -974
-996 -987
-983 -971
-988 -978
-994 -995
-972 -995
-996 -995
-995 -1000
-988 -999
-978 -976
-985 -1000
-972 -981
-980 -996
-984 -974
-986 -968
-983 -976
-995 -991
-979 -985
-991 -997
-986 -1000
-996 -991
-983 -995
-980 -994
-978 -984
-975 -990
-993 -985
-984 -991
-989 -987
-985 -997
-983 -984
-983 -992
-979 -1000
-984 -989
-980 -980
-1000 -985
-969 -995
-996 -970
-986 -991
-1000 -979
-999 -986
-975 -987
-969 -985
-971 -981
-969 -999
-968 -988
-980 -976
-976 -985
-974 -1000
-990 -976
-986 -980
-977 -974
-990 -978
-971 -986
-974 -996
-978 -987
-975 -996
-977 -992
-985 -972
-999 -983
-991 -972
-998 -969
-970 -995
-986 -987
-982 -978
-993 -968
-989 -1000
-975 -998
-979 -988
-992 -968
-972 -979
-973 -996
-999 -985
-972 -999
-993 -967
-992 -991
-978 -997
-983 -999
-978 -975
-992 -975
-988 -980
-977 -991
-984 -1000
-987 -997
-995 -990
-982 -981
-986 -979
-983 -986
-979 -997
-991 -983
-981 -998
-993 -994
-989 -975
-990 -997
-983 -985
-980 -988
-993 -995
-985 -991
-993 -982
-990 -987
-969 -984
-968 -991
-980 -986
-998 -979
-980 -991
-970 -997
-984 -996
-1000 -990
-981 -976
-994 -976
-973 -985
-969 -998
-990 -996
-997 -986
-977 -975
-1000 -967
-983 -973
-994 -978
-998 -973
-978 -996
-990 -991
-980 -992
-981 -981
-970 -989
-978 -991
-988 -996
-984 -990
-968 -995
-976 -978
-979 -972
-979 -981
-968 -993
-996 -998
-983 -970
-979 -991
-985 -969
-983 -998
-988 -1000
-984 -992
-982 -974
-991 -971
-985 -998
-968 -997
-984 -994
-998 -995
-992 -981
-995 -974
-994 -983
-988 -968
-989 -981
-981 -987
-974 -980
-970 -982
-1000 -987
-971 -982
-987 -990
-987 -996
-993 -983
-995 -983
-975 -977
-999 -991
-991 -990
-969 -986
-982 -972
-980 -972
-975 -979
-991 -984
-989 -999
-967 -994
-969 -990
-997 -971
-982 -973
-977 -995
-967 -1000
-988 -984
-1000 -976
-993 -969
-995 -992
-996 -999
-985 -971
-986 -989
-985 -976
-982 -983
-986 -985
-969 -996
-990 -990
-992 -973
-998 -981
-974 -982
-974 -995
-985 -990
-985 -975
-998 -971
-982 -984
-1000 -999
-997 -987
-995 -966
-978 -985
-973 -979
-999 -978
-998 -966
-985 -995
-988 -982
-995 -987
-975 -989
-975 -999
-990 -977
-998 -990
-995 -971
-979 -987
-994 -981
-996 -971
-979 -986
-977 -977
-981 -985
-993 -979
-993 -987
-999 -987
-993 -984
-987 -981
-1000 -988
-991 -968
-980 -995
-997 -979
-996 -985
-988 -974
-994 -974
-991 -979
-988 -994
-966 -998
-987 -991
-981 -983
-978 -995
-987 -999
-986 -972
-977 -999
-979 -980
-975 -981
-984 -988
-987 -978
-989 -991
-975 -976
-969 -987
-999 -979
-986 -981
-1000 -980
-985 -973
-979 -996
-999 -973
-989 -967
-992 -979
-982 -996
-978 -983
-999 -993
-968 -989
-978 -994
-985 -980
-999 -965
-989 -977
-973 -980
-970 -991
-969 -1000
-970 -983
-986 -997
-998 -978
-995 -994
-991 -989
-992 -970
-987 -984
-991 -996
-989 -982
-979 -992
-999 -974
-980 -973
-994 -992
-993 -997
-985 -979
-968 -1000
-1000 -1000
-984 -979
-995 -975
-989 -986
-987 -995
-979 -977
-982 -993
-971 -997
-990 -973
-981 -986
-991 -999
-983 -972
-981 -984
-967 -996
-993 -989
-970 -1000
-995 -982
-984 -972
-990 -994
-994 -980
-974 -993
-1000 -992
-993 -980
-966 -994
-972 -996
-977 -988
-996 -992
-982 -997
-978 -1000
-987 -992
-997 -997
-990 -992
-984 -986
-997 -988
-987 -998
-986 -974
-991 -992
-972 -986
-992 -992
-1000 -998
-985 -996
-973 -990
-975 -992
-999 -981
-985 -987
-992 -995
-990 -988
-987 -979
-986 -971
-993 -991
-980 -985
-977 -980
-994 -969
-966 -995
-997 -990
-998 -982
-999 -999
-991 -993
-992 -983
-994 -990
-994 -967
-974 -986
-989 -992
-993 -998
-982 -980
-968 -990
-982 -1000
-989 -997
-977 -994
-1000 -986
-997 -1000
-988 -986
-996 -984
-992 -985
-997 -999
-986 -990
-983 -978
-995 -973
-978 -978
-988 -987
-971 -1000
-973 -993
-997 -992
-997 -976
-998 -983
-980 -979
-990 -969
-977 -984
-987 -976
-983 -983
-998 -980
-982 -991
-978 -993
-974 -979
-965 -1000
-987 -986
-985 -981
-981 -992
-999 -977
-969 -988
-980 -981
-984 -998
-998 -985
-1000 -965
-974 -999
-969 -993
-991 -976
-975 -985
-984 -980
-991 -998
-988 -990
-992 -982
-989 -980
-986 -994
-974 -984
-992 -977
-978 -986
-999 -976
-998 -987
-997 -989
-996 -966
-995 -979
-979 -975
-973 -999
-988 -998
-973 -992
-998 -998
-984 -977
-984 -999
-997 -970
-980 -984
-987 -969
-993 -978
-994 -988
-998 -977
-995 -976
-994 -987
-988 -970
-971 -992
-994 -989
-968 -992
-974 -987
-1000 -995
-999 -980
-996 -968
-991 -986
-999 -997
-997 -967
-993 -975
-980 -977
-997 -977
-998 -976
-982 -977
-981 -1000
-976 -980
-990 -979
-997 -981
-995 -988
-995 -970
-970 -987
-972 -991
-992 -996
-981 -971
-982 -976
-997 -983
-977 -979
-988 -991
-986 -976
-996 -979
-999 -975
-995 -985
-993 -986
-993 -972
-993 -992
-968 -998
-994 -982
-970 -985
-998 -994
-973 -987
-992 -984
-996 -974
-997 -972
-977 -989
-989 -993
-990 -980
-979 -973
-984 -993
-978 -989
-999 -1000
-986 -999
-970 -998
-976 -997
-993 -970
-991 -995
-984 -978
-976 -993
-981 -995
-986 -995
-977 -981
-999 -994
-971 -991
-975 -1000
-973 -995
-999 -966
-983 -994
-994 -975
-985 -986
-979 -983
-986 -983
-991 -973
-998 -996
-976 -996
-977 -997
-986 -969
-980 -993
-993 -966
-974 -981
-999 -996
-966 -999
-976 -981
-987 -993
-990 -982
-990 -1000
-972 -983
-992 -967
-995 -993
-968 -999
-979 -974
-966 -996
-995 -978
-969 -992
-991 -967
-1000 -977
-994 -991
-974 -985
-969 -994
-989 -998
-996 -997
-997 -975
-972 -997
-971 -998
-994 -998
-983 -981
-991 -981
-972 -980
-988 -972
-992 -998
-978 -979
-999 -992
-996 -969
-994 -993
-974 -988
-983 -987
-976 -991
-989 -995
-990 -971
-975 -988
-998 -999
-973 -983
-990 -968
-982 -994
-993 -971
-989 -978
-992 -971
-984 -976
-984 -982
-992 -988
-987 -971
-990 -986
-989 -972
-997 -991
-996 -967
-997 -969
-999 -988
-998 -1000
-976 -1000
-974 -989
-980 -998
-976 -977
-971 -983
-990 -998
-988 -983
-984 -971
-987 -974
-981 -994
-1000 -993
-975 -997
-976 -983
-983 -990
-995 -995
-983 -1000
-992 -980
-996 -990
-988 -997
-988 -985
-997 -998
-983 -993
-992 -989
-1000 -971
-994 -971
-995 -997
-967 -995
-994 -984
-982 -987
-996 -976
-1000 -973
-990 -967
-974 -983
-988 -981
-977 -987
-977 -983
-990 -972
-968 -986
-995 -981
-979 -994
-977 -985
-976 -976
-976 -987
-992 -969
-984 -970
-1000 -969
-989 -990
-986 -992
-976 -994
-1000 -968
-987 -980
-978 -990
-982 -985
-991 -977
-988 -971
-983 -977
-989 -985
-991 -991
-970 -988
-991 -987
-996 -980
-986 -996
-987 -989
-979 -995
-970 -999
-994 -999
-990 -985
-998 -970
-977 -1000
-973 -997
-997 -980
-978 -999
-999 -970
-999 -982
-981 -977
-981 -974
-980 -990
-996 -993
-967 -998
-976 -982
-999 -989
-971 -994
-1000 -970
-995 -998
-979 -976
-971 -996
-992 -972
-979 -998
-979 -984
-987 -975
-973 -989
-971 -995
-966 -997
-969 -997
-987 -977
-990 -970
-967 -992
-999 -969
-970 -994
-991 -969
-995 -967
-998 -967
-1000 -974
-990 -981
-976 -975
-997 -995
-981 -982
-988 -992
-1000 -966
-984 -987
-996 -983
-985 -983
-993 -977
-971 -987
-974 -991
-975 -995
-996 -975
-992 -999
-983 -982
-996 -988
-1000 -972
-997 -985
-987 -970
-982 -971
-990 -983
-994 -1000
-991 -975
-967 -993
-992 -1000
-982 -982
-994 -968
-993 -1000
-990 -975
-975 -980
-1000 -975
-977 -996
-976 -986
-989 -976
-990 -999
-987 -968
-996 -1000
-977 -978
-994 -973
-976 -990
-982 -995
-993 -999
-997 -978
-992 -997
-985 -970
-995 -972
-972 -989
-986 -978
-982 -979
-984 -975
-980 -975
-973 -982
-978 -988
-995 -977
-996 -996
-984 -973
-987 -987
-980 -982
-1000 -982
-972 -992
-973 -1000
-969 -991
-985 -977
-981 -991
-981 -972
-979 -979
-976 -995
-986 -984
-981 -988
-992 -990
-990 -984
-994 -996
-992 -974
-995 -980
-986 -977
-983 -975
-967 -990
-982 -992
-972 -987
-966 -993
-1000 -984
-966 -992
-986 -998
-996 -972
-999 -972
-989 -968
