1000
994 -990
980 -975
982 -989
986 -968
976 -975
980 -978
997 -979
975 -978
992 -978
996 -986
974 -981
984 -992
994 -986
997 -982
996 -970
990 -970
971 -986
986 -990
996 -995
980 -977
978 -987
995 -995
1000 -977
969 -995
968 -999
976 -986
974 -994
991 -980
991 -998
999 -1000
973 -996
981 -976
977 -990
972 -1000
992 -972
976 -992
990 -978
996 -987
966 -998
975 -989
983 -985
998 -983
967 -992
985 -979
981 -985
998 -986
992 -980
989 -987
993 -984
999 -983
1000 -980
994 -998
994 -974
991 -967
999 -986
976 -995
995 -974
981 -974
980 -990
981 -992
992 -966
975 -981
980 -982
998 -997
986 -998
977 -991
992 -983
998 -985
974 -995
997 -989
993 -997
984 -985
984 -986
988 -978
987 -969
979 -974
984 -971
995 -973
988 -989
998 -1000
997 -967
984 -974
980 -989
990 -998
966 -999
995 -968
999 -966
996 -967
982 -974
1000 -978
994 -1000
1000 -987
1000 -985
982 -977
983 -992
982 -990
980 -974
983 -993
982 -988
980 -997
980 -981
971 -987
971 -993
971 -982
970 -987
990 -991
986 -979
974 -990
977 -984
979 -975
982 -993
985 -971
989 -985
983 -996
999 -993
983 -972
989 -978
971 -988
991 -981
994 -996
992 -987
970 -985
994 -975
978 -977
998 -968
978 -974
991 -970
967 -999
970 -1000
987 -982
966 -997
996 -968
989 -986
991 -977
967 -996
975 -985
992 -996
992 -989
976 -993
980 -984
973 -998
978 -983
970 -991
978 -999
981 -977
991 -996
975 -997
969 -992
990 -987
995 -1000
967 -995
983 -988
979 -994
968 -991
973 -987
969 -989
992 -977
982 -986
979 -979
976 -985
990 -984
993 -975
976 -976
977 -994
993 -981
973 -997
977 -992
970 -998
977 -978
985 -985
975 -986
989 -993
992 -979
999 -990
997 -975
986 -993
994 -976
974 -986
982 -970
998 -987
988 -973
990 -983
993 -973
979 -997
973 -983
974 -996
978 -993
976 -996
998 -981
993 -969
993 -998
984 -983
994 -988
972 -987
965 -999
976 -987
992 -991
1000 -966
976 -978
993 -972
1000 -976
983 -995
1000 -986
988 -982
975 -988
993 -994
967 -993
990 -992
969 -991
983 -980
990 -999
979 -1000
996 -983
969 -996
981 -987
987 -976
976 -999
991 -975
995 -993
969 -988
982 -991
988 -980
999 -997
984 -993
971 -998
1000 -979
994 -995
984 -970
991 -974
1000 -998
991 -978
970 -994
985 -970
994 -978
990 -974
995 -994
974 -999
977 -999
972 -984
973 -980
994 -980
985 -974
995 -998
973 -989
972 -994
989 -1000
982 -997
999 -982
982 -981
980 -983
980 -995
986 -992
986 -985
984 -977
987 -999
991 -979
994 -977
986 -1000
983 -999
981 -983
996 -997
990 -969
986 -987
989 -970
974 -991
987 -984
996 -992
977 -979
999 -975
979 -999
996 -994
986 -994
986 -991
992 -990
970 -990
978 -994
993 -1000
996 -985
979 -977
997 -991
970 -993
994 -967
998 -970
999 -996
983 -976
989 -994
966 -992
979 -996
996 -975
987 -987
981 -997
967 -998
993 -966
989 -967
969 -999
998 -977
971 -1000
985 -991
984 -978
989 -977
990 -982
989 -990
988 -988
990 -990
998 -988
988 -975
987 -972
977 -982
982 -984
980 -996
984 -1000
970 -992
986 -975
977 -993
977 -985
983 -977
992 -969
996 -972
991 -986
997 -983
967 -1000
986 -973
985 -972
968 -992
972 -998
975 -976
992 -994
996 -989
989 -975
994 -981
1000 -973
978 -998
977 -981
978 -975
977 -1000
989 -988
987 -968
968 -997
993 -999
976 -983
990 -973
970 -996
986 -980
985 -1000
986 -996
988 -977
992 -974
968 -996
980 -988
973 -978
986 -984
982 -1000
966 -994
991 -985
972 -992
1000 -967
990 -981
987 -996
969 -1000
999 -981
973 -985
980 -992
975 -993
991 -976
996 -974
996 -999
990 -979
985 -992
980 -999
991 -972
997 -984
985 -975
995 -969
997 -972
991 -971
989 -996
995 -992
997 -999
984 -987
976 -1000
991 -973
996 -978
972 -991
987 -985
988 -969
993 -968
991 -990
1000 -988
993 -985
981 -988
982 -975
988 -984
985 -993
977 -987
970 -988
969 -990
979 -972
989 -981
985 -984
985 -981
984 -973
979 -988
987 -971
995 -976
983 -994
993 -988
974 -988
990 -971
979 -978
982 -992
992 -968
995 -970
971 -997
999 -969
987 -978
998 -989
981 -994
982 -999
972 -996
985 -996
992 -995
987 -992
1000 -981
975 -987
976 -990
979 -981
980 -998
994 -991
982 -998
980 -979
986 -974
993 -978
983 -981
978 -990
988 -970
973 -990
1000 -991
987 -986
987 -995
968 -989
993 -995
995 -977
997 -970
999 -985
985 -980
997 -990
968 -998
978 -981
987 -974
996 -981
995 -990
997 -986
988 -994
990 -1000
998 -969
995 -975
995 -991
994 -993
979 -992
971 -981
999 -972
983 -978
984 -999
997 -977
981 -996
975 -998
991 -989
997 -973
991 -968
995 -983
994 -979
966 -996
984 -984
984 -997
985 -999
989 -979
991 -999
989 -984
982 -973
1000 -1000
970 -986
976 -991
993 -974
996 -976
991 -992
1000 -996
997 -981
998 -990
983 -998
987 -989
988 -981
996 -977
986 -999
984 -969
971 -985
1000 -982
988 -976
990 -988
976 -994
991 -1000
983 -983
984 -980
998 -999
989 -968
997 -993
993 -977
993 -987
974 -998
969 -997
982 -972
994 -966
972 -981
984 -982
985 -983
972 -983
988 -968
979 -973
989 -991
975 -999
979 -989
994 -999
988 -992
975 -983
995 -966
998 -972
972 -989
989 -974
994 -992
990 -972
983 -986
974 -978
998 -979
984 -996
976 -979
1000 -974
989 -983
994 -984
972 -988
998 -971
981 -984
993 -986
967 -989
986 -983
997 -987
998 -973
984 -988
982 -987
982 -994
1000 -993
988 -999
997 -976
981 -979
984 -972
995 -971
978 -973
990 -995
971 -990
974 -997
993 -996
979 -984
994 -989
971 -983
999 -991
998 -996
990 -993
975 -980
989 -999
988 -983
985 -973
999 -970
992 -976
980 -986
978 -978
986 -972
979 -987
986 -976
1000 -972
987 -980
970 -983
982 -982
989 -980
971 -996
996 -971
982 -978
996 -982
997 -985
999 -976
973 -979
999 -998
970 -982
974 -977
993 -993
983 -990
996 -1000
971 -992
986 -978
986 -986
982 -980
993 -980
997 -988
980 -972
986 -989
970 -997
974 -980
997 -1000
989 -995
993 -992
991 -987
998 -980
975 -984
1000 -995
983 -982
985 -977
994 -987
981 -999
983 -987
985 -987
975 -991
984 -976
975 -990
996 -980
978 -997
986 -971
995 -987
978 -984
979 -983
999 -995
972 -985
987 -1000
978 -996
989 -973
992 -1000
970 -995
975 -1000
1000 -992
986 -995
993 -976
981 -1000
999 -974
1000 -994
972 -997
978 -992
992 -992
981 -975
974 -979
987 -979
983 -973
999 -987
981 -980
968 -994
995 -980
987 -988
992 -988
995 -967
993 -970
978 -988
985 -995
974 -982
989 -998
988 -971
984 -975
981 -978
974 -984
969 -998
985 -982
980 -976
977 -997
976 -988
987 -981
973 -981
983 -991
979 -990
972 -986
968 -986
993 -983
971 -991
975 -977
997 -998
984 -981
981 -981
967 -990
973 -991
988 -979
973 -993
988 -972
989 -992
999 -968
986 -977
995 -986
979 -998
996 -988
984 -994
975 -982
971 -984
972 -982
985 -997
988 -991
977 -975
1000 -971
987 -997
998 -966
978 -986
982 -976
992 -985
988 -998
989 -997
994 -969
982 -971
973 -986
977 -980
989 -971
999 -979
988 -986
986 -982
999 -989
976 -982
992 -984
969 -993
984 -990
976 -998
989 -982
991 -982
993 -979
981 -986
984 -979
994 -973
995 -985
992 -982
983 -975
989 -976
980 -985
993 -991
986 -981
983 -970
968 -995
982 -983
995 -982
985 -986
992 -967
1000 -965
991 -994
987 -970
981 -973
978 -995
998 -995
974 -992
979 -986
975 -995
1000 -968
983 -971
997 -997
998 -967
987 -977
981 -972
986 -970
994 -971
999 -988
969 -986
994 -982
969 -987
983 -1000
996 -993
981 -989
983 -997
966 -995
983 -984
974 -989
965 -1000
996 -979
987 -994
970 -999
985 -994
985 -998
983 -979
969 -985
989 -969
970 -984
989 -972
997 -980
973 -988
991 -995
999 -984
984 -998
976 -984
981 -995
990 -997
1000 -997
973 -995
971 -995
978 -1000
988 -995
995 -989
979 -995
968 -988
971 -999
987 -998
1000 -984
991 -993
991 -997
990 -980
995 -999
974 -983
999 -992
997 -978
998 -975
975 -979
988 -996
990 -986
992 -971
985 -976
973 -994
973 -984
987 -973
972 -993
998 -978
997 -971
997 -968
993 -971
999 -971
999 -977
998 -982
994 -994
968 -1000
985 -988
999 -978
987 -975
978 -976
969 -994
977 -998
1000 -989
968 -987
984 -989
994 -972
1000 -969
1000 -975
999 -994
977 -995
969 -984
980 -991
995 -972
978 -982
992 -993
980 -993
997 -994
966 -993
978 -989
997 -992
973 -999
1000 -999
982 -995
968 -993
984 -995
985 -990
991 -983
976 -981
979 -985
971 -994
982 -985
986 -988
980 -994
983 -989
996 -998
992 -986
1000 -970
994 -970
999 -967
984 -991
995 -978
988 -985
998 -993
992 -973
992 -997
990 -976
970 -989
996 -990
1000 -983
985 -978
998 -998
992 -999
977 -986
993 -989
990 -968
972 -979
988 -993
988 -1000
982 -979
999 -980
980 -987
995 -979
977 -983
971 -989
987 -990
973 -982
988 -987
981 -971
977 -976
981 -998
986 -969
992 -970
981 -993
990 -985
978 -991
998 -974
995 -984
988 -997
985 -989
976 -980
980 -980
978 -985
993 -990
998 -976
991 -984
998 -991
976 -989
974 -987
987 -983
976 -977
991 -988
995 -997
974 -993
978 -980
991 -991
992 -998
977 -988
993 -967
968 -990
996 -984
988 -974
977 -977
979 -991
996 -991
988 -990
979 -980
991 -969
990 -996
981 -991
1000 -990
994 -983
997 -995
998 -994
987 -993
978 -979
980 -1000
993 -982
995 -988
967 -994
995 -981
983 -974
974 -985
995 -996
997 -974
990 -994
981 -990
967 -991
975 -994
972 -995
966 -1000
972 -990
986 -997
985 -969
980 -973
974 -1000
989 -989
973 -992
998 -992
990 -975
994 -997
996 -973
973 -1000
999 -973
977 -974
967 -997
975 -996
997 -969
996 -969
977 -989
972 -999
977 -996
972 -980
994 -968
979 -982
994 -985
975 -992
992 -981
999 -999
979 -993
990 -989
976 -997
990 -977
979 -976
981 -982
982 -996
987 -991
992 -975
996 -966
990 -967
996 -996
997 -996
997 -966
998 -984
