1000
987 981
982 974
995 986
974 983
980 999
983 999
998 970
998 996
995 993
988 978
975 995
999 991
996 975
998 968
969 998
976 979
986 985
993 975
978 995
993 970
1000 979
983 975
990 975
992 982
969 985
991 974
972 990
997 968
972 996
997 967
991 989
977 989
970 999
981 978
997 972
984 992
983 982
994 968
1000 975
976 977
981 995
975 982
992 990
985 982
989 1000
970 984
988 999
989 975
987 968
999 972
969 994
975 990
974 988
989 980
972 982
992 999
988 983
987 982
1000 990
983 972
980 995
968 996
1000 969
980 986
998 972
996 977
986 978
996 976
981 991
975 984
984 994
966 994
988 973
983 986
1000 988
980 977
977 980
969 986
984 984
988 979
992 998
993 994
967 991
998 993
976 988
974 984
996 997
990 992
985 970
987 986
977 979
976 999
1000 978
979 976
970 1000
979 994
993 997
995 978
974 994
985 996
997 984
990 991
983 989
991 984
993 981
988 993
987 998
994 989
979 992
991 986
976 978
990 968
987 975
989 991
970 998
989 967
999 975
993 996
983 991
974 982
992 968
979 974
994 998
991 993
973 991
999 978
985 987
971 998
992 980
996 992
996 999
997 977
975 981
983 1000
972 986
994 975
991 980
999 992
975 993
988 986
990 976
993 982
995 983
988 974
996 990
997 992
985 971
990 977
987 999
985 1000
975 986
969 995
985 975
990 981
987 976
998 989
989 979
998 969
986 990
992 977
998 976
995 995
979 982
998 997
971 1000
992 989
994 967
969 990
972 991
983 979
971 994
984 989
976 994
983 974
991 976
982 998
994 973
982 972
980 973
994 981
997 974
975 979
990 967
966 1000
991 995
981 972
981 999
995 977
989 984
989 973
993 979
982 983
981 992
978 989
972 980
976 995
987 973
997 994
992 995
977 995
998 998
994 976
980 998
967 994
979 997
980 994
998 988
995 1000
984 995
983 981
978 991
999 974
1000 971
999 968
994 995
982 989
993 984
968 999
979 979
973 994
985 977
981 987
997 982
999 996
971 992
988 998
1000 980
993 985
994 992
991 982
995 992
974 1000
991 973
980 993
975 997
998 980
987 996
986 998
976 983
998 966
989 976
982 973
971 995
995 982
974 978
998 991
984 1000
992 987
997 976
998 986
971 982
974 981
985 990
977 999
992 997
983 994
984 972
981 986
989 992
972 985
981 976
987 971
980 980
996 982
992 994
990 982
996 985
992 969
994 990
992 1000
986 972
993 969
969 999
980 988
1000 999
979 991
974 980
987 972
966 998
986 993
997 990
978 998
986 999
981 971
969 991
992 993
989 970
993 990
982 981
973 982
987 974
985 976
978 975
989 983
991 975
982 982
999 980
987 987
986 987
997 998
973 985
983 977
992 992
980 974
994 966
980 984
968 991
994 986
999 977
1000 993
970 990
975 991
994 999
981 1000
992 976
988 987
976 987
1000 986
969 987
982 971
986 984
972 998
974 996
976 991
973 988
993 995
999 966
987 1000
966 992
984 979
969 992
996 1000
997 969
999 1000
988 976
996 983
988 991
970 991
970 983
999 976
994 987
969 988
993 977
992 988
984 997
972 993
999 990
977 992
977 987
973 990
986 989
987 997
1000 967
988 970
974 997
977 986
984 980
993 966
980 997
972 981
998 971
995 999
997 997
984 973
975 978
987 995
967 998
997 989
978 980
979 981
989 996
990 985
975 998
994 982
985 972
997 996
995 998
976 982
985 973
983 998
991 971
1000 981
973 978
994 969
996 988
987 991
974 990
999 984
990 996
998 987
968 993
1000 996
993 968
999 981
969 1000
989 990
990 995
995 968
974 995
985 969
968 987
994 974
989 989
998 981
990 980
986 971
986 995
979 975
980 990
994 978
983 976
989 987
986 969
988 994
994 972
991 996
990 979
982 990
978 983
996 996
998 992
989 985
985 980
997 966
987 985
974 987
981 980
993 971
992 985
980 985
988 972
979 996
992 972
999 973
990 984
977 998
974 977
998 982
991 997
967 990
967 996
977 996
989 978
994 985
979 985
967 995
995 973
999 987
969 993
998 983
992 983
994 983
984 985
999 971
977 1000
982 979
1000 991
990 974
996 994
980 1000
993 999
981 982
989 969
973 987
989 986
993 989
975 980
990 993
969 997
967 993
996 973
975 989
981 979
1000 983
980 981
978 986
996 974
995 981
992 979
978 987
974 999
990 972
966 995
971 990
982 985
983 970
993 998
977 997
998 979
970 988
982 997
986 997
995 972
988 1000
978 993
991 991
992 975
995 979
983 973
990 988
993 988
991 968
984 996
973 992
980 972
991 970
988 981
983 978
995 988
975 988
968 989
980 983
996 989
978 977
999 967
1000 994
999 998
998 977
974 979
990 998
979 984
988 975
996 981
976 985
986 974
992 966
996 993
988 984
986 988
991 999
987 983
969 989
991 967
993 1000
995 989
990 987
970 996
995 990
980 978
988 992
988 989
991 979
993 992
991 990
997 975
981 996
980 982
989 999
972 994
981 977
971 987
972 988
972 983
990 990
996 979
991 977
977 974
977 976
996 991
998 978
968 997
983 987
971 999
997 973
970 987
993 967
980 979
995 994
988 985
996 978
983 988
1000 989
999 993
989 998
980 976
973 993
975 996
984 986
996 995
999 983
978 985
999 982
994 971
979 1000
976 1000
991 981
970 982
992 991
990 983
987 979
981 997
965 1000
997 983
973 981
969 984
984 987
987 980
987 978
983 997
976 992
981 998
982 1000
998 974
986 994
979 973
973 980
995 991
988 968
987 989
985 978
970 985
996 967
976 989
980 992
996 968
987 994
986 975
986 981
991 983
987 988
978 981
1000 985
967 999
985 984
997 991
983 995
970 993
982 994
988 977
995 996
987 970
989 997
981 985
979 977
998 999
990 986
977 984
977 978
978 996
970 995
977 985
992 973
996 971
982 975
992 967
989 982
993 972
985 989
971 983
1000 977
985 991
987 992
971 985
994 996
997 987
986 996
984 999
983 980
1000 973
981 994
968 990
998 973
969 996
972 997
996 987
978 978
991 1000
986 992
997 980
989 993
984 993
981 974
990 969
985 997
992 971
983 984
977 982
994 1000
996 972
993 987
981 975
968 998
979 988
968 992
986 970
968 995
989 981
978 982
994 977
973 996
984 982
972 989
979 983
986 982
984 971
988 971
1000 966
977 991
971 993
978 973
993 978
994 979
984 970
973 983
991 972
978 988
997 981
997 978
991 985
991 992
999 999
972 995
977 994
996 998
978 979
985 995
986 968
993 991
976 981
967 997
985 981
976 998
971 997
997 1000
982 991
972 984
987 984
970 986
983 983
973 995
972 992
990 994
971 996
979 972
971 991
986 983
981 984
988 997
972 999
975 1000
976 996
976 997
1000 976
985 983
995 984
989 994
979 998
990 989
983 990
971 988
989 971
976 990
995 976
997 995
982 988
994 994
981 983
973 1000
972 979
995 974
974 991
1000 982
980 991
982 987
989 974
987 977
979 993
982 978
967 1000
976 980
972 987
988 996
995 967
995 985
995 971
973 986
979 995
978 999
975 987
1000 995
994 970
973 984
977 990
977 988
982 984
983 996
994 988
982 996
977 981
967 992
979 999
993 973
981 973
974 985
989 977
980 975
974 998
979 980
971 981
994 993
1000 974
984 978
995 966
986 991
992 984
983 993
994 997
976 976
997 985
995 969
999 969
1000 965
977 993
989 972
981 993
973 979
999 970
995 970
981 989
976 993
992 974
966 997
995 975
993 974
992 986
976 986
967 989
1000 992
988 988
986 977
986 1000
990 970
990 978
982 986
984 998
994 980
999 995
971 989
999 997
1000 972
978 990
981 990
997 986
982 970
972 1000
966 996
985 993
988 969
997 993
975 999
998 975
993 976
992 970
978 1000
997 971
975 992
989 988
986 973
1000 997
995 997
985 992
994 991
993 980
998 990
998 995
985 985
993 993
975 977
992 981
977 977
988 995
998 1000
990 1000
975 976
987 993
975 985
983 985
984 981
999 989
1000 984
995 987
988 980
968 986
973 997
996 966
966 999
991 994
979 978
973 989
970 992
-1000 -1000
1000 987
979 987
997 999
988 990
987 969
984 991
990 999
985 999
994 984
996 969
974 989
982 993
986 980
970 997
981 981
999 979
990 997
984 975
974 993
978 974
991 988
985 988
995 980
1000 998
971 984
998 984
993 986
984 974
996 986
990 971
999 994
980 987
985 979
984 977
968 1000
980 989
978 994
983 992
976 975
973 999
979 990
976 984
986 979
999 988
982 976
983 971
992 996
984 976
984 990
974 992
971 986
987 990
991 998
990 973
985 994
982 980
985 998
991 987
982 995
996 970
981 988
991 969
982 992
997 988
993 983
984 988
982 999
968 988
970 994
975 983
979 986
998 967
989 968
978 984
988 982
989 995
998 985
984 983
979 989
997 979
984 969
999 985
996 980
1000 1000
986 976
992 978
977 983
974 986
991 978
968 994
978 976
1000 970
997 970
1000 968
998 994
982 977
996 984
977 975
966 993
985 974
999 986
985 986
986 986
975 994
978 997
970 989
980 996
978 992
973 998
