1000
997 980
987 995
983 976
978 990
968 994
989 996
999 966
970 996
987 978
979 990
979 976
998 983
985 977
998 968
996 971
981 980
998 966
987 979
986 983
989 999
969 991
999 967
992 968
987 969
975 979
992 979
984 979
998 970
974 986
996 967
977 997
971 989
990 967
989 1000
992 981
984 970
980 974
981 977
976 975
990 974
974 994
993 994
998 991
975 984
969 987
966 998
983 995
980 975
999 1000
990 986
981 998
984 980
988 973
981 972
978 983
1000 966
984 992
992 985
975 989
987 980
985 994
996 968
975 983
970 990
969 986
967 992
975 982
980 991
967 999
979 979
993 987
973 984
986 975
984 976
975 981
975 988
966 995
976 976
972 987
970 983
983 992
971 996
976 981
995 1000
969 995
999 971
983 981
990 993
982 975
977 1000
983 994
979 992
976 996
978 978
992 980
983 990
982 995
996 993
971 997
992 987
969 990
996 989
985 971
993 976
996 992
986 980
999 984
989 971
979 985
981 987
993 993
973 983
982 983
985 988
996 974
981 973
996 998
1000 998
988 974
994 992
991 967
967 995
982 980
973 989
982 981
976 994
991 974
995 977
983 997
999 974
991 977
971 992
989 978
978 980
993 968
990 989
992 999
974 993
991 975
988 984
992 998
967 997
999 986
994 970
971 988
982 974
992 994
976 995
997 985
987 988
983 973
984 995
994 969
981 1000
996 994
974 992
988 990
992 995
980 995
989 983
989 993
995 999
996 985
986 984
989 997
970 992
979 997
985 995
1000 967
992 992
1000 968
992 969
992 972
998 998
980 973
997 971
999 988
999 996
998 969
990 994
981 978
972 984
966 997
989 979
982 992
1000 997
991 979
986 994
1000 972
987 974
980 999
994 967
987 997
980 983
991 986
984 989
990 972
986 986
986 970
983 977
985 970
989 994
991 997
998 981
997 987
990 973
995 981
975 991
991 984
969 988
994 978
987 983
985 974
995 985
986 1000
976 986
967 990
988 999
990 1000
972 989
980 1000
984 973
974 979
990 988
993 999
980 994
966 999
981 988
972 986
994 981
989 973
993 1000
972 981
984 982
982 973
985 972
980 977
988 983
980 988
985 999
970 998
998 997
978 974
986 990
970 985
993 989
989 976
972 992
997 986
998 985
996 1000
988 982
983 971
995 986
982 997
994 994
995 991
979 998
994 988
990 992
977 981
990 969
993 972
1000 993
980 984
975 994
995 983
991 991
989 995
981 989
995 972
985 976
973 1000
988 991
983 985
974 984
985 979
977 996
992 973
994 987
986 998
995 980
972 996
996 978
983 980
978 976
991 985
982 985
993 995
975 980
998 974
973 991
977 999
1000 977
979 982
987 994
985 991
981 997
969 998
1000 999
982 976
978 982
987 996
985 973
992 996
979 975
967 989
970 1000
996 988
988 977
993 990
992 971
987 976
994 998
997 1000
980 990
999 978
978 989
987 991
975 992
998 1000
993 998
975 990
974 998
1000 990
996 984
998 978
995 967
968 991
994 984
968 997
995 971
989 988
974 980
997 989
982 977
990 985
974 977
972 983
984 994
988 998
967 996
988 969
968 1000
981 984
993 967
976 993
995 997
978 995
999 972
976 992
981 991
994 995
997 977
977 975
998 996
999 999
974 1000
998 995
994 974
995 987
1000 989
982 999
967 998
982 996
997 972
993 978
975 977
1000 1000
974 991
980 987
971 981
999 997
979 989
982 994
974 983
984 988
993 975
977 985
970 999
998 977
986 988
985 998
997 979
994 996
980 986
992 982
994 991
996 966
983 970
985 990
985 984
999 989
986 977
1000 976
985 985
980 976
985 975
995 979
981 999
976 997
978 985
977 989
984 996
973 980
997 988
997 982
995 970
990 970
988 985
997 996
1000 986
981 979
1000 974
999 980
979 996
968 987
986 987
998 988
975 987
989 968
995 994
985 992
998 987
998 990
992 988
990 982
987 993
999 991
991 976
979 988
996 982
989 986
981 990
992 976
966 1000
996 973
976 990
992 990
978 994
984 971
986 981
999 995
1000 991
973 996
987 982
986 968
969 996
993 996
994 971
971 994
989 989
978 979
986 978
999 983
992 970
985 997
967 1000
989 998
987 990
994 968
968 988
997 973
977 986
992 966
983 989
977 977
996 979
999 970
980 996
973 990
997 992
971 987
993 970
997 994
991 993
991 989
982 986
997 984
979 977
978 987
996 980
980 982
971 993
976 999
979 993
972 990
998 976
991 981
981 994
979 981
997 999
984 998
985 982
998 972
978 992
977 979
996 983
971 982
995 998
997 995
977 987
995 988
969 993
983 986
977 993
994 982
1000 978
991 970
982 1000
982 989
979 994
991 978
994 1000
998 982
989 981
970 984
994 986
996 976
968 986
973 982
997 993
993 985
976 991
995 969
970 986
997 970
989 977
993 966
977 990
978 998
986 999
991 999
993 980
999 993
971 990
980 989
1000 983
986 996
970 982
987 985
970 994
966 994
994 980
972 999
981 995
985 993
984 990
980 997
971 998
979 995
974 990
974 999
972 993
979 991
989 967
983 983
979 987
996 986
979 973
981 985
989 990
969 984
980 980
993 986
992 983
989 991
989 992
981 996
990 979
968 989
969 997
992 984
988 986
996 990
981 992
982 988
981 976
980 993
996 975
996 981
988 975
994 997
1000 984
970 989
976 984
989 987
977 994
979 986
992 993
987 984
971 983
982 979
983 978
991 980
980 979
985 980
996 969
970 988
998 994
997 968
984 984
997 976
990 987
999 976
977 991
988 997
973 995
972 998
983 993
988 992
994 993
990 991
972 991
977 974
991 998
978 981
978 977
973 987
993 971
978 999
965 1000
994 966
991 973
987 977
995 982
969 994
991 990
1000 981
977 995
997 991
999 973
981 982
997 966
986 993
993 991
992 991
1000 994
996 999
975 978
992 977
989 982
987 968
995 990
991 995
999 994
998 979
983 999
971 985
978 1000
976 1000
995 976
978 996
974 988
996 991
975 1000
998 973
995 966
988 988
994 979
985 996
997 975
973 988
976 979
979 999
976 989
984 978
985 983
986 997
997 974
983 988
998 999
985 989
977 992
985 1000
982 993
983 974
988 996
992 989
966 996
982 982
994 989
980 992
993 984
984 997
973 986
980 981
977 984
988 978
1000 971
981 971
988 989
990 978
993 992
982 998
969 999
998 992
984 975
974 997
975 996
999 985
966 992
996 987
977 980
975 985
984 981
995 973
999 979
978 991
986 991
999 981
997 969
996 995
984 969
984 985
971 1000
983 1000
969 992
999 968
976 980
987 999
987 1000
984 987
978 988
990 998
988 970
988 972
978 997
991 988
986 989
969 1000
982 987
988 981
970 993
976 978
996 996
997 998
983 979
993 982
989 985
1000 985
981 974
986 982
968 995
983 987
972 982
995 974
991 969
973 978
984 972
970 995
1000 969
998 986
1000 979
979 983
991 987
993 969
986 973
975 986
979 980
989 975
995 992
990 997
987 971
978 975
984 983
992 1000
990 999
998 993
989 972
972 994
990 971
993 979
984 977
998 967
990 983
973 997
981 983
974 996
973 992
974 982
979 984
995 995
1000 973
978 986
984 1000
995 978
990 981
969 985
991 1000
1000 987
986 985
967 991
972 997
973 993
991 996
995 968
999 969
990 995
980 972
993 988
992 986
989 980
982 970
993 997
986 974
989 984
970 991
973 998
988 995
988 993
997 978
982 991
995 996
1000 995
973 985
989 970
997 981
994 975
966 993
969 989
972 1000
988 968
976 987
985 978
983 975
973 999
988 1000
990 984
971 986
971 984
985 986
991 972
993 983
978 973
978 993
1000 992
990 976
983 972
990 977
973 979
1000 982
976 983
972 995
995 984
998 984
999 987
986 979
992 978
993 973
990 980
992 975
-1000 -1000
972 985
988 979
976 998
976 982
976 988
988 971
979 1000
972 988
992 997
986 972
968 999
999 975
980 985
984 993
982 978
990 968
991 982
988 976
982 984
971 995
994 983
975 998
971 991
983 991
970 997
977 988
986 995
994 977
999 990
977 983
987 972
1000 970
1000 -1000
970 987
979 978
990 996
984 999
987 989
985 987
995 989
991 968
975 995
984 974
979 974
973 994
971 999
977 998
984 986
980 998
995 993
998 980
981 981
996 977
985 969
973 981
985 981
994 976
998 975
977 982
997 997
993 981
978 984
986 992
981 993
987 975
974 989
990 975
986 976
986 969
980 978
999 977
982 971
983 984
974 981
994 985
991 971
999 998
987 970
995 975
983 982
968 992
975 999
987 987
987 998
983 998
981 986
988 994
996 972
987 992
981 975
982 972
974 987
967 993
982 990
977 976
976 977
994 990
996 997
999 982
977 978
993 977
1000 996
994 972
975 976
998 971
972 979
997 990
974 995
-1000 1000
967 994
991 983
972 980
991 994
996 970
976 985
1000 988
991 992
992 967
997 967
987 981
1000 975
968 993
989 974
990 990
987 986
974 985
997 983
975 997
994 973
974 978
987 973
992 974
1000 980
975 993
984 991
986 971
993 974
989 969
968 990
968 996
983 996
994 999
988 980
999 992
998 989
988 987
968 998
