1000
969 992
990 998
986 998
996 988
989 981
996 982
998 980
989 976
968 998
974 984
1000 999
991 984
999 997
969 986
976 985
986 993
973 978
979 973
972 999
979 993
978 988
984 999
989 999
983 981
993 968
977 995
989 1000
991 977
978 985
985 987
1000 980
998 991
993 993
982 989
996 981
979 985
969 996
979 984
988 992
987 982
981 997
983 975
971 981
989 971
985 985
988 973
977 985
986 991
978 991
989 992
993 971
987 986
993 979
990 988
991 978
983 988
982 997
978 974
972 996
978 975
991 979
970 989
988 972
990 967
985 979
994 966
977 979
979 991
982 991
992 999
990 984
975 980
971 990
993 995
984 993
999 981
997 989
997 977
1000 982
983 991
973 988
983 972
981 985
975 998
977 989
988 968
993 980
998 967
996 976
998 992
981 991
988 970
999 973
980 991
975 996
980 986
991 983
999 966
992 983
971 988
986 968
987 970
997 992
992 974
1000 993
997 993
974 980
994 969
974 992
995 995
992 996
985 993
986 979
993 986
982 970
973 982
982 1000
975 986
1000 -1000
983 1000
982 983
969 998
988 995
975 981
973 998
992 986
989 995
987 996
982 986
971 986
986 984
983 971
969 988
972 985
990 970
977 992
983 999
999 979
985 988
984 981
976 981
979 1000
983 976
971 991
1000 992
986 999
993 970
986 978
999 985
976 991
975 999
980 998
966 1000
988 974
999 977
992 970
972 989
994 981
981 977
972 987
974 977
989 990
975 1000
982 985
978 983
990 969
995 996
998 979
983 986
980 993
998 997
982 976
998 987
998 970
987 976
986 975
988 979
969 985
995 977
991 971
996 987
994 975
979 999
969 991
981 982
987 1000
999 993
981 993
1000 970
1000 994
976 994
986 981
993 985
972 992
998 966
972 998
967 994
982 992
998 990
993 972
976 1000
968 987
968 999
974 989
988 987
996 983
990 978
993 987
982 987
997 987
973 999
982 971
997 997
983 982
994 989
990 974
985 997
989 983
973 1000
989 977
984 977
989 996
986 996
986 982
973 996
968 990
1000 1000
975 978
988 993
995 975
978 990
997 969
969 990
979 976
986 986
986 980
991 995
969 987
1000 995
979 974
996 995
991 968
984 979
978 980
967 992
996 999
991 988
994 987
972 980
992 966
975 991
975 984
983 992
997 985
989 979
1000 968
975 988
990 981
996 986
988 996
991 975
987 990
999 994
993 977
987 995
971 994
989 993
980 995
977 998
979 983
998 974
994 990
988 986
988 980
982 979
982 990
994 994
993 974
982 995
996 996
997 995
984 978
968 986
978 978
987 991
988 1000
980 981
995 981
994 979
979 990
1000 977
995 980
971 982
995 991
996 989
990 979
992 989
985 995
1000 976
968 997
995 968
992 973
997 999
992 968
970 998
974 998
990 971
972 990
970 995
995 978
995 998
994 978
997 984
996 978
990 977
992 987
991 974
990 999
989 985
990 990
992 981
1000 998
977 977
984 990
997 991
987 980
1000 967
1000 975
990 991
986 987
971 995
980 982
989 968
989 994
991 994
998 977
991 993
987 989
967 989
977 975
999 971
981 996
980 980
992 971
994 986
973 987
970 990
970 993
981 987
993 988
978 998
981 974
991 970
985 973
998 999
995 992
971 983
995 990
988 975
994 976
993 998
980 975
991 996
987 998
986 990
990 982
980 974
984 988
989 991
998 998
977 996
981 973
972 993
988 989
974 1000
987 999
988 969
970 991
980 996
988 994
977 990
976 993
985 983
967 999
974 999
992 969
978 989
977 984
972 982
997 994
965 1000
995 979
992 993
967 996
996 975
982 993
997 979
983 984
990 972
988 997
999 991
973 985
975 990
986 995
998 1000
977 1000
977 980
984 996
999 990
995 982
996 966
973 992
976 975
987 968
991 985
996 974
981 989
991 967
986 988
979 992
972 995
972 994
997 982
992 997
974 985
979 996
973 986
990 1000
995 997
994 993
986 974
994 980
998 989
987 973
984 971
988 981
969 989
996 969
998 994
984 994
978 984
984 987
986 992
973 994
984 982
989 972
992 992
997 983
985 992
1000 978
973 991
980 994
994 991
994 974
972 983
969 997
984 998
977 976
999 967
994 985
971 985
987 979
990 975
991 973
973 981
998 983
981 971
998 985
975 989
986 985
987 994
968 992
1000 989
988 977
978 987
985 998
983 987
976 988
985 971
997 972
981 979
976 977
983 997
985 986
974 991
984 983
974 990
995 993
984 997
992 967
993 976
998 996
981 976
966 994
985 969
991 986
992 977
985 984
993 981
992 975
995 1000
988 971
979 979
993 978
968 994
999 976
1000 983
985 975
975 982
974 982
971 984
973 995
993 999
973 997
999 969
997 980
990 985
989 980
994 996
980 979
977 997
998 984
1000 969
999 968
998 972
995 999
975 983
969 999
979 997
982 978
976 980
983 994
993 975
989 967
998 968
976 976
999 980
1000 971
970 997
980 985
970 992
993 1000
994 977
971 987
970 986
983 995
984 989
991 997
996 979
995 986
982 980
997 986
980 987
998 995
986 976
981 983
978 994
994 997
972 981
998 969
993 991
976 979
974 981
995 966
978 979
982 984
988 999
1000 979
988 984
1000 990
981 988
990 973
987 978
984 985
997 974
994 999
997 981
992 978
986 973
988 988
976 997
976 978
989 974
993 982
985 991
991 981
990 996
985 989
1000 997
971 998
986 971
988 978
979 988
975 985
-1000 1000
982 975
966 996
1000 966
989 997
997 973
995 967
997 970
999 970
981 994
990 997
980 983
990 976
986 1000
993 996
985 977
989 970
998 981
999 987
981 984
997 971
987 984
981 975
977 994
983 989
980 984
995 970
979 989
979 978
978 976
998 975
983 985
979 994
974 986
997 975
975 994
974 983
978 986
973 993
979 986
980 999
994 983
995 972
968 991
979 982
975 997
977 999
995 988
966 999
985 980
975 995
985 999
989 987
991 990
979 995
990 983
988 976
985 974
983 983
967 1000
971 1000
968 995
996 991
981 1000
991 992
995 984
995 983
985 994
982 999
996 972
999 972
972 988
984 976
985 996
974 979
982 996
984 975
987 969
983 979
992 972
980 989
973 980
993 984
981 981
982 977
1000 985
990 994
994 971
999 983
991 969
999 996
985 970
1000 996
969 1000
981 990
998 976
991 998
990 968
1000 974
978 997
976 982
999 998
977 987
991 987
991 982
989 989
976 998
994 968
997 968
977 981
976 986
992 994
990 980
997 996
970 988
990 986
982 972
977 993
992 980
966 992
987 981
989 973
993 989
972 997
969 993
967 990
980 997
971 992
996 971
981 980
980 992
996 984
993 967
979 998
983 973
991 972
981 995
982 994
983 977
972 986
997 966
973 989
974 988
988 998
970 983
981 992
973 983
995 974
987 977
967 995
995 987
966 993
997 998
970 984
994 967
978 993
993 969
983 993
987 985
984 1000
993 983
993 966
978 977
984 986
997 967
984 992
987 992
968 988
997 978
996 990
1000 973
976 996
986 983
999 984
990 992
993 992
994 995
991 991
995 985
975 977
978 999
974 994
977 988
967 993
984 972
988 983
975 993
998 971
985 982
984 973
996 992
979 981
974 996
991 980
979 977
982 998
999 992
987 971
992 982
969 994
996 968
970 1000
970 996
988 985
983 990
984 970
993 997
973 979
987 983
975 976
966 995
1000 986
981 999
994 972
990 993
987 974
971 999
976 983
996 967
987 975
992 995
984 995
985 1000
980 978
971 993
999 982
995 971
986 977
994 988
998 978
980 976
967 997
973 984
973 990
974 995
967 998
975 987
-1000 -1000
986 997
991 989
996 1000
978 1000
981 978
995 994
970 987
993 994
968 1000
985 972
979 987
978 973
971 996
980 1000
977 986
998 973
995 969
987 987
977 974
976 990
989 984
999 1000
978 992
994 984
994 992
974 978
981 972
968 996
976 984
988 991
984 969
983 974
986 969
983 978
969 984
977 982
986 989
987 972
976 992
997 1000
991 976
968 989
999 999
970 982
988 990
980 977
998 982
992 988
976 989
992 990
992 991
991 999
989 978
989 988
996 998
994 970
1000 981
996 993
984 980
982 974
989 986
998 993
985 978
987 988
992 976
997 990
978 995
999 974
971 997
992 1000
999 975
995 973
998 986
974 997
970 985
996 973
969 995
996 985
997 976
992 985
989 975
993 990
996 977
994 982
990 989
986 994
978 981
999 978
982 982
976 995
970 999
998 988
975 979
977 978
995 976
0 0
972 984
971 989
987 997
983 970
991 1000
979 980
983 998
992 979
976 999
980 973
984 991
977 983
999 988
990 995
976 987
972 991
989 982
987 993
999 986
982 988
999 995
986 972
996 980
980 988
974 993
981 998
989 969
990 987
1000 987
978 982
992 984
1000 991
970 994
981 986
982 973
982 981
985 976
996 997
985 990
988 982
977 991
996 970
1000 988
983 980
997 988
980 972
994 973
996 994
980 990
984 984
1000 984
966 997
986 970
994 998
993 973
978 996
972 1000
975 992
992 998
968 993
979 975
989 998
995 989
983 996
985 981
966 998
974 987
984 974
994 1000
999 989
967 991
1000 972
