1000
984 986
992 990
968 999
991 993
994 971
998 994
975 997
969 995
991 974
-998 1000
998 976
995 990
992 996
981 995
980 986
976 988
979 985
990 995
979 973
974 1000
967 991
988 974
972 997
978 977
983 981
991 999
986 985
981 997
986 998
995 993
976 1000
996 975
992 997
974 992
989 998
996 998
991 970
973 996
-998 998
985 972
980 977
990 970
981 982
972 985
-1000 999
1000 971
993 975
973 997
982 983
995 1000
996 974
974 997
982 998
976 994
999 982
993 972
989 970
1000 973
992 1000
982 999
990 987
984 995
983 979
997 977
992 969
988 993
983 998
978 983
980 973
998 1000
991 989
994 972
986 982
1000 999
981 993
989 990
-1000 -997
998 -999
1000 975
980 996
978 1000
974 982
991 995
987 993
981 979
997 972
998 979
994 994
999 -998
979 991
994 992
995 971
995 980
999 976
987 998
990 979
966 996
981 975
990 971
976 985
996 976
979 996
988 982
988 971
970 993
-1 0
985 986
998 -998
979 986
980 991
982 978
969 991
998 -1000
997 975
988 984
987 978
981 1000
982 991
987 997
976 983
992 983
977 999
982 976
991 967
-1000 1000
983 978
999 997
-998 -998
980 975
994 988
975 987
969 999
985 1000
968 998
986 969
992 979
988 996
988 995
970 991
996 996
990 981
996 994
994 969
990 990
967 994
-1 1
981 980
983 985
973 982
986 981
996 993
983 990
969 992
1000 981
985 981
993 996
1000 970
996 999
975 977
998 974
980 999
987 990
980 998
994 986
983 995
967 992
997 978
971 989
977 985
1000 -999
984 989
972 994
-999 1000
996 989
981 983
988 968
986 983
988 972
981 974
989 988
992 974
981 998
999 985
998 991
988 991
997 968
977 998
994 977
998 969
997 993
990 996
987 991
987 987
972 1000
988 969
985 989
980 997
973 1000
970 1000
987 982
995 987
982 992
968 990
1 0
971 1000
978 992
966 999
986 972
994 979
975 995
988 998
1 1
986 976
972 993
997 967
998 970
996 988
991 971
972 991
970 998
989 999
993 997
983 997
997 988
967 995
969 988
978 998
-999 998
982 996
987 999
996 970
992 987
-998 -1000
987 994
997 982
-1000 -999
992 985
1000 997
976 986
999 970
974 985
977 1000
994 999
972 995
-999 999
996 992
970 986
993 967
986 991
984 970
988 978
1000 972
980 981
980 989
1000 992
987 996
973 993
988 979
974 999
990 994
980 990
995 992
980 980
997 -1000
998 981
976 987
1000 990
984 980
1000 1000
978 976
995 983
982 977
989 981
992 970
981 991
981 977
990 978
999 975
989 973
972 987
989 991
1000 984
970 992
995 969
988 990
992 976
997 979
973 986
983 994
986 992
983 971
976 990
968 991
994 987
978 975
984 975
990 999
999 995
974 988
993 999
984 973
978 981
977 988
993 983
984 971
971 996
974 987
981 996
998 972
981 999
984 977
994 975
996 971
997 973
993 974
988 975
995 986
977 987
971 991
977 991
993 994
997 997
978 996
972 984
973 991
1000 982
996 972
985 971
995 996
998 987
995 972
995 997
986 978
973 984
991 986
1000 968
990 992
990 984
983 984
979 984
998 993
976 978
991 983
987 971
980 974
984 979
994 968
998 995
1 -1
999 998
991 991
971 998
998 996
991 990
968 997
991 980
981 984
981 992
989 996
982 993
973 987
994 990
977 994
997 986
979 993
979 983
999 -999
967 996
997 990
992 986
981 976
984 982
989 994
990 986
977 989
974 995
969 986
997 980
983 987
989 974
974 990
1000 998
992 972
970 995
998 984
970 997
989 969
994 982
986 974
985 990
997 996
976 997
994 976
977 980
0 0
987 985
-1000 -1000
992 971
989 980
971 988
993 998
992 982
991 972
999 993
991 996
987 979
988 977
994 973
968 996
987 983
978 987
995 976
972 989
-999 -998
980 992
993 990
991 969
971 983
971 997
988 985
984 994
994 978
984 981
977 983
999 980
999 1000
987 995
997 989
999 974
968 993
996 997
970 990
983 983
985 993
993 981
986 996
1000 -1000
973 981
996 967
987 986
978 978
989 968
996 990
996 968
992 981
1000 985
984 976
998 982
978 980
971 994
999 966
971 985
988 983
996 987
984 997
972 992
995 981
1000 966
980 982
983 1000
976 977
985 978
978 984
974 994
989 972
973 983
981 994
981 986
975 1000
998 986
973 988
979 975
998 966
985 994
977 992
979 998
969 1000
985 998
987 988
989 983
997 985
-1000 -998
971 993
982 973
976 992
996 973
989 984
985 973
-998 -999
984 974
975 993
972 986
983 980
997 983
970 994
966 997
983 996
982 982
1000 974
989 987
978 999
994 997
987 1000
998 983
982 995
975 992
992 998
984 996
983 988
995 968
994 974
972 990
992 977
996 985
986 975
976 979
995 977
-998 999
969 990
996 969
989 977
981 973
974 986
985 970
990 989
986 993
975 989
987 992
990 974
986 997
994 995
999 992
998 980
992 988
999 986
976 995
969 996
982 980
984 999
978 979
997 992
977 977
984 985
979 982
979 979
967 998
993 992
987 975
983 975
1000 994
993 985
986 1000
1000 987
995 999
987 989
997 1000
997 966
980 976
986 971
966 1000
967 999
980 987
1000 -998
999 984
982 971
985 982
973 994
991 978
986 995
987 970
994 993
981 989
989 989
979 987
995 973
989 975
993 987
991 994
985 977
992 992
970 988
-999 -999
981 990
995 988
992 980
970 999
979 976
983 991
990 968
989 971
1000 995
0 -1
983 974
-999 -1000
983 989
977 981
971 986
972 999
999 -1000
989 997
968 989
994 1000
999 967
972 981
988 992
987 977
994 983
979 974
999 988
980 988
967 997
995 985
971 995
999 972
984 990
978 997
980 983
997 976
973 985
976 989
975 991
998 973
998 978
971 984
999 981
985 991
998 999
990 977
975 988
991 997
994 981
994 980
996 986
978 982
985 988
997 995
982 1000
986 977
992 968
985 999
998 988
1000 983
979 994
975 978
986 999
988 999
992 994
997 971
993 976
983 993
999 971
976 993
992 984
975 984
989 986
977 993
976 999
967 993
967 1000
994 970
994 998
966 998
981 987
977 982
988 981
977 975
986 990
998 998
989 979
992 989
983 972
968 988
990 976
996 979
979 977
993 995
990 969
991 998
984 978
971 990
974 980
987 974
997 984
999 990
999 983
985 995
980 1000
970 989
968 995
968 992
977 996
978 991
984 987
968 994
969 994
995 975
998 997
998 992
993 977
1000 996
999 977
974 989
993 969
975 985
980 993
979 980
991 982
985 996
980 995
975 996
992 973
995 974
976 981
986 994
986 988
988 994
997 974
990 997
995 978
982 994
992 978
999 991
989 992
991 981
982 989
987 984
1000 967
989 1000
993 1000
992 999
992 993
994 967
-1000 998
974 981
976 998
996 980
993 984
1000 989
985 985
988 973
995 979
979 999
994 984
969 993
990 985
997 991
993 970
988 1000
983 973
993 986
988 986
999 996
989 978
973 992
990 988
978 986
976 984
991 968
985 975
973 980
984 972
983 976
986 986
990 991
998 985
980 978
990 982
984 998
1000 993
991 977
974 978
994 991
1000 977
1000 988
991 987
994 989
996 978
987 980
997 981
995 970
990 998
975 980
995 982
988 976
-1000 997
974 991
979 981
979 989
995 989
980 994
985 979
988 987
990 993
991 979
982 975
975 979
984 1000
996 1000
998 990
983 986
995 991
987 973
987 969
977 995
984 991
995 994
989 995
982 984
988 970
991 1000
985 976
998 967
-2 0
990 1000
993 989
973 979
974 993
985 997
968 1000
977 984
992 967
970 984
996 995
974 996
993 993
989 982
981 972
990 980
972 982
973 998
993 973
1000 976
991 988
1000 991
994 985
970 996
978 988
974 998
1000 979
999 978
992 991
993 968
983 999
997 970
1000 980
986 973
977 990
998 975
982 987
969 989
979 997
977 976
984 983
982 986
982 997
971 992
995 995
989 993
981 985
998 968
975 994
980 979
999 968
973 995
981 988
993 979
996 984
991 976
999 973
991 992
990 973
993 988
988 989
999 987
1000 986
995 967
997 999
983 977
1000 969
993 980
999 999
972 998
975 999
979 990
976 976
973 990
989 985
998 989
990 975
969 987
982 974
997 987
995 984
977 979
985 974
997 998
991 984
969 997
981 978
975 986
986 979
977 997
996 991
976 982
979 988
974 984
998 977
982 990
988 997
975 983
980 984
978 993
989 976
997 994
988 988
973 999
975 981
996 981
984 993
991 975
981 981
976 991
983 982
991 985
984 988
971 987
984 992
978 989
987 972
986 984
976 996
970 985
980 985
1000 978
990 983
982 972
985 992
995 998
-1 -1
979 978
972 988
999 969
979 1000
982 988
972 983
977 978
986 980
979 995
996 982
972 996
988 980
992 995
969 998
999 989
990 972
982 981
983 992
978 990
993 971
982 985
978 994
986 970
999 994
993 991
985 980
984 984
971 982
999 979
986 989
974 983
974 979
985 983
987 976
998 971
977 986
979 992
978 995
0 1
993 978
986 987
975 998
991 973
970 987
993 982
997 969
987 981
975 990
982 979
971 999
975 982
973 989
996 983
985 987
978 974
976 980
992 975
996 977
994 996
985 984
978 985
