1000
989 989
1000 978
984 987
993 988
-991 -1000
973 983
993 998
967 996
987 985
996 977
975 980
-997 -998
982 982
-993 -994
-997 -993
997 977
974 993
995 971
981 998
993 982
995 973
984 973
976 996
-995 -1000
995 993
980 989
1000 993
986 971
973 997
984 990
970 991
997 998
985 996
984 978
990 972
-998 -994
980 985
-992 -996
979 978
986 977
973 988
990 1000
992 969
-994 -999
988 1000
978 977
-998 -996
998 998
993 1000
997 975
983 986
-995 -998
996 990
-995 -999
971 998
979 991
993 979
969 989
991 969
1000 990
999 976
990 993
-990 -998
-1000 -1000
981 994
1000 994
990 997
995 988
969 991
982 986
998 970
988 987
985 972
991 978
976 988
995 1000
982 987
984 995
971 993
971 992
983 983
972 996
983 998
989 976
985 976
985 992
996 988
998 984
981 990
993 991
998 993
974 1000
992 968
988 977
972 987
974 986
981 986
993 996
970 996
983 991
-996 -996
973 990
995 987
973 993
989 986
982 989
989 982
-997 -992
984 980
970 986
1000 998
995 985
988 984
986 997
987 972
980 980
998 976
998 975
974 991
971 988
978 987
999 973
990 999
-997 -990
984 985
992 979
995 998
969 1000
993 994
988 972
970 1000
996 981
971 985
982 997
1000 997
968 995
994 988
998 992
988 971
970 995
997 969
-996 -999
-998 -992
999 968
989 994
971 986
987 987
981 995
984 976
984 992
-998 -1000
982 998
994 998
990 996
995 976
983 984
997 986
-994 -1000
984 984
976 998
989 996
-993 -997
997 982
976 987
972 1000
994 969
977 986
991 989
968 998
996 972
976 1000
-992 -995
995 991
-991 -996
990 982
973 984
980 977
984 982
976 979
980 997
995 969
990 986
998 972
979 982
-999 -996
971 999
980 982
975 981
996 968
997 993
973 991
-996 -1000
-1000 -992
1000 991
989 981
970 993
986 976
979 994
-994 -994
991 995
994 977
989 997
978 992
985 984
1000 989
980 991
-1000 -998
991 973
983 990
998 991
994 991
1000 983
1000 996
970 989
985 999
1000 984
974 988
-990 -997
988 997
992 988
-998 -999
992 999
979 987
998 989
974 997
991 998
995 999
991 985
992 974
974 999
986 984
987 998
993 971
984 999
995 997
982 991
973 1000
986 982
980 984
998 996
983 996
985 995
978 986
989 985
-997 -996
991 972
979 981
990 971
973 992
990 978
980 993
996 971
992 972
994 986
973 996
998 967
995 979
989 999
998 987
979 979
972 994
972 983
979 976
982 981
994 974
992 1000
978 990
995 981
996 987
980 988
975 986
971 984
974 984
999 988
971 989
988 985
985 975
985 994
-990 -999
993 968
982 975
986 994
981 976
991 970
987 988
997 976
986 978
991 996
970 987
992 981
990 985
995 978
992 998
979 999
998 968
987 975
980 998
999 994
973 995
979 986
1000 973
985 998
987 971
-995 -991
987 984
995 992
984 997
974 983
976 983
980 995
995 984
975 988
984 977
989 995
986 991
992 984
992 983
986 975
979 995
997 991
972 986
983 988
989 980
985 983
999 983
988 998
1000 980
975 982
972 992
1000 970
972 984
973 989
991 994
994 999
997 971
986 999
983 978
982 992
994 981
-993 -992
999 982
977 977
981 979
977 997
975 979
987 992
975 995
999 981
999 972
986 986
990 998
992 980
-1000 -994
987 970
1000 981
976 991
972 989
981 980
-996 -995
993 970
-999 -998
-991 -998
983 973
-991 -997
970 988
974 980
975 991
-997 -999
-991 -995
981 975
993 984
991 983
993 989
985 982
1000 972
-999 -990
990 981
994 992
991 977
991 988
993 990
973 994
996 995
973 982
981 988
977 989
973 981
997 967
977 981
984 993
979 989
974 996
991 999
-998 -990
-994 -997
988 986
1000 995
994 973
968 992
991 997
980 983
990 994
991 976
981 981
975 987
978 978
977 993
-1000 -999
987 997
-998 -991
983 980
991 993
-996 -997
992 997
999 992
982 996
970 992
982 999
998 977
-999 -999
975 996
992 977
995 994
976 997
994 978
977 998
988 980
1000 976
980 996
980 994
-995 -997
987 1000
979 983
999 989
-993 -993
994 984
1000 988
995 989
991 974
987 991
999 979
983 995
983 987
-992 -993
968 999
990 989
978 988
979 992
986 995
984 986
975 989
969 993
994 995
980 976
999 984
998 999
986 992
989 971
978 995
995 982
990 988
990 992
994 972
973 999
-999 -991
999 995
981 1000
971 994
-999 -995
991 979
993 977
978 1000
978 983
978 989
979 980
996 978
989 979
984 998
-1000 -993
987 986
981 978
989 978
990 984
977 994
985 973
-992 -999
986 988
997 970
991 991
994 994
979 996
973 985
991 982
992 995
978 993
981 973
993 999
-997 -994
985 980
998 982
968 993
976 985
984 989
969 998
994 990
981 983
-998 -993
1000 971
993 997
977 990
970 998
971 991
-994 -996
989 983
-999 -994
993 969
991 992
977 996
998 983
974 989
996 980
985 971
967 1000
982 980
999 999
989 984
977 992
996 969
-997 -997
986 974
999 987
995 980
998 985
992 993
992 992
988 976
988 981
998 995
976 999
979 985
987 977
985 1000
988 989
-999 -992
980 981
994 971
969 994
992 970
979 997
975 998
983 981
998 969
-1000 -990
967 998
998 974
988 992
-999 -993
989 970
-995 -994
987 980
986 998
-994 -995
977 1000
986 983
986 980
999 991
988 970
974 994
993 986
983 979
988 982
-993 -996
993 974
996 983
982 985
974 995
-992 -994
-994 -992
977 995
984 996
999 969
989 1000
982 976
972 993
998 1000
985 993
992 990
996 976
970 997
985 991
994 980
-995 -996
979 988
992 987
982 977
1000 974
989 977
982 983
975 994
990 975
989 992
993 992
996 975
986 970
996 979
-1000 -996
973 986
992 975
984 983
994 979
990 980
990 969
988 978
983 985
970 994
972 997
970 999
991 971
992 978
969 992
996 996
998 981
981 982
988 994
996 973
974 982
990 990
982 1000
984 974
971 990
-1000 -991
997 968
980 978
983 972
987 993
976 986
968 991
997 987
993 972
981 984
984 1000
987 990
996 992
1000 1000
992 973
997 1000
998 971
-996 -998
989 991
978 976
972 998
999 967
985 979
996 1000
974 981
999 971
968 994
1000 975
981 993
972 985
1000 968
993 975
992 976
974 998
993 978
978 996
986 979
986 985
1000 985
981 997
968 1000
981 977
-997 -991
995 968
977 988
991 980
994 968
973 987
994 983
989 990
995 990
987 981
998 979
975 985
983 977
977 978
995 977
988 983
995 986
998 978
973 998
987 999
-995 -992
992 994
984 971
995 974
-996 -991
986 993
977 984
971 996
978 999
977 987
969 996
997 994
990 995
992 986
981 992
992 996
989 998
972 988
991 975
994 1000
998 980
1000 986
-997 -995
998 988
995 970
978 980
983 974
990 973
979 984
994 987
996 984
999 970
1000 977
986 996
982 979
976 994
988 996
-997 -1000
974 987
980 999
985 974
977 991
987 989
-994 -998
999 990
983 992
996 989
-993 -999
972 995
987 982
997 997
-993 -995
998 986
996 982
997 992
999 980
-991 -999
986 973
978 982
983 982
982 984
984 981
972 999
991 1000
976 984
999 997
996 970
987 978
985 988
997 999
982 994
997 980
983 989
982 990
978 991
984 991
-996 -993
993 980
978 998
980 1000
978 979
994 970
978 997
998 997
972 990
1000 969
-1000 -997
978 985
978 984
995 972
993 983
984 994
986 972
997 990
997 974
983 975
996 998
990 991
975 997
982 978
-992 -997
987 995
996 993
981 985
994 996
999 1000
995 983
988 975
979 1000
981 996
985 987
-998 -998
975 983
994 993
976 982
986 987
984 972
980 987
977 979
969 990
987 976
998 990
989 972
988 979
988 993
986 1000
983 1000
999 996
977 985
983 976
989 988
974 985
-993 -998
1000 987
975 999
993 993
975 990
-993 -1000
976 981
977 999
980 992
993 981
992 985
967 997
993 987
975 993
1000 979
994 997
997 989
981 974
998 973
991 984
985 986
991 981
991 987
985 985
-995 -993
996 974
987 983
993 976
977 982
999 975
997 985
999 993
992 971
998 994
971 1000
979 990
982 988
993 973
990 979
-996 -992
976 995
980 979
979 977
984 975
985 997
994 982
982 995
979 993
997 996
974 990
990 976
-998 -995
985 978
994 976
978 994
988 991
997 973
990 983
-1000 -995
969 995
995 975
977 980
976 990
999 974
971 997
987 974
990 987
996 991
990 977
988 974
992 991
987 973
999 998
992 982
989 973
992 989
984 988
986 990
971 995
988 999
994 989
1000 967
986 981
987 994
985 989
984 979
976 980
997 995
967 999
988 973
980 974
-999 -997
975 1000
989 987
976 993
-992 -1000
987 979
993 995
989 969
969 997
968 996
983 997
995 996
-996 -994
989 974
980 975
976 978
999 978
-990 -1000
980 990
987 996
997 978
975 984
974 992
-999 -1000
994 975
993 985
989 975
980 986
997 979
983 993
981 987
997 988
988 995
968 997
981 989
985 977
989 993
991 986
994 985
996 985
970 990
-994 -993
997 981
997 983
972 991
982 974
990 970
977 983
979 998
996 999
999 986
983 994
969 999
971 987
975 992
981 991
1000 999
978 981
986 989
983 999
985 990
999 985
-995 -995
999 977
996 997
976 989
982 973
1000 982
996 994
982 993
991 990
988 990
985 981
981 999
988 988
997 984
976 992
1000 992
-992 -998
979 975
-998 -997
996 986
997 972
995 995
990 974
