1000
981 990
-999 997
993 997
998 -994
983 980
984 985
980 990
976 987
998 -998
999 -997
993 991
993 -995
991 979
990 973
990 989
995 989
-1000 -998
993 -1000
-993 -995
983 992
-1000 -999
-1000 1000
999 -996
993 981
-995 -995
989 997
981 983
998 995
1000 983
974 992
986 990
1000 -990
987 986
-993 -994
994 993
991 985
-991 999
977 992
991 974
-999 -996
996 -1000
-994 1000
991 995
995 -994
988 975
987 991
989 985
989 984
992 -997
985 997
987 978
1000 993
978 997
983 985
996 987
-991 -995
977 999
998 -1000
991 976
1000 996
995 981
984 979
998 977
987 997
998 -995
998 975
-996 994
988 985
992 986
990 975
-997 999
991 990
991 984
978 996
995 991
978 998
984 987
996 993
972 998
978 991
-997 991
997 -996
988 997
983 986
988 983
980 986
987 985
986 978
978 984
996 980
987 979
982 985
977 994
989 980
987 994
-994 995
-992 -1000
995 -998
992 982
992 985
997 -995
995 978
998 973
986 991
-1000 -990
990 983
-995 999
-1000 994
998 996
974 991
-993 994
998 976
993 -998
996 994
974 999
994 984
984 976
-1000 -993
-1000 996
977 985
994 -994
-997 -999
1000 973
991 991
980 999
980 988
981 987
-994 993
986 997
990 -999
-996 -992
1000 981
983 1000
982 978
-991 -998
996 982
-992 -995
995 984
991 998
990 -998
-992 997
987 999
994 992
-1000 -991
-998 998
975 996
997 992
985 986
995 -991
-998 -995
1000 975
994 982
1000 974
989 975
-998 990
-993 -996
994 977
1000 980
999 -999
1000 976
987 984
992 974
988 996
975 994
975 999
987 983
989 996
992 998
-991 -999
995 999
999 997
992 -999
976 985
993 998
-996 -993
997 990
979 987
981 985
988 978
-997 996
997 972
989 998
972 995
990 990
978 995
996 975
-998 -997
998 -992
983 995
995 998
999 981
-997 997
985 991
972 1000
978 986
-999 1000
994 985
985 976
990 -997
993 996
995 977
989 974
-999 -1000
996 979
982 988
978 989
1000 -995
-993 992
993 988
976 998
981 993
979 996
977 990
994 986
991 1000
984 978
-1000 992
978 985
-999 -990
996 973
997 -994
-1000 997
988 999
984 986
976 999
980 981
-992 996
-999 -993
979 984
983 981
-997 -995
991 987
985 985
-993 998
-991 997
993 999
993 986
999 978
983 998
-999 994
990 982
1000 988
991 992
-994 997
992 -994
-1000 991
-993 1000
976 996
981 997
-995 994
-996 -997
975 995
998 988
986 985
978 983
999 -992
983 982
998 994
992 994
989 987
997 994
986 993
-995 998
987 996
983 991
-998 -991
973 996
978 992
998 978
-993 -999
994 -1000
983 989
999 977
-991 996
996 -997
988 977
990 992
996 972
975 992
-990 1000
992 987
979 994
973 990
989 983
1000 986
-994 -994
998 991
994 974
975 993
-992 -997
985 983
-999 992
-994 992
997 985
990 974
979 991
-996 997
974 996
999 1000
992 989
985 988
982 982
991 983
982 1000
984 992
-996 -994
-997 -994
990 991
-1000 -994
-998 996
986 984
995 -997
-1000 995
994 -995
-999 -991
996 995
-998 1000
-992 994
-992 999
998 1000
983 983
999 989
988 974
998 980
971 998
996 998
984 997
986 989
998 -990
995 992
996 990
994 999
994 988
1000 -993
997 993
978 1000
997 -1000
977 989
-995 -999
-994 -995
995 -996
-995 1000
980 997
992 -995
995 982
998 971
989 993
989 989
995 974
990 996
988 988
983 990
992 997
-999 -994
990 -1000
996 -996
986 986
999 988
983 999
975 985
-993 993
-991 -1000
-994 998
997 -992
973 991
985 978
1000 -998
981 996
-994 -998
983 988
999 -991
996 985
985 975
-992 -999
998 -997
991 -999
991 -996
-999 -997
993 974
986 1000
996 -992
-997 998
976 991
-995 -997
984 982
983 984
-993 999
-990 -997
-999 995
-994 996
1000 -992
999 994
-997 992
999 983
-999 -998
980 993
988 979
-996 -991
991 986
979 982
-998 -998
990 998
997 991
993 994
984 984
980 989
995 980
-993 -992
977 984
992 -998
985 987
-997 -998
989 976
986 992
991 -995
974 989
-996 -1000
-997 -1000
-996 998
984 977
-998 997
996 992
977 1000
979 989
990 978
1000 978
985 977
981 998
986 994
971 997
992 979
996 -991
-997 990
998 981
-996 993
990 994
994 989
985 993
991 989
995 990
-991 1000
993 984
980 980
994 975
995 972
-999 996
991 977
-990 999
997 986
974 997
-998 993
999 -995
974 994
997 979
-993 -998
-999 -999
993 -992
999 984
976 993
982 981
993 972
997 977
979 988
991 -998
1000 -996
982 995
997 996
990 987
973 992
984 999
972 999
-997 -990
998 993
-1000 -997
-990 997
979 981
986 996
983 994
996 -999
976 984
987 1000
998 992
-995 -993
985 992
996 999
985 1000
991 988
-990 -999
993 977
992 -1000
987 980
987 993
995 -995
-992 998
1000 987
974 998
976 990
982 990
-995 -998
1000 994
-996 -998
982 991
984 990
979 992
1000 977
979 997
1000 1000
976 986
996 978
998 979
992 975
982 994
980 983
989 981
992 972
-993 997
990 999
1000 992
989 992
-994 -997
998 983
992 980
983 979
975 987
998 987
996 989
1000 998
992 978
1000 979
979 993
-994 -999
994 990
-999 993
981 984
998 997
988 982
977 995
999 974
976 997
996 996
-996 -995
999 999
996 984
997 975
992 995
-992 -996
990 995
982 996
987 992
993 975
1000 985
984 996
989 988
977 998
973 997
976 992
995 983
981 988
-997 -996
-996 999
972 992
989 1000
982 983
989 999
994 979
999 979
-999 -992
989 994
980 1000
985 979
991 980
-991 995
987 995
991 994
987 974
981 980
986 980
-995 991
977 983
-998 -992
-996 1000
999 985
993 976
976 1000
979 990
998 998
981 982
976 994
997 982
979 985
-998 -1000
982 997
981 1000
996 -995
993 992
979 999
994 978
988 994
1000 991
996 981
981 995
979 980
985 996
990 988
997 973
988 987
994 -999
976 995
991 996
995 975
977 986
985 995
996 997
982 992
990 981
980 991
987 975
988 984
999 975
998 -996
997 974
982 998
1000 972
-995 995
988 995
-995 -991
-1000 993
986 979
996 977
975 1000
989 990
981 978
996 988
-999 990
-998 -993
995 1000
989 995
995 985
993 990
994 973
998 982
988 992
999 -1000
991 978
975 990
997 -998
975 989
999 995
995 996
984 989
985 984
-996 992
1000 -1000
972 996
977 991
975 998
-993 -997
998 972
-994 -993
985 990
983 987
-995 996
987 989
993 980
-1000 -995
-994 999
-998 994
999 990
-995 992
-997 -991
999 973
988 990
993 -999
-994 994
972 993
994 996
974 988
977 987
978 988
990 976
990 997
-997 994
998 990
-998 -990
994 997
971 999
990 986
993 985
987 982
991 -997
999 992
994 983
998 984
986 988
-999 999
992 993
-992 995
982 999
985 989
983 996
-997 -993
994 1000
999 996
1000 -994
977 997
983 977
993 987
-991 -997
992 1000
998 986
975 991
-995 -994
994 -992
995 -999
980 982
974 995
1000 982
994 972
998 985
981 992
987 977
991 999
992 981
-991 998
-997 1000
994 -993
992 983
975 986
980 994
999 976
997 988
-997 993
999 987
992 -996
986 977
995 994
999 -994
-1000 999
990 984
994 991
998 999
992 999
973 1000
988 976
-999 991
-995 -996
985 980
996 -993
980 995
-996 -996
-999 998
981 994
981 981
997 998
-992 -993
-991 -996
1000 -999
-996 995
989 977
997 -997
-992 993
995 -1000
-998 -999
993 -997
-1000 -996
993 983
986 975
-999 -995
974 993
997 987
997 976
974 990
999 -993
995 979
-996 -999
979 983
984 988
988 1000
991 993
998 -993
-995 -992
-998 992
997 -990
983 993
993 995
988 981
999 972
-995 993
975 997
984 980
991 -1000
985 981
-997 -997
990 980
992 996
974 987
-997 -992
-992 1000
996 974
986 981
990 993
988 993
980 987
984 994
997 -993
993 973
999 971
995 987
992 976
993 982
987 981
993 989
1000 999
984 1000
973 998
993 -996
988 986
-993 -993
992 992
998 989
999 998
987 988
995 973
994 981
-994 -996
973 994
-998 991
990 1000
981 979
986 998
973 995
-998 999
985 994
982 987
-990 -1000
982 979
985 999
997 1000
994 976
982 993
985 982
980 984
1000 -997
991 975
-996 996
991 973
-995 997
997 981
992 984
995 997
998 974
991 981
986 995
990 977
994 998
-998 995
976 988
986 976
994 995
998 -991
996 976
981 991
-1000 -1000
-1000 990
982 986
-995 -1000
993 -994
992 973
987 987
997 989
980 985
985 998
-998 -996
980 998
993 978
977 993
977 988
999 -990
1000 -991
-990 -998
979 986
999 -998
994 980
983 997
991 997
979 998
977 996
980 996
982 984
1000 990
986 982
-990 998
984 993
982 989
997 999
-993 995
997 995
982 980
984 998
978 982
976 989
989 986
997 978
-994 -1000
989 982
-1000 -992
973 999
994 -998
972 997
-992 -998
978 999
997 -991
-998 -994
989 978
992 991
1000 984
-994 -992
995 -992
993 -993
997 -999
984 991
994 -997
993 993
979 995
994 994
984 981
990 979
981 989
996 991
986 999
995 976
979 1000
980 979
973 993
999 991
988 980
988 991
998 -999
987 990
996 -994
983 978
990 985
1000 997
996 983
991 982
-996 991
978 990
995 993
984 983
996 -998
995 995
995 986
987 976
984 995
980 992
997 997
-992 -994
971 1000
975 988
978 994
988 989
-997 995
1000 995
993 979
1000 989
974 1000
996 986
992 988
999 982
989 979
995 988
988 998
992 -993
999 993
978 987
986 983
997 984
994 -996
978 981
999 980
994 987
-993 996
1000 971
997 983
987 998
996 1000
992 977
993 1000
989 991
981 999
995 -993
999 986
997 980
992 990
978 993
981 986
986 987
972 994
-993 -1000
-1000 998
