1000
-511 -498
-495 -508
503 512
501 495
-507 -503
495 501
508 495
-501 -498
505 493
-488 -498
490 507
-500 -501
-501 -504
-504 -500
-491 -495
504 493
-506 -508
-506 -499
-496 -491
497 495
491 507
495 499
496 491
506 505
496 497
-511 -494
-509 -503
-495 -502
-512 -498
-508 -509
-503 -498
500 492
-504 -495
-497 -507
499 494
507 498
-494 -502
507 509
506 496
497 494
497 502
497 501
-511 -500
-496 -509
-492 -500
-499 -501
-505 -496
501 508
-492 -503
-510 -502
-500 -511
494 496
-500 -488
510 497
-491 -493
491 505
493 505
-489 -505
-493 -506
505 504
505 502
510 498
512 502
-500 -512
509 500
495 510
505 511
497 493
507 506
499 508
-495 -496
-499 -499
-502 -500
-500 -489
493 494
-505 -498
494 508
509 496
504 496
496 492
501 496
501 488
498 502
492 499
511 504
-492 -492
-490 -497
-498 -495
-502 -504
-490 -494
505 499
506 493
-497 -511
-504 -494
-489 -495
-503 -496
503 511
507 495
-500 -498
-494 -505
-490 -506
494 500
507 491
-500 -497
505 507
498 512
500 496
501 505
-506 -491
-500 -491
498 504
495 489
-492 -509
495 502
498 498
-507 -509
491 502
-500 -499
492 496
502 512
496 496
-499 -497
499 511
-496 -511
-491 -501
-506 -495
-501 -507
497 508
499 509
-506 -504
-512 -504
501 492
491 506
-508 -492
-492 -498
-504 -492
493 502
493 493
-507 -493
-508 -508
-494 -489
502 494
490 502
-507 -498
493 499
-499 -510
-504 -507
500 510
491 493
-505 -492
-508 -494
-501 -494
-506 -503
497 492
-500 -506
-493 -495
-505 -495
-502 -503
-505 -502
501 493
-501 -488
-507 -496
-512 -503
-499 -502
510 493
-499 -511
493 503
-498 -498
493 501
504 506
500 498
-499 -492
-490 -499
-497 -497
507 502
-490 -504
500 488
497 512
508 494
-497 -498
499 489
-506 -493
-491 -502
507 505
497 511
-495 -494
-503 -500
-506 -510
-499 -507
494 507
493 508
508 491
-499 -500
501 498
-508 -497
-503 -493
-490 -507
-508 -491
503 507
-505 -504
-496 -498
500 493
-501 -500
-503 -507
493 490
493 509
-489 -501
498 496
491 501
-503 -503
497 498
-506 -496
-501 -491
500 502
491 508
-510 -500
-502 -502
-503 -504
-511 -499
-495 -505
-502 -505
505 496
-511 -504
498 495
502 510
503 500
494 493
496 502
500 494
510 501
497 496
-498 -500
506 497
-498 -511
503 508
-497 -494
506 491
506 495
-509 -493
-504 -505
-507 -507
-497 -501
-492 -502
-497 -499
-502 -512
494 490
498 494
-492 -507
-498 -510
-510 -504
-504 -491
492 492
506 489
-500 -507
-496 -490
498 491
509 506
511 501
-496 -495
-506 -498
-498 -497
504 503
501 489
-505 -493
-508 -506
-502 -507
-505 -510
495 492
502 507
509 494
-494 -490
-494 -498
501 503
501 511
-495 -491
-494 -497
-497 -488
-496 -492
511 498
-510 -501
501 507
-492 -499
-493 -509
512 498
509 498
-510 -497
502 503
500 508
494 504
-489 -494
489 500
-491 -497
505 501
502 509
494 501
490 496
507 494
501 512
-498 -489
-505 -489
508 506
-506 -502
495 493
-499 -496
502 502
-505 -511
-496 -502
508 497
-503 -491
-494 -511
-505 -499
-500 -500
491 500
-492 -497
497 503
-491 -494
-505 -503
488 504
-505 -497
503 496
494 495
-509 -501
499 504
-511 -506
-499 -504
508 496
506 503
505 500
497 509
490 495
-497 -509
-497 -502
-508 -504
-507 -490
-498 -494
498 511
496 493
-511 -497
502 499
494 491
490 503
511 496
498 505
501 491
-499 -495
-488 -499
-501 -496
512 497
498 503
-495 -509
490 498
498 492
500 503
-506 -500
-495 -503
500 512
-507 -502
507 507
-490 -501
506 490
-492 -493
489 503
494 494
510 494
492 507
-501 -508
-494 -507
-495 -493
-501 -506
-501 -492
503 499
-494 -494
-501 -510
-505 -501
-507 -500
500 511
488 496
-510 -505
-502 -506
503 502
-491 -503
502 508
508 502
489 498
-504 -504
490 500
-496 -499
-501 -501
-507 -510
-503 -506
-498 -488
-491 -492
-495 -507
503 492
-503 -502
-507 -506
-494 -509
500 491
494 498
494 503
-511 -495
508 509
-496 -496
-504 -508
-509 -508
-506 -489
502 504
508 498
-495 -504
-503 -488
500 497
508 500
-509 -494
-494 -508
500 495
495 508
-494 -504
505 503
503 490
503 509
490 504
-493 -508
-499 -488
509 503
509 499
498 501
-506 -490
-501 -503
495 497
-510 -503
501 510
-511 -496
509 501
502 497
495 507
494 511
496 511
504 507
510 496
509 497
-489 -504
-493 -497
501 506
-495 -490
495 490
-494 -499
495 496
-489 -503
511 503
498 497
512 503
-488 -500
-503 -509
508 504
493 500
-499 -512
498 509
-493 -500
-496 -510
-512 -499
-494 -500
496 495
-505 -505
-489 -502
-502 -492
491 497
-496 -500
-511 -503
498 510
505 510
-498 -504
-490 -493
-489 -496
-505 -491
511 494
498 493
-492 -508
509 492
494 489
505 490
508 493
-499 -498
-508 -495
506 509
-508 -505
510 504
494 505
504 502
-510 -495
-512 -497
489 497
-497 -505
496 509
500 506
499 490
511 497
498 500
505 508
-491 -505
-494 -495
-493 -505
503 493
490 493
-493 -510
-509 -504
506 499
-512 -501
492 497
-508 -502
503 494
-498 -506
488 497
-492 -494
492 505
495 505
494 506
502 506
501 504
-493 -503
492 508
506 502
503 497
-503 -511
499 503
-498 -490
-494 -496
499 501
-495 -500
500 507
493 495
502 511
-490 -505
-501 -505
-489 -499
-498 -507
-489 -500
504 492
-501 -499
489 495
502 491
-499 -490
-497 -510
498 506
504 499
493 506
496 498
497 499
-504 -501
-503 -512
496 489
497 490
-508 -496
507 508
-502 -510
504 511
-488 -501
488 498
-509 -502
508 499
506 511
502 490
-497 -493
-496 -505
-504 -496
492 498
-500 -495
-495 -489
-493 -493
489 506
-498 -509
502 496
506 504
-489 -497
-502 -491
-493 -498
-497 -512
-504 -499
495 495
499 506
-503 -492
-494 -506
-495 -497
501 500
-494 -491
-498 -501
503 506
-508 -498
-506 -511
495 511
492 501
509 502
504 510
504 490
499 491
504 498
-488 -497
-511 -505
-496 -506
-506 -501
499 496
-495 -492
489 504
497 491
507 503
-502 -488
489 505
-491 -507
-507 -495
-503 -494
-503 -497
-493 -492
-495 -501
510 499
-497 -496
504 508
-500 -492
-495 -511
505 494
506 494
-505 -507
504 494
492 509
-507 -497
511 502
493 504
496 501
-497 -492
504 501
495 504
504 505
492 493
-496 -494
-502 -495
506 506
-498 -493
490 501
493 497
503 491
507 510
-504 -506
-500 -502
488 502
497 505
511 500
-502 -498
496 508
497 488
-512 -496
502 493
-503 -510
-505 -490
502 492
-494 -493
489 496
489 494
506 507
510 506
-504 -502
-493 -502
-508 -503
495 509
-506 -507
496 505
490 494
504 500
-496 -504
506 500
497 510
-505 -494
-497 -495
499 488
-500 -505
503 489
-507 -492
-493 -504
-501 -512
495 498
496 499
495 506
-491 -504
496 494
-510 -506
508 501
498 499
501 497
-496 -493
498 489
-504 -497
-490 -496
507 501
-508 -500
507 493
493 491
511 505
-506 -506
-504 -511
493 492
-492 -495
-488 -503
509 495
504 495
490 506
499 505
-499 -489
-497 -508
507 499
-502 -499
502 501
-501 -495
-492 -491
510 503
497 497
501 490
512 501
-503 -505
491 496
499 499
491 504
-501 -502
494 499
501 499
-505 -508
492 502
499 493
501 509
-496 -507
-508 -493
506 498
-498 -502
-497 -491
-503 -489
492 506
500 501
-496 -508
500 500
-501 -511
-507 -491
-499 -505
503 501
512 499
-509 -506
-496 -501
-507 -504
-491 -508
493 496
-498 -496
505 498
-510 -496
-490 -500
-509 -505
496 507
-495 -506
496 500
-509 -500
510 500
488 499
510 502
-504 -509
-492 -496
505 495
493 507
493 510
-502 -509
489 501
496 490
-504 -503
-500 -510
-504 -510
-494 -501
507 504
491 492
498 507
-497 -504
-512 -502
-499 -509
-500 -493
-503 -499
490 497
490 505
-497 -506
502 495
-498 -505
511 495
507 497
494 492
-490 -495
505 489
488 503
511 506
492 494
-493 -494
-492 -504
510 505
-504 -512
505 492
-498 -499
499 495
-509 -495
495 503
-493 -499
-496 -497
492 491
-495 -499
491 494
-506 -497
-498 -492
498 508
-501 -490
-489 -506
500 509
508 507
492 504
-510 -507
-491 -500
491 499
-509 -496
507 496
509 504
-511 -501
489 502
501 494
-489 -498
506 492
505 491
493 498
505 497
-504 -489
498 490
-501 -509
494 497
-492 -501
504 509
508 492
-505 -500
506 508
-502 -490
-498 -508
503 498
502 505
491 498
500 505
-490 -503
-502 -496
492 495
495 500
499 512
-508 -499
-497 -503
499 492
503 488
-493 -496
-503 -495
-500 -509
-495 -510
497 507
496 510
-510 -499
-498 -503
-491 -498
503 504
-507 -494
503 503
-499 -491
-494 -510
496 488
511 499
489 499
-503 -508
-493 -507
-504 -490
-498 -512
-506 -505
-502 -501
497 500
-509 -498
-490 -502
-500 -503
500 499
503 505
488 500
-500 -494
495 494
-502 -508
491 503
502 489
-491 -499
507 500
502 488
499 498
496 503
506 510
-495 -495
502 498
495 491
-501 -497
508 505
-496 -489
-504 -493
-505 -506
504 491
-492 -506
-497 -500
508 508
-493 -501
505 509
491 495
-499 -493
503 510
-508 -501
501 501
-488 -502
-490 -498
499 497
505 505
501 502
-500 -504
510 507
-504 -498
-507 -505
492 503
494 502
-507 -501
497 506
498 488
-497 -490
-502 -493
496 504
-503 -501
509 508
500 489
-502 -497
-500 -490
497 504
509 505
499 500
-507 -499
-508 -507
494 510
508 503
-510 -494
-506 -509
499 510
500 490
-502 -494
-495 -498
505 506
-506 -494
-511 -502
492 500
-509 -492
-494 -503
-494 -492
-503 -490
503 495
488 501
-502 -511
500 504
-502 -489
-507 -508
-491 -506
-500 -508
-493 -491
-510 -493
-512 -500
507 490
-501 -489
-499 -506
499 507
-499 -494
490 499
496 506
497 489
-499 -508
-491 -496
507 492
-497 -489
504 497
-509 -499
-499 -503
504 504
504 489
-493 -490
-500 -496
-501 -493
506 501
-510 -498
-509 -507
509 493
-498 -491
494 509
509 507
-506 -492
499 502
-505 -509
502 500
-492 -505
-496 -503
510 495
512 500
-509 -497
