1000
-1000 -986
984 993
999 976
985 985
987 992
-991 -998
-981 -999
-992 -984
-991 -986
-985 -997
999 984
-994 -984
985 988
987 980
-997 -987
1000 995
994 984
-990 -990
981 985
-993 -990
996 979
996 980
991 986
989 990
984 987
980 990
989 994
998 977
998 998
-986 -993
-990 -986
-991 -984
995 976
-995 -999
986 992
-980 -988
979 997
-991 -991
987 997
-997 -976
986 987
-996 -977
984 992
994 989
999 996
-996 -976
977 992
-987 -996
-995 -976
996 991
-995 -992
990 1000
-998 -983
-1000 -985
-984 -982
993 980
-987 -989
-999 -991
-986 -989
976 996
-976 -1000
988 988
-985 -987
986 986
-992 -985
995 990
990 980
998 991
998 978
982 987
1000 976
993 982
992 977
-990 -999
-992 -981
989 993
988 982
-990 -983
976 997
-994 -981
-981 -991
976 995
981 990
-978 -992
999 978
991 978
-981 -1000
-981 -988
978 994
-984 -997
987 981
988 989
-989 -979
-980 -999
989 992
-991 -995
-998 -979
-999 -993
991 987
-977 -993
-1000 -1000
996 982
-997 -993
-985 -983
1000 984
-997 -996
990 994
-998 -990
983 991
997 998
-983 -995
1000 993
-983 -996
-992 -997
996 978
-997 -998
995 999
-999 -978
979 988
991 979
981 997
990 989
-980 -987
985 987
-986 -985
996 983
999 989
982 996
-981 -994
991 982
-994 -994
-981 -995
-985 -992
982 989
-991 -982
-1000 -987
980 999
986 990
-998 -981
995 991
-994 -991
-981 -989
-995 -990
985 997
-991 -983
-990 -994
-982 -989
991 997
981 998
1000 987
979 995
987 999
-985 -998
994 978
-995 -982
-984 -986
998 979
-995 -987
-990 -979
991 996
-984 -990
988 996
-992 -993
-993 -978
-979 -990
984 999
-995 -998
980 993
-986 -996
989 985
997 988
-998 -999
-983 -990
980 1000
-997 -977
985 1000
-990 -992
-978 -993
986 995
996 981
989 987
-993 -985
-983 -984
982 997
984 990
-985 -984
996 988
-992 -979
979 993
-998 -985
988 984
-985 -990
981 1000
-982 -986
-988 -991
-993 -987
987 991
1000 1000
1000 980
-989 -998
997 996
991 988
-978 -994
-991 -989
985 994
-997 -984
996 1000
994 991
981 991
-995 -991
998 997
-997 -991
999 981
-994 -989
999 992
-982 -996
978 993
989 996
-983 -998
-987 -991
994 993
992 979
989 991
-995 -994
-988 -995
-997 -979
989 999
-998 -991
-986 -991
-994 -980
987 984
993 991
-988 -982
999 998
991 985
-979 -994
992 998
-982 -984
988 995
-981 -985
988 990
983 989
992 984
-984 -988
-978 -999
-996 -978
-984 -989
993 979
-998 -998
981 995
-986 -983
-981 -993
994 979
-994 -983
-988 -984
-983 -993
-980 -989
994 988
-977 -992
979 998
991 992
-995 -985
-987 -987
985 984
984 989
982 985
980 996
990 992
997 984
-986 -994
-984 -984
-988 -999
-983 -983
992 981
-989 -997
-991 -1000
-1000 -979
978 999
-983 -992
-979 -993
994 999
-984 -993
-996 -998
-998 -986
-979 -988
-976 -997
-987 -984
-982 -992
995 1000
996 989
-984 -991
999 987
987 982
987 983
985 986
-995 -978
988 1000
989 981
-992 -998
-983 -989
997 990
986 994
-987 -994
998 989
-980 -994
1000 994
-979 -991
-984 -999
976 999
1000 991
-988 -994
-1000 -994
978 1000
978 996
-997 -985
995 995
-991 -979
-993 -999
-991 -992
986 998
-981 -986
-995 -986
982 984
994 987
998 980
-984 -994
983 995
-1000 -992
993 983
990 979
986 983
-989 -988
-992 -983
981 988
985 999
-987 -988
979 990
-997 -994
996 995
-988 -987
990 997
-986 -987
997 992
992 997
-990 -1000
-998 -978
-988 -988
988 998
984 998
-980 -998
-998 -989
991 998
-989 -978
995 987
-983 -1000
994 983
-996 -984
989 995
984 988
977 996
979 1000
993 986
-988 -992
-999 -981
980 989
997 991
-977 -996
995 982
-992 -990
-996 -989
990 985
-988 -981
-999 -995
998 986
981 994
-976 -995
-987 -998
983 993
999 988
989 983
-980 -986
993 992
987 998
-999 -985
976 1000
982 994
999 977
996 994
-989 -1000
-979 -997
987 994
1000 985
-996 -992
993 990
997 997
995 994
982 998
-990 -988
-989 -999
-994 -990
-1000 -981
-989 -986
-997 -997
980 988
-994 -999
-984 -985
-989 -992
985 989
998 995
998 983
986 997
-996 -1000
-978 -991
-986 -980
997 981
-996 -996
998 994
-993 -977
992 983
-985 -994
-992 -978
-997 -980
995 992
-986 -999
997 994
-995 -977
-998 -994
-991 -985
-985 -988
-988 -997
977 994
990 998
-991 -978
997 982
-978 -995
992 982
994 986
-991 -994
992 992
-979 -996
995 988
995 996
996 999
999 979
-982 -997
-979 -989
988 981
-990 -984
977 999
-980 -990
986 988
-999 -990
-996 -994
-987 -997
-1000 -989
978 991
-999 -999
997 977
-995 -979
996 986
-998 -1000
-996 -985
-999 -986
988 997
-987 -993
985 998
-999 -998
1000 996
989 989
-977 -995
-1000 -991
-987 -985
-994 -997
995 984
-983 -997
991 999
994 980
987 989
988 986
-983 -987
-991 -990
1000 983
-989 -996
983 986
996 985
991 995
990 981
-997 -981
-976 -999
988 993
-984 -992
995 997
978 995
992 988
994 990
976 998
998 999
992 993
-976 -996
981 992
-977 -997
-999 -984
987 985
-999 -976
980 991
-999 -982
990 983
-993 -980
-985 -995
984 997
-993 -996
-986 -981
-993 -979
-994 -978
-977 -1000
-990 -982
993 994
993 997
-986 -982
1000 990
-992 -989
991 984
994 997
985 981
-987 -999
-990 -987
994 1000
992 991
-988 -998
-981 -997
995 986
1000 999
983 996
985 983
991 980
-1000 -976
992 990
-982 -999
986 991
1000 979
-989 -980
-994 -977
986 999
-993 -981
-993 -992
997 999
998 987
991 989
985 990
-980 -1000
992 985
-980 -997
-987 -982
-992 -992
983 983
980 992
999 983
-978 -997
-997 -983
-986 -988
-983 -999
-978 -1000
999 980
-992 -991
977 995
997 978
995 979
989 979
993 988
1000 978
-999 -997
-999 -988
-996 -986
-989 -983
988 987
-987 -980
-982 -994
997 989
-990 -993
-1000 -995
983 994
981 999
-983 -988
-995 -980
987 993
-987 -981
996 976
-998 -988
-993 -997
989 997
990 982
-998 -977
-981 -998
989 984
-997 -995
-979 -999
983 999
-996 -982
984 994
978 992
-994 -992
984 986
-978 -998
992 995
-1000 -977
-982 -991
-984 -996
-988 -1000
992 996
-979 -992
-992 -1000
985 991
982 992
979 994
990 987
-995 -983
-996 -981
985 982
-984 -1000
-995 -989
998 988
-994 -987
988 992
-994 -995
-995 -996
-977 -998
987 986
998 996
-986 -992
-979 -998
-988 -985
993 999
985 992
980 998
992 989
980 986
992 994
982 995
-988 -996
994 994
977 1000
983 997
984 991
984 985
997 986
-989 -993
999 994
-978 -989
-989 -989
-999 -992
-996 -983
984 984
979 991
984 996
-977 -994
989 980
-980 -996
-988 -980
-992 -987
-990 -991
984 995
996 990
993 981
991 994
-1000 -980
-984 -995
997 995
997 985
1000 977
-997 -989
986 980
979 992
984 1000
982 993
985 993
-993 -995
993 984
-989 -985
978 997
-992 -977
-990 -989
978 990
-990 -997
-998 -982
990 993
997 980
-998 -984
983 984
997 983
980 987
979 999
-999 -1000
995 989
990 996
988 994
989 988
984 982
993 987
994 977
996 993
987 988
993 995
-985 -981
-998 -995
994 985
-999 -977
985 996
-998 -992
-1000 -996
-998 -996
986 996
982 990
-995 -997
-992 -995
-985 -986
999 997
991 993
-994 -998
-993 -984
999 991
995 998
996 984
-988 -989
999 999
1000 998
977 997
-987 -983
-1000 -984
989 1000
988 983
-987 -986
994 995
-986 -986
-988 -993
-985 -991
991 983
986 981
-1000 -983
-995 -988
-985 -985
-978 -996
1000 989
-995 -993
997 1000
995 985
-997 -986
981 996
-984 -987
-992 -988
-985 -999
-985 -982
995 980
-1000 -998
992 999
982 999
993 996
987 987
980 994
-998 -987
-996 -980
1000 982
999 990
-986 -984
-994 -993
-988 -983
-980 -993
991 1000
-996 -979
-992 -982
989 982
-982 -988
997 993
-984 -983
999 993
-981 -990
993 989
983 987
992 978
980 997
-986 -997
-996 -987
-998 -993
-994 -979
-982 -990
-982 -995
998 990
996 987
-983 -986
982 986
-994 -982
999 995
-994 -985
994 992
-987 -992
-991 -993
-994 -1000
-993 -989
990 999
-993 -991
-980 -991
990 988
-981 -987
-982 -1000
994 982
-995 -995
-999 -979
-990 -978
1000 986
-989 -987
990 984
-996 -999
998 985
-987 -1000
-991 -981
983 988
981 989
977 993
-990 -985
-990 -980
-997 -978
994 996
-993 -982
985 995
978 998
-997 -988
-989 -990
992 980
995 983
998 981
-993 -998
983 1000
-983 -994
990 986
-993 -986
992 1000
990 991
-991 -987
988 985
-983 -991
998 982
-990 -981
-980 -995
-991 -997
-979 -1000
993 998
-997 -1000
996 997
-994 -988
1000 997
-991 -999
995 977
-991 -988
988 980
996 996
-1000 -982
999 985
-986 -990
998 984
-1000 -993
-997 -999
-989 -991
1000 988
-999 -983
-990 -996
997 976
-995 -981
-982 -985
979 996
-999 -994
-992 -996
988 999
982 1000
981 986
990 995
-993 -994
996 977
-985 -989
997 979
-986 -995
-997 -992
988 979
982 988
-980 -992
984 983
-996 -988
-989 -994
-995 -984
-1000 -997
991 990
-987 -990
-1000 -999
-987 -995
996 992
983 998
983 992
1000 992
-989 -995
-985 -996
-989 -984
-988 -986
-989 -981
-997 -982
994 981
990 990
999 986
979 989
-985 -1000
980 995
-979 -995
-992 -986
-1000 -988
986 993
-982 -993
-994 -986
990 978
-981 -992
-976 -998
992 987
993 978
-982 -987
987 990
-999 -980
-998 -997
-992 -980
989 978
986 982
-999 -987
-992 -999
989 986
997 987
-981 -996
995 981
986 989
983 985
999 1000
-995 -1000
-989 -982
981 987
-998 -976
-1000 -990
-990 -998
-996 -991
998 993
994 998
983 990
-988 -990
-984 -998
987 1000
991 981
1000 981
993 993
-983 -985
-996 -993
-990 -995
988 991
-992 -994
991 991
996 998
986 1000
986 985
995 978
-985 -993
-988 -979
-999 -996
-986 -1000
999 982
987 996
986 984
-996 -997
-994 -996
-986 -998
-996 -995
-997 -990
-982 -998
981 993
-991 -980
998 1000
-993 -993
-993 -983
993 1000
993 985
993 977
-996 -990
989 998
987 995
-993 -1000
992 986
-977 -999
-998 -980
998 992
977 998
-978 -990
-999 -989
995 993
978 989
982 991
-993 -988
-1000 -978
-991 -996
998 976
