1000
-506 -501
-496 508
-507 499
-508 -504
500 494
-504 498
-502 506
497 502
-504 500
493 503
-498 493
-501 504
499 493
-500 502
-503 505
-497 -494
-503 -496
499 -500
495 -505
495 501
-493 504
-499 502
-502 -497
-507 -500
-500 -498
-492 497
-503 497
-500 -492
503 -504
501 506
-506 -503
-509 -500
504 -492
-493 500
-505 498
-499 -497
-495 -506
-509 500
505 497
497 504
496 508
507 501
500 -492
501 -499
-501 507
501 -503
504 -499
497 505
-497 506
496 -507
507 -500
-506 -504
501 508
-504 501
-493 -496
-492 -499
-505 -495
501 503
-499 501
-503 499
-500 495
-503 -508
506 -504
-494 501
505 -507
507 -495
-502 503
507 -503
506 506
498 499
504 505
-500 -499
496 -505
502 496
507 -496
502 -501
506 496
504 -507
496 501
-496 499
-504 508
497 492
503 504
504 493
502 -508
-496 495
506 -497
504 492
-502 501
-501 -501
-500 497
505 505
-504 -494
499 492
505 -506
491 500
-494 502
-502 508
-499 504
506 -502
-505 -493
-504 -502
-497 -506
-503 -506
505 504
505 498
-496 494
-502 -493
-495 500
-496 -500
494 -504
500 -504
-501 -498
-503 -492
-496 -494
-506 -494
501 -504
-498 -501
-500 492
500 505
498 505
-501 -505
498 506
496 500
498 -492
492 497
-502 -492
502 508
-498 506
-496 -499
-499 -499
501 494
494 504
494 -495
-504 -492
498 -495
-505 502
-492 -503
492 502
-505 500
-505 -507
497 -503
495 -494
499 504
-494 505
-500 -507
496 507
502 503
-507 505
-495 -500
504 496
504 499
-498 -506
504 -504
505 -497
-497 501
-498 507
500 501
503 -503
-506 -506
-499 498
-500 -501
-494 494
-508 -501
499 -507
-501 497
500 -496
503 -493
494 498
502 -494
-494 -504
500 493
497 503
-498 -493
498 -493
-500 493
-494 -501
494 494
502 505
-496 -503
-506 -502
-498 -499
-499 -496
493 499
-504 -495
-502 494
-497 -507
498 -508
-497 -499
502 502
-495 -497
-508 -499
503 -492
500 504
-503 -505
-500 507
498 -498
505 -496
493 -503
-496 500
505 -502
493 500
-496 506
-495 499
497 -492
493 -504
499 -505
-502 496
502 -495
499 -506
493 502
499 503
497 499
-502 -506
-504 499
499 -508
-504 506
-501 502
494 -496
-499 -506
-501 -497
-501 498
-499 496
506 495
-499 -505
503 492
-496 -497
-508 496
-505 495
-500 -506
504 498
-503 501
497 493
-502 -500
495 502
-507 -505
-493 503
498 -501
502 497
502 -503
502 -504
-507 -498
-499 -495
-500 -493
-498 494
498 -494
-503 -498
496 494
-494 -495
-508 500
502 499
503 -508
500 502
-507 -499
493 505
502 -496
-507 -502
503 -499
-493 497
-505 494
-502 493
500 499
496 504
-493 496
493 501
-495 -502
-492 -504
496 496
-498 501
-504 -499
-497 498
-503 500
495 494
-492 -500
-504 -498
494 -506
-492 500
-508 -503
-499 -494
-503 -507
-502 505
-498 -496
496 -503
496 495
-502 -504
493 495
499 506
-505 -504
501 495
501 -494
498 508
504 -498
-500 -508
506 503
-501 -502
-492 496
495 -496
508 504
-496 -507
506 -496
-504 495
-495 497
492 -499
-494 496
-506 506
-493 -498
-495 -503
499 502
494 497
-495 507
-497 -498
508 497
493 504
497 -493
-493 -499
-500 498
506 504
501 -506
-504 -500
-497 497
-499 497
498 498
-506 500
492 -502
499 -496
-503 494
-503 495
496 -502
496 -504
493 -502
501 -500
-508 503
507 -502
-499 -508
-493 505
492 -498
-496 -504
-501 495
-504 -503
-497 -495
506 -498
507 496
501 -497
-505 -498
503 501
503 495
-501 508
507 -497
495 495
-503 493
-498 498
506 502
-496 -496
-495 -507
498 494
498 -499
-492 -501
-494 -497
-504 507
503 -506
-508 502
-504 -496
506 497
-493 -500
-506 501
-494 -498
-497 492
-499 494
497 497
498 496
-508 497
-492 501
504 -495
-496 -508
500 -493
507 -498
500 506
495 -493
-502 -499
-503 508
-506 -500
-497 504
504 -503
-499 493
-502 504
-503 -499
508 -502
508 -497
-494 -494
-498 -505
-493 498
-504 504
-498 492
493 -498
498 502
-504 492
498 495
501 507
504 -502
-503 502
505 -494
497 -499
-499 -502
-497 507
-506 502
503 506
-506 503
-502 -508
-500 -505
-494 -500
498 493
-498 496
495 -501
-502 -496
506 -494
-503 507
504 -500
-496 493
495 496
495 -504
503 503
497 -496
-497 508
-506 496
501 504
-499 495
500 -500
-505 501
500 507
494 506
-492 503
-494 -506
-493 495
496 498
505 -498
-493 -502
503 -497
-500 508
498 492
-495 -495
-508 498
-501 505
-500 499
501 -502
500 -501
-497 -496
-502 -505
-498 497
-506 -495
500 -495
-501 496
501 496
-497 503
496 493
492 -500
501 -498
507 -504
496 -501
-496 -495
503 -500
-495 495
504 -505
492 503
-504 -505
496 497
499 -495
-502 -507
502 494
497 507
501 497
-496 501
-505 506
-503 -494
-501 -507
502 -498
502 498
504 -508
496 -498
492 501
-492 502
-497 502
506 -506
503 493
502 -499
-494 -503
495 -506
499 500
508 -498
504 497
-493 502
504 500
500 -494
503 -505
-494 503
495 504
502 492
505 501
-503 492
492 -497
501 -496
494 495
500 -497
-506 -497
495 498
504 506
-504 -508
-496 -498
-497 -493
-505 493
-505 -499
503 -495
493 -499
-506 -505
507 497
-500 -500
-508 499
495 500
-508 504
507 502
-496 504
499 505
-494 -499
496 -500
504 508
-502 498
-492 -502
-504 -501
499 498
-502 507
495 -502
-498 500
493 498
501 501
-507 498
499 -493
504 501
500 -506
-505 504
-500 504
497 -500
506 -503
-494 495
-501 -495
-508 -497
-502 502
-506 -496
497 496
493 496
-496 -502
499 494
-498 -504
-504 497
-493 -495
-495 496
494 -505
499 495
506 -501
496 503
502 493
503 502
-499 499
499 -504
504 507
498 -506
498 507
502 495
-494 506
-497 505
504 -497
-496 503
-503 -495
500 495
492 -496
-508 -496
496 -494
-507 -504
-500 501
507 -501
-505 499
-498 -494
-499 -504
-498 502
493 -495
-503 -501
-497 -503
506 -495
-504 -497
494 499
-498 495
508 -503
497 494
-496 502
493 -497
-504 505
-496 -501
-497 -492
-505 -505
-498 -507
492 504
505 -500
-497 -505
504 502
-507 496
-496 497
494 505
505 -495
-497 -502
-500 500
497 -507
508 502
-498 505
-497 -500
-508 -502
-506 494
496 -493
-501 506
497 500
508 -501
-500 -495
-499 -493
498 -503
496 499
-506 504
-502 -494
496 505
504 494
-495 501
495 505
501 505
-498 504
-502 -498
-501 501
492 496
-506 498
498 -507
-495 494
-500 -502
508 496
-503 -504
501 -508
508 498
506 494
501 499
500 -498
507 -499
498 503
-499 492
-504 -506
498 -500
-495 498
501 502
502 504
503 494
-500 503
497 -497
-501 499
496 -497
508 503
-497 499
507 495
-499 503
-504 493
495 506
503 497
-500 -497
-497 496
501 -501
507 -505
499 499
-505 507
-501 494
-492 -497
494 496
-507 497
-503 496
492 -501
-503 -493
-501 -499
506 -505
496 502
492 -504
503 500
502 500
502 -505
-500 494
499 496
505 -499
494 503
-503 -502
-502 -503
-504 -507
505 496
508 499
508 501
-495 -494
-492 504
-502 -495
-500 -503
498 504
501 -492
500 -502
-499 -500
500 508
-499 506
-507 -497
-499 -498
497 498
508 -500
-505 503
-504 494
497 -498
-498 -495
504 -494
-501 500
502 -500
-501 -494
-500 -504
501 492
508 500
-500 -496
-496 -493
499 -501
502 -493
494 502
498 -505
-498 -497
-497 -504
495 -497
-492 -498
494 -503
-498 -508
-498 -492
505 -504
505 507
506 499
506 -499
-499 -501
505 493
-501 503
-500 -494
497 -494
498 -504
500 497
501 500
506 -500
-507 -503
505 503
494 -501
497 508
499 508
-506 505
-503 498
500 -505
-505 -501
502 506
493 -505
507 500
508 -499
499 -492
492 498
-504 -504
-495 505
-493 -505
-492 -496
499 -499
500 -503
-501 492
-495 -501
502 -497
504 -493
-504 496
-495 -505
502 507
505 -501
497 -504
501 498
499 -497
-498 -503
503 508
502 -507
-503 504
-497 495
-498 508
492 499
-499 500
502 -492
500 492
507 503
-497 -497
504 -501
495 497
505 -505
-505 505
-494 -505
499 507
501 -507
-493 501
497 -505
-502 -501
-501 -503
495 -503
498 500
506 501
-496 -506
495 -499
-500 505
-493 499
-507 503
503 498
-505 496
496 -495
-496 -505
-493 -503
503 505
497 495
506 498
494 -494
495 499
-507 495
-505 -500
-502 492
494 500
503 499
-507 -495
496 -499
-499 505
-494 504
-501 -500
-496 507
-502 495
500 503
503 -494
-505 497
499 -502
-500 496
500 496
508 -496
499 501
500 -508
-504 502
493 -500
503 -501
492 500
-493 -501
-507 -501
-493 -497
-497 494
505 500
498 501
-496 505
-507 501
-496 -492
505 506
-495 -504
-498 -498
-504 -493
-494 498
-494 -496
-498 -500
507 498
-507 -496
-505 -494
497 -502
496 -508
495 -507
-497 -501
494 -502
-501 -493
503 496
502 -506
504 503
504 -506
495 503
506 505
499 -503
506 500
-499 -507
-496 492
-499 507
-494 497
505 -503
497 501
-505 -497
-507 504
495 -500
-496 496
-494 -502
503 -502
505 495
-494 499
492 -503
503 -498
-499 -503
495 -498
-506 495
503 -507
-503 506
-506 497
503 -496
501 -505
-506 -498
-502 -502
-500 506
498 -497
-499 -492
496 506
-505 -503
494 -499
-502 500
507 504
498 -502
498 497
-495 503
505 494
495 507
-495 504
500 -507
507 499
-507 500
-501 -496
-493 -504
-495 506
-498 499
504 -496
-506 499
-503 -497
501 493
493 497
491 -500
493 -496
505 502
497 -495
501 -493
-504 503
-495 493
497 -506
-501 -506
504 495
-494 500
-503 -500
500 500
500 498
-498 -502
499 -498
500 -499
494 -497
505 -493
501 -495
494 -498
-505 -496
-501 -504
507 505
-501 493
495 493
-497 500
503 507
494 501
497 506
-503 503
502 -502
-495 -496
505 499
-501 -492
-502 499
-503 -503
-497 493
497 -501
-508 -498
-502 497
-495 -493
497 -508
-508 -500
-499 508
508 -504
-498 503
499 497
-501 -508
-507 502
499 -494
-495 -499
498 -496
504 504
494 -500
502 501
495 -495
496 492
-506 -499
496 -492
496 -496
-492 499
-492 498
-508 501
496 -506
-495 502
-497 -508
-496 498
-505 -506
493 -501
-495 -498
-505 -502
