1000
985 994
991 -998
-997 -986
-998 -999
-991 -993
-997 990
999 983
-987 989
988 -998
998 -995
991 -991
992 999
-997 -989
-1000 994
986 993
-987 -998
-994 -992
987 991
989 989
-998 -986
-996 996
999 -988
989 -992
-991 995
999 -990
-991 992
990 -987
-998 991
987 -1000
-989 997
999 992
996 -995
-986 -994
-995 999
-990 -992
994 -995
996 -986
-1000 984
-992 990
-998 -997
-993 997
-996 -990
985 995
985 -992
-993 -1000
988 993
997 -1000
-989 -992
-999 990
984 -999
989 -989
-987 -999
-996 -994
-998 992
-991 998
-992 -999
-993 -993
-996 985
-1000 -995
985 1000
983 999
-993 987
1000 -984
993 -989
996 992
-987 997
-1000 -992
-992 996
-986 -998
-994 -986
992 993
-995 991
999 987
-992 1000
-994 -993
990 -990
984 997
995 -994
992 -988
-999 -987
990 987
-999 992
996 986
-989 995
-988 990
-991 -991
990 995
989 999
998 -992
996 987
-991 994
-993 -995
-990 -1000
997 -987
990 997
-991 -986
-985 -992
-995 992
-984 -996
-997 986
990 -997
994 -990
-990 1000
992 998
-996 -986
996 -1000
988 989
-999 -989
-996 -997
-997 993
-995 -986
-995 987
-997 -997
-998 -998
998 1000
-992 986
-991 -998
996 -993
989 -988
-996 987
-986 993
986 999
999 -993
997 996
-988 -1000
-997 -990
987 -994
-994 -985
-989 -994
-997 -995
-1000 996
-999 -985
1000 -988
986 -992
-989 -998
-996 994
-990 998
995 -989
-998 -987
-999 997
-993 -985
992 -992
-995 -992
984 -996
-989 -988
998 -990
-999 -998
-997 -1000
-995 994
1000 -992
-988 992
999 985
-994 -984
997 1000
-1000 988
-992 -993
991 995
994 995
995 -991
-992 -989
-993 -998
-995 -991
995 987
1000 998
989 996
995 997
996 -999
988 -996
987 997
991 990
-999 -997
-998 -985
997 -994
-991 -994
994 986
997 -985
997 991
-994 -997
998 -999
-987 -995
989 -997
-989 -990
985 -998
-1000 -985
993 -994
993 988
-988 -997
985 999
-984 -998
997 993
-989 987
-988 -994
987 -989
989 -995
-993 -990
987 990
-999 995
992 -994
999 -989
-989 -1000
987 993
-987 -991
986 995
997 998
-990 -996
-990 -991
989 987
987 995
-984 997
-995 -987
-984 -995
-997 -992
-999 -999
999 -996
990 994
-990 994
988 996
989 -990
993 993
-990 993
-991 997
-988 -996
-993 990
986 994
985 -995
997 985
988 992
991 -989
990 -999
-985 998
-989 988
-999 -996
991 -996
993 998
994 988
989 995
-993 -997
-1000 -1000
984 996
-996 -993
997 999
988 -993
998 989
-989 1000
-998 -994
994 -993
994 -997
-996 986
-998 999
-989 -999
-987 -994
984 -995
-996 998
999 993
-987 993
-987 -1000
994 992
-990 988
-1000 983
995 998
-999 -992
-993 -987
-992 -994
-994 -996
-992 992
-995 985
993 999
1000 1000
-1000 -986
999 984
-984 1000
-992 997
999 996
-990 997
-995 -999
996 998
-985 992
-998 995
1000 988
988 998
-989 -989
997 -991
987 -991
998 996
-986 -999
983 1000
-985 999
-998 1000
989 -994
-996 988
990 -991
986 -994
996 -984
-992 994
997 986
995 994
985 -996
-990 -995
993 987
-995 -984
996 -998
985 -994
-999 989
999 -995
-991 1000
-1000 -987
-1000 991
998 -984
1000 993
987 -993
995 986
999 991
995 984
1000 990
-985 -999
-999 -995
-988 999
-998 -991
-990 -994
-999 988
987 -990
992 -997
-994 987
988 -1000
985 997
991 994
-988 996
-995 -989
985 996
-999 1000
1000 992
-988 998
-997 985
-987 -996
998 999
993 992
-993 -991
-998 984
-1000 -999
-992 -1000
-997 -994
993 -985
1000 -983
986 -997
985 -997
990 -995
996 990
994 993
999 986
998 987
-996 -998
-997 994
993 986
-988 993
-994 994
998 -993
999 -991
-995 997
1000 997
-1000 995
994 -994
996 -996
997 -997
-993 992
-992 -996
-985 -994
-991 -989
-992 985
-993 988
992 -1000
-995 -996
997 -999
992 1000
-994 996
-995 989
992 -996
-997 -999
992 -999
-987 -997
998 -1000
-986 999
-996 993
1000 -1000
-998 989
-994 989
-994 1000
-992 -992
-990 992
-999 -993
1000 987
1000 994
997 -984
991 991
-1000 -983
-988 1000
-999 -988
993 990
-987 996
1000 -985
-987 1000
-988 -999
991 988
987 -999
-992 -986
989 998
993 1000
986 996
994 996
-994 992
984 999
-995 -988
-1000 -994
984 998
-998 994
-1000 998
-991 -997
-995 984
998 -997
997 -992
991 -997
999 999
991 999
-999 -1000
995 -992
991 -987
995 996
-991 -996
1000 -994
-998 -984
999 990
-994 -995
-1000 997
-991 991
992 -985
995 1000
992 -998
-986 995
990 998
991 986
985 -999
-993 998
989 991
-999 987
-997 992
-994 984
-990 -998
992 987
-987 999
998 985
998 -988
994 985
-990 -999
992 -990
990 996
997 -990
989 -998
986 -993
-994 986
993 -987
990 -988
995 995
-988 -991
1000 -989
-994 991
-986 994
985 998
988 -988
988 991
1000 991
994 1000
990 -992
-986 1000
-989 -997
-988 994
-999 999
986 997
-986 -991
-997 996
994 -988
999 1000
-991 987
-996 -999
997 -998
993 -999
-998 987
-998 993
997 994
992 985
991 -986
-995 993
988 988
-999 985
990 988
994 -985
994 -992
990 1000
987 989
-994 990
998 990
998 997
994 -998
1000 -995
991 996
1000 985
-988 989
-986 996
-987 -993
-1000 -984
987 998
-987 995
986 -996
992 989
-992 989
987 994
-998 985
-988 988
-996 -996
-983 -1000
-997 984
991 993
984 1000
-987 -992
997 990
-998 998
991 -994
-986 997
1000 986
-995 -994
995 999
996 991
998 984
-996 -985
-998 997
-984 998
996 988
989 -996
-986 -992
999 -997
-992 -995
-987 994
997 -996
-993 -986
994 -984
994 997
-992 -998
-998 983
988 -995
-1000 986
-991 990
997 992
988 -991
985 993
-995 988
-997 988
990 999
-995 986
987 -992
995 988
-995 -993
993 985
995 991
993 989
987 996
-998 -996
983 998
986 -998
-985 -998
-985 -1000
995 -997
988 994
1000 983
987 -998
998 -989
996 993
-996 -988
-990 989
-995 996
-988 997
991 -999
-999 996
998 998
-994 995
-1000 -993
-987 990
996 -992
998 992
993 -991
991 -995
986 -991
-996 991
999 995
-988 991
-983 1000
-997 -991
-995 990
-990 990
984 -1000
-989 993
994 984
-995 -998
995 -1000
986 998
-996 990
995 -995
-994 -987
-985 -997
-990 996
-998 -989
996 -985
-997 -988
-991 986
-990 991
-989 -991
-999 994
989 997
998 -996
992 991
-999 -986
-994 -994
995 -993
-998 -993
994 -999
992 -989
988 997
-992 999
994 987
-992 -997
-994 998
-993 991
987 1000
-986 -996
-987 992
-1000 999
987 992
989 994
-995 -997
1000 989
993 997
-993 -989
995 992
-984 -999
-997 991
-984 -1000
-988 -995
-997 995
-996 -995
-997 -996
-994 -998
996 989
-989 989
999 -983
991 1000
988 -989
-998 986
989 -993
-991 -987
994 999
-986 998
-994 -988
-985 -993
1000 -991
-1000 -997
998 -986
994 989
993 -990
994 -991
987 -997
988 -999
-996 -991
996 -988
-997 -987
-989 990
997 -995
997 -989
996 995
-996 -992
-984 994
989 -991
-987 991
-990 -990
-988 -993
989 -999
997 984
997 -986
-1000 -991
996 -990
-988 995
-985 -995
-996 997
989 990
993 996
-986 992
-997 1000
-989 991
993 -988
-991 -990
-995 -1000
988 -994
990 991
995 -984
997 997
-991 -992
-994 -989
-990 -993
984 994
989 -987
988 990
1000 -993
-983 999
998 -991
-996 -984
-999 -991
-994 985
-993 -999
-990 -989
-991 -988
995 990
999 997
-993 -988
990 -994
994 -986
996 1000
-984 -997
986 992
986 -1000
1000 -987
992 -993
-996 984
-991 999
-984 999
992 -995
990 993
-986 -997
-988 -998
984 -998
-998 -983
1000 -999
-996 -989
991 998
-997 989
999 -985
995 985
-1000 -988
-992 -990
-998 -990
-991 996
994 -996
991 -993
1000 -998
-993 985
989 988
984 -994
993 -993
-993 994
-993 993
990 -989
991 -992
-1000 989
998 -985
989 1000
998 988
-989 998
-991 -1000
994 -987
998 994
-989 992
992 990
988 -992
983 -999
-992 998
992 -987
-986 -1000
999 998
991 -988
998 991
-990 -997
998 -998
-989 994
-990 987
1000 -996
990 992
996 -987
993 994
986 -999
986 -995
-985 996
-989 -987
-996 -1000
983 -1000
-989 996
-989 -993
994 994
993 -995
-985 994
990 -998
986 1000
996 996
998 995
992 996
-1000 987
-999 -983
-998 990
-985 997
-993 989
-999 991
-1000 -996
-997 -993
993 995
-1000 -990
-990 995
999 -987
986 991
990 989
-991 988
-988 -992
1000 -990
-995 -995
993 991
985 992
997 988
-988 -988
-996 1000
-984 -994
-992 993
993 -997
-994 -999
996 -989
995 -998
-987 -989
-989 999
991 992
-995 1000
994 -989
-992 995
-999 984
1000 995
999 -994
994 990
989 992
-983 -999
985 -993
996 984
-999 -984
-995 995
995 -996
999 -1000
990 -1000
992 988
-1000 -998
-997 998
996 994
988 -990
-993 986
999 -986
-986 -993
-999 993
-996 989
-989 -995
991 989
-985 995
-985 -996
-995 -990
997 -993
-993 996
984 -997
-994 -991
999 988
-998 -1000
-996 992
-990 -987
992 997
-994 999
-1000 1000
1000 996
987 999
989 -1000
-991 -999
-986 991
-988 -989
-996 -987
-993 1000
-997 -984
996 -997
999 -999
992 -991
993 -986
-990 999
988 -997
-987 998
-997 997
992 995
-991 -995
-987 -990
991 -1000
-994 -990
992 992
-994 988
995 -999
1000 -986
996 -991
-989 -996
994 -1000
996 -994
-1000 992
-998 -988
-1000 -989
-992 -987
990 -996
995 -987
995 989
-993 -992
-991 993
983 -998
993 -998
-992 991
-992 -991
987 -995
993 -996
-986 -995
-992 988
997 987
996 999
996 985
-993 995
999 989
998 -994
991 997
-985 1000
995 993
-999 -994
992 -986
999 994
-984 996
-990 -988
-997 999
991 987
984 995
-997 987
-993 -994
996 997
997 995
1000 984
-999 983
-993 -996
997 -988
1000 -997
-994 -1000
-995 998
-996 999
-995 -985
-999 -990
-998 -995
992 994
990 -993
-992 987
-998 996
999 -992
-1000 985
999 -984
-994 997
988 999
998 993
-985 993
989 993
-997 -985
1000 999
-992 -988
993 -1000
995 -985
985 -1000
995 -988
997 989
999 -998
-993 999
990 990
-998 988
-999 998
993 -992
-996 995
995 -986
-991 989
-992 -985
988 1000
-1000 993
-988 -990
-997 -998
998 986
994 998
-998 -992
994 991
995 -990
-994 993
987 -996
-999 986
-984 995
998 -987
992 986
991 -990
-1000 990
988 995
