1000
-495 -502
0 -1
504 -499
497 493
-500 -497
-6 5
-507 496
-498 -494
501 494
-5 0
-506 -499
1 6
503 -499
-503 497
0 -6
494 504
499 506
497 -502
-503 -497
501 -505
496 500
8 0
493 500
-495 494
-504 -495
-4 6
-494 497
1 2
-500 -496
494 -501
-500 495
-494 498
-496 502
-7 -3
503 496
-1 2
3 5
-502 -495
-504 496
-504 505
506 503
-3 2
-5 4
4 -1
-506 501
505 504
-1 -3
-4 -2
503 -495
505 498
-1 0
500 502
-504 -499
-500 -501
0 6
-501 -499
-503 493
500 -500
498 507
-496 501
-497 501
3 4
496 -504
499 -498
6 4
-5 1
-495 495
-3 5
-5 -6
2 -5
-502 -499
-494 500
499 -503
-496 499
496 501
506 -504
-499 -496
-505 -495
-2 -4
507 -503
493 503
1 1
501 -501
-2 -2
-2 4
505 502
505 497
-494 501
6 -1
-497 496
500 -504
-5 -5
-502 493
493 501
-1 -5
503 505
-497 -495
494 497
504 -498
-4 -5
-499 -499
-495 -497
-493 502
493 499
503 -507
-499 497
503 500
494 -502
-503 494
-493 -498
-1 1
-493 499
-508 500
-501 497
-493 501
0 2
4 -3
-498 495
506 -496
495 -494
1 -4
-499 -502
504 -502
-500 506
504 -500
-502 499
-507 -499
497 -501
-505 496
506 505
498 -506
-499 -503
506 495
0 -4
496 -506
-494 -503
496 -498
501 -498
505 494
505 506
-8 0
7 1
-4 -6
496 -496
-500 -498
-500 493
-499 -507
495 -502
-506 -495
3 -7
503 -505
499 507
-496 -502
506 -499
5 -3
497 501
6 0
-505 504
-502 504
-495 -496
-501 -507
2 7
-503 499
-3 7
496 502
-500 497
-504 -501
-505 -497
-499 500
-494 -496
-501 504
-507 501
4 1
493 502
500 -495
496 496
503 498
4 6
498 -500
-502 -503
-497 503
501 502
-498 -495
3 3
-2 -5
-500 -493
495 501
504 -503
496 504
492 500
-3 -4
-498 506
498 502
-7 -1
-495 -501
497 -500
506 496
-1 7
-498 497
1 4
-505 494
-492 -500
-497 505
-501 -495
-503 -494
495 495
-497 -506
494 503
-492 500
-496 -504
505 -505
-3 -7
-506 -505
501 -502
504 -495
-504 494
3 -4
-502 501
496 498
7 3
-504 503
502 507
-501 -502
-508 501
-493 -501
501 -496
496 -497
6 5
-504 501
499 -507
-496 -498
501 -506
498 -505
495 -506
498 -507
506 -495
-503 -500
3 -6
499 -501
495 -500
-503 -507
-507 -498
-502 -504
504 499
500 496
-501 505
495 494
507 501
-505 -500
-502 -506
-504 -494
-3 1
-507 499
-495 504
-494 496
497 -493
-497 504
-501 500
-1 6
500 507
501 -495
495 506
-497 -493
-498 -499
500 492
-495 -506
495 500
-505 505
-493 -499
507 -499
2 5
-501 -497
497 -503
502 502
500 -508
-507 -502
-499 493
-4 0
-500 492
-500 -503
-500 -505
-2 1
499 -494
-505 501
-500 505
507 497
-501 494
502 -501
-496 -497
505 -504
-498 496
-495 -499
-498 493
0 -2
-497 -500
-497 -494
494 -498
-497 493
-508 499
-5 2
-1 -2
-504 -504
-506 502
-498 -505
-499 -500
506 -501
496 503
-505 -501
-493 500
506 501
0 0
-496 504
494 -496
-501 498
495 -505
500 494
502 495
3 -1
-497 495
-506 496
500 -506
497 -495
-506 -500
-498 -501
-6 3
-505 -494
500 499
-505 -502
6 1
-507 -500
-496 494
-494 503
498 -493
3 1
-500 507
-500 -495
494 496
-507 -501
495 -498
-501 -505
-502 -496
5 4
-505 498
501 496
497 499
504 505
503 -501
506 -498
-501 495
494 -505
-501 493
-6 -1
-493 503
-503 -496
-498 507
505 -497
-505 -505
505 -495
498 -496
-496 496
-495 503
4 -4
-502 -507
-500 501
-505 502
506 497
6 -5
498 -494
-497 502
-496 -501
-501 -496
-1 4
493 -500
-6 -3
505 -498
498 -504
500 497
-500 508
-499 498
-498 -500
502 501
-508 -500
-7 -2
-505 -498
502 -503
493 -503
-6 -2
-501 -506
-500 496
-504 504
-3 -5
-497 499
5 3
2 -1
502 -498
497 -494
500 506
498 -502
4 3
-507 497
500 -507
501 -500
504 498
501 503
-505 -496
-5 5
-503 -498
-507 502
492 499
-3 6
-501 499
-495 505
-7 1
501 -497
502 499
-504 -500
-494 -505
501 -493
502 -497
505 495
496 -501
500 498
498 500
-494 495
-502 494
-496 -496
496 -503
500 508
1 5
507 500
504 504
-506 -503
-3 -3
494 498
-505 500
505 -494
493 -501
507 502
494 505
-502 -494
-506 497
503 -496
499 497
-498 -496
-5 3
-503 502
499 -506
-501 506
497 498
495 502
6 2
494 -504
-5 6
5 5
-499 -497
1 -5
495 -497
506 502
-496 -500
498 499
495 -503
502 497
-4 4
-505 -499
-503 -493
495 503
504 497
505 501
493 497
495 496
-497 -499
502 -500
500 501
-504 -498
-502 495
-496 497
5 6
-1 5
-503 503
-495 497
2 1
-506 -504
-2 -3
492 -500
-497 497
500 -497
1 -1
498 497
499 -504
0 5
-507 -504
-494 -500
499 -497
-504 500
-500 499
499 505
505 503
507 503
0 -3
497 -496
-3 -2
4 0
495 -496
6 -4
-503 495
-505 -506
505 -500
503 -506
-4 2
-2 -6
502 -493
0 -7
497 503
-500 -506
-497 506
-502 -498
3 7
496 -499
502 506
2 -6
500 -503
-503 500
-493 -497
498 496
-499 503
6 -3
-8 1
-4 5
504 496
504 500
499 498
5 -6
-497 -501
-501 507
3 6
495 -495
501 505
498 494
504 -506
-506 -502
-503 505
505 -501
-6 4
-496 -503
-499 -493
493 -498
1 7
-498 -502
-2 7
-503 -502
-506 503
0 -5
1 -7
-494 -504
505 -503
500 -502
3 -2
-495 496
497 506
496 505
2 2
-7 2
502 -507
-498 -493
501 501
497 -498
504 506
502 -505
-504 -502
-499 505
-507 -503
504 -501
497 -505
-499 494
-498 505
496 -500
-506 -498
-495 499
-494 -498
-503 -505
-500 -500
-503 -495
497 -507
2 -4
497 -506
2 3
502 493
1 -2
500 -494
494 -503
2 -3
-493 -500
-505 499
499 -500
501 504
503 499
498 493
-505 503
496 495
3 0
494 -499
502 -504
494 499
-506 500
506 498
496 -494
502 496
492 501
-502 507
498 501
503 502
501 500
7 -1
-503 507
-498 499
-493 -502
-501 -501
505 505
503 -497
-499 -504
500 503
1 3
501 -504
-496 495
-500 -499
5 -2
506 500
495 504
-499 -495
-494 -495
-501 -503
-498 -497
4 2
-506 495
-505 -503
496 -502
496 499
499 499
-504 -503
-1 3
497 505
498 505
-6 0
502 503
-500 498
-496 -506
499 502
494 495
-5 -4
-5 -2
6 3
-505 495
-495 -504
-500 -502
504 503
-502 498
500 -493
-495 -500
507 498
504 502
503 506
499 -505
-498 -506
504 494
-4 3
-501 502
506 -503
-501 -500
0 4
-497 -505
-4 -1
-498 -504
-506 498
501 495
-498 504
-1 -4
-497 -498
5 -5
-494 504
-497 498
-6 -4
4 4
494 501
499 493
501 -503
-498 498
5 -1
-499 -501
507 -497
6 -2
0 1
495 -501
502 -499
-505 -504
-494 -502
499 495
-495 -503
1 -6
503 -502
-504 498
-499 504
498 -499
-508 -501
-1 -1
502 -495
505 499
499 -502
503 501
494 -497
497 -497
504 501
-503 -499
-499 495
-501 496
-504 -497
501 507
-507 500
-500 503
497 495
495 499
-495 502
-507 498
-493 -503
2 0
-496 -495
-501 503
7 -3
-4 1
-496 503
-506 505
503 -500
-496 506
-2 5
503 -498
500 -498
502 494
-506 -501
499 -495
498 -503
-507 503
501 499
-497 -504
498 -501
495 -499
-502 -500
-498 502
-503 504
499 -499
-3 3
-496 -505
504 495
-6 -5
499 494
506 499
493 -504
-4 -3
-504 -496
494 -495
-499 -506
502 504
-500 494
5 -4
501 497
502 505
493 -502
-500 500
-505 497
501 -494
-502 -505
7 2
-502 502
508 -500
2 -2
-508 -499
-497 -502
495 505
-502 500
500 505
-5 -3
498 -495
499 496
-3 -6
-504 -506
-498 -503
497 497
-496 505
501 498
505 -502
-501 -504
501 -499
-504 499
500 500
-499 496
-506 -497
505 -506
499 504
493 -499
-495 501
-504 497
-499 506
504 -496
-500 -494
501 493
-494 -501
2 4
-499 507
4 -5
-500 -492
-502 503
495 497
-3 4
502 -502
498 -497
500 495
-499 499
-2 2
0 3
-497 -503
506 -502
497 500
-500 504
-498 503
507 -502
500 493
498 506
-2 3
497 502
-506 499
-7 -4
-502 -502
-500 -508
-496 498
1 -3
-498 -507
-7 0
-8 -1
4 -6
497 -499
506 504
5 0
498 498
-499 501
503 -494
503 507
-502 505
-504 502
504 -505
502 -496
498 503
500 -496
500 504
503 495
503 -503
-1 -6
506 -505
506 -497
-495 -494
-497 500
502 -506
-498 500
-494 -497
500 -492
494 502
496 497
501 506
505 496
-499 -505
-499 502
493 -497
-3 -1
5 2
-6 1
-494 505
-498 501
-495 498
501 -507
493 498
2 -7
0 8
506 -500
-497 -496
496 506
5 1
1 0
7 -2
-6 2
497 -504
3 -5
-503 -503
-502 496
-507 -497
-502 -501
503 -493
-502 -493
-495 -498
492 -499
499 500
-501 501
502 498
503 -504
4 5
507 499
-503 501
-505 506
-494 499
494 -500
-4 -4
0 7
-7 3
500 -501
505 500
-498 494
507 -498
-499 -494
502 500
505 -496
-495 500
-504 506
503 504
-500 -504
495 -504
-2 -1
-495 -495
-493 498
503 494
-497 -497
496 494
-503 -501
3 2
504 -504
-495 -505
-501 -493
-2 -7
-502 -497
498 504
504 -497
494 500
497 504
497 507
-497 507
-500 502
-506 -496
498 495
-496 -494
-502 506
499 -493
496 -505
2 6
3 -3
503 493
492 -501
503 503
500 -499
503 497
497 494
507 -501
-496 500
493 496
7 0
-498 -498
504 -494
-497 -507
500 -505
-503 506
-2 6
-501 -494
4 -2
498 -498
-496 -499
-499 -498
502 -494
-504 -505
499 -496
495 498
0 -8
-497 494
499 501
-1 -7
-495 506
-503 -506
-493 497
-503 -504
499 503
-502 497
-506 504
-504 495
507 -500
-3 0
496 -495
505 -499
-2 0
-494 502
508 500
-5 -1
-501 -498
-503 496
-500 -507
-503 498
-494 -499
497 496
