1000
2 -7
996 998
-989 -993
998 998
989 -994
-987 1000
-999 987
-1000 994
-995 -987
-1000 -986
990 -989
-997 -997
-997 -995
-991 990
990 997
995 -998
-989 -997
-989 -998
-994 994
4 -3
997 996
987 995
987 999
-999 -989
1000 989
5 -6
-986 995
-5 -5
1000 999
-999 -994
4 3
993 -994
993 -1000
-990 -999
1000 -995
-2 7
-985 -998
996 987
998 994
991 999
0 0
-997 -996
-993 1000
-996 -986
-994 -990
998 986
996 993
-999 -991
-998 997
998 -1000
-993 -994
-1000 -1000
-993 997
-992 991
988 -993
999 -999
-994 986
996 -990
988 992
-992 -998
998 996
5 4
-7 3
999 -991
-7 -2
1000 1000
-996 996
996 995
-1000 1000
991 -999
-999 985
997 1000
3 -7
994 -992
-992 -993
-6 0
989 991
993 -987
-995 993
-999 991
6 2
-1000 995
988 -995
-988 -992
3 5
-1000 991
-996 -987
3 -5
-994 -999
998 992
994 -998
998 990
999 -1000
7 -1
994 -991
-998 998
-998 -995
-5 -2
-994 1000
993 991
997 990
1000 988
0 8
-997 -991
998 -996
-991 999
2 2
991 -993
992 988
995 988
992 -994
-996 -990
990 993
995 993
-991 -988
999 988
993 988
989 -998
-988 -997
-990 -992
988 -997
-995 1000
0 -5
989 -997
7 1
-997 -989
997 993
0 7
1000 -990
-985 999
-8 0
-993 988
999 -996
-987 -994
999 -994
998 -985
5 -5
8 0
997 995
-996 -991
-992 -997
-7 -4
-997 -998
-998 -990
1000 -1000
-990 999
-3 -1
999 999
-987 -996
987 998
-1 -6
-998 -998
1 -7
-987 -993
-992 -988
-990 989
-3 2
5 0
-992 -994
-999 -1000
-1000 -990
-6 -2
6 1
-1 -5
-987 993
-5 -1
-988 -993
997 -986
-988 995
999 -989
-996 -997
4 -5
987 -999
-987 -999
989 -992
2 5
986 -994
-986 -997
989 992
-1000 -991
994 -1000
6 -4
991 992
-995 990
-991 -990
997 -990
993 987
-997 -992
1 -3
-5 -4
-2 -2
1000 985
-986 999
989 997
-999 986
-1000 -994
-986 997
1 -6
995 990
5 -4
-993 996
-998 991
0 -3
-987 994
-991 995
995 1000
996 -998
2 -6
3 -6
-998 985
6 0
995 986
7 2
-993 -988
992 -999
-6 -5
-998 989
995 -1000
-996 -998
-996 -1000
997 -996
988 1000
5 3
-999 996
-6 3
-996 -993
-991 998
-4 5
-1 -4
986 998
998 -995
998 -989
1000 998
-1 -2
990 989
-6 2
-991 -989
-990 996
-1000 996
988 -994
-989 -990
-999 -988
2 3
-4 -3
-991 -995
1000 -985
-991 996
-998 994
-992 990
-990 997
-993 993
-998 -991
-988 991
-995 -989
-990 998
-2 1
-6 -3
-993 995
993 -991
996 989
999 -988
-995 -1000
-2 -5
-994 -989
-995 994
992 995
1000 -987
-1000 998
-4 0
995 996
994 988
-2 5
995 987
-5 2
-991 1000
992 997
1000 -986
999 -993
999 991
-988 999
988 993
999 995
-999 -985
-987 -995
-985 -999
-993 -995
-991 -997
989 -996
-991 -993
993 -993
5 -2
-5 4
987 992
-999 989
-992 994
993 997
-993 989
998 985
991 -998
0 2
-988 994
-990 994
1 -4
4 0
-995 992
1 6
-986 998
998 -999
4 6
-994 993
-988 -998
-999 -992
991 991
994 -990
-992 987
-7 -1
997 -1000
-991 -998
986 -997
-988 -999
-4 4
-998 987
-1000 990
-994 -996
-997 997
999 993
992 989
-997 999
-4 -1
-5 0
-1000 986
0 6
990 995
989 990
-990 -990
995 -995
0 1
0 -6
999 996
992 992
-997 -993
-998 -994
-990 992
-995 989
990 -995
-3 -4
996 -997
-3 -7
991 994
1000 993
-1000 -985
992 -991
-1000 -992
-997 -986
0 5
993 999
996 990
998 -988
-996 -994
998 -990
995 -996
-995 -990
-996 -992
-2 -3
998 -994
999 989
994 -993
988 998
991 993
987 -997
-997 996
6 4
-990 995
998 999
992 -990
-993 998
-997 987
-994 990
-4 -5
-1 6
-4 6
1 5
-996 986
993 -992
997 -999
-1000 985
990 990
-3 3
7 -3
992 990
997 991
-997 993
-999 1000
992 998
1 4
-1 4
-998 1000
989 -995
994 991
-5 -3
991 -1000
-991 992
-998 -999
-999 -996
994 997
1000 995
6 -1
-5 -6
990 996
-5 5
-1000 988
-991 993
991 -996
989 994
-1000 -989
-989 993
4 5
-1000 -993
-996 989
-990 993
-989 -999
987 996
-997 994
-988 -995
-987 996
-994 997
-986 1000
-3 -6
-997 995
-997 -990
996 -999
-1000 -997
989 996
998 -991
-988 996
987 993
-997 998
-989 -991
986 994
-988 -996
-4 -4
999 992
997 -994
1 -2
993 -988
-3 -2
-4 1
995 995
-994 991
-998 993
-987 -997
997 986
-3 6
992 -996
-998 -987
-997 988
-988 993
-999 993
989 -999
-999 999
-995 -999
-997 986
1000 -989
-998 988
-991 -1000
988 -998
-4 -6
-997 1000
-6 -4
992 -988
-986 -995
-989 998
-994 -994
998 987
985 -998
-987 999
-999 -990
988 991
-994 -992
0 4
-998 999
-992 996
-2 0
995 -986
990 994
-995 987
-993 -993
-998 986
-993 -991
987 -1000
998 988
997 -995
0 -8
998 -992
-1000 -995
990 998
-997 -987
-992 -987
-994 -988
997 994
3 -4
-988 -1000
988 -996
-989 990
990 -993
-996 997
-995 -991
-996 994
-992 999
-996 993
988 -992
-3 1
994 -995
-993 -987
998 1000
990 -1000
-7 2
-992 989
996 991
994 -994
997 997
993 998
-1000 987
997 -987
987 994
-992 998
-995 -996
999 -990
995 997
-990 -998
-994 -997
-992 988
996 -986
990 -998
2 -5
1 0
988 999
990 999
-990 991
995 -997
997 992
999 990
990 -994
-5 6
-992 -992
1000 997
-992 -990
-994 988
-995 991
1 7
-998 -1000
998 991
-998 -997
-1 7
989 -991
-998 -988
985 -1000
997 988
-989 999
-995 -986
997 987
-993 992
998 -998
-1 -1
999 998
991 -989
995 -988
987 -993
989 995
990 -999
-998 -993
994 -986
5 1
4 -4
5 6
-2 -6
-996 995
994 993
985 998
995 -993
-7 0
993 -990
998 993
994 1000
-986 996
-996 987
-989 -1000
-2 4
-993 990
997 -997
-3 0
-991 988
988 994
986 997
997 -992
-2 -1
-997 989
6 -2
1000 990
-993 999
991 998
-1000 999
999 1000
997 -991
-990 -991
-991 989
-6 -1
986 -998
-1 5
-3 5
994 -989
-996 1000
999 986
-8 -1
999 985
7 3
3 7
995 998
0 -7
988 996
-3 4
-992 -991
987 -996
-992 -996
992 -989
7 -2
-997 992
998 997
-2 -4
996 -994
-995 -994
996 988
-991 -999
-4 2
992 996
992 994
1 1
995 991
-991 -992
-996 -989
999 987
1000 -988
991 997
-985 -1000
6 -3
-994 996
997 999
-2 2
994 992
-996 998
-1000 992
1 3
-1000 -987
-3 -3
-999 -987
7 0
2 1
-997 -999
993 -997
-989 -994
2 0
-1 -3
991 1000
-993 -990
996 997
-2 3
-993 -998
992 -993
-995 -995
-989 997
996 -992
995 -999
-997 991
990 1000
-999 -997
-4 -2
-996 992
999 -986
-989 991
-990 -989
1000 986
992 999
-990 -993
-999 -993
988 997
999 -985
-997 990
-988 -991
-998 996
-996 -988
1000 991
996 -995
4 -2
992 993
1 2
-998 995
990 -990
1000 -992
-995 -988
2 -2
995 -992
994 990
-992 992
-990 -994
0 -4
-994 987
-995 -992
-994 998
-990 -1000
985 999
-987 -1000
-1000 997
994 994
-986 -999
-988 998
986 996
4 -6
-989 996
-996 -996
-986 -1000
3 1
991 995
-998 -996
990 991
-995 986
986 -1000
990 -991
-995 -993
994 998
998 -993
990 -996
-999 992
990 992
-988 -994
999 -995
-993 -989
992 -1000
996 -996
3 2
-991 991
-996 988
989 993
993 995
1000 -993
-1 3
1000 -996
1 -1
1000 -997
996 994
-995 998
-992 997
-987 995
-998 -992
-990 990
992 -997
996 -989
-994 -998
993 -995
995 994
-994 999
-992 993
995 -987
-991 -996
-995 997
-995 996
-3 7
-990 1000
-999 -999
-994 -1000
999 -997
4 2
1000 -998
992 -995
-994 -995
-992 995
997 -989
989 998
-998 -986
999 -987
993 -996
987 997
991 996
997 -998
994 996
-993 -992
987 -994
-999 995
-990 -997
-994 -986
-998 992
994 995
-989 -995
1 -5
987 -998
-996 999
993 994
6 5
-1 -7
-6 4
-999 997
999 997
-996 991
999 -992
988 995
989 1000
994 989
996 1000
3 -2
-992 1000
-999 -995
994 999
986 995
986 1000
996 999
4 4
-1000 -996
-1 2
-995 -997
986 999
-1000 -988
-996 990
1000 -994
-994 -993
992 1000
-993 -996
3 3
-989 995
4 1
3 -1
-992 -989
997 998
-985 1000
-5 3
-999 -986
988 -999
-2 6
997 989
993 992
996 -1000
1000 994
5 2
999 994
1000 987
-992 -1000
-992 -995
6 3
988 -1000
987 -992
996 992
996 986
-993 994
-990 -996
3 -3
1000 -999
989 -993
990 -997
-994 -991
-987 -998
993 990
986 -995
-988 997
994 -996
993 -999
2 -1
995 -991
2 -4
-1 0
991 -988
989 -990
998 -987
-8 1
-989 -992
996 -988
995 -994
3 6
986 -996
-1000 -999
995 -989
-987 997
996 -993
994 -999
989 -1000
991 989
-991 997
998 -997
-1000 993
994 -987
989 999
-991 -994
-999 -998
-993 -997
998 995
987 1000
993 993
-989 -996
998 989
6 -5
993 -998
-5 1
0 3
-995 988
-999 998
-986 -998
999 -998
5 5
-997 -988
995 989
2 -3
-993 -999
-999 988
0 -1
994 -988
996 -991
-7 -3
986 -999
998 -986
992 991
2 7
1000 -991
-997 -994
996 -987
-998 -989
-994 989
-2 -7
-993 -1000
991 -997
991 988
993 996
995 -990
3 0
-989 994
0 -2
-6 5
987 -995
-992 -999
-986 -994
1000 996
-995 999
5 -1
-999 994
1000 992
-7 1
2 6
-988 992
-989 1000
-1 1
-3 -5
992 -998
-998 -985
991 990
990 -992
-999 990
4 -1
-997 -1000
-991 -991
993 989
993 -989
-989 992
996 996
-986 994
-996 -995
993 1000
-6 1
-4 3
-986 -996
-994 -987
988 -991
991 -992
994 -997
995 999
-996 -999
2 4
-993 987
5 -3
994 986
-994 992
-995 995
991 -995
-985 998
991 -991
-998 990
995 992
-991 994
997 -993
991 -994
-990 -995
991 -990
-987 998
-988 1000
-1000 989
-995 -998
985 -999
992 -992
997 -988
-1000 -998
994 987
-994 995
-993 991
985 1000
3 4
