999
1 989
997 9
1 990
10 -992
994 7
-12 997
-9 994
999 -13
0 -1000
11 996
11 -996
989 3
-4 1000
-4 994
-9 993
14 998
-10 995
-7 995
991 7
9 -999
987 1
6 -990
989 0
-2 997
997 5
-11 -999
4 995
12 -996
-2 991
0 -987
4 -996
999 1
987 -3
11 -998
13 -997
14 -999
3 996
0 -994
0 991
990 0
990 -2
-6 -995
-5 990
-3 -988
986 0
0 -986
8 -992
994 5
-7 -988
-4 -1000
993 -6
-5 992
995 -1
993 11
991 -8
997 13
2 -992
-7 -995
13 1000
-9 990
-13 995
-8 989
-13 1000
12 -997
989 9
992 -4
6 -998
996 12
-6 997
-14 998
9 -991
989 5
9 -992
0 -993
995 10
989 -1
996 -2
5 -996
-13 -998
11 -992
1 987
9 995
3 -997
14 1000
-11 -991
994 9
6 992
2 990
997 1
-2 -987
1 -988
2 994
-3 -989
1000 -7
-13 -996
1000 -8
990 -7
-8 997
-6 1000
5 1000
-10 1000
10 -998
12 998
-8 -994
10 992
-7 -997
2 -989
998 -6
-3 996
7 991
-3 -992
-6 990
987 2
0 998
4 992
10 -997
998 -13
-13 -1000
-1 986
994 -7
-5 -992
-1 -987
989 -6
9 -994
999 11
1 993
-8 -989
996 8
-1 996
1000 12
-8 -998
4 -991
991 9
-2 1000
992 0
2 997
1 991
996 10
-8 996
-7 989
12 -999
12 997
2 996
987 -1
994 -1
1000 4
-3 987
2 989
997 7
992 -7
-3 997
1000 13
-10 992
996 3
1 -999
1 -992
10 993
-8 999
6 -996
-4 988
-13 -999
11 -1000
999 -14
990 10
9 990
8 -998
5 -991
994 10
999 4
996 5
-6 -996
-12 -997
1 992
0 989
12 999
990 -10
986 -2
13 998
992 3
-2 -992
-5 989
13 997
997 11
989 -2
12 994
2 986
990 -9
-9 -990
-3 993
990 -6
996 -6
999 -7
6 989
1000 -1
6 999
-1 -1000
989 -9
3 -988
991 -4
996 1
-4 -990
5 -995
-6 999
-2 989
991 3
0 -992
4 993
-1 -986
996 7
-8 -993
995 -5
998 7
-1 -993
-11 994
3 989
994 12
993 12
0 -996
-8 998
-4 996
-12 998
8 -990
1 -989
994 0
995 8
991 8
1 1000
997 -13
994 -4
998 -12
993 1
990 -8
-5 -995
0 1000
-8 -992
-1 992
7 995
-1 988
2 988
-5 -991
994 6
12 -1000
-5 -990
1000 6
993 3
5 989
-3 -999
994 8
6 -997
2 993
-3 -994
-12 994
1 995
-11 995
990 3
-4 989
5 988
10 995
995 -2
988 -3
8 -994
7 990
990 4
-10 -993
8 1000
-3 -990
3 -987
-10 996
994 4
993 4
997 2
1000 0
8 991
998 2
991 -5
-5 997
998 -1
1 -997
3 991
-4 -991
4 -989
6 -991
992 -2
10 994
5 997
-14 1000
-2 996
5 -992
988 -7
-1 998
993 2
6 -1000
-1 -989
-11 991
-10 -998
989 7
-3 991
-8 991
995 5
5 992
2 -991
10 -993
7 1000
999 -2
-1 1000
0 996
5 998
0 997
-3 -1000
996 -7
7 -989
3 998
-2 -997
4 994
-7 994
10 -1000
992 1
997 12
995 -10
-5 -989
-2 -988
-6 989
-12 1000
996 -3
3 999
-7 -998
6 -992
7 -988
991 -6
5 995
-11 993
-11 996
-12 -993
10 -996
995 -4
996 -8
-8 -1000
986 2
-6 -999
6 994
992 -3
999 7
2 987
3 990
-4 987
-7 993
2 -998
13 -998
4 -995
4 -999
990 2
-13 997
-7 988
-2 992
993 -11
999 9
5 993
-9 997
994 -12
11 992
994 -11
991 2
3 -994
1000 -5
1000 8
0 -997
-8 -990
-2 994
-10 -997
-1 993
-5 -993
-9 -991
-4 993
-11 -996
998 14
-1 991
-6 -992
2 991
-2 -998
-10 -994
-10 -991
996 -11
-3 -997
-11 998
1 -990
999 3
986 -1
-7 -993
10 996
5 -1000
998 -2
-9 -993
9 -997
13 999
6 -995
999 -11
995 -8
-11 -998
12 996
988 7
10 990
-9 -995
-4 -999
-2 993
6 990
987 -2
-6 -988
-10 997
9 996
12 995
993 -5
-7 -994
-7 999
10 999
13 -996
991 6
11 998
-11 -993
6 993
-1 989
2 -994
-8 -999
14 999
-6 -997
3 -999
3 992
993 10
996 -4
8 -997
6 998
-5 -994
998 -3
4 998
2 -987
9 -998
992 8
991 -3
995 1
13 995
-8 -996
996 4
-4 -995
992 -6
995 -13
6 -999
993 0
995 -3
12 -993
2 -997
991 5
10 -990
988 5
999 0
999 -5
993 9
9 -995
8 -995
988 6
3 -992
999 5
995 12
-1 -991
992 5
999 -1
995 6
-2 -996
-9 1000
5 994
2 999
5 999
-5 998
9 -990
-7 996
995 9
6 -993
990 7
4 996
1 -996
-3 -998
4 -997
-3 -993
-1 -999
-11 997
11 -999
-2 987
12 -995
-4 -997
1 988
-1 987
8 -999
3 988
4 997
12 -998
1000 -2
999 13
1000 -11
998 13
0 -991
-12 -994
-9 998
988 4
5 991
992 4
998 -7
999 14
992 2
4 991
997 6
1000 5
2 992
9 994
3 995
8 -1000
989 8
-5 987
-1 -996
991 -10
996 -5
7 993
1000 3
8 994
994 -10
993 -3
11 994
1000 -14
2 995
992 7
-8 994
5 996
-2 990
997 8
993 8
4 990
11 -993
13 -999
-4 -992
4 989
6 -988
-2 998
8 -989
996 -12
-10 -995
997 -6
992 6
0 995
-5 988
-5 996
990 -1
6 995
996 13
987 -5
13 996
-2 -989
995 -12
997 -5
990 1
997 -8
2 -995
7 988
-9 -1000
12 993
-2 -986
-4 991
-14 -999
987 -4
-5 993
999 -8
9 -1000
10 997
994 1
7 994
988 -4
997 -7
992 9
8 997
-3 994
994 -9
-6 988
10 991
-9 -997
1000 2
999 2
-12 995
-7 1000
2 -990
1000 -4
9 991
992 -10
-1 994
6 1000
12 1000
995 -6
995 -9
1 999
-1 -998
1000 -6
7 997
9 998
0 -990
998 -10
2 -1000
9 999
-9 995
7 989
998 -11
2 998
10 1000
7 -993
3 -996
-6 994
5 987
-13 998
-2 -993
1 997
-4 -987
8 -991
-9 999
-5 -988
10 -991
-1 -995
-10 998
0 986
996 9
-2 999
996 -13
0 -999
9 1000
-3 992
-10 -999
5 -999
998 -5
-7 -990
-5 991
-4 -998
9 997
-6 991
5 -993
-13 996
-3 998
1 986
998 3
3 -990
-5 -1000
-13 999
999 -10
-12 999
14 -998
996 0
997 -12
999 -3
-2 995
4 -993
0 994
993 7
996 11
7 -990
997 4
3 -998
1 -994
986 1
0 992
990 -3
-10 -1000
-4 -993
-11 -995
993 6
993 -10
1000 14
3 987
5 -997
7 996
7 998
-3 989
3 -989
7 -995
4 -990
4 -1000
4 -994
995 2
993 -12
997 3
-3 1000
-3 995
-2 -991
994 -5
-2 988
998 -4
998 1
-1 999
1 -998
11 -997
-12 -995
2 -986
987 5
10 -995
-2 -995
11 -995
-11 1000
-4 997
-9 991
995 3
-11 999
999 -6
-2 986
996 -9
997 -10
8 998
0 -988
3 997
-9 -989
-4 990
-8 -995
-10 990
-5 -996
-6 -1000
-3 988
-4 -996
993 -7
1000 7
1 -995
991 10
-9 -994
993 -4
0 988
3 993
991 -9
997 -3
988 3
4 987
3 -1000
-11 -997
-14 999
-7 -989
990 -4
-6 993
998 4
0 -995
-9 996
992 10
11 995
1 996
10 -994
998 6
-9 -996
991 -2
-6 996
2 -988
-3 990
993 -8
1000 1
-3 -987
3 -995
991 0
-7 -991
1000 11
992 11
-5 -999
994 -6
6 996
988 -6
-3 -995
997 -11
-12 993
989 -7
-10 993
8 -996
9 -996
9 993
-2 -1000
990 9
992 -9
11 1000
0 -989
-7 997
988 -1
-4 998
2 1000
992 -1
991 -7
994 -2
989 6
999 8
1 -991
994 11
-12 -998
11 997
987 4
1 998
11 999
8 990
999 -12
997 10
-6 998
991 -1
994 -3
-3 -996
1000 -12
-10 -996
-9 989
998 -14
-1 -997
8 989
4 -992
997 -2
993 -9
2 -993
997 0
2 -996
989 4
987 0
998 -8
1 -993
-3 -991
-10 994
1 -987
-2 -994
7 -998
-1 990
10 -999
998 0
-10 991
995 7
1000 9
7 999
2 -999
999 12
-7 -992
-8 990
992 -11
1000 -9
991 4
-7 998
990 8
993 -2
-11 -994
988 0
989 -4
7 -992
3 1000
-13 -995
994 2
4 -998
-12 -999
6 988
4 -988
5 -994
990 5
8 993
10 998
5 -989
998 9
-11 -1000
-7 991
-10 -992
995 -7
-6 -998
-9 -992
988 -5
997 -1
4 988
-6 -990
989 2
1000 -3
-11 992
989 1
-13 -997
-14 -1000
1 994
-5 999
0 987
6 -989
-8 1000
-7 992
998 11
3 -991
3 994
993 5
0 993
988 1
-6 992
989 -3
-10 -990
7 -994
-1 -994
-2 -990
9 992
-4 992
990 6
4 999
-6 -993
1000 10
993 -1
989 -5
996 6
0 990
0 -998
994 -8
7 -996
4 -987
995 -11
1000 -13
5 -990
6 991
8 999
-8 -991
999 -4
995 13
988 2
989 -8
-5 -998
997 -4
5 990
-5 1000
998 5
8 995
-14 -998
1000 -10
995 4
999 10
998 -9
-2 -999
-4 -988
996 -1
998 8
1 -986
-4 -989
996 -10
3 -993
994 3
997 -9
-12 996
-9 992
-4 -994
988 -2
-4 999
-5 995
4 1000
991 1
-7 990
992 -8
-10 999
13 -1000
-4 995
990 -5
-3 999
987 3
-12 -996
995 0
-1 -990
-6 -994
1 -1000
-5 -987
-8 992
7 -997
7 992
7 -999
-8 993
-5 -997
-1 -992
-9 -999
-5 994
-1 -988
996 2
-7 -1000
-1 997
11 -994
995 11
9 -993
998 10
-8 995
-7 -996
-12 -1000
11 993
14 -1000
-11 -992
-6 -991
0 999
8 996
5 -987
998 12
-9 -998
992 -5
-6 -989
7 -991
8 -993
-1 995
5 -988
5 -998
6 997
-8 -997
6 -994
999 6
-7 -999
8 992
13 -995
7 -1000
999 -9
12 -994
-6 995
