999
-995 -995
-995 -997
991 -10
-10 1000
5 989
-6 992
-991 -991
-997 -995
-9 998
-991 -992
-993 -987
989 3
-997 -998
12 1000
-1 991
-990 -998
5 992
988 2
-11 992
998 -10
-994 -991
10 997
6 998
-984 -991
993 -8
-992 -997
-996 -989
-995 -985
-985 -998
-995 -987
-995 -999
998 13
1 988
-988 -994
990 -1
5 991
997 7
-999 -991
993 -1
-8 990
999 -4
995 -5
995 -6
-6 1000
8 994
991 -2
997 8
8 997
-995 -982
-984 -997
-14 998
-2 992
-995 -993
2 988
-996 -991
6 994
7 988
-991 -996
-984 -998
12 999
-999 -996
996 -7
998 11
-11 997
991 -8
-1 990
-995 -1000
996 10
-11 991
2 986
-988 -988
-984 -1000
6 995
999 -5
2 989
-987 -994
997 -1
992 1
-996 -998
991 7
996 13
994 8
995 -13
0 986
-991 -983
-13 995
-997 -996
-999 -981
-8 989
988 4
1 989
999 8
-997 -988
1000 1
994 -3
-1000 -990
1000 -11
-1 997
991 8
-991 -994
991 4
-989 -998
10 994
-8 998
-981 -994
-998 -995
-4 996
996 -3
-8 991
991 5
-989 -992
2 997
10 990
-5 993
-984 -993
-992 -995
-998 -987
-9 1000
-1000 -988
995 -1
-11 995
-1000 -994
993 4
1000 6
990 7
-983 -995
-990 -999
-992 -986
-4 991
-3 987
9 998
991 -1
995 0
999 -6
-981 -998
12 996
998 -14
3 998
-984 -999
992 -9
992 6
7 991
-999 -994
-999 -989
998 0
992 -4
5 999
989 7
998 -3
994 4
8 991
-4 997
-3 989
990 10
999 -9
1 999
0 993
-990 -995
-987 -989
998 -1
1000 0
-993 -995
-1000 -999
-981 -1000
-990 -996
-8 993
992 9
988 1
-982 -992
-7 994
-1 994
993 8
994 6
989 -8
-991 -995
989 2
-999 -987
996 -8
-4 989
-993 -996
2 991
-996 -982
2 998
-997 -984
997 6
-991 -999
-981 -995
-997 -990
-992 -982
0 994
-1000 -993
997 -6
6 992
-987 -992
990 4
-991 -986
-989 -986
-987 -986
-6 995
999 5
-993 -990
-10 998
0 991
987 -3
1000 11
994 -9
986 -2
-13 996
1000 -6
987 1
-985 -988
5 996
-990 -983
1000 4
8 993
-992 -988
-1000 -998
-9 999
999 9
993 -12
9 991
12 995
995 8
8 995
-989 -997
-985 -991
-12 999
-993 -984
988 5
989 1
999 -10
-13 997
-7 999
999 4
996 9
11 994
-7 992
-997 -987
992 -2
993 1
999 6
-1 989
-4 990
996 -13
999 -12
990 3
-997 -994
-12 994
0 1000
4 992
989 -7
9 994
6 997
-986 -992
993 -4
6 993
-3 994
988 6
987 -1
-988 -1000
-10 996
-987 -987
996 -2
-8 992
3 994
-987 -991
-990 -990
-998 -982
995 -9
999 3
-994 -981
-986 -998
999 0
998 14
992 2
-6 989
13 999
1000 2
996 -4
995 11
-985 -1000
-989 -993
-11 993
-982 -995
992 8
-986 -996
-994 -984
-988 -999
1000 -14
-5 996
-986 -1000
-989 -984
14 999
-995 -996
-983 -992
4 1000
3 993
-995 -991
997 -9
988 -1
-993 -982
-2 1000
-994 -997
995 -7
10 995
3 991
6 988
-989 -988
-990 -986
990 -3
-991 -989
-5 989
991 -4
990 -2
998 3
-986 -987
-998 -989
990 5
1 993
-9 995
-983 -997
993 3
-986 -995
998 -13
-992 -1000
-9 991
-3 997
-1000 -984
-992 -996
999 -1
-6 991
7 995
5 994
997 -8
-987 -1000
9 999
-5 991
994 7
-998 -1000
999 2
-991 -987
994 -7
4 994
989 -4
989 -1
997 -13
-14 1000
1000 14
8 1000
-9 996
995 1
-991 -993
993 -5
-3 988
995 3
-983 -991
12 994
-987 -999
-1000 -980
-9 994
1 991
13 995
-986 -988
9 1000
994 -5
-3 992
989 4
-4 995
990 2
997 -11
-984 -992
997 -2
995 -2
990 -4
-989 -995
-997 -1000
-996 -984
989 8
-995 -984
-982 -994
-1000 -995
988 3
-999 -1000
-990 -997
992 11
-997 -981
-999 -985
-10 995
995 -4
-8 997
8 992
-4 999
-11 999
-6 997
1 992
990 1
-994 -994
-1000 -983
-998 -986
11 1000
-985 -999
8 996
6 1000
-985 -996
-1000 -989
-994 -988
998 4
993 -6
996 -9
-992 -984
-991 -985
993 11
2 999
-988 -997
-7 991
-9 989
-985 -997
994 3
-7 995
991 3
-996 -994
1 997
992 -5
1000 -4
-989 -985
-4 993
5 988
-982 -1000
-996 -987
10 1000
-1 993
-994 -999
987 5
-8 999
-996 -999
2 992
-994 -992
-994 -989
-13 998
993 -9
6 991
-997 -991
-989 -1000
-983 -990
-999 -983
996 -5
-984 -995
994 -2
990 -8
987 0
-987 -995
988 -3
-985 -994
990 6
-3 993
9 996
-996 -988
-998 -988
-988 -991
991 2
-991 -984
-993 -997
0 998
998 8
-994 -985
-983 -999
-11 994
-999 -998
2 993
992 4
-5 994
986 -1
-993 -994
5 997
989 -5
996 1
-989 -999
0 995
-994 -990
7 992
6 990
-1 1000
995 -10
-6 993
993 -11
996 -10
-998 -996
-13 999
998 -12
-982 -998
-1000 -991
995 5
997 4
-2 987
997 -3
-998 -985
-985 -989
992 -8
-999 -997
994 11
998 -2
-2 998
1000 10
990 9
-1 988
-3 999
2 990
996 6
7 998
-1 999
6 989
7 994
-997 -993
-11 1000
-987 -996
997 9
11 998
11 996
13 997
10 998
-988 -995
-993 -991
-993 -985
2 994
996 -1
997 -4
-8 994
996 -11
-1000 -986
996 4
998 6
-995 -998
-998 -998
999 -8
988 -2
-997 -982
-7 996
991 -5
986 1
-983 -993
-1 987
2 996
-11 996
998 5
2 1000
-985 -990
996 7
-995 -986
997 3
-992 -991
-6 994
-992 -993
994 2
-994 -993
11 993
11 999
3 989
-3 996
-990 -992
998 -6
-993 -999
987 -4
994 10
-982 -997
1 1000
13 996
-996 -1000
-2 986
-982 -999
-999 -999
-1000 -987
-990 -994
-2 995
-992 -985
9 990
7 997
998 7
999 -2
1 987
999 13
993 -10
-7 988
-1000 -982
-993 -983
-995 -981
8 999
-988 -984
-996 -983
993 0
-996 -981
0 992
1000 -7
996 12
-988 -996
13 998
988 -6
992 5
6 996
994 -6
999 12
-999 -982
994 9
-990 -984
-1000 -992
12 993
997 -10
-7 989
991 -7
-1000 -997
990 -7
997 5
-993 -988
-990 -985
994 -11
-995 -994
6 999
999 -11
996 2
14 1000
-988 -993
991 6
993 -3
-994 -996
1 994
993 -2
995 12
-994 -982
-2 991
-991 -997
1000 3
10 999
-990 -988
996 8
3 988
-995 -992
-5 995
-989 -989
999 10
992 -7
999 1
0 988
-995 -989
995 -11
-7 1000
-12 998
-995 -983
7 990
-998 -983
-9 993
989 6
-4 987
-987 -990
0 997
995 2
-994 -983
7 993
-6 990
-983 -994
999 -13
993 12
4 990
990 -10
-7 997
989 0
1000 5
-5 990
-983 -996
-998 -991
9 992
-10 991
994 -4
-992 -992
-997 -992
-7 993
9 995
0 990
998 -5
-5 988
-984 -996
994 -12
-3 995
997 0
-2 988
-9 997
4 987
7 989
3 987
991 10
-13 1000
-992 -987
-2 999
986 2
-991 -1000
990 -9
988 -5
-990 -1000
8 989
-998 -984
12 998
987 -5
-996 -992
996 3
0 996
990 8
987 -2
992 0
-993 -989
-1 995
999 -14
-998 -994
-5 997
-985 -992
-1 996
3 995
988 -7
-998 -981
-3 990
-995 -990
-996 -993
-983 -1000
1 995
998 -7
998 -9
-1000 -1000
-988 -992
-10 992
-10 997
-983 -998
990 0
995 4
-2 996
988 0
-992 -994
1 990
1000 -9
989 9
-4 988
-996 -986
993 5
-7 990
-988 -986
-7 998
-5 1000
992 -11
995 9
-998 -993
-998 -997
999 11
1 986
-996 -985
-985 -993
997 -5
4 989
-990 -987
4 988
-999 -993
995 10
-984 -989
-992 -983
999 -7
989 -2
997 10
10 992
992 7
1000 -8
998 9
987 4
989 5
998 12
3 999
990 -6
-3 1000
2 995
1000 9
997 1
-989 -996
-991 -988
-5 999
7 999
-993 -992
-987 -997
-986 -999
996 11
994 1
-986 -990
-1 986
992 10
-3 991
-984 -994
-999 -984
995 -8
994 -10
-994 -998
-5 998
991 -9
-988 -987
996 5
991 -3
987 3
995 7
988 7
991 0
-988 -990
-985 -995
-5 987
-982 -993
4 997
10 996
-4 998
-998 -990
-993 -998
-994 -995
-986 -991
-2 997
-997 -989
10 991
-989 -991
995 13
-981 -999
-988 -985
4 996
5 987
997 -12
4 991
997 11
-8 1000
-8 996
1000 -5
1000 -10
1000 -1
994 -1
997 -7
3 992
989 -6
990 -5
3 996
-981 -997
993 10
989 -3
993 -7
1000 12
992 -3
-12 1000
5 995
-997 -985
-986 -994
-986 -989
-11 998
-10 994
-997 -999
-988 -989
-999 -990
992 -1
8 998
-2 994
989 -9
-990 -993
987 2
11 997
-4 992
-987 -998
-12 997
1000 7
-999 -992
999 7
5 990
3 997
-992 -998
996 0
-998 -999
-1000 -985
5 993
5 1000
0 989
-1 998
-12 993
-982 -996
-987 -993
993 6
-997 -983
-10 999
-999 -988
7 996
1000 -13
-2 993
988 -4
998 10
-12 996
-988 -998
-996 -990
994 0
-997 -997
-994 -986
-986 -986
11 992
-6 998
-986 -993
993 7
998 -4
5 998
3 990
14 998
1000 -12
-995 -988
992 -6
994 -8
-3 998
-996 -995
-999 -995
-987 -988
-10 990
-990 -989
-2 989
-990 -991
4 993
-1000 -996
-993 -1000
-992 -989
998 1
-994 -1000
997 2
-5 992
-10 993
7 1000
1000 8
-1000 -981
993 2
-9 990
-997 -986
0 999
-992 -990
-991 -990
3 1000
-989 -990
4 998
8 990
-998 -992
991 1
-993 -993
-986 -997
-1 992
1000 -2
-996 -997
13 1000
986 0
997 13
992 -10
9 993
-8 995
-12 995
11 995
995 -12
-4 1000
0 987
1 998
4 999
4 995
999 -3
-994 -987
-993 -986
9 997
-992 -999
-4 994
1000 13
10 993
998 2
-6 988
991 9
992 3
-985 -987
996 -12
998 -8
-9 992
994 12
1000 -3
12 997
-6 999
-2 990
995 -3
995 6
-989 -987
996 -6
998 -11
997 12
1 996
-989 -994
991 -6
-984 -990
993 9
-999 -986
-996 -996
2 987
994 5
-987 -985
-14 999
-981 -996
-6 996
-991 -998
999 14
