1000
-1000 -1000
-992 -1000
-984 -1000
-976 -1000
-968 -1000
-960 -1000
-952 -1000
-944 -1000
-936 -1000
-928 -1000
-920 -1000
-912 -1000
-904 -1000
-896 -1000
-888 -1000
-880 -1000
-872 -1000
-864 -1000
-856 -1000
-848 -1000
-840 -1000
-832 -1000
-824 -1000
-816 -1000
-808 -1000
-800 -1000
-792 -1000
-784 -1000
-776 -1000
-768 -1000
-760 -1000
-752 -1000
-744 -1000
-736 -1000
-728 -1000
-720 -1000
-712 -1000
-704 -1000
-696 -1000
-688 -1000
-680 -1000
-672 -1000
-664 -1000
-656 -1000
-648 -1000
-640 -1000
-632 -1000
-624 -1000
-616 -1000
-608 -1000
-600 -1000
-592 -1000
-584 -1000
-576 -1000
-568 -1000
-560 -1000
-552 -1000
-544 -1000
-536 -1000
-528 -1000
-520 -1000
-512 -1000
-504 -1000
-496 -1000
-488 -1000
-480 -1000
-472 -1000
-464 -1000
-456 -1000
-448 -1000
-440 -1000
-432 -1000
-424 -1000
-416 -1000
-408 -1000
-400 -1000
-392 -1000
-384 -1000
-376 -1000
-368 -1000
-360 -1000
-352 -1000
-344 -1000
-336 -1000
-328 -1000
-320 -1000
-312 -1000
-304 -1000
-296 -1000
-288 -1000
-280 -1000
-272 -1000
-264 -1000
-256 -1000
-248 -1000
-240 -1000
-232 -1000
-224 -1000
-216 -1000
-208 -1000
-200 -1000
-192 -1000
-184 -1000
-176 -1000
-168 -1000
-160 -1000
-152 -1000
-144 -1000
-136 -1000
-128 -1000
-120 -1000
-112 -1000
-104 -1000
-96 -1000
-88 -1000
-80 -1000
-72 -1000
-64 -1000
-56 -1000
-48 -1000
-40 -1000
-32 -1000
-24 -1000
-16 -1000
-8 -1000
0 -1000
8 -1000
16 -1000
24 -1000
32 -1000
40 -1000
48 -1000
56 -1000
64 -1000
72 -1000
80 -1000
88 -1000
96 -1000
104 -1000
112 -1000
120 -1000
128 -1000
136 -1000
144 -1000
152 -1000
160 -1000
168 -1000
176 -1000
184 -1000
192 -1000
200 -1000
208 -1000
216 -1000
224 -1000
232 -1000
240 -1000
248 -1000
256 -1000
264 -1000
272 -1000
280 -1000
288 -1000
296 -1000
304 -1000
312 -1000
320 -1000
328 -1000
336 -1000
344 -1000
352 -1000
360 -1000
368 -1000
376 -1000
384 -1000
392 -1000
400 -1000
408 -1000
416 -1000
424 -1000
432 -1000
440 -1000
448 -1000
456 -1000
464 -1000
472 -1000
480 -1000
488 -1000
496 -1000
504 -1000
512 -1000
520 -1000
528 -1000
536 -1000
544 -1000
552 -1000
560 -1000
568 -1000
576 -1000
584 -1000
592 -1000
600 -1000
608 -1000
616 -1000
624 -1000
632 -1000
640 -1000
648 -1000
656 -1000
664 -1000
672 -1000
680 -1000
688 -1000
696 -1000
704 -1000
712 -1000
720 -1000
728 -1000
736 -1000
744 -1000
752 -1000
760 -1000
768 -1000
776 -1000
784 -1000
792 -1000
800 -1000
808 -1000
816 -1000
824 -1000
832 -1000
840 -1000
848 -1000
856 -1000
864 -1000
872 -1000
880 -1000
888 -1000
896 -1000
904 -1000
912 -1000
920 -1000
928 -1000
936 -1000
944 -1000
952 -1000
960 -1000
968 -1000
976 -1000
984 -1000
992 -1000
1000 -1000
-1000 1000
-992 1000
-984 1000
-976 1000
-968 1000
-960 1000
-952 1000
-944 1000
-936 1000
-928 1000
-920 1000
-912 1000
-904 1000
-896 1000
-888 1000
-880 1000
-872 1000
-864 1000
-856 1000
-848 1000
-840 1000
-832 1000
-824 1000
-816 1000
-808 1000
-800 1000
-792 1000
-784 1000
-776 1000
-768 1000
-760 1000
-752 1000
-744 1000
-736 1000
-728 1000
-720 1000
-712 1000
-704 1000
-696 1000
-688 1000
-680 1000
-672 1000
-664 1000
-656 1000
-648 1000
-640 1000
-632 1000
-624 1000
-616 1000
-608 1000
-600 1000
-592 1000
-584 1000
-576 1000
-568 1000
-560 1000
-552 1000
-544 1000
-536 1000
-528 1000
-520 1000
-512 1000
-504 1000
-496 1000
-488 1000
-480 1000
-472 1000
-464 1000
-456 1000
-448 1000
-440 1000
-432 1000
-424 1000
-416 1000
-408 1000
-400 1000
-392 1000
-384 1000
-376 1000
-368 1000
-360 1000
-352 1000
-344 1000
-336 1000
-328 1000
-320 1000
-312 1000
-304 1000
-296 1000
-288 1000
-280 1000
-272 1000
-264 1000
-256 1000
-248 1000
-240 1000
-232 1000
-224 1000
-216 1000
-208 1000
-200 1000
-192 1000
-184 1000
-176 1000
-168 1000
-160 1000
-152 1000
-144 1000
-136 1000
-128 1000
-120 1000
-112 1000
-104 1000
-96 1000
-88 1000
-80 1000
-72 1000
-64 1000
-56 1000
-48 1000
-40 1000
-32 1000
-24 1000
-16 1000
-8 1000
0 1000
8 1000
16 1000
24 1000
32 1000
40 1000
48 1000
56 1000
64 1000
72 1000
80 1000
88 1000
96 1000
104 1000
112 1000
120 1000
128 1000
136 1000
144 1000
152 1000
160 1000
168 1000
176 1000
184 1000
192 1000
200 1000
208 1000
216 1000
224 1000
232 1000
240 1000
248 1000
256 1000
264 1000
272 1000
280 1000
288 1000
296 1000
304 1000
312 1000
320 1000
328 1000
336 1000
344 1000
352 1000
360 1000
368 1000
376 1000
384 1000
392 1000
400 1000
408 1000
416 1000
424 1000
432 1000
440 1000
448 1000
456 1000
464 1000
472 1000
480 1000
488 1000
496 1000
504 1000
512 1000
520 1000
528 1000
536 1000
544 1000
552 1000
560 1000
568 1000
576 1000
584 1000
592 1000
600 1000
608 1000
616 1000
624 1000
632 1000
640 1000
648 1000
656 1000
664 1000
672 1000
680 1000
688 1000
696 1000
704 1000
712 1000
720 1000
728 1000
736 1000
744 1000
752 1000
760 1000
768 1000
776 1000
784 1000
792 1000
800 1000
808 1000
816 1000
824 1000
832 1000
840 1000
848 1000
856 1000
864 1000
872 1000
880 1000
888 1000
896 1000
904 1000
912 1000
920 1000
928 1000
936 1000
944 1000
952 1000
960 1000
968 1000
976 1000
984 1000
992 1000
1000 1000
-1000 -992
-1000 -984
-1000 -976
-1000 -968
-1000 -960
-1000 -952
-1000 -944
-1000 -936
-1000 -928
-1000 -920
-1000 -912
-1000 -904
-1000 -896
-1000 -888
-1000 -880
-1000 -872
-1000 -864
-1000 -856
-1000 -848
-1000 -840
-1000 -832
-1000 -824
-1000 -816
-1000 -808
-1000 -800
-1000 -792
-1000 -784
-1000 -776
-1000 -768
-1000 -760
-1000 -752
-1000 -744
-1000 -736
-1000 -728
-1000 -720
-1000 -712
-1000 -704
-1000 -696
-1000 -688
-1000 -680
-1000 -672
-1000 -664
-1000 -656
-1000 -648
-1000 -640
-1000 -632
-1000 -624
-1000 -616
-1000 -608
-1000 -600
-1000 -592
-1000 -584
-1000 -576
-1000 -568
-1000 -560
-1000 -552
-1000 -544
-1000 -536
-1000 -528
-1000 -520
-1000 -512
-1000 -504
-1000 -496
-1000 -488
-1000 -480
-1000 -472
-1000 -464
-1000 -456
-1000 -448
-1000 -440
-1000 -432
-1000 -424
-1000 -416
-1000 -408
-1000 -400
-1000 -392
-1000 -384
-1000 -376
-1000 -368
-1000 -360
-1000 -352
-1000 -344
-1000 -336
-1000 -328
-1000 -320
-1000 -312
-1000 -304
-1000 -296
-1000 -288
-1000 -280
-1000 -272
-1000 -264
-1000 -256
-1000 -248
-1000 -240
-1000 -232
-1000 -224
-1000 -216
-1000 -208
-1000 -200
-1000 -192
-1000 -184
-1000 -176
-1000 -168
-1000 -160
-1000 -152
-1000 -144
-1000 -136
-1000 -128
-1000 -120
-1000 -112
-1000 -104
-1000 -96
-1000 -88
-1000 -80
-1000 -72
-1000 -64
-1000 -56
-1000 -48
-1000 -40
-1000 -32
-1000 -24
-1000 -16
-1000 -8
-1000 0
-1000 8
-1000 16
-1000 24
-1000 32
-1000 40
-1000 48
-1000 56
-1000 64
-1000 72
-1000 80
-1000 88
-1000 96
-1000 104
-1000 112
-1000 120
-1000 128
-1000 136
-1000 144
-1000 152
-1000 160
-1000 168
-1000 176
-1000 184
-1000 192
-1000 200
-1000 208
-1000 216
-1000 224
-1000 232
-1000 240
-1000 248
-1000 256
-1000 264
-1000 272
-1000 280
-1000 288
-1000 296
-1000 304
-1000 312
-1000 320
-1000 328
-1000 336
-1000 344
-1000 352
-1000 360
-1000 368
-1000 376
-1000 384
-1000 392
-1000 400
-1000 408
-1000 416
-1000 424
-1000 432
-1000 440
-1000 448
-1000 456
-1000 464
-1000 472
-1000 480
-1000 488
-1000 496
-1000 504
-1000 512
-1000 520
-1000 528
-1000 536
-1000 544
-1000 552
-1000 560
-1000 568
-1000 576
-1000 584
-1000 592
-1000 600
-1000 608
-1000 616
-1000 624
-1000 632
-1000 640
-1000 648
-1000 656
-1000 664
-1000 672
-1000 680
-1000 688
-1000 696
-1000 704
-1000 712
-1000 720
-1000 728
-1000 736
-1000 744
-1000 752
-1000 760
-1000 768
-1000 776
-1000 784
-1000 792
-1000 800
-1000 808
-1000 816
-1000 824
-1000 832
-1000 840
-1000 848
-1000 856
-1000 864
-1000 872
-1000 880
-1000 888
-1000 896
-1000 904
-1000 912
-1000 920
-1000 928
-1000 936
-1000 944
-1000 952
-1000 960
-1000 968
-1000 976
-1000 984
-1000 992
1000 -992
1000 -984
1000 -976
1000 -968
1000 -960
1000 -952
1000 -944
1000 -936
1000 -928
1000 -920
1000 -912
1000 -904
1000 -896
1000 -888
1000 -880
1000 -872
1000 -864
1000 -856
1000 -848
1000 -840
1000 -832
1000 -824
1000 -816
1000 -808
1000 -800
1000 -792
1000 -784
1000 -776
1000 -768
1000 -760
1000 -752
1000 -744
1000 -736
1000 -728
1000 -720
1000 -712
1000 -704
1000 -696
1000 -688
1000 -680
1000 -672
1000 -664
1000 -656
1000 -648
1000 -640
1000 -632
1000 -624
1000 -616
1000 -608
1000 -600
1000 -592
1000 -584
1000 -576
1000 -568
1000 -560
1000 -552
1000 -544
1000 -536
1000 -528
1000 -520
1000 -512
1000 -504
1000 -496
1000 -488
1000 -480
1000 -472
1000 -464
1000 -456
1000 -448
1000 -440
1000 -432
1000 -424
1000 -416
1000 -408
1000 -400
1000 -392
1000 -384
1000 -376
1000 -368
1000 -360
1000 -352
1000 -344
1000 -336
1000 -328
1000 -320
1000 -312
1000 -304
1000 -296
1000 -288
1000 -280
1000 -272
1000 -264
1000 -256
1000 -248
1000 -240
1000 -232
1000 -224
1000 -216
1000 -208
1000 -200
1000 -192
1000 -184
1000 -176
1000 -168
1000 -160
1000 -152
1000 -144
1000 -136
1000 -128
1000 -120
1000 -112
1000 -104
1000 -96
1000 -88
1000 -80
1000 -72
1000 -64
1000 -56
1000 -48
1000 -40
1000 -32
1000 -24
1000 -16
1000 -8
1000 0
1000 8
1000 16
1000 24
1000 32
1000 40
1000 48
1000 56
1000 64
1000 72
1000 80
1000 88
1000 96
1000 104
1000 112
1000 120
1000 128
1000 136
1000 144
1000 152
1000 160
1000 168
1000 176
1000 184
1000 192
1000 200
1000 208
1000 216
1000 224
1000 232
1000 240
1000 248
1000 256
1000 264
1000 272
1000 280
1000 288
1000 296
1000 304
1000 312
1000 320
1000 328
1000 336
1000 344
1000 352
1000 360
1000 368
1000 376
1000 384
1000 392
1000 400
1000 408
1000 416
1000 424
1000 432
1000 440
1000 448
1000 456
1000 464
1000 472
1000 480
1000 488
1000 496
1000 504
1000 512
1000 520
1000 528
1000 536
1000 544
1000 552
1000 560
1000 568
1000 576
1000 584
1000 592
1000 600
1000 608
1000 616
1000 624
1000 632
1000 640
1000 648
1000 656
1000 664
1000 672
1000 680
1000 688
1000 696
1000 704
1000 712
1000 720
1000 728
1000 736
1000 744
1000 752
1000 760
1000 768
1000 776
1000 784
1000 792
1000 800
1000 808
1000 816
1000 824
1000 832
1000 840
1000 848
1000 856
1000 864
1000 872
1000 880
1000 888
1000 896
1000 904
1000 912
1000 920
1000 928
1000 936
1000 944
1000 952
1000 960
1000 968
1000 976
1000 984
1000 992
