1000
474 -1000
-560 1000
-1000 936
1000 -962
1000 232
-803 1000
923 -1000
-1000 -558
851 1000
-1000 -941
-1000 533
1000 -532
962 1000
-1000 -279
1000 325
-1000 251
911 -1000
-738 -1000
882 -1000
-21 -1000
603 -1000
-182 1000
-788 -1000
-744 1000
96 1000
606 -1000
728 -1000
1000 973
-1000 -574
859 -1000
-162 -1000
62 1000
1000 -508
-185 -1000
-729 -1000
-1000 715
-993 -1000
-522 1000
-1000 147
-1000 627
440 -1000
-206 1000
-886 1000
390 -1000
-1000 -175
858 1000
1000 677
-1000 -976
1000 469
-549 1000
-409 1000
185 1000
-189 1000
981 -1000
-1000 -925
924 1000
-1000 -379
-1000 893
1000 -433
-1000 -374
-691 -1000
1000 -148
1000 -245
1000 102
-1000 130
1000 -519
446 1000
565 -1000
-332 1000
-677 1000
1000 -905
-1000 696
-670 -1000
-1000 -812
1000 -247
-365 1000
1000 -196
-679 -1000
1000 933
1000 160
-90 -1000
1000 991
-1000 -267
-991 1000
-1000 -2
-359 1000
585 1000
169 1000
-550 1000
-1000 495
-1000 -326
-209 1000
-526 -1000
-752 -1000
-503 -1000
-294 -1000
-1000 -964
1000 -645
-1000 403
-572 -1000
-612 1000
-714 1000
1000 -425
999 -1000
-423 1000
1000 -517
-22 -1000
1000 -456
454 -1000
429 1000
890 1000
1000 477
1000 400
305 1000
-1000 -460
-570 -1000
-797 -1000
481 -1000
576 1000
877 -1000
-1000 518
-1000 106
1000 78
-1000 999
-435 1000
-113 1000
-1000 -32
808 -1000
1000 -281
-90 1000
1000 571
-363 -1000
238 -1000
-266 1000
-220 -1000
819 1000
1000 -268
-336 -1000
-331 1000
568 -1000
720 1000
1000 416
-597 -1000
-1000 419
1000 -618
923 1000
222 1000
349 1000
-1000 -830
1000 855
932 -1000
1000 -322
-761 1000
-1000 -111
1000 -430
-430 -1000
-1000 256
-694 -1000
-440 -1000
-62 -1000
-586 -1000
352 -1000
-1000 681
1000 54
1000 978
273 1000
-348 -1000
1000 -748
1000 121
392 1000
1000 42
1000 -25
-686 1000
357 1000
226 1000
1000 164
-1000 885
215 1000
-1000 582
1000 297
359 1000
-1000 -139
-801 1000
-64 -1000
-128 1000
-712 1000
-1000 -491
-1000 -908
1000 -867
715 1000
-1000 945
1000 -222
-1000 -511
-1000 -802
-574 -1000
1000 268
-846 1000
95 1000
743 1000
184 1000
1000 961
-649 1000
-583 1000
-1000 -562
-11 1000
1000 906
-1000 -535
-1000 -362
1000 -989
1000 28
-922 1000
326 -1000
534 -1000
-1000 766
823 1000
-1000 233
417 1000
1000 97
-1000 -810
-794 -1000
985 1000
-1000 -805
-207 -1000
-951 -1000
-512 1000
-302 1000
-964 -1000
1000 616
1000 564
-1000 -97
508 1000
-1000 876
-279 1000
-160 1000
-406 -1000
1000 2
757 -1000
1000 -74
745 -1000
-206 -1000
911 1000
-1000 -480
1000 -881
-1000 -952
1000 1
-431 -1000
216 1000
-1000 -806
940 -1000
1000 -81
-126 -1000
1000 -589
1000 -877
-216 -1000
983 1000
-1000 -197
1000 236
654 1000
1000 -757
-818 1000
-1000 -653
-867 -1000
1000 -552
1000 883
1000 -184
36 1000
1000 867
-793 -1000
-1000 894
-659 1000
1000 -795
-1000 748
-1000 190
770 1000
-393 1000
-864 1000
-852 -1000
440 1000
-760 -1000
-1000 -696
1000 -185
1000 -357
754 -1000
232 -1000
-1000 -632
1000 -416
1000 -66
597 -1000
-92 1000
-1000 698
-704 -1000
-344 1000
-1000 -493
978 -1000
1000 953
-138 -1000
1000 -661
1000 -437
-1000 -277
588 1000
-458 -1000
-1000 -922
-953 -1000
1000 -562
306 -1000
1000 230
-1000 -36
-882 1000
1000 -365
1000 -417
-824 1000
813 1000
1000 873
-1000 -213
460 1000
1000 -238
-1000 -304
-174 -1000
1000 -987
1000 40
122 1000
-1000 363
-392 -1000
289 -1000
60 1000
666 -1000
-1000 426
1000 -332
-1000 54
527 -1000
-1000 464
-156 -1000
-184 -1000
1000 -595
-3 1000
1000 488
1000 472
-254 1000
217 -1000
1000 423
740 1000
270 -1000
-919 -1000
1000 859
-1000 -540
1000 -52
589 -1000
-1000 978
451 -1000
698 -1000
-1000 579
-1000 673
1000 127
-345 1000
1000 478
-1000 46
99 -1000
-312 1000
436 -1000
989 -1000
691 -1000
-1000 -752
254 1000
-1000 -876
1000 -577
672 -1000
682 1000
90 1000
-1000 7
1000 955
-1000 595
-1000 237
-8 1000
-1000 -903
257 -1000
1000 331
1000 22
-355 -1000
-1000 933
-1000 -690
633 -1000
1000 613
-1000 277
105 1000
1000 -814
-1000 676
-1000 949
-1000 442
681 -1000
1000 716
649 -1000
1000 816
-336 1000
-951 1000
-1000 -984
343 1000
-932 -1000
1000 -194
-1000 51
299 1000
1000 87
965 1000
-1000 409
308 -1000
702 1000
1000 458
-1000 -990
1000 377
1000 -42
-1000 -388
647 1000
-993 1000
1000 98
1000 82
1000 -714
1000 372
-1000 120
1000 -616
883 1000
-1000 541
-3 -1000
-1000 -554
-1000 228
1000 988
-906 -1000
-533 1000
1000 -573
-307 -1000
1000 -667
-589 1000
909 1000
689 1000
-148 -1000
-1000 -416
1000 -682
-566 1000
1000 -118
1000 795
-575 -1000
283 1000
-768 1000
1000 846
-1000 108
774 -1000
-1000 297
-1000 -355
-519 -1000
317 1000
-1000 179
-1000 609
156 -1000
-1000 -587
421 1000
492 1000
676 1000
910 1000
1000 -492
-1000 78
161 -1000
1000 138
-1000 -590
1000 -381
1000 275
61 -1000
-628 -1000
-475 -1000
-150 1000
1000 -153
-1000 692
1000 597
-316 -1000
490 1000
791 -1000
1000 557
1000 -92
-974 1000
1000 -599
-920 -1000
-1000 572
325 1000
1000 159
-1000 -711
1000 808
503 -1000
41 1000
-1000 -265
-1000 -157
-315 -1000
-778 1000
526 -1000
-205 1000
-1000 616
167 -1000
-1000 -14
1000 819
-1000 -899
1000 177
591 1000
1000 -308
-1000 -645
1000 355
853 -1000
376 1000
1000 75
-833 -1000
-280 -1000
1000 191
-1000 -889
-1000 296
-1000 -525
571 -1000
1000 147
817 1000
-101 1000
-464 1000
9 -1000
-766 1000
641 -1000
1000 910
-69 -1000
-1000 141
1000 286
1000 -725
675 1000
40 1000
-1000 512
-1000 55
-1000 269
1000 636
-1000 -760
1000 -973
-1000 992
244 -1000
709 1000
221 -1000
748 1000
875 1000
1000 -353
-1000 -465
-469 -1000
-354 1000
-1000 -506
1000 -571
1000 -947
386 -1000
-528 -1000
-80 1000
-114 -1000
-1000 418
1000 309
-1000 58
-949 1000
-620 1000
-1000 -749
1000 970
345 1000
1000 584
-932 1000
-671 1000
1000 862
-648 1000
1000 783
-981 1000
492 -1000
562 1000
91 1000
928 1000
1000 708
1000 596
-1000 -223
-1000 -236
-1000 -740
-144 1000
955 1000
1000 -283
-894 1000
-564 1000
1000 -288
974 -1000
-709 1000
-569 1000
14 -1000
30 1000
-119 -1000
942 1000
879 -1000
-1000 -905
903 1000
1000 -579
674 1000
1000 -348
862 -1000
1000 832
16 -1000
-1000 960
-1000 333
-1000 440
772 -1000
1000 48
278 1000
-626 -1000
-819 1000
-1000 -794
1000 14
-291 -1000
1000 -871
-674 1000
1000 986
1000 590
-777 -1000
1000 195
1000 -374
958 -1000
-525 -1000
749 -1000
-1000 -26
765 -1000
1000 560
734 -1000
938 -1000
751 1000
263 1000
1000 -690
485 1000
628 1000
-1000 -999
344 1000
670 -1000
-369 1000
-1000 787
1000 420
1000 619
-1000 -179
1000 -232
-43 -1000
-229 -1000
1000 -624
1000 -100
-1000 225
1000 -45
1000 681
-1000 592
1000 759
908 1000
-1000 -381
-347 1000
1000 176
-1000 49
9 1000
1000 473
1000 555
-1000 -832
1000 288
-207 1000
-1000 -190
-595 -1000
1000 966
-1000 683
302 -1000
-500 1000
-1000 133
-436 1000
-1000 -838
-1000 -130
-265 1000
378 1000
-334 1000
-1000 -482
-489 -1000
-443 1000
-467 -1000
-964 1000
-1000 -423
-62 1000
49 1000
1000 508
1000 519
1000 -468
-1000 -880
56 -1000
-491 1000
1000 -772
-388 -1000
-1000 605
-1000 -276
514 -1000
-688 -1000
171 1000
542 1000
-805 -1000
1000 -596
-1000 413
769 1000
953 -1000
-1000 292
793 -1000
750 -1000
479 -1000
-1000 736
1000 -779
-1000 -656
-1000 294
-44 -1000
-455 1000
-1000 41
-1000 -133
372 1000
-1000 378
623 1000
18 1000
-390 1000
1000 265
1000 765
578 -1000
-1000 230
-1000 -499
-1000 307
-1000 291
437 1000
-1000 -761
-646 1000
494 1000
-838 1000
996 -1000
1000 706
1000 604
-1000 -598
-1000 90
358 1000
-1000 -108
-383 1000
370 1000
402 -1000
-1000 -425
-453 -1000
1000 699
-1000 -196
1000 776
1000 -382
1000 -300
-363 1000
231 -1000
-1000 406
-1000 -64
-1000 -894
-1000 -758
1000 -764
198 -1000
977 -1000
96 -1000
1000 -588
1000 -965
1000 944
578 1000
-127 1000
-718 -1000
1000 -159
-680 1000
-1000 351
-623 -1000
1000 -997
664 -1000
-452 1000
406 -1000
-67 1000
1000 124
1000 -37
-1000 160
1000 527
-364 -1000
607 -1000
1000 868
1000 -719
845 -1000
348 -1000
840 1000
-1000 -839
-803 -1000
-1000 -614
330 1000
-129 1000
1000 -150
722 1000
-1000 -449
-614 -1000
1000 393
-245 -1000
1000 610
1000 771
1000 722
-1000 -411
561 -1000
-1000 -405
949 -1000
831 -1000
-444 -1000
-835 1000
-1000 -324
-1000 532
577 -1000
-1000 -682
-241 -1000
1000 428
-15 -1000
71 1000
148 -1000
1000 210
323 -1000
-1000 -735
542 -1000
1000 920
1000 200
615 1000
-1000 745
1000 -163
1000 -802
-1000 100
-1000 -340
377 -1000
-315 1000
147 -1000
-1000 -122
-1000 -466
366 -1000
-1000 950
364 1000
1000 847
-346 1000
-1000 -945
1000 -326
-112 -1000
355 1000
313 -1000
1000 981
-1000 -978
-169 -1000
1000 -885
-1000 -620
-1000 -892
-1000 961
-362 -1000
-1000 -412
533 -1000
727 1000
1000 890
421 -1000
1000 142
-142 -1000
1000 -547
-947 1000
7 -1000
-1000 111
-60 1000
-1000 555
-1000 221
-1000 -396
-1000 739
1000 19
-1000 -567
785 1000
-1000 -143
-1000 -580
262 1000
-201 -1000
940 1000
-749 -1000
-1000 768
1000 826
1000 144
1000 273
360 -1000
-321 -1000
-759 -1000
1000 -248
-1000 39
-1000 -538
1000 -939
967 1000
106 -1000
-903 1000
592 -1000
1000 -478
-736 -1000
1000 -822
1000 -886
979 -1000
293 -1000
515 -1000
1000 -195
1000 158
314 1000
1000 349
-117 -1000
-1000 -884
-1000 793
320 -1000
1000 594
828 1000
-1000 210
1000 689
-1000 -29
1000 319
-1000 361
1000 880
1000 343
1000 -62
-155 1000
1000 -65
1000 -299
-1000 -542
170 1000
-1000 -380
-931 1000
1000 430
1000 -689
-1000 -865
-1000 -19
554 -1000
-1000 862
-1000 732
-1000 235
1000 516
1000 -704
1000 154
-185 1000
-1000 935
-875 1000
-326 -1000
-1000 -650
-45 -1000
-407 1000
-1000 69
498 1000
-724 1000
447 -1000
-1000 -659
1000 -840
478 1000
1000 114
-1000 -428
1000 813
700 -1000
986 1000
1000 546
-849 1000
1000 -253
-1000 -142
-1000 -203
-403 -1000
-636 1000
-350 1000
439 1000
-1000 -712
-534 1000
1000 -233
-1000 71
-802 -1000
1000 178
-940 1000
-1000 156
-35 -1000
-1000 -962
-1000 704
-537 1000
1000 -302
961 1000
-1000 695
-1000 182
-1000 -669
667 1000
-1000 -427
1000 563
-813 -1000
1000 919
21 1000
948 -1000
-990 -1000
-395 1000
-328 -1000
-1000 206
572 1000
-1000 -338
-435 -1000
-613 1000
-382 -1000
1000 303
-1000 -513
248 1000
656 1000
-331 -1000
424 1000
1000 987
1000 871
-24 -1000
-1000 914
1000 -319
632 -1000
1000 793
-423 -1000
1000 500
